 	Mean	Min	Max	Median	Max_to_bgmean	Median_to_bgmedian	Mean_to_bgmean
1	3933.071	3826.215	4337.010	3875.011	1.218	1.217	1.236
2	3734.415	3609.980	3981.317	3700.678	1.163	1.162	1.174
3	3815.790	3637.105	3977.370	3840.842	1.207	1.206	1.199
4	3720.894	3470.479	3844.491	3727.047	1.171	1.170	1.169
5	3746.851	3624.347	3860.188	3752.900	1.179	1.178	1.177
6	3797.589	3511.377	3998.769	3832.824	1.204	1.204	1.193
7	3785.898	3636.922	3887.473	3809.698	1.197	1.196	1.190
8	3788.868	3612.311	3973.579	3789.112	1.191	1.190	1.191
9	3740.452	3516.060	3900.866	3754.931	1.180	1.179	1.175
10	3798.425	3541.201	4128.525	3764.630	1.183	1.182	1.194
11	3812.615	3637.159	4137.139	3780.798	1.188	1.187	1.198
12	3873.838	3483.699	4126.069	3909.085	1.228	1.228	1.217
13	3840.804	3688.725	3977.554	3856.442	1.212	1.211	1.207
14	3869.670	3668.901	4133.564	3858.526	1.213	1.212	1.216
15	3787.388	3576.758	4100.318	3757.034	1.181	1.180	1.190
16	3775.463	3686.552	3858.346	3780.185	1.188	1.187	1.186
17	3826.578	3700.431	3965.423	3796.178	1.193	1.192	1.202
18	3771.432	3572.953	4036.844	3751.225	1.179	1.178	1.185
19	3695.650	3573.913	3836.306	3690.069	1.160	1.159	1.161
20	3739.594	3584.667	3934.971	3726.211	1.171	1.170	1.175
21	3749.388	3689.390	3882.075	3723.215	1.170	1.169	1.178
22	3746.139	3609.354	3959.642	3693.490	1.161	1.160	1.177
23	3806.758	3578.834	4061.007	3800.620	1.194	1.193	1.196
24	3894.766	3577.943	4140.629	3919.348	1.232	1.231	1.224
25	3861.105	3721.572	3970.425	3872.065	1.217	1.216	1.213
26	3868.156	3681.431	4013.809	3887.591	1.222	1.221	1.216
27	3833.096	3651.374	4122.219	3809.880	1.197	1.196	1.205
28	3791.361	3593.964	3971.580	3758.513	1.181	1.180	1.191
29	3803.130	3643.427	4001.311	3786.129	1.190	1.189	1.195
30	3833.164	3698.529	4039.403	3813.866	1.198	1.198	1.205
31	3806.283	3574.099	4141.700	3778.466	1.187	1.187	1.196
32	3772.179	3573.097	3945.606	3740.033	1.175	1.174	1.185
33	3801.957	3513.549	4002.503	3839.502	1.207	1.206	1.195
34	3769.544	3595.495	3933.684	3781.658	1.188	1.188	1.185
35	3798.609	3626.855	3929.062	3782.101	1.189	1.188	1.194
36	3839.330	3774.437	3925.120	3824.045	1.202	1.201	1.207
37	3786.439	3645.296	3953.104	3789.448	1.191	1.190	1.190
38	3794.780	3622.914	3876.442	3816.012	1.199	1.198	1.193
39	3778.738	3559.039	3928.760	3792.863	1.192	1.191	1.187
40	3822.034	3635.085	4121.685	3796.469	1.193	1.192	1.201
41	3742.334	3624.200	3897.671	3740.524	1.175	1.175	1.176
42	3768.453	3652.373	3954.114	3757.600	1.181	1.180	1.184
43	3783.856	3535.864	4042.876	3756.432	1.180	1.180	1.189
44	3668.434	3507.664	3874.213	3667.115	1.152	1.152	1.153
45	3718.200	3442.754	3859.144	3738.787	1.175	1.174	1.168
46	3789.593	3577.640	4065.128	3724.798	1.171	1.170	1.191
47	3729.542	3567.554	3902.329	3732.842	1.173	1.172	1.172
48	3740.566	3474.680	3848.701	3781.061	1.188	1.187	1.175
49	3800.994	3702.034	3934.909	3804.979	1.196	1.195	1.194
50	3722.222	3589.023	3853.875	3710.543	1.166	1.165	1.170
51	3719.712	3574.778	3927.501	3717.722	1.168	1.167	1.169
52	3671.561	3509.755	3954.124	3662.801	1.151	1.150	1.154
53	3647.237	3563.844	3789.998	3638.776	1.143	1.143	1.146
54	3690.898	3563.912	3907.221	3679.631	1.156	1.155	1.160
55	3747.274	3619.421	4004.203	3714.940	1.167	1.167	1.178
56	3731.612	3531.866	3953.646	3692.719	1.160	1.160	1.173
57	3646.019	3558.708	3823.958	3646.423	1.146	1.145	1.146
58	3690.113	3516.010	3813.904	3699.263	1.162	1.162	1.160
59	3675.517	3453.742	3847.463	3677.335	1.156	1.155	1.155
60	3649.934	3476.157	3868.987	3631.569	1.141	1.140	1.147
61	3735.032	3548.167	3990.967	3707.709	1.165	1.164	1.174
62	3761.487	3588.942	3973.597	3707.593	1.165	1.164	1.182
63	3778.178	3619.162	3975.699	3793.182	1.192	1.191	1.187
64	3748.538	3638.412	3906.537	3725.829	1.171	1.170	1.178
65	3724.702	3572.123	3817.671	3763.466	1.183	1.182	1.170
66	3667.970	3511.512	3775.884	3704.540	1.164	1.163	1.153
67	3648.768	3553.629	3784.176	3638.975	1.144	1.143	1.147
68	3680.571	3539.052	3826.196	3677.531	1.156	1.155	1.157
69	3622.320	3383.402	3849.707	3637.099	1.143	1.142	1.138
70	3623.764	3489.443	3732.809	3618.006	1.137	1.136	1.139
71	3616.704	3454.318	3818.574	3610.610	1.135	1.134	1.137
72	3623.683	3514.763	3781.581	3614.671	1.136	1.135	1.139
73	3748.012	3634.563	3890.657	3727.637	1.171	1.171	1.178
74	3660.497	3544.350	3866.442	3642.648	1.145	1.144	1.150
75	3631.887	3388.758	3850.674	3659.289	1.150	1.149	1.141
76	3670.394	3521.421	3904.596	3659.321	1.150	1.149	1.153
77	3635.524	3520.994	3820.287	3606.466	1.133	1.133	1.142
78	3680.188	3520.557	3909.947	3663.946	1.151	1.151	1.156
79	3623.278	3558.436	3782.133	3612.062	1.135	1.134	1.139
80	3583.080	3433.801	3744.244	3572.494	1.123	1.122	1.126
81	3649.208	3473.767	3860.873	3639.042	1.144	1.143	1.147
82	3673.609	3583.897	3844.525	3674.827	1.155	1.154	1.154
83	3683.388	3537.995	3831.245	3666.036	1.152	1.151	1.157
84	3630.241	3498.799	3811.380	3608.878	1.134	1.133	1.141
85	3693.446	3553.122	3805.827	3742.582	1.176	1.175	1.161
86	3679.200	3546.996	3824.162	3674.436	1.155	1.154	1.156
87	3666.170	3603.753	3778.325	3661.090	1.150	1.150	1.152
88	3653.556	3407.510	3979.168	3633.773	1.142	1.141	1.148
89	3616.539	3502.517	3714.128	3623.494	1.139	1.138	1.136
90	3711.845	3561.814	4042.385	3684.703	1.158	1.157	1.166
91	3691.454	3561.981	3963.018	3668.297	1.153	1.152	1.160
92	3608.353	3447.701	3796.445	3622.369	1.138	1.137	1.134
93	3597.540	3432.738	3789.115	3597.122	1.130	1.130	1.131
94	3666.002	3498.528	3786.927	3676.834	1.155	1.155	1.152
95	3631.951	3537.087	3730.039	3623.942	1.139	1.138	1.141
96	3661.804	3578.912	3732.195	3662.304	1.151	1.150	1.151
97	3661.054	3577.737	3730.268	3663.625	1.151	1.150	1.150
98	3642.797	3449.244	3815.304	3645.696	1.146	1.145	1.145
99	3597.450	3459.646	3802.820	3597.182	1.130	1.130	1.130
100	3609.273	3524.887	3793.456	3588.542	1.128	1.127	1.134
101	3597.395	3407.104	3773.186	3602.892	1.132	1.131	1.130
102	3638.586	3388.823	3850.599	3670.775	1.154	1.153	1.143
103	3621.456	3228.986	3925.274	3609.800	1.134	1.134	1.138
104	3595.229	3467.569	3692.845	3602.801	1.132	1.131	1.130
105	3601.470	3427.070	3696.098	3596.259	1.130	1.129	1.132
106	3616.527	3513.520	3735.124	3599.006	1.131	1.130	1.136
107	3634.719	3421.584	3834.277	3643.758	1.145	1.144	1.142
108	3610.636	3558.147	3653.368	3615.056	1.136	1.135	1.135
109	3587.909	3494.604	3776.198	3583.369	1.126	1.125	1.127
110	3658.286	3459.899	3947.347	3649.221	1.147	1.146	1.150
111	3607.670	3389.230	3780.359	3633.186	1.142	1.141	1.134
112	3637.821	3375.549	3861.078	3637.380	1.143	1.142	1.143
113	3619.382	3486.829	3908.996	3568.321	1.121	1.121	1.137
114	3654.486	3552.663	3844.961	3611.507	1.135	1.134	1.148
115	3596.199	3397.704	3782.372	3616.612	1.137	1.136	1.130
116	3627.827	3533.589	3715.230	3633.115	1.142	1.141	1.140
117	3609.274	3479.044	3702.702	3621.171	1.138	1.137	1.134
118	3666.356	3497.284	3793.614	3687.163	1.159	1.158	1.152
119	3722.177	3576.203	3878.413	3718.158	1.168	1.168	1.170
120	3712.825	3564.698	3880.451	3710.262	1.166	1.165	1.167
121	3691.277	3522.080	3845.726	3692.650	1.160	1.160	1.160
122	3741.648	3522.755	3938.369	3743.709	1.176	1.176	1.176
123	3687.020	3527.865	3895.401	3644.360	1.145	1.144	1.159
124	3644.973	3525.252	3815.308	3639.268	1.144	1.143	1.145
125	3716.901	3608.730	3870.904	3708.676	1.165	1.165	1.168
126	3660.621	3512.626	3782.297	3679.129	1.156	1.155	1.150
127	3611.333	3505.443	3693.037	3620.766	1.138	1.137	1.135
128	3733.036	3495.080	3912.666	3733.584	1.173	1.172	1.173
129	3704.601	3472.151	3833.954	3722.789	1.170	1.169	1.164
130	3681.291	3553.371	3798.728	3683.928	1.158	1.157	1.157
131	3652.569	3556.362	3762.103	3642.049	1.145	1.144	1.148
132	3694.501	3532.397	3845.475	3692.163	1.160	1.159	1.161
133	3726.463	3506.416	4089.863	3705.982	1.165	1.164	1.171
134	3732.780	3610.322	3913.389	3737.355	1.174	1.174	1.173
135	3648.352	3589.273	3722.906	3644.762	1.145	1.145	1.146
136	3696.824	3591.264	3806.615	3675.071	1.155	1.154	1.162
137	3687.957	3538.199	3835.588	3695.460	1.161	1.160	1.159
138	3631.785	3460.692	3960.299	3625.237	1.139	1.138	1.141
139	3655.956	3530.286	3901.896	3645.879	1.146	1.145	1.149
140	3635.379	3451.355	3799.588	3635.988	1.143	1.142	1.142
141	3640.578	3590.276	3804.308	3612.065	1.135	1.134	1.144
142	3676.673	3590.059	3754.876	3674.171	1.155	1.154	1.155
143	3655.365	3519.696	3829.560	3676.371	1.155	1.154	1.149
144	3661.099	3537.466	3776.407	3670.288	1.153	1.153	1.150
145	3694.844	3496.183	3953.933	3628.219	1.140	1.139	1.161
146	3690.147	3508.717	3975.376	3649.940	1.147	1.146	1.160
147	3747.931	3601.454	3858.807	3746.969	1.177	1.177	1.178
148	3745.032	3646.863	3954.575	3729.677	1.172	1.171	1.177
149	3696.121	3522.475	3978.766	3657.359	1.149	1.148	1.161
150	3660.915	3504.633	3926.426	3671.540	1.154	1.153	1.150
151	3645.108	3547.454	3750.815	3632.087	1.141	1.141	1.145
152	3740.538	3574.929	3883.097	3713.616	1.167	1.166	1.175
153	3758.219	3582.002	3923.245	3744.216	1.177	1.176	1.181
154	3784.624	3618.087	4093.961	3727.314	1.171	1.170	1.189
155	3725.635	3504.049	3920.664	3729.737	1.172	1.171	1.171
156	3774.220	3638.442	3883.382	3793.225	1.192	1.191	1.186
157	3761.376	3635.551	3883.721	3777.154	1.187	1.186	1.182
158	3787.348	3609.938	4026.213	3802.783	1.195	1.194	1.190
159	3797.596	3593.696	4080.670	3737.938	1.175	1.174	1.193
160	3849.889	3497.529	4049.236	3862.683	1.214	1.213	1.210
161	3805.019	3470.256	4066.839	3827.311	1.203	1.202	1.196
162	3813.409	3593.662	4122.777	3810.840	1.198	1.197	1.198
163	3730.188	3452.014	3991.985	3715.976	1.168	1.167	1.172
164	3729.617	3461.346	3867.550	3758.047	1.181	1.180	1.172
165	3729.744	3598.973	3928.668	3734.336	1.174	1.173	1.172
166	3759.380	3560.057	4011.740	3708.977	1.166	1.165	1.181
167	3648.122	3464.576	3828.744	3677.545	1.156	1.155	1.146
168	3677.914	3516.360	3796.548	3713.594	1.167	1.166	1.156
169	3702.621	3569.723	3839.774	3699.012	1.162	1.162	1.164
170	3790.557	3604.712	3927.311	3803.957	1.195	1.195	1.191
171	3804.936	3558.323	3992.965	3798.361	1.194	1.193	1.196
172	3781.914	3545.812	4077.011	3762.167	1.182	1.181	1.188
173	3670.454	3557.886	3846.642	3639.091	1.144	1.143	1.153
174	3673.811	3577.070	3822.414	3666.030	1.152	1.151	1.154
175	3724.898	3552.004	4031.238	3700.272	1.163	1.162	1.171
176	3775.316	3613.439	3983.986	3742.736	1.176	1.175	1.186
177	3728.621	3606.185	3913.843	3727.004	1.171	1.170	1.172
178	3736.888	3565.524	3925.138	3749.011	1.178	1.177	1.174
179	3689.152	3479.031	3863.525	3688.727	1.159	1.158	1.159
180	3732.327	3579.265	3938.942	3676.986	1.155	1.155	1.173
181	3762.821	3540.920	4091.345	3785.105	1.189	1.189	1.182
182	3707.576	3505.152	3973.380	3694.121	1.161	1.160	1.165
183	3714.762	3555.046	3981.013	3708.892	1.166	1.165	1.167
184	3783.827	3548.046	3987.107	3777.006	1.187	1.186	1.189
185	3732.453	3583.135	3892.653	3718.938	1.169	1.168	1.173
186	3846.274	3643.840	3963.276	3861.823	1.214	1.213	1.209
187	3756.095	3481.549	3932.906	3784.927	1.189	1.189	1.180
188	3715.535	3588.327	4016.084	3692.688	1.160	1.160	1.168
189	3674.724	3456.470	3832.099	3710.644	1.166	1.165	1.155
190	3744.175	3490.436	3814.653	3791.333	1.191	1.191	1.177
191	3691.516	3574.172	3797.404	3690.954	1.160	1.159	1.160
192	3687.512	3535.273	3884.881	3692.233	1.160	1.159	1.159
193	3650.575	3413.325	3848.836	3649.415	1.147	1.146	1.147
194	3697.375	3516.320	3948.144	3671.791	1.154	1.153	1.162
195	3728.245	3564.212	3961.201	3693.191	1.161	1.160	1.172
196	3751.686	3622.521	3909.629	3731.027	1.172	1.172	1.179
197	3649.976	3391.866	3921.843	3641.837	1.144	1.144	1.147
198	3616.350	3463.101	3751.875	3617.650	1.137	1.136	1.136
199	3710.625	3528.127	3907.002	3701.637	1.163	1.162	1.166
200	3667.978	3416.490	3780.787	3700.457	1.163	1.162	1.153
201	3713.639	3557.030	3865.709	3695.896	1.161	1.161	1.167
202	3637.137	3488.544	3815.826	3639.276	1.144	1.143	1.143
203	3621.076	3565.248	3724.386	3609.122	1.134	1.133	1.138
204	3704.696	3430.312	3859.119	3726.228	1.171	1.170	1.164
205	3710.906	3418.910	3937.653	3740.082	1.175	1.174	1.166
206	3708.624	3450.922	3863.849	3755.741	1.180	1.179	1.165
207	3646.197	3514.584	3810.301	3623.184	1.139	1.138	1.146
208	3694.850	3508.872	3911.886	3683.627	1.158	1.157	1.161
209	3662.366	3457.810	3948.384	3634.137	1.142	1.141	1.151
210	3667.816	3575.670	3839.908	3635.802	1.143	1.142	1.153
211	3735.660	3582.172	3916.386	3722.329	1.170	1.169	1.174
212	3784.526	3634.545	3921.896	3798.869	1.194	1.193	1.189
213	3773.596	3584.601	3908.260	3773.150	1.186	1.185	1.186
214	3740.930	3573.111	4013.825	3712.858	1.167	1.166	1.176
215	3648.072	3525.942	3845.371	3635.600	1.142	1.142	1.146
216	3764.481	3542.395	4006.482	3747.944	1.178	1.177	1.183
217	3757.921	3545.971	4082.727	3698.034	1.162	1.161	1.181
218	3728.743	3571.258	3954.915	3722.240	1.170	1.169	1.172
219	3767.903	3654.937	3942.968	3768.454	1.184	1.183	1.184
220	3840.875	3582.054	4013.617	3819.991	1.200	1.200	1.207
221	3808.256	3637.275	3989.254	3828.024	1.203	1.202	1.197
222	3823.903	3650.094	3949.221	3812.371	1.198	1.197	1.202
223	3792.456	3604.029	4010.181	3768.088	1.184	1.183	1.192
224	3779.353	3664.252	3863.240	3789.421	1.191	1.190	1.188
225	3741.543	3592.857	3956.379	3725.157	1.171	1.170	1.176
226	3771.918	3591.372	3974.010	3730.131	1.172	1.171	1.185
227	3841.425	3645.496	4187.088	3812.124	1.198	1.197	1.207
228	3827.629	3621.376	4055.632	3852.314	1.211	1.210	1.203
229	3792.514	3538.396	3942.439	3831.685	1.204	1.203	1.192
230	3853.705	3728.278	4018.501	3852.426	1.211	1.210	1.211
231	3804.306	3560.639	4078.369	3773.244	1.186	1.185	1.195
232	3767.231	3618.908	3896.025	3769.638	1.185	1.184	1.184
233	3754.299	3579.378	4136.164	3729.323	1.172	1.171	1.180
234	3774.611	3484.300	3945.037	3800.853	1.194	1.194	1.186
235	3747.544	3617.639	3872.885	3763.908	1.183	1.182	1.178
236	3779.911	3671.576	3962.540	3745.593	1.177	1.176	1.188
237	3774.522	3628.244	4146.134	3736.508	1.174	1.173	1.186
238	3623.175	3356.415	3967.508	3635.104	1.142	1.141	1.139
239	3662.932	3563.070	3748.683	3657.811	1.149	1.149	1.151
240	3739.336	3539.728	3885.147	3771.406	1.185	1.184	1.175
241	3730.465	3556.932	3825.558	3726.381	1.171	1.170	1.172
242	3637.760	3526.974	3781.634	3606.271	1.133	1.132	1.143
243	3677.652	3528.657	3798.809	3693.486	1.161	1.160	1.156
244	3693.039	3572.125	3812.971	3688.661	1.159	1.158	1.161
245	3823.258	3669.529	3895.757	3858.594	1.213	1.212	1.201
246	3882.493	3501.557	4164.850	3884.962	1.221	1.220	1.220
247	3813.384	3648.579	4024.181	3801.351	1.195	1.194	1.198
248	3779.966	3585.136	4040.458	3786.482	1.190	1.189	1.188
249	3707.776	3531.410	3874.596	3691.177	1.160	1.159	1.165
250	3787.997	3596.690	3956.510	3784.143	1.189	1.188	1.190
251	3801.429	3590.919	3955.737	3783.529	1.189	1.188	1.195
252	3856.665	3734.110	3984.512	3858.406	1.212	1.212	1.212
253	3863.841	3727.057	3963.064	3890.474	1.223	1.222	1.214
254	3798.094	3696.408	3896.016	3807.946	1.197	1.196	1.194
255	3802.001	3584.540	4020.376	3808.049	1.197	1.196	1.195
256	3857.944	3621.425	4153.656	3873.430	1.217	1.216	1.212
257	3908.261	3744.480	4063.469	3915.733	1.231	1.230	1.228
258	3819.097	3636.998	4046.620	3799.946	1.194	1.193	1.200
259	3823.053	3609.619	4034.686	3858.200	1.212	1.212	1.201
260	3864.446	3669.260	4040.422	3856.842	1.212	1.211	1.214
261	3860.506	3619.455	4189.301	3833.412	1.205	1.204	1.213
262	3845.071	3653.246	4036.613	3836.554	1.206	1.205	1.208
263	3871.667	3723.534	4085.451	3861.666	1.214	1.213	1.217
264	3946.061	3703.016	4138.465	4002.345	1.258	1.257	1.240
265	3873.177	3539.717	4259.587	3872.370	1.217	1.216	1.217
266	3910.247	3633.540	4144.833	3887.269	1.222	1.221	1.229
267	3750.066	3609.922	3918.998	3766.185	1.184	1.183	1.178
268	3671.447	3369.527	3894.055	3677.905	1.156	1.155	1.154
269	3716.419	3543.781	3973.820	3695.508	1.161	1.160	1.168
270	3768.267	3649.838	3968.351	3734.563	1.174	1.173	1.184
271	3781.157	3541.520	4053.506	3789.739	1.191	1.190	1.188
272	3769.562	3555.367	3920.069	3775.870	1.187	1.186	1.185
273	3776.497	3609.477	3947.186	3777.297	1.187	1.186	1.187
274	3762.730	3624.575	4032.239	3755.284	1.180	1.179	1.182
275	3800.360	3663.162	3993.200	3750.031	1.178	1.178	1.194
276	3923.470	3666.011	4156.221	3913.638	1.230	1.229	1.233
277	3884.703	3598.117	4153.445	3872.499	1.217	1.216	1.221
278	3885.317	3786.688	4061.408	3889.380	1.222	1.221	1.221
279	3922.759	3750.784	4105.700	3949.641	1.241	1.240	1.233
280	3920.771	3685.429	4082.935	3966.671	1.247	1.246	1.232
281	3926.960	3709.777	4278.216	3876.094	1.218	1.217	1.234
282	3933.705	3704.777	4195.487	3928.547	1.235	1.234	1.236
283	3894.150	3751.306	4091.684	3887.975	1.222	1.221	1.224
284	3864.496	3657.326	4037.631	3895.602	1.224	1.223	1.214
285	3973.818	3781.632	4368.000	3926.889	1.234	1.233	1.249
286	3991.639	3815.249	4232.708	3963.932	1.246	1.245	1.254
287	3946.357	3703.269	4255.772	3941.442	1.239	1.238	1.240
288	3885.607	3551.145	4146.486	3877.598	1.219	1.218	1.221
289	3939.164	3825.981	4142.967	3895.771	1.224	1.223	1.238
290	3958.877	3779.652	4133.770	3950.554	1.241	1.241	1.244
291	3982.042	3727.000	4274.208	3978.787	1.250	1.249	1.251
292	3939.423	3674.340	4390.197	3898.340	1.225	1.224	1.238
293	3960.284	3772.659	4158.238	3976.928	1.250	1.249	1.245
294	3887.091	3756.323	4039.524	3873.996	1.217	1.217	1.222
295	3981.752	3707.373	4127.820	4042.134	1.270	1.269	1.251
296	3937.324	3869.694	4020.944	3928.174	1.234	1.234	1.237
297	3989.390	3780.422	4177.140	4026.960	1.265	1.265	1.254
298	3982.564	3692.033	4322.106	3944.271	1.239	1.239	1.252
299	3927.398	3814.690	4060.548	3912.940	1.230	1.229	1.234
300	4045.242	3869.166	4287.327	3977.923	1.250	1.249	1.271
301	3920.511	3751.169	4053.830	3942.917	1.239	1.238	1.232
302	3864.642	3583.944	4156.330	3879.297	1.219	1.218	1.214
303	3983.957	3840.257	4092.438	4011.227	1.261	1.260	1.252
304	4042.432	3881.896	4304.103	3995.917	1.256	1.255	1.270
305	3992.318	3787.591	4265.481	4016.655	1.262	1.261	1.255
306	4039.305	3917.468	4164.854	4052.999	1.274	1.273	1.269
307	3941.998	3803.042	4111.586	3945.420	1.240	1.239	1.239
308	3983.076	3715.082	4163.351	4038.981	1.269	1.268	1.252
309	3927.928	3728.449	4165.386	3924.044	1.233	1.232	1.234
310	4103.371	3899.653	4286.118	4101.940	1.289	1.288	1.289
311	3977.285	3842.952	4160.010	3961.314	1.245	1.244	1.250
312	4159.440	4006.207	4307.969	4131.362	1.298	1.297	1.307
313	4064.409	3876.442	4210.234	4024.118	1.265	1.264	1.277
314	4043.229	3772.575	4305.646	4015.913	1.262	1.261	1.271
315	4002.340	3703.790	4198.763	4012.730	1.261	1.260	1.258
316	3983.592	3800.263	4112.955	3993.396	1.255	1.254	1.252
317	4032.959	3840.759	4283.036	4001.052	1.257	1.256	1.267
318	3911.068	3707.975	4129.690	3914.981	1.230	1.229	1.229
319	4038.206	3809.764	4176.123	4063.425	1.277	1.276	1.269
320	3981.976	3719.570	4182.124	3993.421	1.255	1.254	1.251
321	3973.054	3867.981	4245.970	3941.174	1.239	1.238	1.249
322	3928.533	3665.616	4310.317	3870.230	1.216	1.215	1.235
323	3838.141	3520.755	4075.850	3857.564	1.212	1.211	1.206
324	3837.240	3432.735	4422.756	3800.724	1.194	1.194	1.206
325	3910.884	3525.396	4368.401	3893.914	1.224	1.223	1.229
326	3908.499	3693.408	4130.273	3918.734	1.231	1.231	1.228
327	4046.441	3809.546	4408.745	4056.139	1.275	1.274	1.272
328	4033.568	3794.607	4366.990	4065.493	1.278	1.277	1.268
329	3976.693	3795.176	4248.479	3948.805	1.241	1.240	1.250
330	4014.852	3690.185	4345.327	4016.707	1.262	1.261	1.262
331	3959.449	3674.155	4156.286	4011.050	1.260	1.260	1.244
332	3954.301	3739.888	4209.522	3892.708	1.223	1.222	1.243
333	4066.986	3915.284	4380.471	4003.949	1.258	1.257	1.278
334	4032.054	3750.498	4244.570	4063.698	1.277	1.276	1.267
335	4090.159	3856.350	4416.474	4096.427	1.287	1.286	1.285
336	3945.343	3824.364	4104.021	3919.526	1.232	1.231	1.240
337	4094.506	3850.486	4355.612	4119.391	1.295	1.294	1.287
338	4097.469	3833.656	4447.599	4080.275	1.282	1.281	1.288
339	4126.296	3569.081	4568.216	4097.974	1.288	1.287	1.297
340	4063.796	3892.551	4372.321	4032.438	1.267	1.266	1.277
341	4075.186	3980.913	4281.981	4032.538	1.267	1.266	1.281
342	4098.686	3868.667	4420.510	4083.232	1.283	1.282	1.288
343	4066.937	3874.754	4310.180	4056.979	1.275	1.274	1.278
344	4170.373	3773.247	4350.430	4254.365	1.337	1.336	1.311
345	4040.024	3735.786	4220.308	4036.339	1.268	1.267	1.270
346	4143.115	3804.793	4592.998	4125.524	1.296	1.296	1.302
347	4134.396	3879.545	4649.300	4040.800	1.270	1.269	1.299
348	4085.129	3908.620	4326.692	4060.329	1.276	1.275	1.284
349	4126.568	3983.405	4362.878	4106.765	1.291	1.290	1.297
350	4191.920	3842.770	4405.812	4271.351	1.342	1.341	1.317
351	4062.322	3786.155	4330.487	4033.342	1.267	1.267	1.277
352	4037.870	3743.338	4358.702	3988.560	1.253	1.252	1.269
353	4082.802	3780.567	4264.985	4175.118	1.312	1.311	1.283
354	4052.616	3878.831	4309.079	4027.633	1.266	1.265	1.274
355	4096.479	3813.763	4400.851	4123.388	1.296	1.295	1.287
356	4103.153	3986.894	4260.645	4113.160	1.293	1.292	1.289
357	4096.113	3823.843	4470.675	4099.330	1.288	1.287	1.287
358	4192.726	3800.537	4436.321	4247.018	1.335	1.334	1.318
359	4228.379	3858.644	4540.698	4277.674	1.344	1.343	1.329
360	4187.021	3987.146	4410.111	4161.353	1.308	1.307	1.316
361	4159.094	4000.979	4367.521	4112.831	1.292	1.292	1.307
362	4084.236	3843.999	4214.314	4134.456	1.299	1.298	1.283
363	4084.165	3931.397	4311.703	4035.936	1.268	1.267	1.283
364	4141.185	3895.564	4815.950	4111.289	1.292	1.291	1.301
365	4161.761	4016.895	4346.540	4141.559	1.301	1.301	1.308
366	4333.191	3911.720	4621.416	4377.918	1.376	1.375	1.362
367	4274.212	3994.238	4552.944	4323.969	1.359	1.358	1.343
368	4299.840	4008.681	4664.434	4269.326	1.342	1.341	1.351
369	4169.712	3876.293	4517.257	4137.205	1.300	1.299	1.310
370	4093.560	3824.555	4328.996	4100.938	1.289	1.288	1.286
371	4296.040	3990.173	4636.002	4322.790	1.358	1.357	1.350
372	4260.375	3946.715	4459.200	4345.659	1.366	1.365	1.339
373	4205.725	3880.432	4569.883	4165.015	1.309	1.308	1.322
374	4192.076	3939.105	4441.331	4164.201	1.309	1.308	1.317
375	4304.041	4000.791	4615.454	4299.219	1.351	1.350	1.353
376	4167.030	3871.621	4510.990	4151.408	1.305	1.304	1.309
377	4083.031	3860.783	4301.245	4048.815	1.272	1.271	1.283
378	4184.049	3918.096	4533.394	4177.815	1.313	1.312	1.315
379	4266.368	3807.279	4657.569	4292.563	1.349	1.348	1.341
380	4226.060	4008.088	4486.754	4257.707	1.338	1.337	1.328
381	4305.142	4009.327	4531.439	4306.776	1.353	1.352	1.353
382	4284.637	4102.430	4427.753	4294.684	1.350	1.349	1.346
383	4272.198	3978.656	4615.761	4252.665	1.336	1.335	1.343
384	4408.767	4148.550	4827.373	4345.581	1.366	1.365	1.385
385	4295.509	3897.342	4622.553	4210.682	1.323	1.322	1.350
386	4295.937	3788.154	4710.059	4240.041	1.332	1.331	1.350
387	4287.322	4017.451	4789.257	4237.464	1.332	1.331	1.347
388	4279.598	4029.540	4490.798	4267.503	1.341	1.340	1.345
389	4408.069	3890.812	4752.090	4479.041	1.408	1.407	1.385
390	4248.587	3687.781	4692.090	4307.160	1.354	1.353	1.335
391	4214.683	3842.503	4548.055	4191.353	1.317	1.316	1.324
392	4345.892	4058.084	4658.699	4311.893	1.355	1.354	1.366
393	4276.163	4009.903	4705.180	4183.788	1.315	1.314	1.344
394	4359.513	3795.799	4850.636	4404.865	1.384	1.383	1.370
395	4389.010	3847.129	4647.731	4482.760	1.409	1.408	1.379
396	4353.853	3817.796	4790.020	4450.829	1.399	1.398	1.368
397	4418.136	3659.910	4850.995	4477.839	1.407	1.406	1.388
398	4401.745	3660.507	5287.078	4405.117	1.384	1.383	1.383
399	4460.984	3738.765	5207.229	4559.580	1.433	1.432	1.402
400	4383.226	3672.878	5113.288	4528.693	1.423	1.422	1.377
401	4297.521	3676.012	4782.682	4398.950	1.382	1.381	1.350
402	4331.299	3694.934	4681.646	4366.475	1.372	1.371	1.361
403	4435.771	3834.387	4936.590	4541.234	1.427	1.426	1.394
404	4367.292	3875.276	4732.068	4399.322	1.382	1.381	1.372
405	4366.326	3718.584	4913.350	4451.456	1.399	1.398	1.372
406	4227.412	3644.207	4853.239	4170.762	1.311	1.310	1.328
407	4278.898	3644.907	4784.459	4419.418	1.389	1.388	1.345
408	4370.723	3717.350	5001.583	4466.382	1.404	1.403	1.373
409	4298.703	3534.781	4777.926	4292.573	1.349	1.348	1.351
410	4189.693	3465.939	4720.944	4245.580	1.334	1.333	1.317
411	4335.554	3812.081	4775.406	4450.792	1.399	1.398	1.362
412	4170.841	3732.361	4684.285	4190.275	1.317	1.316	1.311
413	4172.899	3641.467	4554.093	4260.805	1.339	1.338	1.311
414	4292.645	3735.840	4630.220	4364.050	1.371	1.370	1.349
415	4232.912	3637.082	4749.870	4181.632	1.314	1.313	1.330
416	4260.204	3682.079	4723.176	4262.660	1.340	1.339	1.339
417	4372.497	3741.822	4686.503	4459.837	1.401	1.400	1.374
418	4292.252	3709.234	4736.709	4292.587	1.349	1.348	1.349
419	4339.082	3781.919	4818.259	4420.458	1.389	1.388	1.364
420	4320.687	3658.684	4880.118	4463.173	1.403	1.402	1.358
421	4282.091	3795.159	4810.447	4341.784	1.364	1.363	1.346
422	4242.658	3511.997	4675.373	4406.728	1.385	1.384	1.333
423	4274.407	3558.819	4744.829	4364.779	1.372	1.371	1.343
424	4357.861	3558.049	4916.538	4397.239	1.382	1.381	1.369
425	4493.325	3821.108	5042.115	4639.909	1.458	1.457	1.412
426	4405.746	3746.523	4930.905	4391.360	1.380	1.379	1.384
427	4606.931	3699.105	5111.988	4815.536	1.513	1.512	1.448
428	4459.849	3602.996	4996.801	4611.545	1.449	1.448	1.401
429	4286.087	3685.276	5005.803	4262.450	1.339	1.338	1.347
430	4319.746	3650.340	4844.035	4364.999	1.372	1.371	1.357
431	4165.765	3597.926	4634.064	4208.811	1.323	1.322	1.309
432	4405.416	3774.123	5006.691	4467.186	1.404	1.403	1.384
433	4463.875	3661.050	5262.817	4351.466	1.367	1.366	1.403
434	4382.565	3795.819	5003.399	4341.781	1.364	1.363	1.377
435	4455.294	3713.061	5035.066	4421.524	1.389	1.388	1.400
436	4444.120	3688.350	5209.609	4426.380	1.391	1.390	1.397
437	4410.479	3635.070	4948.282	4529.871	1.424	1.422	1.386
438	4417.058	3551.330	5322.112	4347.881	1.366	1.365	1.388
439	4408.371	3423.278	5380.112	4412.018	1.386	1.385	1.385
440	4448.124	3581.458	5322.526	4447.445	1.398	1.397	1.398
441	4424.337	3567.904	5247.558	4335.943	1.363	1.362	1.390
442	4400.735	3605.698	5015.127	4428.887	1.392	1.391	1.383
443	4376.915	3521.339	5050.010	4294.211	1.349	1.348	1.375
444	4393.009	3570.111	5184.459	4255.514	1.337	1.336	1.380
445	4514.443	3577.932	5629.638	4355.329	1.369	1.368	1.419
446	4327.248	3440.619	5316.187	4371.303	1.374	1.373	1.360
447	4264.526	3335.101	5010.704	4412.893	1.387	1.386	1.340
448	4211.534	3400.833	5221.059	4163.233	1.308	1.307	1.323
449	4190.183	3414.560	5134.147	4003.574	1.258	1.257	1.317
450	4244.449	3424.234	5432.604	4028.815	1.266	1.265	1.334
451	4122.617	3290.183	5180.993	4039.124	1.269	1.268	1.296
452	4217.959	3459.155	5212.876	4088.544	1.285	1.284	1.325
453	4201.955	3593.578	5047.774	3990.756	1.254	1.253	1.320
454	4110.450	3525.895	4969.341	3938.205	1.238	1.237	1.292
455	3960.058	3343.617	4853.708	3965.467	1.246	1.245	1.244
456	4025.632	3346.833	4909.798	4074.908	1.281	1.280	1.265
457	4042.608	3329.772	4839.824	3941.060	1.238	1.238	1.270
458	3996.439	3360.773	4781.302	3962.418	1.245	1.244	1.256
459	3925.813	3330.869	4545.713	3932.607	1.236	1.235	1.234
460	3837.577	3313.464	4657.594	3726.642	1.171	1.170	1.206
461	3839.927	3236.350	4697.725	3660.460	1.150	1.149	1.207
462	3825.543	3317.147	4757.872	3672.759	1.154	1.153	1.202
463	3881.439	3322.808	4967.474	3677.745	1.156	1.155	1.220
464	3836.308	3286.058	4447.410	3802.374	1.195	1.194	1.206
465	3906.905	3334.986	4705.664	3819.271	1.200	1.199	1.228
466	3972.709	3458.130	4876.306	3839.160	1.206	1.206	1.248
467	4096.027	3443.167	5168.210	3879.390	1.219	1.218	1.287
468	3975.846	3365.515	4707.056	3885.333	1.221	1.220	1.249
469	4173.109	3405.606	4823.922	4173.648	1.312	1.311	1.311
470	4137.594	3540.252	4646.419	4154.470	1.306	1.305	1.300
471	4341.251	3548.102	5564.685	4272.998	1.343	1.342	1.364
472	4234.832	3528.453	5093.517	4336.595	1.363	1.362	1.331
473	4285.936	3573.561	4997.048	4354.929	1.369	1.368	1.347
474	4252.246	3459.821	4933.217	4383.537	1.378	1.377	1.336
475	4248.790	3589.978	4810.561	4471.846	1.405	1.404	1.335
476	4158.142	3454.965	4855.686	4225.851	1.328	1.327	1.307
477	4125.681	3388.975	4863.499	4022.785	1.264	1.263	1.296
478	4119.685	3447.140	4889.503	4067.467	1.278	1.277	1.295
479	4176.988	3434.487	4734.564	4145.121	1.303	1.302	1.313
480	4029.026	3272.043	4514.993	4058.134	1.275	1.274	1.266
481	4031.965	3329.153	4522.368	4052.834	1.274	1.273	1.267
482	4055.005	3478.520	4709.604	3952.453	1.242	1.241	1.274
483	4032.316	3404.010	4708.139	3999.253	1.257	1.256	1.267
484	3924.240	3311.300	4693.101	3918.797	1.231	1.231	1.233
485	3961.814	3294.979	4547.028	3944.062	1.239	1.239	1.245
486	3903.333	3354.957	4609.568	3854.737	1.211	1.210	1.227
487	4088.895	3323.065	4904.562	4186.281	1.316	1.315	1.285
488	4070.991	3330.903	5042.183	3982.957	1.252	1.251	1.279
489	4004.443	3382.218	4760.098	4023.904	1.265	1.264	1.258
490	4050.885	3313.855	5019.517	3861.056	1.213	1.212	1.273
491	4109.276	3352.881	4911.119	4131.962	1.298	1.298	1.291
492	4121.785	3386.539	5122.024	4069.209	1.279	1.278	1.295
493	4182.935	3404.154	5292.241	3969.724	1.247	1.247	1.314
494	4126.907	3444.340	4959.624	3986.064	1.253	1.252	1.297
495	4118.111	3468.943	4880.106	4115.324	1.293	1.292	1.294
496	4125.617	3358.935	4799.000	4033.540	1.268	1.267	1.296
497	4195.696	3502.426	4892.986	4400.430	1.383	1.382	1.318
498	4331.269	3472.817	5300.584	4312.756	1.355	1.354	1.361
499	4252.219	3401.631	5046.766	4223.289	1.327	1.326	1.336
500	4316.543	3688.907	5038.120	4296.001	1.350	1.349	1.356
501	4398.009	3520.887	5266.199	4557.755	1.432	1.431	1.382
502	4380.032	3476.780	5103.115	4442.270	1.396	1.395	1.376
503	4429.130	3701.782	5092.878	4428.028	1.391	1.390	1.392
504	4485.687	3626.518	5277.470	4614.104	1.450	1.449	1.410
505	4534.059	3760.489	5120.363	4622.511	1.453	1.452	1.425
506	4782.818	3794.568	5339.230	4813.883	1.513	1.512	1.503
507	4766.931	3654.104	5504.732	4768.195	1.498	1.497	1.498
508	4613.877	3518.790	5045.731	4855.375	1.526	1.525	1.450
509	4562.045	3804.998	5214.295	4534.317	1.425	1.424	1.434
510	4770.653	3801.632	5647.463	4880.706	1.534	1.533	1.499
511	4761.118	3867.294	5475.674	4924.231	1.547	1.546	1.496
512	4617.270	3802.597	5260.863	4751.623	1.493	1.492	1.451
513	4747.902	3725.008	5167.561	4922.158	1.547	1.546	1.492
514	4562.464	3725.650	4954.366	4634.133	1.456	1.455	1.434
515	4711.724	4113.208	5165.604	4871.936	1.531	1.530	1.481
516	4783.629	4267.904	5148.674	4842.480	1.522	1.521	1.503
517	4984.801	4214.496	5435.417	5195.463	1.633	1.631	1.566
518	4901.692	4073.982	5372.184	5108.487	1.605	1.604	1.540
519	4763.915	4040.488	5264.643	4902.511	1.541	1.539	1.497
520	4785.865	4402.057	5144.243	4810.411	1.512	1.511	1.504
521	4730.114	4410.957	5097.768	4688.771	1.473	1.472	1.486
522	4813.171	4330.957	5304.737	4825.738	1.516	1.515	1.513
523	4778.813	4296.680	5698.252	4762.667	1.497	1.496	1.502
524	4699.311	4375.522	5114.976	4752.805	1.494	1.492	1.477
525	4629.876	4105.223	4909.994	4705.492	1.479	1.478	1.455
526	4656.458	4239.906	4922.712	4766.906	1.498	1.497	1.463
527	4612.040	4205.038	5225.701	4620.009	1.452	1.451	1.449
528	4919.377	4469.568	5273.758	4981.723	1.565	1.564	1.546
529	4919.067	4491.747	5439.519	4954.590	1.557	1.556	1.546
530	4709.592	4376.821	5117.610	4693.073	1.475	1.474	1.480
531	4796.281	3996.889	5269.704	4965.432	1.560	1.559	1.507
532	4740.686	4297.310	5099.635	4837.563	1.520	1.519	1.490
533	4736.950	4278.103	5332.855	4696.829	1.476	1.475	1.489
534	4646.066	4196.485	5346.786	4541.387	1.427	1.426	1.460
535	4471.321	4139.999	4828.993	4451.771	1.399	1.398	1.405
536	4448.327	3933.095	5086.390	4362.337	1.371	1.370	1.398
537	4552.219	4137.591	4974.030	4535.626	1.425	1.424	1.431
538	4540.528	4085.072	5253.318	4465.142	1.403	1.402	1.427
539	4669.857	4258.987	5189.329	4651.041	1.462	1.461	1.467
540	4757.704	4341.034	5120.859	4748.236	1.492	1.491	1.495
541	4843.315	4408.373	5249.630	4848.519	1.524	1.523	1.522
542	4890.170	4621.109	5338.067	4860.348	1.527	1.526	1.537
543	4958.921	4486.035	5444.240	4965.832	1.561	1.559	1.558
544	4720.691	4403.556	4942.927	4781.811	1.503	1.502	1.483
545	4794.870	4530.946	4952.749	4802.616	1.509	1.508	1.507
546	4679.147	4293.021	5042.039	4640.970	1.458	1.457	1.470
547	4676.698	4347.560	5187.695	4626.879	1.454	1.453	1.470
548	4657.739	4356.698	5045.539	4696.867	1.476	1.475	1.464
549	4529.967	4191.377	4973.593	4526.720	1.423	1.421	1.424
550	4661.630	4352.983	4930.225	4676.327	1.470	1.468	1.465
551	4615.650	4163.139	4920.435	4690.329	1.474	1.473	1.450
552	4599.821	4257.315	5013.486	4609.938	1.449	1.448	1.445
553	4655.483	4385.774	4941.369	4617.655	1.451	1.450	1.463
554	4661.823	4436.051	4896.247	4639.781	1.458	1.457	1.465
555	4716.500	4091.167	5474.381	4785.025	1.504	1.503	1.482
556	4640.282	4152.266	5161.678	4589.690	1.442	1.441	1.458
557	4800.194	4216.828	5370.000	4851.358	1.525	1.523	1.508
558	4859.210	4453.006	5345.966	4915.664	1.545	1.544	1.527
559	4807.774	4309.687	5362.088	4824.111	1.516	1.515	1.511
560	4745.711	4054.189	5116.458	4806.295	1.510	1.509	1.491
561	4787.835	4005.488	5422.969	4836.613	1.520	1.519	1.505
562	4841.713	4354.409	5555.878	4824.036	1.516	1.515	1.521
563	4870.262	4501.984	5185.630	4887.936	1.536	1.535	1.530
564	4785.007	4420.379	4976.415	4861.478	1.528	1.527	1.504
565	4791.538	4296.294	5504.114	4725.534	1.485	1.484	1.506
566	4744.606	4511.271	5022.054	4738.000	1.489	1.488	1.491
567	4749.626	4485.652	5177.310	4684.742	1.472	1.471	1.493
568	4806.840	4316.300	5247.710	4832.468	1.519	1.517	1.511
569	4831.947	4398.247	5242.934	4792.366	1.506	1.505	1.518
570	4773.696	4436.742	5054.645	4795.348	1.507	1.506	1.500
571	4569.871	4339.872	4857.670	4556.871	1.432	1.431	1.436
572	4553.166	4344.888	4833.634	4517.599	1.420	1.419	1.431
573	4649.960	4477.983	4880.839	4677.959	1.470	1.469	1.461
574	4775.571	4441.154	5337.292	4708.052	1.479	1.478	1.501
575	4753.575	4506.425	5196.977	4666.813	1.467	1.465	1.494
576	4673.875	4370.165	4908.964	4701.722	1.478	1.476	1.469
577	4785.426	4228.170	5146.861	4887.150	1.536	1.535	1.504
578	4721.585	4340.798	5004.625	4739.103	1.489	1.488	1.484
579	4605.608	4227.142	4933.303	4645.450	1.460	1.459	1.447
580	4572.570	4386.010	4794.285	4556.103	1.432	1.431	1.437
581	4609.592	4419.398	4907.525	4578.406	1.439	1.438	1.449
582	4626.300	4337.063	4977.467	4667.866	1.467	1.466	1.454
583	4652.679	4307.530	4981.347	4660.931	1.465	1.464	1.462
584	4774.326	4362.944	5034.871	4838.620	1.521	1.519	1.500
585	4685.396	4417.023	5089.629	4648.879	1.461	1.460	1.472
586	4647.300	4442.591	4842.917	4638.550	1.458	1.457	1.460
587	4679.185	4500.637	4898.951	4683.939	1.472	1.471	1.470
588	4616.481	4325.778	4890.923	4556.662	1.432	1.431	1.451
589	4589.834	4242.764	4864.215	4600.822	1.446	1.445	1.442
590	4750.876	4446.238	5024.777	4696.292	1.476	1.475	1.493
591	4712.220	4354.736	5045.166	4707.725	1.479	1.478	1.481
592	4703.181	4295.905	5042.792	4708.406	1.480	1.479	1.478
593	4698.334	4215.582	5311.318	4627.474	1.454	1.453	1.476
594	4836.905	4122.256	5418.139	4866.763	1.529	1.528	1.520
595	4796.474	4176.460	5183.453	4840.782	1.521	1.520	1.507
596	4793.109	4171.897	5143.930	4892.478	1.537	1.536	1.506
597	4776.835	4195.317	5286.384	4800.896	1.509	1.508	1.501
598	4864.755	4305.961	5323.915	4981.914	1.566	1.564	1.529
599	5087.073	4619.202	5469.084	5093.502	1.601	1.599	1.599
600	5027.374	4436.267	5713.696	5070.787	1.593	1.592	1.580
601	4987.794	4547.856	5523.609	4948.316	1.555	1.554	1.567
602	5045.234	4663.062	5379.739	5103.215	1.604	1.603	1.585
603	4926.802	4597.064	5194.834	4956.942	1.558	1.557	1.548
604	4925.923	4512.602	5408.537	4920.364	1.546	1.545	1.548
605	4926.029	4328.022	5349.804	4932.727	1.550	1.549	1.548
606	4763.862	4073.408	5234.273	4796.889	1.507	1.506	1.497
607	4849.601	4224.708	5249.819	4948.205	1.555	1.554	1.524
608	4856.461	4334.271	5150.875	4992.256	1.569	1.568	1.526
609	4878.697	4075.637	5530.638	4975.925	1.564	1.563	1.533
610	4783.478	4148.160	5400.697	4899.990	1.540	1.539	1.503
611	4933.046	4376.036	5443.058	5060.730	1.590	1.589	1.550
612	4759.511	4109.789	5234.559	4812.208	1.512	1.511	1.496
613	4725.887	3961.612	5201.941	4835.375	1.520	1.518	1.485
614	4651.369	4027.542	5128.171	4671.162	1.468	1.467	1.462
615	4619.887	4062.302	4908.455	4631.477	1.455	1.454	1.452
616	4662.703	3914.584	5044.412	4762.019	1.496	1.495	1.465
617	4721.017	3877.266	5140.644	4759.329	1.496	1.495	1.484
618	4793.537	3883.350	5365.197	4998.233	1.571	1.570	1.506
619	4696.773	3819.361	5488.937	4720.303	1.483	1.482	1.476
620	4693.906	3777.890	5621.445	4973.281	1.563	1.562	1.475
621	4567.838	3657.037	5374.577	4633.514	1.456	1.455	1.435
622	4510.972	3616.386	5097.749	4528.860	1.423	1.422	1.418
623	4455.551	3691.079	4893.977	4483.614	1.409	1.408	1.400
624	4499.980	3826.035	5230.160	4428.651	1.392	1.391	1.414
625	4502.360	3559.810	5240.988	4607.267	1.448	1.447	1.415
626	4507.672	3584.858	5263.850	4603.634	1.447	1.446	1.417
627	4469.061	3811.735	5133.402	4499.417	1.414	1.413	1.404
628	4584.060	3623.886	5512.726	4640.350	1.458	1.457	1.441
629	4581.723	3676.710	5129.743	4761.906	1.496	1.495	1.440
630	4440.333	3904.647	4944.980	4535.859	1.425	1.424	1.395
631	4462.738	3528.292	4974.803	4559.358	1.433	1.432	1.402
632	4603.742	3717.923	5054.106	4766.422	1.498	1.497	1.447
633	4534.173	3658.971	5444.790	4630.431	1.455	1.454	1.425
634	4636.696	3819.711	5275.778	4782.074	1.503	1.502	1.457
635	4636.722	4135.074	5038.482	4597.040	1.445	1.444	1.457
636	4511.707	3814.209	4781.363	4539.663	1.427	1.426	1.418
637	4579.380	4143.972	4997.013	4586.480	1.441	1.440	1.439
638	4573.062	3797.254	5124.806	4655.176	1.463	1.462	1.437
639	4606.359	3735.006	5240.748	4766.373	1.498	1.497	1.448
640	4612.826	3816.790	4986.310	4845.506	1.523	1.522	1.450
641	4635.219	3936.836	5049.270	4717.668	1.483	1.481	1.457
642	4514.148	3761.248	4976.929	4587.555	1.442	1.441	1.419
643	4455.534	3790.444	4898.694	4603.319	1.447	1.446	1.400
644	4445.619	3644.673	4843.947	4699.076	1.477	1.476	1.397
645	4627.709	3825.630	5344.346	4749.060	1.492	1.491	1.454
646	4584.752	3760.864	5168.715	4603.163	1.447	1.445	1.441
647	4533.841	3757.604	4907.819	4666.522	1.466	1.465	1.425
648	4495.510	3754.920	4797.499	4601.742	1.446	1.445	1.413
649	4604.174	3818.929	5115.898	4738.424	1.489	1.488	1.447
650	4645.943	3835.624	5515.870	4565.236	1.435	1.434	1.460
651	4608.214	3865.112	5463.029	4504.632	1.416	1.415	1.448
652	4704.936	4296.879	5155.964	4650.643	1.461	1.460	1.479
653	4702.414	4342.881	4908.339	4755.234	1.494	1.493	1.478
654	4772.244	4348.888	5007.345	4895.502	1.538	1.537	1.500
655	4713.617	4423.249	4989.819	4757.863	1.495	1.494	1.481
656	4728.689	4273.185	4952.042	4773.838	1.500	1.499	1.486
657	4741.857	4283.317	4992.182	4840.336	1.521	1.520	1.490
658	4730.726	4259.673	5031.994	4828.793	1.517	1.516	1.487
659	4718.246	4207.800	5345.997	4677.284	1.470	1.469	1.483
660	4601.224	4089.238	5202.534	4550.891	1.430	1.429	1.446
661	4683.476	4108.986	4904.046	4793.417	1.506	1.505	1.472
662	4711.044	4233.736	5252.327	4699.531	1.477	1.476	1.480
663	4846.677	4318.190	5279.670	4837.143	1.520	1.519	1.523
664	4798.929	4578.648	5080.985	4790.018	1.505	1.504	1.508
665	4680.536	4483.470	4850.232	4703.930	1.478	1.477	1.471
666	4707.226	4212.441	4969.986	4796.035	1.507	1.506	1.479
667	4738.156	4170.064	5080.521	4783.545	1.503	1.502	1.489
668	4604.570	4040.362	5202.411	4551.424	1.430	1.429	1.447
669	4509.974	4058.969	4997.885	4542.593	1.428	1.426	1.417
670	4567.835	4121.162	4936.206	4706.008	1.479	1.478	1.435
671	4552.113	4093.171	4924.203	4586.841	1.441	1.440	1.430
672	4634.319	4259.051	5129.785	4589.834	1.442	1.441	1.456
673	4647.922	4247.459	5095.554	4649.520	1.461	1.460	1.461
674	4478.661	3842.204	4885.671	4563.116	1.434	1.433	1.407
675	4540.887	4150.037	4918.002	4540.187	1.427	1.426	1.427
676	4549.212	4027.192	4923.484	4615.766	1.450	1.449	1.430
677	4465.119	3800.499	4938.471	4556.242	1.432	1.431	1.403
678	4518.749	3705.335	5210.239	4408.277	1.385	1.384	1.420
679	4445.029	3962.211	5137.503	4299.532	1.351	1.350	1.397
680	4612.487	4050.180	5119.754	4714.578	1.482	1.480	1.449
681	4667.256	3847.445	5140.179	4656.558	1.463	1.462	1.467
682	4659.379	4116.012	5271.930	4623.163	1.453	1.452	1.464
683	4572.788	4044.638	5147.389	4461.759	1.402	1.401	1.437
684	4369.665	4005.337	4888.061	4316.936	1.357	1.356	1.373
685	4394.291	3918.803	4813.484	4408.645	1.385	1.384	1.381
686	4493.445	3853.939	4941.203	4591.228	1.443	1.442	1.412
687	4565.217	4077.139	5334.146	4547.418	1.429	1.428	1.435
688	4499.064	4082.676	5183.720	4503.739	1.415	1.414	1.414
689	4476.116	3861.923	4935.373	4449.370	1.398	1.397	1.407
690	4459.546	3813.139	5116.501	4377.470	1.376	1.375	1.401
691	4312.007	3921.187	4849.380	4238.092	1.332	1.331	1.355
692	4252.850	3846.903	4701.978	4235.750	1.331	1.330	1.336
693	4389.352	3927.145	4912.108	4326.282	1.360	1.359	1.379
694	4315.674	3722.501	5201.740	4145.426	1.303	1.302	1.356
695	4374.156	3819.409	5230.827	4269.985	1.342	1.341	1.375
696	4456.456	3896.496	5347.409	4393.127	1.381	1.380	1.400
697	4471.040	4016.236	5031.318	4441.315	1.396	1.395	1.405
698	4360.228	4020.043	4639.155	4398.536	1.382	1.381	1.370
699	4455.899	4095.567	4842.883	4409.338	1.386	1.385	1.400
700	4374.495	3883.332	4879.676	4311.633	1.355	1.354	1.375
701	4587.303	3835.116	5327.562	4450.423	1.399	1.398	1.442
702	4715.190	4220.447	5331.500	4636.304	1.457	1.456	1.482
703	4657.508	4247.692	5374.053	4607.214	1.448	1.447	1.464
704	4618.355	4219.004	4923.448	4745.991	1.491	1.490	1.451
705	4674.356	4392.420	4919.060	4706.991	1.479	1.478	1.469
706	4702.063	4294.837	5050.628	4750.089	1.493	1.492	1.478
707	4651.056	4214.241	4927.088	4745.781	1.491	1.490	1.462
708	4681.751	4298.417	4955.697	4728.769	1.486	1.485	1.471
709	4679.294	4201.478	4928.127	4728.931	1.486	1.485	1.470
710	4761.832	4372.960	5361.334	4695.290	1.475	1.474	1.496
711	4762.401	4178.213	5213.572	4736.583	1.488	1.487	1.497
712	4843.921	4359.285	5219.323	4865.541	1.529	1.528	1.522
713	4806.855	4552.384	4976.736	4835.086	1.519	1.518	1.511
714	4723.217	4435.244	5049.238	4687.368	1.473	1.472	1.484
715	4815.743	4329.691	5231.977	4781.052	1.502	1.501	1.513
716	4947.641	4723.021	5365.810	4897.425	1.539	1.538	1.555
717	5076.122	4918.113	5267.062	5045.431	1.586	1.584	1.595
718	4849.583	4417.644	5163.931	4901.715	1.540	1.539	1.524
719	4704.073	4408.201	4990.408	4716.320	1.482	1.481	1.478
720	4790.768	4559.215	4914.879	4801.764	1.509	1.508	1.505
721	4759.155	4488.600	5239.964	4680.419	1.471	1.470	1.496
722	4655.871	4321.234	5169.645	4600.228	1.446	1.445	1.463
723	4600.812	4179.720	4814.307	4580.274	1.439	1.438	1.446
724	4781.731	4546.900	4964.646	4812.567	1.512	1.511	1.503
725	4749.827	4465.563	4972.661	4765.016	1.497	1.496	1.493
726	4779.303	4603.517	5017.992	4742.738	1.490	1.489	1.502
727	4659.509	4280.546	5198.153	4604.382	1.447	1.446	1.464
728	4793.091	4347.630	5382.963	4821.770	1.515	1.514	1.506
729	4778.021	4425.283	5156.099	4706.706	1.479	1.478	1.501
730	4778.780	4206.884	5187.184	4841.874	1.522	1.520	1.502
731	4823.383	4435.009	5119.217	4908.804	1.543	1.541	1.516
732	4838.757	4426.280	5135.800	4851.957	1.525	1.524	1.521
733	4845.832	4501.425	5136.305	4869.970	1.530	1.529	1.523
734	4876.775	4309.433	5181.770	4970.656	1.562	1.561	1.533
735	4697.341	4381.181	5114.714	4670.441	1.468	1.467	1.476
736	4612.723	4191.819	5029.609	4677.617	1.470	1.469	1.450
737	4772.919	4473.575	5016.780	4818.234	1.514	1.513	1.500
738	4805.006	4512.368	5150.252	4798.670	1.508	1.507	1.510
739	4866.413	4459.076	5198.297	4847.492	1.523	1.522	1.529
740	4817.822	4522.502	5265.659	4819.383	1.514	1.513	1.514
741	5028.193	4329.085	5792.796	5142.733	1.616	1.615	1.580
742	4954.195	4498.513	5409.966	4966.311	1.561	1.560	1.557
743	4989.616	4426.454	5558.931	4989.149	1.568	1.567	1.568
744	5152.157	4722.527	5657.197	5054.106	1.588	1.587	1.619
745	5063.297	4955.008	5174.610	5055.399	1.589	1.588	1.591
746	5062.929	4862.667	5346.100	5002.597	1.572	1.571	1.591
747	4975.148	4545.863	5352.760	4962.339	1.559	1.558	1.563
748	5060.771	4681.576	5447.398	5109.566	1.606	1.605	1.590
749	5053.963	4722.947	5484.281	5082.557	1.597	1.596	1.588
750	5031.798	4595.872	5264.021	5046.331	1.586	1.585	1.581
751	5074.649	4624.062	5411.533	5102.590	1.603	1.602	1.595
752	5106.952	4771.468	5369.487	5101.359	1.603	1.602	1.605
753	5038.748	4777.979	5258.241	5026.767	1.580	1.579	1.583
754	5019.846	4770.177	5304.289	5018.247	1.577	1.576	1.577
755	5049.769	4731.462	5276.077	5007.167	1.573	1.572	1.587
756	4943.335	4443.935	5341.795	4982.368	1.566	1.565	1.553
757	4981.687	4233.050	5752.623	5085.922	1.598	1.597	1.565
758	4939.443	4442.646	5432.981	4941.073	1.553	1.552	1.552
759	4931.777	4476.150	5361.272	4887.620	1.536	1.535	1.550
760	4793.934	4469.900	5110.067	4783.500	1.503	1.502	1.506
761	4927.533	4520.050	5290.423	4942.495	1.553	1.552	1.548
762	4969.354	4551.605	5448.721	4966.784	1.561	1.560	1.562
763	4971.114	4504.280	5409.165	4964.845	1.560	1.559	1.562
764	4936.733	4620.177	5397.724	4857.562	1.526	1.525	1.551
765	4783.186	4231.697	5588.561	4649.222	1.461	1.460	1.503
766	4886.821	4399.501	5382.317	4734.437	1.488	1.487	1.536
767	4791.530	4422.364	5225.328	4808.958	1.511	1.510	1.506
768	4788.352	4467.162	5285.921	4696.011	1.476	1.475	1.505
769	4766.649	4395.734	5199.250	4689.511	1.474	1.473	1.498
770	4695.681	4260.283	5182.184	4760.562	1.496	1.495	1.476
771	4794.515	4194.490	5168.385	4779.791	1.502	1.501	1.507
772	4675.837	4238.114	5195.085	4695.822	1.476	1.475	1.469
773	4762.214	4219.864	5228.133	4817.351	1.514	1.513	1.497
774	4698.268	4137.965	5074.192	4843.084	1.522	1.521	1.476
775	4701.451	4077.940	5114.543	4825.706	1.516	1.515	1.477
776	4632.676	4148.786	4996.776	4660.790	1.465	1.464	1.456
777	4754.608	4484.360	5032.741	4782.146	1.503	1.502	1.494
778	4740.679	4371.933	5139.318	4737.335	1.489	1.488	1.490
779	4680.949	4202.104	5255.948	4634.427	1.456	1.455	1.471
780	4637.750	4250.879	5002.842	4576.368	1.438	1.437	1.457
781	4576.635	4361.981	5094.126	4474.428	1.406	1.405	1.438
782	4649.128	4154.683	5153.269	4629.429	1.455	1.454	1.461
783	4658.042	4078.051	5148.703	4688.735	1.473	1.472	1.464
784	4656.676	4073.052	5280.695	4679.360	1.470	1.469	1.463
785	4714.740	4070.762	5171.878	4701.091	1.477	1.476	1.482
786	4660.643	4041.339	5122.004	4660.369	1.465	1.463	1.465
787	4684.081	3963.318	5177.989	4801.623	1.509	1.508	1.472
788	4681.112	3836.026	5265.604	4751.396	1.493	1.492	1.471
789	4695.008	3775.787	5407.211	4685.437	1.472	1.471	1.475
790	4646.840	3797.979	5442.048	4646.632	1.460	1.459	1.460
791	4630.380	3849.064	5331.670	4749.697	1.493	1.492	1.455
792	4599.980	3816.054	5347.028	4692.388	1.475	1.474	1.446
793	4577.153	3693.555	5277.772	4507.978	1.417	1.416	1.438
794	4480.245	3583.411	5283.854	4555.674	1.432	1.431	1.408
795	4488.439	3623.466	5155.104	4708.791	1.480	1.479	1.410
796	4338.859	3614.068	5095.481	4313.684	1.356	1.355	1.363
797	4356.046	3608.726	5011.934	4395.572	1.381	1.380	1.369
798	4326.614	3622.502	4941.627	4379.382	1.376	1.375	1.360
799	4449.968	3713.522	5156.628	4501.044	1.414	1.413	1.398
800	4339.140	3651.599	5026.449	4307.339	1.354	1.353	1.364
801	4312.341	3689.128	4722.873	4378.214	1.376	1.375	1.355
802	4347.739	3708.188	4948.168	4443.966	1.397	1.395	1.366
803	4336.256	3636.104	5052.393	4472.917	1.406	1.405	1.363
804	4279.391	3563.459	4779.869	4419.537	1.389	1.388	1.345
805	4320.898	3521.664	4811.340	4494.078	1.412	1.411	1.358
806	4265.934	3469.465	4742.907	4361.016	1.370	1.369	1.341
807	4165.767	3560.652	4759.879	4203.002	1.321	1.320	1.309
808	4242.000	3828.985	4666.540	4214.365	1.324	1.323	1.333
809	4215.450	3813.139	4541.207	4267.563	1.341	1.340	1.325
810	4337.553	3717.999	4656.056	4486.536	1.410	1.409	1.363
811	4357.716	3817.592	4760.985	4364.340	1.371	1.370	1.369
812	4378.765	3734.562	4723.707	4421.146	1.389	1.388	1.376
813	4530.213	3836.664	5013.830	4572.651	1.437	1.436	1.424
814	4455.337	3997.700	4690.487	4586.197	1.441	1.440	1.400
815	4590.253	3903.672	4997.642	4648.393	1.461	1.460	1.442
816	4427.823	4110.669	4880.471	4379.740	1.376	1.375	1.391
817	4519.340	4170.589	4905.741	4491.494	1.411	1.410	1.420
818	4497.613	4042.354	4884.648	4479.605	1.408	1.407	1.413
819	4497.223	4163.905	5006.697	4503.112	1.415	1.414	1.413
820	4552.543	4238.731	4758.217	4606.176	1.447	1.446	1.431
821	4503.595	3942.721	4960.490	4585.943	1.441	1.440	1.415
822	4332.944	3899.961	4922.174	4382.530	1.377	1.376	1.362
823	4236.598	3707.146	4426.956	4285.023	1.347	1.346	1.331
824	4330.232	3895.886	4767.952	4315.963	1.356	1.355	1.361
825	4408.871	4082.936	4812.464	4359.353	1.370	1.369	1.385
826	4399.425	4078.160	4839.456	4433.546	1.393	1.392	1.383
827	4441.576	4103.510	4740.615	4397.540	1.382	1.381	1.396
828	4481.833	3995.685	4880.910	4462.076	1.402	1.401	1.408
829	4402.470	3983.148	5060.876	4349.337	1.367	1.366	1.383
830	4409.518	3783.128	4879.247	4451.432	1.399	1.398	1.386
831	4424.050	4085.480	4816.879	4427.835	1.391	1.390	1.390
832	4481.756	4289.047	4661.509	4490.898	1.411	1.410	1.408
833	4264.367	3983.427	4534.833	4241.296	1.333	1.332	1.340
834	4330.645	3994.604	4553.020	4395.912	1.381	1.380	1.361
835	4392.289	3826.548	4757.403	4449.947	1.398	1.397	1.380
836	4343.484	3997.247	4659.550	4311.760	1.355	1.354	1.365
837	4283.723	3938.168	4782.500	4258.458	1.338	1.337	1.346
838	4296.111	3944.808	4543.554	4352.365	1.368	1.367	1.350
839	4321.632	4212.453	4493.677	4324.940	1.359	1.358	1.358
840	4433.349	4121.127	4912.022	4449.690	1.398	1.397	1.393
841	4332.685	4115.131	4832.478	4270.021	1.342	1.341	1.362
842	4302.369	4106.766	4512.016	4342.192	1.365	1.364	1.352
843	4374.952	4106.253	4732.983	4381.711	1.377	1.376	1.375
844	4317.860	4014.778	4539.892	4308.430	1.354	1.353	1.357
845	4460.789	4179.821	4853.045	4413.438	1.387	1.386	1.402
846	4276.921	3984.037	4566.064	4253.958	1.337	1.336	1.344
847	4346.394	4113.553	4867.803	4310.270	1.354	1.354	1.366
848	4490.803	4121.355	4868.844	4437.885	1.395	1.394	1.411
849	4468.877	4234.739	4831.833	4403.018	1.384	1.383	1.404
850	4396.773	4034.064	4967.384	4351.626	1.367	1.367	1.382
851	4490.771	4064.135	4868.883	4504.646	1.416	1.415	1.411
852	4467.125	4103.002	4826.207	4449.461	1.398	1.397	1.404
853	4457.403	4136.662	4859.074	4469.125	1.404	1.403	1.401
854	4503.578	3995.346	5284.126	4528.138	1.423	1.422	1.415
855	4371.451	4051.773	4799.203	4346.438	1.366	1.365	1.374
856	4464.840	4216.528	4697.680	4446.116	1.397	1.396	1.403
857	4616.518	3965.432	5116.256	4670.496	1.468	1.467	1.451
858	4559.822	4263.590	5053.338	4519.262	1.420	1.419	1.433
859	4497.168	4136.708	4803.371	4475.530	1.406	1.405	1.413
860	4672.027	4219.214	4957.862	4759.092	1.496	1.494	1.468
861	4639.660	4422.027	4857.370	4620.202	1.452	1.451	1.458
862	4628.192	4359.413	4946.692	4658.067	1.464	1.463	1.454
863	4524.380	4304.087	4856.216	4498.570	1.414	1.413	1.422
864	4572.006	4209.480	4814.816	4599.967	1.446	1.444	1.437
865	4505.728	4176.666	4955.598	4506.771	1.416	1.415	1.416
866	4586.246	4369.293	4767.700	4596.932	1.445	1.444	1.441
867	4629.179	4462.662	4867.172	4620.881	1.452	1.451	1.455
868	4503.092	4285.775	4701.227	4491.851	1.412	1.411	1.415
869	4511.413	4155.919	4847.011	4579.920	1.439	1.438	1.418
870	4507.581	4351.396	4737.397	4491.295	1.411	1.410	1.416
871	4460.171	4281.966	4736.527	4461.604	1.402	1.401	1.402
872	4552.666	4028.732	4852.832	4622.524	1.453	1.452	1.431
873	4527.577	4369.470	4808.594	4478.931	1.407	1.406	1.423
874	4411.132	4026.404	4682.293	4460.436	1.402	1.401	1.386
875	4494.521	4124.842	4843.883	4445.645	1.397	1.396	1.412
876	4401.118	4186.385	4860.073	4328.971	1.360	1.359	1.383
877	4206.660	4022.219	4362.449	4209.549	1.323	1.322	1.322
878	4264.260	4075.754	4431.347	4264.345	1.340	1.339	1.340
879	4356.221	4135.049	4514.726	4374.271	1.375	1.374	1.369
880	4383.712	4031.879	4651.993	4404.867	1.384	1.383	1.378
881	4252.491	4025.021	4534.713	4260.434	1.339	1.338	1.336
882	4376.538	4168.218	4713.183	4369.949	1.373	1.372	1.375
883	4393.956	4035.305	4610.493	4421.553	1.389	1.388	1.381
884	4400.473	4164.145	4809.330	4389.683	1.379	1.378	1.383
885	4339.731	4132.958	4761.844	4303.928	1.353	1.352	1.364
886	4408.423	4298.705	4596.812	4401.857	1.383	1.382	1.385
887	4434.869	4345.111	4552.423	4423.840	1.390	1.389	1.394
888	4392.751	4172.971	4666.438	4384.472	1.378	1.377	1.380
889	4500.036	4196.052	4734.319	4567.341	1.435	1.434	1.414
890	4443.503	4137.241	4828.208	4460.043	1.402	1.401	1.396
891	4374.786	4241.226	4582.343	4366.254	1.372	1.371	1.375
892	4348.520	3966.308	4533.701	4384.832	1.378	1.377	1.367
893	4342.994	4132.562	4573.420	4344.539	1.365	1.364	1.365
894	4378.964	4217.136	4712.554	4348.574	1.367	1.366	1.376
895	4279.610	3988.339	4635.892	4242.910	1.333	1.332	1.345
896	4344.950	4096.293	4690.674	4323.874	1.359	1.358	1.365
897	4269.599	4016.952	4465.150	4324.411	1.359	1.358	1.342
898	4355.520	4228.011	4526.540	4388.847	1.379	1.378	1.369
899	4411.026	4058.972	4640.648	4446.511	1.397	1.396	1.386
900	4360.605	4050.136	4637.633	4360.742	1.370	1.369	1.370
901	4432.434	4042.718	4841.443	4344.375	1.365	1.364	1.393
902	4278.877	4018.074	4527.769	4265.051	1.340	1.339	1.345
903	4307.168	4043.005	4727.349	4268.414	1.341	1.340	1.354
904	4320.921	4086.361	4615.147	4318.431	1.357	1.356	1.358
905	4281.905	3974.990	4580.411	4285.939	1.347	1.346	1.346
906	4249.261	3771.188	4527.271	4336.337	1.363	1.362	1.335
907	4227.494	3827.569	4400.886	4321.980	1.358	1.357	1.328
908	4169.075	3908.644	4477.959	4087.952	1.285	1.284	1.310
909	4228.416	3942.270	4474.736	4249.071	1.335	1.334	1.329
910	4308.665	3851.030	4675.409	4376.417	1.375	1.374	1.354
911	4324.216	3710.022	4611.473	4486.229	1.410	1.409	1.359
912	4388.171	3720.877	4755.986	4504.209	1.415	1.414	1.379
913	4236.046	3636.932	4698.264	4292.857	1.349	1.348	1.331
914	4287.034	3928.972	4509.510	4384.611	1.378	1.377	1.347
915	4350.329	3926.872	4765.969	4328.837	1.360	1.359	1.367
916	4281.301	3863.216	4594.350	4368.166	1.373	1.372	1.345
917	4270.146	3843.419	4823.811	4269.864	1.342	1.341	1.342
918	4216.921	3741.971	4608.890	4267.087	1.341	1.340	1.325
919	4234.913	3768.993	4740.072	4303.387	1.352	1.351	1.331
920	4253.105	3894.548	4588.923	4315.355	1.356	1.355	1.337
921	4245.456	3886.940	4493.899	4293.852	1.349	1.348	1.334
922	4145.537	3851.967	4385.394	4143.745	1.302	1.301	1.303
923	4187.660	3918.234	4411.806	4164.084	1.309	1.308	1.316
924	4259.971	3838.586	4552.895	4237.977	1.332	1.331	1.339
925	4141.039	3754.651	4358.552	4219.088	1.326	1.325	1.301
926	4157.322	3769.350	4404.723	4224.567	1.328	1.327	1.306
927	4225.254	3898.558	4508.669	4225.926	1.328	1.327	1.328
928	4249.207	3974.486	4486.989	4290.301	1.348	1.347	1.335
929	4051.633	3844.258	4342.714	4064.941	1.277	1.276	1.273
930	4058.346	3753.631	4424.032	3997.251	1.256	1.255	1.275
931	4234.919	4041.490	4470.954	4229.143	1.329	1.328	1.331
932	4186.656	3822.259	4371.282	4244.741	1.334	1.333	1.316
933	4063.817	3839.133	4216.474	4083.428	1.283	1.282	1.277
934	3995.203	3819.609	4174.731	4009.161	1.260	1.259	1.255
935	4032.240	3803.807	4215.019	4060.775	1.276	1.275	1.267
936	3986.853	3680.150	4174.816	3997.232	1.256	1.255	1.253
937	3986.360	3658.138	4160.654	3989.639	1.254	1.253	1.253
938	4117.939	3882.634	4355.904	4113.144	1.293	1.292	1.294
939	4129.263	3837.026	4694.783	4114.905	1.293	1.292	1.298
940	4085.865	3941.684	4333.784	4070.649	1.279	1.278	1.284
941	4003.356	3729.896	4375.669	3948.592	1.241	1.240	1.258
942	3960.626	3623.158	4364.864	3973.585	1.249	1.248	1.245
943	3885.955	3733.705	4049.619	3879.990	1.219	1.218	1.221
944	3871.274	3670.863	4058.471	3912.923	1.230	1.229	1.217
945	3875.106	3720.429	4170.851	3853.962	1.211	1.210	1.218
946	3940.741	3810.741	4109.257	3944.553	1.240	1.239	1.238
947	3930.574	3756.756	4147.885	3939.034	1.238	1.237	1.235
948	3919.509	3653.133	4144.903	3924.841	1.233	1.232	1.232
949	3994.955	3739.279	4442.935	3972.256	1.248	1.247	1.255
950	3937.918	3670.585	4119.363	3943.860	1.239	1.238	1.237
951	3883.284	3693.794	4032.149	3909.135	1.228	1.228	1.220
952	3894.967	3645.015	3985.867	3925.334	1.234	1.233	1.224
953	3980.812	3772.065	4226.458	3929.173	1.235	1.234	1.251
954	3943.309	3550.248	4278.487	3898.081	1.225	1.224	1.239
955	3849.315	3518.434	4128.840	3873.494	1.217	1.216	1.210
956	3822.576	3553.236	4057.544	3810.544	1.197	1.197	1.201
957	3891.335	3684.025	4087.029	3898.305	1.225	1.224	1.223
958	3861.123	3580.347	4002.034	3885.700	1.221	1.220	1.213
959	3864.193	3649.222	4063.076	3887.573	1.222	1.221	1.214
960	3878.629	3726.045	4148.664	3860.222	1.213	1.212	1.219
961	3884.815	3570.675	4083.371	3878.128	1.219	1.218	1.221
962	3863.018	3618.932	4000.220	3889.186	1.222	1.221	1.214
963	3922.414	3726.159	4017.238	3946.583	1.240	1.239	1.233
964	3868.257	3754.581	4008.221	3861.175	1.213	1.212	1.216
965	3842.557	3689.908	3974.007	3865.322	1.215	1.214	1.208
966	3801.375	3592.371	4047.036	3820.822	1.201	1.200	1.195
967	3830.910	3692.898	4126.700	3817.959	1.200	1.199	1.204
968	3913.901	3791.980	4128.684	3908.008	1.228	1.227	1.230
969	3919.314	3716.152	4118.651	3950.263	1.241	1.240	1.232
970	4003.324	3751.268	4143.027	3998.773	1.257	1.256	1.258
971	3893.550	3716.434	4133.929	3890.295	1.223	1.222	1.224
972	3824.535	3661.596	4078.482	3773.335	1.186	1.185	1.202
973	3879.816	3713.955	4369.694	3826.486	1.202	1.202	1.219
974	3846.892	3690.743	4133.693	3798.397	1.194	1.193	1.209
975	3846.162	3586.365	4108.516	3858.394	1.212	1.212	1.209
976	3872.057	3721.919	4092.726	3867.209	1.215	1.214	1.217
977	3871.242	3770.378	3978.093	3881.542	1.220	1.219	1.217
978	3920.187	3693.812	4100.732	3954.953	1.243	1.242	1.232
979	3938.092	3697.612	4250.277	3951.686	1.242	1.241	1.238
980	3917.769	3784.723	4190.243	3867.527	1.215	1.214	1.231
981	3826.627	3596.687	3920.426	3865.175	1.215	1.214	1.203
982	3876.547	3665.040	4262.306	3842.939	1.208	1.207	1.218
983	3833.461	3682.326	3945.388	3829.371	1.203	1.203	1.205
984	3829.772	3749.954	3963.124	3810.805	1.198	1.197	1.203
985	3774.505	3554.661	3901.720	3814.537	1.199	1.198	1.186
986	3811.039	3556.467	3983.458	3829.704	1.203	1.203	1.198
987	3846.882	3689.453	4062.887	3845.028	1.208	1.207	1.209
988	3793.651	3694.956	3914.674	3794.950	1.193	1.192	1.192
989	3796.905	3568.549	3966.811	3821.137	1.201	1.200	1.193
990	3793.659	3612.331	4022.403	3742.901	1.176	1.175	1.192
991	3803.325	3582.032	4004.384	3819.589	1.200	1.199	1.195
992	3752.106	3464.492	3965.083	3747.673	1.178	1.177	1.179
993	3789.274	3609.343	3915.984	3782.580	1.189	1.188	1.191
994	3781.334	3584.650	3931.043	3814.681	1.199	1.198	1.188
995	3743.728	3606.565	3902.247	3716.014	1.168	1.167	1.176
996	3820.978	3668.592	3909.167	3831.043	1.204	1.203	1.201
997	3733.835	3582.684	3916.998	3728.100	1.172	1.171	1.173
998	3731.257	3563.376	3856.256	3723.165	1.170	1.169	1.173
999	3650.989	3495.117	3881.093	3645.391	1.146	1.145	1.147
1000	3644.053	3540.905	3748.112	3636.836	1.143	1.142	1.145
1001	3734.955	3623.987	3864.229	3743.303	1.176	1.175	1.174
1002	3803.581	3552.014	4116.026	3844.162	1.208	1.207	1.195
1003	3717.275	3619.020	3872.487	3722.914	1.170	1.169	1.168
1004	3801.014	3510.053	4145.964	3839.450	1.207	1.206	1.194
1005	3795.761	3544.282	4107.441	3770.980	1.185	1.184	1.193
1006	3725.733	3603.802	3929.660	3685.947	1.158	1.157	1.171
1007	3744.406	3547.097	3909.997	3735.376	1.174	1.173	1.177
1008	3703.077	3527.340	3910.311	3712.963	1.167	1.166	1.164
1009	3674.251	3468.461	3951.477	3660.393	1.150	1.149	1.155
1010	3660.516	3447.629	3813.040	3700.050	1.163	1.162	1.150
1011	3676.015	3500.509	3841.165	3718.518	1.169	1.168	1.155
1012	3707.644	3571.939	3876.319	3701.535	1.163	1.162	1.165
1013	3694.094	3560.039	3895.685	3694.117	1.161	1.160	1.161
1014	3633.269	3532.185	3822.758	3607.515	1.134	1.133	1.142
1015	3684.699	3558.250	3906.881	3654.182	1.148	1.147	1.158
1016	3583.504	3505.820	3671.227	3582.661	1.126	1.125	1.126
1017	3638.838	3469.302	3839.204	3641.216	1.144	1.143	1.143
1018	3706.703	3536.783	3838.848	3724.230	1.170	1.169	1.165
1019	3714.357	3498.891	3887.428	3736.569	1.174	1.173	1.167
1020	3685.499	3449.458	4014.889	3624.934	1.139	1.138	1.158
1021	3715.503	3520.690	4083.239	3693.621	1.161	1.160	1.168
1022	3725.549	3616.645	3807.334	3736.291	1.174	1.173	1.171
1023	3691.304	3430.932	4106.315	3657.773	1.149	1.149	1.160
1024	3645.713	3434.588	3734.969	3661.860	1.151	1.150	1.146
1025	3685.117	3511.290	3920.260	3656.055	1.149	1.148	1.158
1026	3705.606	3611.822	3850.409	3689.512	1.159	1.159	1.164
1027	3725.546	3610.198	3810.879	3719.445	1.169	1.168	1.171
1028	3772.522	3602.122	4052.608	3770.709	1.185	1.184	1.186
1029	3696.567	3589.989	3842.946	3695.564	1.161	1.160	1.162
1030	3655.792	3513.809	3935.380	3644.862	1.145	1.145	1.149
1031	3622.273	3526.998	3727.266	3630.764	1.141	1.140	1.138
1032	3646.703	3450.611	3772.055	3662.634	1.151	1.150	1.146
1033	3760.201	3699.716	3868.170	3749.119	1.178	1.177	1.182
1034	3637.272	3465.273	3838.691	3618.468	1.137	1.136	1.143
1035	3606.481	3443.782	3784.860	3616.474	1.136	1.136	1.133
1036	3618.382	3543.712	3802.436	3590.636	1.128	1.128	1.137
1037	3596.188	3513.006	3703.462	3576.318	1.124	1.123	1.130
1038	3657.452	3542.771	3758.625	3649.631	1.147	1.146	1.149
1039	3715.522	3656.656	3807.810	3713.687	1.167	1.166	1.168
1040	3622.271	3520.979	3743.537	3639.565	1.144	1.143	1.138
1041	3662.034	3580.259	3813.267	3627.024	1.140	1.139	1.151
1042	3610.904	3482.031	3809.070	3622.637	1.138	1.138	1.135
1043	3666.576	3477.417	3916.941	3667.715	1.153	1.152	1.152
1044	3653.335	3551.007	3744.881	3675.643	1.155	1.154	1.148
1045	3621.422	3541.736	3719.684	3632.303	1.141	1.141	1.138
1046	3670.858	3606.748	3724.703	3677.534	1.156	1.155	1.154
1047	3674.553	3541.807	3860.745	3663.993	1.151	1.151	1.155
1048	3618.984	3386.139	3722.959	3646.790	1.146	1.145	1.137
1049	3517.366	3385.419	3643.000	3528.334	1.109	1.108	1.105
1050	3635.676	3547.781	3765.335	3623.658	1.139	1.138	1.143
1051	3632.006	3540.614	3753.188	3600.284	1.131	1.131	1.141
1052	3681.830	3577.001	3874.342	3641.704	1.144	1.144	1.157
1053	3659.374	3461.089	3841.560	3638.052	1.143	1.142	1.150
1054	3611.882	3543.813	3660.908	3632.830	1.142	1.141	1.135
1055	3645.489	3446.013	3879.021	3612.849	1.135	1.135	1.146
1056	3665.100	3527.545	3859.640	3673.010	1.154	1.153	1.152
1057	3689.904	3565.335	3816.826	3712.329	1.167	1.166	1.160
1058	3617.417	3295.349	3734.147	3640.395	1.144	1.143	1.137
1059	3582.858	3426.556	3699.087	3614.905	1.136	1.135	1.126
1060	3596.998	3273.261	3755.299	3649.597	1.147	1.146	1.130
1061	3650.895	3447.816	3843.187	3671.915	1.154	1.153	1.147
1062	3664.513	3491.783	3908.103	3643.984	1.145	1.144	1.152
1063	3701.614	3553.712	3879.396	3695.771	1.161	1.161	1.163
1064	3682.614	3499.394	3812.885	3724.235	1.170	1.169	1.157
1065	3714.243	3558.610	3871.191	3710.132	1.166	1.165	1.167
1066	3737.131	3530.081	3949.759	3737.835	1.175	1.174	1.174
1067	3662.957	3589.556	3741.364	3647.572	1.146	1.145	1.151
1068	3648.107	3543.054	3778.942	3648.648	1.147	1.146	1.146
1069	3692.242	3531.013	3858.210	3668.291	1.153	1.152	1.160
1070	3705.167	3579.173	3850.635	3736.291	1.174	1.173	1.164
1071	3734.773	3555.712	3954.877	3750.713	1.179	1.178	1.174
1072	3687.846	3558.929	3840.913	3691.376	1.160	1.159	1.159
1073	3722.609	3598.591	3833.919	3758.273	1.181	1.180	1.170
1074	3711.284	3592.113	3885.347	3697.637	1.162	1.161	1.166
1075	3677.933	3571.270	3799.966	3655.813	1.149	1.148	1.156
1076	3678.356	3519.363	3776.842	3671.144	1.154	1.153	1.156
1077	3646.108	3520.647	3905.464	3611.158	1.135	1.134	1.146
1078	3629.890	3524.094	3749.572	3626.165	1.140	1.139	1.141
1079	3671.216	3581.127	3761.513	3696.441	1.162	1.161	1.154
1080	3631.379	3471.805	3835.204	3641.877	1.144	1.144	1.141
1081	3627.679	3437.867	3774.555	3621.387	1.138	1.137	1.140
1082	3698.741	3555.474	3849.088	3683.011	1.157	1.157	1.162
1083	3629.664	3477.611	3895.457	3609.154	1.134	1.133	1.141
1084	3668.877	3471.591	3891.668	3680.296	1.157	1.156	1.153
1085	3642.331	3551.173	3750.975	3636.339	1.143	1.142	1.145
1086	3529.856	3374.122	3637.105	3535.355	1.111	1.110	1.109
1087	3606.126	3466.346	3743.438	3608.068	1.134	1.133	1.133
1088	3550.977	3479.493	3608.100	3555.438	1.117	1.116	1.116
1089	3638.766	3578.708	3717.590	3636.725	1.143	1.142	1.143
1090	3635.481	3523.302	3739.127	3649.348	1.147	1.146	1.142
1091	3651.104	3502.658	3884.191	3649.080	1.147	1.146	1.147
1092	3649.591	3463.938	3858.904	3621.740	1.138	1.137	1.147
1093	3628.670	3425.970	3799.147	3628.104	1.140	1.139	1.140
1094	3636.807	3475.446	3830.266	3631.953	1.141	1.141	1.143
1095	3582.191	3513.821	3670.855	3596.676	1.130	1.129	1.126
1096	3601.374	3464.828	3739.946	3608.369	1.134	1.133	1.132
1097	3609.651	3502.203	3743.510	3597.940	1.131	1.130	1.134
1098	3636.703	3537.012	3748.033	3640.219	1.144	1.143	1.143
1099	3617.244	3478.784	3750.539	3600.634	1.131	1.131	1.137
1100	3635.773	3474.102	3796.565	3619.866	1.138	1.137	1.143
1101	3709.414	3566.075	3830.545	3717.272	1.168	1.167	1.166
1102	3613.227	3435.812	3873.521	3612.322	1.135	1.134	1.135
1103	3574.376	3445.919	3746.271	3562.640	1.120	1.119	1.123
1104	3581.030	3420.875	3837.352	3528.551	1.109	1.108	1.125
1105	3604.144	3343.963	3844.468	3595.941	1.130	1.129	1.133
1106	3672.999	3468.389	3843.323	3667.390	1.152	1.152	1.154
1107	3673.942	3596.613	3767.555	3675.596	1.155	1.154	1.155
1108	3749.270	3541.251	4031.381	3734.333	1.174	1.173	1.178
1109	3713.488	3512.938	3932.002	3724.306	1.170	1.170	1.167
1110	3706.167	3569.918	3848.215	3722.579	1.170	1.169	1.165
1111	3705.867	3577.977	3919.625	3684.890	1.158	1.157	1.165
1112	3699.589	3555.532	3836.245	3701.885	1.163	1.162	1.163
1113	3701.870	3522.068	3962.146	3702.405	1.163	1.163	1.163
1114	3702.691	3463.793	4212.862	3631.147	1.141	1.140	1.164
1115	3709.391	3409.330	3878.886	3745.875	1.177	1.176	1.166
1116	3735.226	3598.281	3970.054	3714.301	1.167	1.166	1.174
1117	3727.314	3586.668	3944.670	3731.358	1.173	1.172	1.171
1118	3727.586	3626.159	3880.636	3706.947	1.165	1.164	1.171
1119	3727.528	3595.710	4097.853	3689.495	1.159	1.159	1.171
1120	3801.914	3617.988	4056.756	3823.018	1.201	1.201	1.195
1121	3760.810	3630.847	3865.863	3790.745	1.191	1.190	1.182
1122	3709.475	3503.624	3835.284	3746.307	1.177	1.176	1.166
1123	3694.004	3537.766	3839.935	3698.945	1.162	1.162	1.161
1124	3689.377	3540.864	3779.729	3717.324	1.168	1.167	1.159
1125	3671.335	3525.524	3846.130	3658.906	1.150	1.149	1.154
1126	3679.896	3580.291	3767.838	3673.382	1.154	1.154	1.156
1127	3641.380	3509.294	3831.970	3628.818	1.140	1.140	1.144
1128	3616.163	3394.674	3736.940	3636.214	1.143	1.142	1.136
1129	3608.825	3441.341	3768.763	3610.668	1.135	1.134	1.134
1130	3658.856	3464.737	3846.877	3669.646	1.153	1.152	1.150
1131	3658.111	3487.831	3744.840	3673.343	1.154	1.154	1.150
1132	3682.640	3387.065	3868.685	3678.702	1.156	1.155	1.157
1133	3735.351	3686.954	3802.029	3722.232	1.170	1.169	1.174
1134	3670.752	3445.854	3864.215	3703.928	1.164	1.163	1.154
1135	3640.256	3480.701	3851.223	3625.589	1.139	1.139	1.144
1136	3623.368	3509.761	3792.509	3614.288	1.136	1.135	1.139
1137	3581.595	3496.206	3788.526	3547.650	1.115	1.114	1.126
1138	3656.707	3520.595	3794.178	3647.661	1.146	1.145	1.149
1139	3615.132	3421.764	3789.611	3651.611	1.148	1.147	1.136
1140	3668.825	3552.091	3802.127	3655.656	1.149	1.148	1.153
1141	3642.461	3525.609	3799.116	3619.388	1.137	1.137	1.145
1142	3755.259	3623.399	3917.208	3761.365	1.182	1.181	1.180
1143	3698.533	3541.298	3818.897	3707.240	1.165	1.164	1.162
1144	3723.041	3644.088	3827.290	3728.154	1.172	1.171	1.170
1145	3675.075	3522.432	3951.146	3657.916	1.149	1.149	1.155
1146	3761.401	3577.582	3886.314	3775.350	1.186	1.186	1.182
1147	3662.676	3511.036	3817.122	3620.602	1.138	1.137	1.151
1148	3706.833	3571.016	3893.338	3710.148	1.166	1.165	1.165
1149	3696.150	3574.317	3803.314	3702.350	1.163	1.163	1.162
1150	3736.070	3563.865	3884.457	3732.660	1.173	1.172	1.174
1151	3693.620	3479.972	3909.812	3682.883	1.157	1.157	1.161
1152	3774.698	3598.726	3934.426	3791.060	1.191	1.190	1.186
1153	3764.087	3674.305	3878.015	3739.472	1.175	1.174	1.183
1154	3753.299	3500.952	4045.264	3714.775	1.167	1.167	1.179
1155	3726.528	3471.144	3943.085	3754.077	1.180	1.179	1.171
1156	3693.951	3542.139	3908.296	3644.117	1.145	1.144	1.161
1157	3716.586	3560.294	3936.522	3727.484	1.171	1.171	1.168
1158	3674.304	3494.186	4050.854	3658.204	1.150	1.149	1.155
1159	3712.115	3606.506	3835.428	3700.858	1.163	1.162	1.167
1160	3727.657	3540.262	3991.460	3700.566	1.163	1.162	1.171
1161	3643.332	3502.262	3847.084	3633.055	1.142	1.141	1.145
1162	3723.098	3638.431	3895.516	3700.422	1.163	1.162	1.170
1163	3781.318	3616.161	3983.984	3748.559	1.178	1.177	1.188
1164	3749.515	3626.368	3926.777	3731.200	1.173	1.172	1.178
1165	3811.221	3645.022	3918.240	3813.744	1.198	1.198	1.198
1166	3820.557	3697.905	4046.456	3800.587	1.194	1.193	1.201
1167	3769.854	3522.677	3892.937	3800.272	1.194	1.193	1.185
1168	3806.854	3619.809	4079.478	3778.160	1.187	1.186	1.196
1169	3702.435	3521.014	3878.534	3677.437	1.156	1.155	1.163
1170	3788.864	3440.129	4087.725	3828.924	1.203	1.202	1.191
1171	3833.657	3640.283	4089.024	3814.866	1.199	1.198	1.205
1172	3807.026	3588.828	4036.942	3819.966	1.200	1.200	1.196
1173	3763.023	3651.522	4053.047	3745.812	1.177	1.176	1.183
1174	3738.171	3595.199	3886.502	3727.225	1.171	1.170	1.175
1175	3809.325	3634.992	3983.350	3822.230	1.201	1.200	1.197
1176	3753.380	3668.854	3870.603	3749.090	1.178	1.177	1.179
1177	3797.188	3631.108	3934.784	3777.322	1.187	1.186	1.193
1178	3804.913	3630.194	4013.485	3799.521	1.194	1.193	1.196
1179	3778.777	3640.131	3890.183	3794.471	1.192	1.192	1.187
1180	3775.544	3666.728	3973.389	3770.945	1.185	1.184	1.186
1181	3842.601	3690.638	3997.786	3821.897	1.201	1.200	1.208
1182	3816.306	3654.652	3958.066	3841.967	1.207	1.206	1.199
1183	3712.276	3616.584	3805.637	3706.616	1.165	1.164	1.167
1184	3653.563	3570.409	3722.776	3660.286	1.150	1.149	1.148
1185	3667.968	3538.745	3816.667	3645.988	1.146	1.145	1.153
1186	3703.810	3600.363	3842.256	3711.554	1.166	1.166	1.164
1187	3755.133	3652.886	3969.051	3724.898	1.171	1.170	1.180
1188	3771.766	3590.383	3931.209	3763.064	1.183	1.182	1.185
1189	3805.015	3573.970	4024.217	3806.626	1.196	1.195	1.196
1190	3737.386	3644.869	3854.642	3718.888	1.169	1.168	1.174
1191	3773.765	3650.685	4209.978	3753.315	1.179	1.179	1.186
1192	3768.845	3594.808	4112.430	3755.197	1.180	1.179	1.184
1193	3714.014	3509.471	3942.719	3731.713	1.173	1.172	1.167
1194	3674.755	3372.833	3780.146	3722.640	1.170	1.169	1.155
1195	3656.748	3439.539	3895.914	3656.159	1.149	1.148	1.149
1196	3704.461	3459.912	4032.747	3650.205	1.147	1.146	1.164
1197	3693.054	3496.191	3851.130	3736.676	1.174	1.173	1.161
1198	3679.760	3532.134	3810.799	3670.816	1.154	1.153	1.156
1199	3695.780	3574.791	3826.062	3698.237	1.162	1.161	1.161
1200	3647.530	3589.502	3874.568	3611.076	1.135	1.134	1.146
1201	3725.392	3548.201	4042.042	3698.853	1.162	1.162	1.171
1202	3678.284	3590.350	3779.727	3694.037	1.161	1.160	1.156
1203	3749.455	3497.111	3924.500	3759.575	1.181	1.181	1.178
1204	3748.342	3462.872	3886.396	3754.410	1.180	1.179	1.178
1205	3710.411	3537.620	3933.359	3678.813	1.156	1.155	1.166
1206	3726.316	3615.385	3844.682	3741.403	1.176	1.175	1.171
1207	3732.988	3532.833	3954.114	3733.273	1.173	1.172	1.173
1208	3759.010	3683.012	3947.964	3735.582	1.174	1.173	1.181
1209	3750.707	3457.092	4030.544	3752.763	1.179	1.178	1.179
1210	3704.584	3527.143	3888.457	3706.752	1.165	1.164	1.164
1211	3739.111	3569.571	3883.490	3789.809	1.191	1.190	1.175
1212	3824.004	3664.276	4042.095	3802.179	1.195	1.194	1.202
1213	3806.165	3706.459	4005.848	3780.839	1.188	1.187	1.196
1214	3795.622	3614.207	3970.062	3803.600	1.195	1.194	1.193
1215	3742.032	3622.646	3879.105	3735.311	1.174	1.173	1.176
1216	3739.737	3602.127	4082.652	3718.925	1.169	1.168	1.175
1217	3754.582	3644.713	3909.276	3730.053	1.172	1.171	1.180
1218	3669.068	3450.932	3819.414	3682.701	1.157	1.156	1.153
1219	3678.160	3466.836	3900.513	3665.395	1.152	1.151	1.156
1220	3694.335	3517.081	3837.191	3706.557	1.165	1.164	1.161
1221	3738.296	3587.446	3872.593	3765.358	1.183	1.182	1.175
1222	3665.972	3478.707	3933.521	3650.957	1.147	1.146	1.152
1223	3674.465	3493.285	3830.252	3692.758	1.160	1.160	1.155
1224	3686.110	3535.080	3969.952	3655.871	1.149	1.148	1.158
1225	3700.572	3628.068	3791.559	3687.453	1.159	1.158	1.163
1226	3701.123	3488.284	3901.952	3745.252	1.177	1.176	1.163
