 	Mean	Min	Max	Median	Max_to_bgmean	Median_to_bgmedian	Mean_to_bgmean
1	3629.229	3450.675	3771.369	3632.315	1.164	1.166	1.163
2	3682.751	3577.459	3837.017	3673.032	1.177	1.179	1.180
3	3646.246	3460.908	3843.984	3627.942	1.163	1.164	1.169
4	3595.154	3439.530	3740.599	3566.303	1.143	1.145	1.152
5	3740.705	3615.973	3857.415	3775.667	1.210	1.212	1.199
6	3725.598	3506.293	4028.638	3671.455	1.177	1.178	1.194
7	3654.989	3504.675	3788.165	3681.060	1.180	1.181	1.171
8	3760.909	3466.728	4015.053	3781.346	1.212	1.214	1.205
9	3692.571	3431.273	3870.265	3708.457	1.189	1.190	1.184
10	3735.012	3545.295	3880.978	3746.066	1.201	1.202	1.197
11	3663.258	3453.786	3783.296	3707.939	1.188	1.190	1.174
12	3696.720	3389.448	3922.517	3678.868	1.179	1.181	1.185
13	3782.662	3554.451	3961.370	3793.948	1.216	1.218	1.212
14	3670.941	3484.592	3870.680	3677.160	1.179	1.180	1.177
15	3711.514	3490.364	3917.606	3710.816	1.189	1.191	1.190
16	3750.572	3531.547	4039.666	3740.557	1.199	1.200	1.202
17	3728.978	3539.115	3892.106	3722.983	1.193	1.195	1.195
18	3706.017	3353.362	3857.511	3765.743	1.207	1.209	1.188
19	3687.097	3498.742	3765.558	3704.716	1.187	1.189	1.182
20	3741.763	3611.031	4006.019	3671.864	1.177	1.178	1.199
21	3588.632	3396.355	3725.115	3589.769	1.151	1.152	1.150
22	3665.062	3528.209	3829.663	3663.601	1.174	1.176	1.175
23	3705.125	3614.729	3889.137	3692.361	1.183	1.185	1.188
24	3595.779	3469.365	3664.339	3621.947	1.161	1.162	1.152
25	3716.883	3603.996	3913.518	3696.427	1.185	1.186	1.191
26	3629.084	3526.600	3810.168	3604.661	1.155	1.157	1.163
27	3738.070	3565.631	3927.907	3721.955	1.193	1.194	1.198
28	3647.505	3430.773	3806.988	3678.078	1.179	1.180	1.169
29	3684.852	3596.884	3856.344	3630.749	1.164	1.165	1.181
30	3603.183	3494.742	3767.921	3593.043	1.152	1.153	1.155
31	3628.202	3511.704	3878.354	3605.406	1.156	1.157	1.163
32	3605.253	3408.265	3803.617	3618.681	1.160	1.161	1.156
33	3660.260	3510.773	3746.195	3673.446	1.177	1.179	1.173
34	3745.398	3456.918	3905.568	3775.915	1.210	1.212	1.200
35	3711.762	3653.295	3785.455	3722.682	1.193	1.195	1.190
36	3767.790	3484.008	3945.216	3831.517	1.228	1.230	1.208
37	3624.631	3504.327	3777.068	3632.775	1.164	1.166	1.162
38	3715.285	3542.171	3924.576	3702.058	1.187	1.188	1.191
39	3687.918	3489.459	3896.549	3684.133	1.181	1.182	1.182
40	3675.826	3445.269	3870.492	3700.148	1.186	1.187	1.178
41	3694.638	3431.210	3819.025	3713.373	1.190	1.192	1.184
42	3834.882	3554.365	3980.405	3835.653	1.229	1.231	1.229
43	3683.341	3569.267	3813.919	3702.583	1.187	1.188	1.181
44	3675.197	3510.573	3972.409	3652.769	1.171	1.172	1.178
45	3812.347	3611.031	4043.761	3831.702	1.228	1.230	1.222
46	3711.420	3527.889	3983.296	3727.495	1.195	1.196	1.190
47	3758.570	3545.791	4026.945	3754.649	1.203	1.205	1.205
48	3863.512	3535.934	4078.545	3850.515	1.234	1.236	1.238
49	3729.574	3532.947	3919.860	3742.125	1.199	1.201	1.195
50	3704.951	3526.770	4083.835	3665.701	1.175	1.176	1.187
51	3690.840	3505.143	3911.865	3712.293	1.190	1.191	1.183
52	3723.442	3433.185	4151.628	3675.003	1.178	1.179	1.193
53	3721.775	3482.858	3900.011	3702.140	1.187	1.188	1.193
54	3781.178	3532.462	4035.677	3754.052	1.203	1.205	1.212
55	3769.252	3527.340	3979.868	3786.793	1.214	1.215	1.208
56	3734.275	3519.483	3985.411	3702.089	1.187	1.188	1.197
57	3840.005	3687.524	4077.258	3775.601	1.210	1.212	1.231
58	3836.287	3627.720	4170.173	3843.483	1.232	1.233	1.230
59	3804.110	3456.204	4050.179	3830.702	1.228	1.229	1.219
60	3838.390	3596.324	4321.954	3758.774	1.205	1.206	1.230
61	3740.105	3526.230	3893.555	3735.149	1.197	1.199	1.199
62	3740.994	3571.058	4066.811	3699.035	1.186	1.187	1.199
63	3785.523	3646.116	3895.600	3785.007	1.213	1.215	1.213
64	3778.160	3635.428	3960.307	3763.157	1.206	1.208	1.211
65	3730.411	3504.554	3889.029	3743.952	1.200	1.202	1.196
66	3712.389	3574.605	3918.676	3707.501	1.188	1.190	1.190
67	3703.524	3512.445	3844.572	3739.296	1.198	1.200	1.187
68	3728.130	3588.557	3990.058	3682.208	1.180	1.182	1.195
69	3756.587	3514.310	3906.844	3782.203	1.212	1.214	1.204
70	3695.645	3506.232	3904.857	3687.479	1.182	1.183	1.185
71	3678.097	3541.177	3865.527	3672.827	1.177	1.179	1.179
72	3603.340	3532.740	3693.214	3581.625	1.148	1.149	1.155
73	3627.468	3441.811	3792.590	3631.078	1.164	1.165	1.163
74	3667.828	3509.499	3812.514	3669.991	1.176	1.178	1.176
75	3698.780	3546.388	3837.013	3703.182	1.187	1.188	1.186
76	3693.895	3577.485	3846.828	3660.184	1.173	1.175	1.184
77	3727.657	3562.391	3938.223	3730.786	1.196	1.197	1.195
78	3660.557	3553.214	3771.279	3665.191	1.175	1.176	1.173
79	3758.522	3656.690	3879.026	3762.735	1.206	1.208	1.205
80	3715.692	3589.138	3932.658	3716.584	1.191	1.193	1.191
81	3668.439	3485.833	3799.860	3697.023	1.185	1.186	1.176
82	3685.115	3487.822	3815.978	3689.650	1.183	1.184	1.181
83	3760.739	3543.219	3888.471	3765.732	1.207	1.209	1.205
84	3687.778	3599.759	3746.603	3698.144	1.185	1.187	1.182
85	3735.802	3508.357	3935.460	3738.989	1.198	1.200	1.197
86	3766.657	3622.915	3944.912	3795.897	1.217	1.218	1.207
87	3743.166	3672.850	3861.918	3708.803	1.189	1.190	1.200
88	3728.623	3626.435	3814.808	3731.350	1.196	1.197	1.195
89	3676.877	3531.759	3764.794	3684.946	1.181	1.183	1.178
90	3683.983	3447.245	3907.804	3655.165	1.172	1.173	1.181
91	3661.623	3483.433	3890.315	3614.226	1.158	1.160	1.174
92	3780.752	3605.596	4023.411	3741.196	1.199	1.201	1.212
93	3771.345	3494.239	3992.704	3762.154	1.206	1.207	1.209
94	3720.385	3551.102	3908.302	3711.126	1.189	1.191	1.192
95	3780.339	3619.739	4012.199	3751.635	1.202	1.204	1.212
96	3695.256	3505.281	3949.461	3653.283	1.171	1.172	1.184
97	3570.235	3373.795	3696.329	3565.937	1.143	1.144	1.144
98	3694.318	3605.860	3809.370	3692.007	1.183	1.185	1.184
99	3647.815	3500.873	3769.157	3685.635	1.181	1.183	1.169
100	3656.761	3442.644	3871.158	3630.176	1.164	1.165	1.172
101	3667.546	3532.297	3827.094	3660.823	1.173	1.175	1.175
102	3657.999	3550.510	3769.401	3665.043	1.175	1.176	1.172
103	3675.760	3481.605	3861.803	3675.796	1.178	1.180	1.178
104	3714.401	3592.692	3945.104	3659.203	1.173	1.174	1.191
105	3691.394	3585.779	3845.773	3684.842	1.181	1.183	1.183
106	3713.187	3506.630	3899.229	3712.342	1.190	1.191	1.190
107	3758.170	3610.927	3998.682	3750.502	1.202	1.204	1.205
108	3655.190	3391.330	3842.886	3678.490	1.179	1.181	1.172
109	3708.335	3393.895	3997.591	3751.861	1.203	1.204	1.189
110	3833.837	3519.513	4114.812	3820.094	1.224	1.226	1.229
111	3675.694	3490.616	3893.082	3679.085	1.179	1.181	1.178
112	3677.576	3460.844	3886.738	3668.195	1.176	1.177	1.179
113	3719.771	3522.899	3960.627	3704.096	1.187	1.189	1.192
114	3661.328	3412.899	3871.779	3687.193	1.182	1.183	1.174
115	3764.778	3514.272	4035.609	3756.893	1.204	1.206	1.207
116	3743.528	3512.772	3931.890	3752.033	1.203	1.204	1.200
117	3726.858	3461.523	3908.107	3745.876	1.201	1.202	1.195
118	3669.717	3496.537	3851.947	3690.111	1.183	1.184	1.176
119	3649.087	3550.991	3791.381	3644.642	1.168	1.170	1.170
120	3658.753	3519.921	3845.650	3664.328	1.174	1.176	1.173
121	3741.864	3544.938	3915.110	3741.801	1.199	1.201	1.199
122	3648.911	3436.685	3877.644	3641.136	1.167	1.169	1.170
123	3671.997	3440.250	3812.969	3687.608	1.182	1.183	1.177
124	3634.896	3564.350	3842.628	3593.136	1.152	1.153	1.165
125	3770.841	3630.150	3912.157	3771.888	1.209	1.210	1.209
126	3685.355	3610.299	3820.991	3670.651	1.176	1.178	1.181
127	3648.663	3391.958	3792.880	3689.087	1.182	1.184	1.169
128	3646.919	3510.346	3880.434	3616.546	1.159	1.161	1.169
129	3609.125	3372.915	3815.436	3605.429	1.156	1.157	1.157
130	3601.715	3264.002	3812.610	3634.427	1.165	1.166	1.154
131	3695.114	3526.718	3796.480	3705.646	1.188	1.189	1.184
132	3671.446	3536.324	3880.353	3659.424	1.173	1.174	1.177
133	3609.156	3485.424	3758.040	3635.241	1.165	1.167	1.157
134	3672.307	3600.425	3898.404	3646.352	1.169	1.170	1.177
135	3664.780	3563.098	3826.260	3645.160	1.168	1.170	1.175
136	3620.124	3516.338	3743.733	3622.374	1.161	1.163	1.160
137	3609.573	3454.866	3805.072	3570.673	1.144	1.146	1.157
138	3714.059	3579.682	3954.093	3695.623	1.184	1.186	1.190
139	3836.502	3659.743	3991.060	3833.915	1.229	1.230	1.230
140	3744.620	3474.973	3945.645	3759.147	1.205	1.206	1.200
141	3765.261	3597.357	3971.588	3760.822	1.205	1.207	1.207
142	3737.543	3534.781	3926.690	3715.532	1.191	1.192	1.198
143	3790.802	3555.860	4213.017	3766.545	1.207	1.209	1.215
144	3672.425	3456.066	4035.381	3661.280	1.173	1.175	1.177
145	3703.545	3473.032	3870.762	3750.500	1.202	1.204	1.187
146	3710.207	3502.750	4065.098	3713.739	1.190	1.192	1.189
147	3714.024	3473.281	3862.638	3756.699	1.204	1.206	1.190
148	3780.739	3498.440	4178.726	3732.687	1.196	1.198	1.212
149	3711.319	3515.341	3993.702	3755.318	1.204	1.205	1.190
150	3750.601	3522.940	3967.078	3736.975	1.198	1.199	1.202
151	3637.669	3492.630	3736.437	3656.111	1.172	1.173	1.166
152	3821.729	3660.994	4091.870	3778.856	1.211	1.213	1.225
153	3622.565	3479.764	3867.117	3612.998	1.158	1.159	1.161
154	3651.430	3460.750	3807.115	3649.112	1.170	1.171	1.170
155	3586.045	3412.766	3799.679	3567.402	1.143	1.145	1.149
156	3555.930	3374.386	3705.511	3565.494	1.143	1.144	1.140
157	3663.545	3482.001	3867.452	3642.027	1.167	1.169	1.174
158	3611.120	3445.554	3966.100	3571.024	1.145	1.146	1.157
159	3580.805	3374.173	3805.538	3579.815	1.147	1.149	1.148
160	3672.764	3527.757	3867.297	3650.607	1.170	1.172	1.177
161	3699.244	3592.671	3881.692	3643.987	1.168	1.169	1.186
162	3645.210	3552.306	3764.384	3673.516	1.177	1.179	1.168
163	3643.593	3529.578	3771.616	3656.526	1.172	1.173	1.168
164	3627.163	3530.968	3871.456	3615.458	1.159	1.160	1.163
165	3720.529	3565.102	3832.309	3750.792	1.202	1.204	1.192
166	3602.932	3501.955	3678.270	3607.371	1.156	1.158	1.155
167	3620.732	3457.765	3839.957	3607.870	1.156	1.158	1.160
168	3596.221	3450.450	3708.131	3625.899	1.162	1.164	1.153
169	3650.019	3502.328	3769.557	3665.335	1.175	1.176	1.170
170	3633.104	3530.957	3825.542	3618.986	1.160	1.161	1.164
171	3564.861	3324.426	3703.316	3583.242	1.148	1.150	1.143
172	3587.239	3342.486	3775.577	3611.961	1.158	1.159	1.150
173	3588.469	3432.741	3746.585	3556.765	1.140	1.141	1.150
174	3571.113	3419.533	3800.214	3553.426	1.139	1.140	1.145
175	3611.270	3409.632	3921.233	3544.081	1.136	1.137	1.157
176	3658.025	3493.349	3779.839	3682.257	1.180	1.182	1.172
177	3647.576	3517.403	3827.133	3626.910	1.162	1.164	1.169
178	3643.687	3488.328	3790.821	3681.321	1.180	1.181	1.168
179	3528.456	3358.333	3613.638	3551.295	1.138	1.140	1.131
180	3588.200	3477.917	3778.652	3569.540	1.144	1.146	1.150
181	3626.659	3447.447	3806.255	3664.933	1.175	1.176	1.162
182	3635.483	3441.345	3820.740	3609.450	1.157	1.158	1.165
183	3599.104	3332.471	3811.280	3617.393	1.159	1.161	1.154
184	3596.752	3466.615	3775.524	3602.979	1.155	1.156	1.153
185	3635.191	3406.058	4099.788	3596.188	1.153	1.154	1.165
186	3711.156	3507.460	3834.976	3729.578	1.195	1.197	1.189
187	3693.211	3368.542	4038.001	3652.164	1.171	1.172	1.184
188	3660.514	3425.435	3963.766	3641.206	1.167	1.169	1.173
189	3549.748	3408.342	3709.051	3538.375	1.134	1.136	1.138
190	3620.333	3461.922	3732.685	3629.434	1.163	1.165	1.160
191	3555.015	3359.251	3806.865	3516.052	1.127	1.128	1.139
192	3625.470	3493.962	3855.556	3608.013	1.156	1.158	1.162
193	3668.935	3481.410	3866.193	3679.179	1.179	1.181	1.176
194	3587.901	3473.290	3873.548	3559.250	1.141	1.142	1.150
195	3657.897	3516.008	3974.981	3627.054	1.163	1.164	1.172
196	3618.078	3452.277	3816.078	3602.389	1.155	1.156	1.160
197	3695.460	3497.657	4123.139	3673.504	1.177	1.179	1.184
198	3646.193	3511.390	3880.781	3620.695	1.160	1.162	1.169
199	3614.855	3521.874	3718.656	3617.277	1.159	1.161	1.159
200	3641.976	3444.188	3806.835	3657.248	1.172	1.174	1.167
201	3650.162	3509.810	3874.349	3641.935	1.167	1.169	1.170
202	3691.307	3537.188	3840.295	3693.547	1.184	1.185	1.183
203	3605.551	3444.044	3739.917	3589.783	1.151	1.152	1.156
204	3639.284	3544.427	3729.312	3635.848	1.165	1.167	1.166
205	3656.483	3514.784	3849.008	3647.252	1.169	1.170	1.172
206	3656.030	3441.797	4014.170	3628.922	1.163	1.165	1.172
207	3736.390	3566.560	4016.638	3699.940	1.186	1.187	1.198
208	3827.877	3595.492	4037.288	3843.249	1.232	1.233	1.227
209	3782.578	3687.451	3902.825	3756.518	1.204	1.206	1.212
210	3613.153	3460.166	3733.101	3607.990	1.156	1.158	1.158
211	3648.221	3510.935	3868.944	3575.681	1.146	1.148	1.169
212	3627.243	3427.849	3830.215	3633.785	1.165	1.166	1.163
213	3698.823	3514.432	3844.147	3696.124	1.185	1.186	1.186
214	3711.090	3420.292	3914.040	3727.526	1.195	1.196	1.189
215	3619.483	3488.872	3682.337	3641.977	1.167	1.169	1.160
216	3595.361	3445.749	3698.167	3589.212	1.150	1.152	1.152
217	3708.745	3611.241	3771.561	3723.813	1.194	1.195	1.189
218	3747.545	3665.886	3787.540	3767.853	1.208	1.209	1.201
219	3745.842	3497.491	3877.946	3759.080	1.205	1.206	1.201
220	3705.623	3536.204	3862.099	3698.781	1.186	1.187	1.188
221	3716.693	3482.269	3943.460	3737.432	1.198	1.199	1.191
222	3640.674	3528.706	3937.648	3610.934	1.157	1.159	1.167
223	3690.973	3553.753	3879.029	3643.471	1.168	1.169	1.183
224	3770.873	3667.476	3937.376	3755.464	1.204	1.205	1.209
225	3787.149	3641.819	4047.276	3758.330	1.205	1.206	1.214
226	3827.117	3678.162	4010.127	3805.804	1.220	1.221	1.227
227	3687.438	3496.451	3887.917	3697.958	1.185	1.187	1.182
228	3782.633	3655.340	3902.780	3803.306	1.219	1.221	1.212
229	3808.446	3674.274	3919.689	3811.777	1.222	1.223	1.221
230	3714.920	3464.896	4010.695	3719.983	1.192	1.194	1.191
231	3777.704	3537.494	4019.582	3772.522	1.209	1.211	1.211
232	3839.916	3566.256	4116.864	3859.391	1.237	1.239	1.231
233	3780.690	3668.097	3985.307	3778.630	1.211	1.213	1.212
234	3789.626	3604.644	4075.201	3775.688	1.210	1.212	1.215
235	3781.017	3692.712	3893.965	3779.203	1.211	1.213	1.212
236	3686.573	3530.520	3895.181	3678.213	1.179	1.180	1.182
237	3775.687	3507.766	3899.978	3800.503	1.218	1.220	1.210
238	3819.130	3564.882	4002.672	3855.610	1.236	1.237	1.224
239	3688.848	3527.597	3881.973	3689.597	1.183	1.184	1.182
240	3751.669	3542.302	4156.259	3701.687	1.186	1.188	1.202
241	3706.761	3521.542	3960.871	3709.328	1.189	1.190	1.188
242	3743.899	3571.329	3924.999	3731.835	1.196	1.198	1.200
243	3684.800	3481.400	3888.841	3687.183	1.182	1.183	1.181
244	3744.969	3630.004	3854.215	3740.464	1.199	1.200	1.200
245	3637.202	3450.512	3880.548	3608.734	1.157	1.158	1.166
246	3675.626	3590.801	3787.603	3663.422	1.174	1.176	1.178
247	3580.018	3416.682	3693.709	3587.662	1.150	1.151	1.147
248	3657.822	3490.120	3764.844	3665.741	1.175	1.176	1.172
249	3684.188	3468.501	3920.305	3678.601	1.179	1.181	1.181
250	3602.572	3364.152	3888.553	3559.842	1.141	1.142	1.155
251	3665.989	3509.894	3806.363	3676.995	1.179	1.180	1.175
252	3716.800	3574.431	3828.427	3735.295	1.197	1.199	1.191
253	3751.599	3507.887	4040.583	3687.773	1.182	1.183	1.202
254	3678.968	3532.208	3810.901	3681.062	1.180	1.181	1.179
255	3692.687	3572.628	3809.954	3688.581	1.182	1.184	1.184
256	3731.611	3505.243	3925.033	3736.826	1.198	1.199	1.196
257	3676.213	3497.900	3798.381	3644.245	1.168	1.170	1.178
258	3685.733	3530.443	3767.717	3714.782	1.191	1.192	1.181
259	3682.198	3434.866	3864.951	3721.865	1.193	1.194	1.180
260	3643.851	3400.234	3870.910	3638.459	1.166	1.168	1.168
261	3763.965	3576.613	3978.002	3724.586	1.194	1.195	1.206
262	3611.854	3328.007	3982.263	3617.752	1.160	1.161	1.158
263	3651.624	3445.120	3856.922	3683.112	1.180	1.182	1.170
264	3664.406	3479.458	3971.248	3661.713	1.174	1.175	1.174
265	3720.747	3609.421	3796.723	3741.705	1.199	1.201	1.193
266	3718.800	3521.728	3798.400	3772.484	1.209	1.211	1.192
267	3665.933	3470.541	3780.541	3678.929	1.179	1.181	1.175
268	3730.845	3600.887	3854.138	3735.614	1.197	1.199	1.196
269	3667.431	3443.694	3852.294	3664.534	1.175	1.176	1.175
270	3676.394	3523.538	3835.682	3668.249	1.176	1.177	1.178
271	3656.788	3497.967	3817.949	3642.020	1.167	1.169	1.172
272	3604.131	3484.791	3700.492	3615.047	1.159	1.160	1.155
273	3625.519	3499.170	3743.506	3623.009	1.161	1.163	1.162
274	3577.736	3445.054	3712.461	3582.503	1.148	1.150	1.147
275	3667.272	3420.427	3859.866	3742.536	1.200	1.201	1.175
276	3603.911	3364.854	3913.551	3624.502	1.162	1.163	1.155
277	3552.207	3367.651	3810.491	3494.867	1.120	1.122	1.139
278	3592.839	3366.435	3837.664	3576.057	1.146	1.148	1.152
279	3601.687	3484.572	3710.608	3590.987	1.151	1.152	1.154
280	3599.825	3355.858	3750.552	3650.075	1.170	1.171	1.154
281	3581.022	3401.154	3782.828	3580.359	1.148	1.149	1.148
282	3572.823	3389.772	3824.164	3552.215	1.139	1.140	1.145
283	3615.232	3424.161	3817.237	3618.571	1.160	1.161	1.159
284	3618.829	3380.167	3784.993	3672.754	1.177	1.179	1.160
285	3651.582	3440.517	3925.135	3643.760	1.168	1.169	1.170
286	3677.587	3506.144	3915.710	3663.454	1.174	1.176	1.179
287	3703.974	3515.541	3911.206	3666.352	1.175	1.177	1.187
288	3733.734	3621.157	3863.442	3731.865	1.196	1.198	1.197
289	3662.618	3550.894	3771.945	3645.139	1.168	1.170	1.174
290	3749.230	3617.803	3857.702	3762.419	1.206	1.207	1.202
291	3832.048	3674.306	3991.642	3842.619	1.232	1.233	1.228
292	3797.452	3565.233	4031.732	3785.377	1.213	1.215	1.217
293	3801.121	3610.060	4133.692	3782.267	1.212	1.214	1.218
294	3861.400	3720.708	4001.227	3847.859	1.233	1.235	1.238
295	3814.494	3689.355	3938.483	3832.328	1.228	1.230	1.223
296	3822.458	3675.928	3941.985	3827.056	1.227	1.228	1.225
297	3925.360	3724.210	4239.829	3856.283	1.236	1.238	1.258
298	3880.894	3696.701	4140.606	3860.646	1.237	1.239	1.244
299	3889.584	3583.323	4305.023	3875.897	1.242	1.244	1.247
300	3913.151	3474.804	4297.501	3887.290	1.246	1.248	1.254
301	3912.883	3755.298	4102.169	3896.073	1.249	1.250	1.254
302	3961.600	3735.600	4205.407	3927.070	1.259	1.260	1.270
303	3943.271	3729.357	4100.381	3961.610	1.270	1.271	1.264
304	4007.006	3736.590	4139.531	4062.325	1.302	1.304	1.284
305	3977.379	3772.163	4325.528	3924.460	1.258	1.259	1.275
306	3947.836	3755.695	4267.814	3905.596	1.252	1.253	1.265
307	3989.648	3715.500	4406.543	3968.016	1.272	1.273	1.279
308	3953.683	3670.637	4165.563	4018.394	1.288	1.290	1.267
309	4021.709	3629.993	4331.032	4010.756	1.285	1.287	1.289
310	4015.417	3819.810	4327.262	4028.289	1.291	1.293	1.287
311	4017.047	3785.392	4453.635	3995.010	1.280	1.282	1.288
312	4047.661	3827.300	4416.729	4030.653	1.292	1.294	1.297
313	4175.280	4001.188	4376.574	4170.207	1.337	1.338	1.338
314	4106.116	3836.800	4354.009	4148.619	1.330	1.331	1.316
315	4132.539	3956.584	4390.288	4130.494	1.324	1.326	1.325
316	4111.606	3937.967	4397.327	4089.020	1.311	1.312	1.318
317	4011.549	3874.413	4155.788	3990.833	1.279	1.281	1.286
318	4048.655	3865.547	4207.341	4021.670	1.289	1.291	1.298
319	4028.370	3627.179	4242.306	4072.734	1.305	1.307	1.291
320	4088.523	3951.774	4183.695	4093.516	1.312	1.314	1.310
321	4106.340	3931.619	4349.540	4058.452	1.301	1.302	1.316
322	4115.390	3860.972	4384.155	4095.943	1.313	1.314	1.319
323	4002.608	3763.146	4380.471	3965.367	1.271	1.273	1.283
324	4081.405	3794.175	4363.916	4076.921	1.307	1.308	1.308
325	4103.609	3681.574	4454.649	4153.567	1.331	1.333	1.315
326	4147.166	3700.802	4649.587	4294.501	1.376	1.378	1.329
327	4021.323	3667.039	4360.729	4051.448	1.299	1.300	1.289
328	4017.590	3677.821	4224.811	4074.544	1.306	1.308	1.288
329	4007.166	3691.068	4290.555	4045.312	1.297	1.298	1.284
330	4020.972	3674.205	4269.258	4072.058	1.305	1.307	1.289
331	4093.633	3746.060	4318.886	4123.208	1.322	1.323	1.312
332	4074.764	3930.032	4235.593	4076.674	1.307	1.308	1.306
333	4095.443	3911.547	4193.533	4114.812	1.319	1.321	1.313
334	4104.937	3755.947	4435.077	4085.976	1.310	1.311	1.316
335	4099.399	3781.806	4388.187	4136.984	1.326	1.328	1.314
336	4134.632	3687.579	4275.580	4178.738	1.339	1.341	1.325
337	4185.086	3944.608	4666.727	4172.162	1.337	1.339	1.341
338	4199.666	4004.316	4453.522	4229.779	1.356	1.357	1.346
339	4282.460	4108.772	4438.011	4264.156	1.367	1.368	1.373
340	4422.857	4027.743	4631.888	4451.146	1.427	1.428	1.418
341	4408.628	3940.202	4566.909	4483.290	1.437	1.439	1.413
342	4368.524	4153.642	4830.373	4315.769	1.383	1.385	1.400
343	4341.529	4113.172	4581.791	4296.324	1.377	1.379	1.392
344	4195.648	3943.759	4464.025	4198.669	1.346	1.347	1.345
345	4260.014	3848.233	4658.172	4220.238	1.353	1.354	1.365
346	4312.681	4072.226	4566.646	4305.014	1.380	1.382	1.382
347	4327.806	4070.279	4617.809	4286.399	1.374	1.376	1.387
348	4408.562	4028.201	4695.696	4450.487	1.426	1.428	1.413
349	4309.846	4199.698	4516.326	4248.841	1.362	1.364	1.381
350	4303.434	4092.734	4460.750	4285.063	1.373	1.375	1.379
351	4207.464	3880.775	4397.936	4228.298	1.355	1.357	1.349
352	4249.203	4082.608	4533.241	4234.625	1.357	1.359	1.362
353	4334.816	4059.600	4976.184	4239.860	1.359	1.361	1.389
354	4267.286	4043.263	4455.263	4278.552	1.371	1.373	1.368
355	4335.498	3732.724	4719.424	4337.029	1.390	1.392	1.390
356	4301.072	3902.659	4632.210	4298.667	1.378	1.380	1.379
357	4337.881	3644.251	4910.116	4309.514	1.381	1.383	1.390
358	4262.610	3762.069	4754.643	4226.493	1.355	1.356	1.366
359	4379.629	3804.347	4887.222	4358.257	1.397	1.399	1.404
360	4405.021	3912.422	4663.121	4493.170	1.440	1.442	1.412
361	4374.362	4030.679	4895.922	4388.368	1.407	1.408	1.402
362	4331.621	3993.375	4654.073	4354.215	1.396	1.397	1.388
363	4406.733	4222.076	4773.429	4305.789	1.380	1.382	1.412
364	4301.200	4132.816	4845.589	4215.884	1.351	1.353	1.379
365	4306.442	3852.073	4571.197	4317.696	1.384	1.386	1.380
366	4244.097	4035.953	4478.779	4262.264	1.366	1.368	1.360
367	4361.242	4171.666	4590.439	4329.456	1.388	1.389	1.398
368	4298.281	4094.963	4608.338	4239.448	1.359	1.361	1.378
369	4204.031	3934.818	4543.432	4256.563	1.364	1.366	1.347
370	4146.474	3905.883	4445.174	4129.187	1.323	1.325	1.329
371	4109.985	3761.127	4364.871	4081.329	1.308	1.310	1.317
372	4192.696	3751.528	4455.660	4196.386	1.345	1.347	1.344
373	4113.890	3684.462	4414.254	4119.611	1.320	1.322	1.319
374	4141.690	3937.646	4383.156	4157.403	1.333	1.334	1.327
375	4151.601	3806.848	4423.130	4103.291	1.315	1.317	1.331
376	4095.831	3707.174	4347.951	4155.936	1.332	1.334	1.313
377	4172.081	3755.847	4604.748	4169.491	1.336	1.338	1.337
378	4129.612	3754.457	4427.470	4124.507	1.322	1.324	1.324
379	4167.400	3903.565	4530.188	4169.755	1.336	1.338	1.336
380	4200.646	3867.054	4377.298	4245.223	1.361	1.362	1.346
381	4234.122	3604.804	4556.028	4329.876	1.388	1.390	1.357
382	4089.236	3670.825	4483.139	4114.041	1.319	1.320	1.311
383	4092.267	3786.399	4323.898	4119.686	1.320	1.322	1.312
384	4099.707	3639.958	4457.980	4074.637	1.306	1.308	1.314
385	4131.770	3450.150	4422.410	4245.060	1.361	1.362	1.324
386	4141.090	3534.710	4609.584	4174.864	1.338	1.340	1.327
387	4105.723	3925.338	4265.785	4140.027	1.327	1.329	1.316
388	4079.046	3618.961	4408.289	4156.492	1.332	1.334	1.307
389	4069.040	3596.924	4369.012	4133.646	1.325	1.327	1.304
390	4027.463	3692.238	4317.807	4031.879	1.292	1.294	1.291
391	4108.756	3576.926	4494.674	4213.484	1.350	1.352	1.317
392	4111.509	3578.321	4498.750	4159.338	1.333	1.335	1.318
393	4052.936	3681.917	4321.795	4097.251	1.313	1.315	1.299
394	4077.222	3601.817	4474.538	4092.158	1.312	1.313	1.307
395	4139.989	3723.667	4427.725	4166.716	1.335	1.337	1.327
396	4199.586	3672.784	4655.183	4227.896	1.355	1.357	1.346
397	4197.846	3564.961	4658.025	4190.591	1.343	1.345	1.345
398	4216.438	3789.519	4619.817	4252.566	1.363	1.365	1.351
399	4191.074	3689.306	4521.292	4233.684	1.357	1.359	1.343
400	4119.166	3765.951	4397.670	4160.386	1.333	1.335	1.320
401	4229.765	3853.766	4597.104	4297.447	1.377	1.379	1.356
402	4302.687	3740.805	4831.768	4364.842	1.399	1.401	1.379
403	4251.374	3932.145	4671.839	4187.452	1.342	1.344	1.363
404	4241.893	3737.017	4501.233	4275.021	1.370	1.372	1.360
405	4229.874	3562.238	4769.249	4232.170	1.356	1.358	1.356
406	4188.620	3510.111	4598.054	4198.432	1.346	1.347	1.343
407	4305.086	3871.693	4714.369	4243.770	1.360	1.362	1.380
408	4371.694	4168.515	4767.297	4300.535	1.378	1.380	1.401
409	4241.884	3991.482	4489.216	4252.162	1.363	1.365	1.360
410	4336.693	4061.755	4852.675	4293.145	1.376	1.378	1.390
411	4279.817	3861.883	4585.993	4315.864	1.383	1.385	1.372
412	4392.504	4026.167	4986.334	4309.060	1.381	1.383	1.408
413	4300.246	3898.652	4727.769	4316.656	1.384	1.385	1.378
414	4278.667	3945.958	4480.520	4345.156	1.393	1.394	1.371
415	4342.949	3938.643	4770.023	4355.747	1.396	1.398	1.392
416	4253.853	3937.153	4478.653	4269.976	1.369	1.370	1.363
417	4348.677	3933.009	4851.498	4368.047	1.400	1.402	1.394
418	4389.242	4031.039	4673.766	4452.663	1.427	1.429	1.407
419	4287.418	4046.678	4444.281	4311.681	1.382	1.384	1.374
420	4154.390	3946.577	4331.744	4171.639	1.337	1.339	1.332
421	4278.233	3873.782	4659.844	4297.083	1.377	1.379	1.371
422	4306.056	3931.974	4715.447	4291.535	1.375	1.377	1.380
423	4394.636	4025.268	4875.515	4388.059	1.406	1.408	1.409
424	4343.628	4094.314	4955.242	4289.780	1.375	1.377	1.392
425	4399.089	4060.959	4799.438	4350.627	1.394	1.396	1.410
426	4453.288	4142.736	4743.766	4442.473	1.424	1.426	1.427
427	4340.803	4089.119	4598.034	4316.566	1.384	1.385	1.391
428	4357.034	4149.318	4429.009	4384.476	1.405	1.407	1.396
429	4367.856	4080.641	4633.296	4350.290	1.394	1.396	1.400
430	4273.291	3943.967	4639.887	4207.431	1.349	1.350	1.370
431	4226.189	3906.389	4508.221	4283.000	1.373	1.375	1.355
432	4157.539	3858.536	4398.854	4149.975	1.330	1.332	1.333
433	4228.093	4006.620	4460.762	4184.751	1.341	1.343	1.355
434	4247.419	4024.251	4611.186	4220.568	1.353	1.354	1.361
435	4202.751	4069.251	4437.041	4145.256	1.329	1.330	1.347
436	4219.721	4000.996	4462.823	4232.968	1.357	1.358	1.352
437	4149.296	3998.932	4354.303	4154.253	1.331	1.333	1.330
438	4192.602	3868.948	4415.771	4201.802	1.347	1.348	1.344
439	4304.753	4005.351	4565.414	4314.073	1.383	1.384	1.380
440	4185.511	4076.386	4286.728	4204.703	1.348	1.349	1.342
441	4266.185	4048.125	4652.030	4231.392	1.356	1.358	1.367
442	4285.375	4056.131	4558.525	4305.812	1.380	1.382	1.374
443	4305.645	4050.829	4678.742	4236.502	1.358	1.360	1.380
444	4327.242	4076.713	4654.398	4292.492	1.376	1.378	1.387
445	4210.631	3938.925	4616.426	4200.279	1.346	1.348	1.350
446	4385.395	4118.995	4706.082	4413.736	1.415	1.416	1.406
447	4470.339	4177.448	4836.980	4470.612	1.433	1.435	1.433
448	4447.682	3941.940	4747.793	4483.557	1.437	1.439	1.426
449	4390.239	3989.349	4768.087	4344.670	1.393	1.394	1.407
450	4537.201	4110.132	4887.577	4525.844	1.451	1.452	1.454
451	4477.780	4006.619	5043.860	4432.862	1.421	1.423	1.435
452	4521.606	4113.615	4968.210	4595.145	1.473	1.475	1.449
453	4484.794	3875.209	4765.299	4590.017	1.471	1.473	1.437
454	4570.843	4195.236	4920.214	4584.976	1.470	1.471	1.465
455	4560.914	4445.697	4783.015	4531.177	1.452	1.454	1.462
456	4507.041	4316.316	4797.100	4465.256	1.431	1.433	1.445
457	4478.665	4164.343	4613.436	4538.001	1.454	1.456	1.435
458	4441.874	4108.829	4692.167	4458.062	1.429	1.431	1.424
459	4278.353	4075.664	4503.341	4291.457	1.375	1.377	1.371
460	4464.984	4015.494	4995.989	4426.265	1.419	1.420	1.431
461	4375.758	4217.793	4599.385	4346.465	1.393	1.395	1.402
462	4309.935	4087.531	4709.128	4254.291	1.364	1.365	1.381
463	4407.258	4050.458	4635.559	4429.130	1.420	1.421	1.413
464	4345.195	4028.942	4551.590	4405.038	1.412	1.414	1.393
465	4269.470	3931.722	4600.060	4263.906	1.367	1.368	1.368
466	4361.402	3984.446	4634.088	4418.611	1.416	1.418	1.398
467	4327.235	3890.553	4529.530	4367.471	1.400	1.402	1.387
468	4391.960	4028.583	4681.723	4436.320	1.422	1.424	1.408
469	4479.073	3994.459	4868.014	4560.361	1.462	1.464	1.436
470	4496.050	3966.819	4995.761	4482.392	1.437	1.439	1.441
471	4525.000	4183.040	4777.418	4532.534	1.453	1.455	1.450
472	4451.661	4033.922	4866.600	4465.008	1.431	1.433	1.427
473	4414.531	3702.068	4898.719	4434.956	1.421	1.423	1.415
474	4435.493	3675.850	5075.894	4471.377	1.433	1.435	1.422
475	4418.558	3722.686	5029.028	4561.794	1.462	1.464	1.416
476	4337.324	3901.572	4825.565	4377.594	1.403	1.405	1.390
477	4327.581	3775.781	4708.911	4462.754	1.430	1.432	1.387
478	4468.339	3792.677	4978.124	4561.205	1.462	1.464	1.432
479	4470.508	3746.644	5063.406	4581.810	1.469	1.470	1.433
480	4253.460	3695.351	4771.894	4260.210	1.365	1.367	1.363
481	4338.251	3819.020	4757.181	4479.609	1.436	1.438	1.390
482	4429.692	3873.512	5032.811	4413.133	1.414	1.416	1.420
483	4444.975	3590.841	5376.374	4538.909	1.455	1.457	1.425
484	4495.419	3711.296	5628.013	4403.457	1.411	1.413	1.441
485	4369.085	3705.861	5258.398	4349.068	1.394	1.396	1.400
486	4441.516	3714.546	5313.301	4473.173	1.434	1.436	1.424
487	4413.980	3767.530	5223.481	4433.406	1.421	1.423	1.415
488	4350.286	3629.392	5048.473	4332.174	1.389	1.390	1.394
489	4262.010	3546.546	5068.931	4315.134	1.383	1.385	1.366
490	4170.428	3464.467	5192.322	4087.460	1.310	1.312	1.337
491	4275.645	3475.010	5028.022	4285.008	1.373	1.375	1.370
492	4231.001	3508.646	4958.017	4270.013	1.369	1.370	1.356
493	4310.625	3400.966	5321.509	4301.550	1.379	1.380	1.382
494	4270.687	3541.994	5077.147	4263.632	1.367	1.368	1.369
495	4319.617	3687.651	4972.272	4274.534	1.370	1.372	1.384
496	4366.470	3604.907	5240.570	4195.764	1.345	1.347	1.400
497	4379.812	3607.100	5077.541	4415.535	1.415	1.417	1.404
498	4354.334	3643.092	5210.773	4304.824	1.380	1.382	1.396
499	4398.510	3866.158	5163.127	4296.215	1.377	1.379	1.410
500	4299.615	3634.678	5517.273	4068.317	1.304	1.306	1.378
501	4204.235	3603.844	5143.963	4184.316	1.341	1.343	1.348
502	4232.925	3512.945	5119.424	4103.131	1.315	1.317	1.357
503	4331.292	3792.897	4923.088	4284.444	1.373	1.375	1.388
504	4477.607	3779.920	5054.438	4517.632	1.448	1.450	1.435
505	4510.192	3866.231	5164.442	4584.903	1.470	1.471	1.446
506	4556.216	3841.084	5172.526	4566.913	1.464	1.466	1.460
507	4631.882	3847.259	5236.147	4656.831	1.493	1.494	1.485
508	4617.263	3871.306	5073.206	4653.412	1.491	1.493	1.480
509	4599.776	4040.992	5012.307	4695.492	1.505	1.507	1.474
510	4665.697	3721.826	5301.281	4641.329	1.488	1.490	1.495
511	4624.862	3693.000	5535.707	4503.010	1.443	1.445	1.482
512	4679.716	3946.479	5284.070	4629.065	1.484	1.486	1.500
513	4822.824	4019.781	5370.873	5038.540	1.615	1.617	1.546
514	4852.651	4066.996	5330.924	4913.150	1.575	1.577	1.555
515	4684.970	3878.699	5231.019	4827.862	1.547	1.549	1.502
516	4905.507	3870.280	5573.208	5133.958	1.645	1.648	1.572
517	4687.913	3801.688	5445.016	4905.614	1.572	1.574	1.503
518	4634.073	3646.821	5463.022	4736.304	1.518	1.520	1.485
519	4654.662	3681.097	5414.961	4810.024	1.542	1.544	1.492
520	4657.573	3648.254	5479.054	4858.452	1.557	1.559	1.493
521	4698.418	3556.702	5447.900	4938.715	1.583	1.585	1.506
522	4648.119	3647.242	5493.028	4698.606	1.506	1.508	1.490
523	4434.703	3399.970	5339.426	4587.912	1.470	1.472	1.421
524	4363.679	3502.025	4970.039	4500.333	1.442	1.444	1.399
525	4337.888	3662.517	4926.221	4373.113	1.402	1.403	1.390
526	4364.721	3520.138	5133.676	4383.561	1.405	1.407	1.399
527	4369.206	3439.248	5056.167	4488.988	1.439	1.441	1.400
528	4276.674	3339.252	4940.265	4333.427	1.389	1.391	1.371
529	4421.775	3531.616	5251.985	4494.210	1.440	1.442	1.417
530	4445.687	3577.339	5181.591	4483.367	1.437	1.439	1.425
531	4320.896	3491.845	5026.107	4306.413	1.380	1.382	1.385
532	4321.711	3475.775	5259.345	4277.942	1.371	1.373	1.385
533	4200.638	3378.911	5104.468	4140.474	1.327	1.329	1.346
534	4257.216	3482.336	5115.849	4099.995	1.314	1.316	1.364
535	4254.782	3553.298	5082.273	4206.894	1.348	1.350	1.364
536	4253.548	3491.646	5102.972	4232.466	1.357	1.358	1.363
537	4243.675	3411.785	4973.768	4200.035	1.346	1.348	1.360
538	4306.937	3539.399	5238.400	4260.180	1.365	1.367	1.380
539	4291.157	3383.224	4945.375	4326.680	1.387	1.389	1.375
540	4313.389	3566.292	5176.095	4242.237	1.360	1.361	1.382
541	4280.715	3472.017	5092.672	4281.538	1.372	1.374	1.372
542	4330.405	3509.391	5137.243	4326.175	1.387	1.388	1.388
543	4300.293	3531.978	4979.819	4351.845	1.395	1.397	1.378
544	4331.957	3375.076	4922.897	4528.469	1.451	1.453	1.388
545	4439.582	3538.056	5072.952	4573.538	1.466	1.468	1.423
546	4393.300	3539.488	5097.216	4462.958	1.430	1.432	1.408
547	4409.044	3583.731	4924.630	4500.456	1.442	1.444	1.413
548	4398.736	3439.174	5161.461	4519.833	1.449	1.451	1.410
549	4360.100	3537.884	5066.076	4382.596	1.405	1.406	1.397
550	4382.608	3540.794	4940.770	4477.612	1.435	1.437	1.405
551	4449.133	3642.739	4885.596	4603.094	1.475	1.477	1.426
552	4376.332	3788.387	4867.468	4372.338	1.401	1.403	1.403
553	4383.694	3883.815	4917.516	4308.116	1.381	1.383	1.405
554	4410.723	3784.089	4902.102	4509.335	1.445	1.447	1.414
555	4528.623	3984.323	5222.630	4609.288	1.477	1.479	1.451
556	4503.780	3786.049	5098.591	4611.396	1.478	1.480	1.444
557	4441.217	3843.282	4744.017	4567.635	1.464	1.466	1.423
558	4540.161	3954.273	5008.977	4558.082	1.461	1.463	1.455
559	4583.060	3959.894	4942.264	4616.385	1.480	1.482	1.469
560	4640.927	4221.125	4875.544	4677.541	1.499	1.501	1.487
561	4731.220	4366.105	5118.966	4706.963	1.509	1.511	1.516
562	4732.781	4110.697	5060.352	4789.272	1.535	1.537	1.517
563	4689.397	4441.803	4891.810	4720.074	1.513	1.515	1.503
564	4695.715	4244.841	5009.550	4724.554	1.514	1.516	1.505
565	4732.687	4164.901	5003.288	4794.703	1.537	1.539	1.517
566	4757.883	4429.056	5000.611	4761.120	1.526	1.528	1.525
567	4807.732	4560.748	5002.909	4772.866	1.530	1.532	1.541
568	4821.746	4550.577	5220.266	4815.878	1.544	1.546	1.545
569	4763.867	4393.073	5087.224	4841.930	1.552	1.554	1.527
570	4806.410	4489.977	5064.813	4933.879	1.581	1.583	1.541
571	4781.577	4321.672	5217.922	4799.691	1.538	1.540	1.533
572	4732.519	4476.406	5116.617	4806.144	1.540	1.542	1.517
573	4725.530	4300.667	5100.999	4684.675	1.501	1.503	1.515
574	4586.692	4309.407	4959.488	4535.049	1.454	1.455	1.470
575	4617.708	4325.438	4870.948	4640.651	1.487	1.489	1.480
576	4691.863	4382.096	5212.126	4615.975	1.479	1.481	1.504
577	4657.065	4447.464	4954.552	4643.363	1.488	1.490	1.493
578	4719.857	4479.528	5016.111	4693.590	1.504	1.506	1.513
579	4786.459	4378.825	5036.907	4828.003	1.547	1.549	1.534
580	4623.466	4194.673	4953.281	4630.390	1.484	1.486	1.482
581	4605.818	4291.220	4845.811	4620.059	1.481	1.483	1.476
582	4742.842	4331.298	4996.745	4809.710	1.542	1.544	1.520
583	4627.866	4031.080	4992.801	4666.615	1.496	1.498	1.483
584	4622.403	4157.571	4983.501	4687.865	1.503	1.504	1.482
585	4640.117	4220.218	5013.700	4754.179	1.524	1.526	1.487
586	4594.229	4362.943	4864.567	4616.188	1.480	1.481	1.473
587	4585.585	4260.238	4921.418	4537.391	1.454	1.456	1.470
588	4631.647	4306.441	5090.769	4646.554	1.489	1.491	1.485
589	4645.263	4180.432	4870.856	4673.862	1.498	1.500	1.489
590	4560.819	4329.048	4823.448	4537.476	1.454	1.456	1.462
591	4523.809	4093.948	4917.409	4511.797	1.446	1.448	1.450
592	4443.013	4030.377	4672.086	4501.786	1.443	1.445	1.424
593	4492.488	4117.637	5271.637	4408.250	1.413	1.415	1.440
594	4448.131	4274.061	4664.828	4437.400	1.422	1.424	1.426
595	4514.325	4271.104	4921.296	4425.121	1.418	1.420	1.447
596	4650.007	4297.961	5245.602	4508.398	1.445	1.447	1.490
597	4772.022	4166.346	5485.033	4800.398	1.539	1.541	1.529
598	4673.061	4196.176	5052.186	4666.712	1.496	1.498	1.498
599	4587.434	4387.764	4827.043	4561.135	1.462	1.464	1.470
600	4632.196	4384.045	4897.518	4559.478	1.461	1.463	1.485
601	4625.067	4267.250	5102.633	4573.949	1.466	1.468	1.482
602	4579.176	4138.146	4863.100	4594.090	1.472	1.474	1.468
603	4619.825	4398.029	4921.353	4585.067	1.470	1.471	1.481
604	4636.248	4457.324	4828.741	4596.718	1.473	1.475	1.486
605	4573.821	4324.552	5048.074	4589.877	1.471	1.473	1.466
606	4608.202	4204.250	5175.858	4576.451	1.467	1.469	1.477
607	4600.557	4266.376	5070.518	4591.607	1.472	1.474	1.475
608	4659.385	4356.047	5072.581	4592.788	1.472	1.474	1.493
609	4562.625	4091.633	4917.070	4590.229	1.471	1.473	1.462
610	4625.337	4132.076	5199.432	4631.304	1.484	1.486	1.482
611	4580.951	4235.055	5287.711	4529.042	1.452	1.453	1.468
612	4698.250	4292.313	5325.728	4675.061	1.498	1.500	1.506
613	4846.376	4219.316	5430.113	4935.117	1.582	1.584	1.553
614	4728.012	4333.141	5180.394	4767.746	1.528	1.530	1.515
615	4629.397	4288.830	5166.286	4489.380	1.439	1.441	1.484
616	4741.225	4401.220	5175.093	4679.135	1.500	1.502	1.520
617	4859.369	4335.656	5516.510	4802.233	1.539	1.541	1.557
618	4744.947	4304.381	5099.196	4802.075	1.539	1.541	1.521
619	4709.894	4071.448	5080.196	4744.388	1.521	1.523	1.510
620	4673.485	4242.906	5142.347	4712.411	1.510	1.512	1.498
621	4633.123	4277.577	5023.411	4615.009	1.479	1.481	1.485
622	4850.095	4595.702	5177.090	4825.904	1.547	1.549	1.555
623	4820.065	4642.259	5189.245	4786.363	1.534	1.536	1.545
624	4905.195	4399.414	5405.172	4931.255	1.581	1.583	1.572
625	4808.683	4463.720	5066.397	4809.079	1.541	1.543	1.541
626	4929.893	4573.826	5239.422	4914.854	1.575	1.577	1.580
627	4940.321	4402.485	5360.257	5040.198	1.615	1.618	1.583
628	5008.165	4248.907	5684.633	5014.032	1.607	1.609	1.605
629	4830.261	4498.741	5106.363	4844.522	1.553	1.555	1.548
630	4861.426	4464.641	5250.575	4880.452	1.564	1.566	1.558
631	4880.527	4478.542	5365.776	4915.375	1.575	1.577	1.564
632	4937.660	4527.111	5505.327	4913.536	1.575	1.577	1.583
633	4840.868	4446.859	5276.340	4745.689	1.521	1.523	1.552
634	4825.776	4426.870	5281.686	4747.751	1.522	1.524	1.547
635	4886.148	4447.173	5357.467	4867.016	1.560	1.562	1.566
636	4901.968	4587.978	5379.713	4853.527	1.556	1.558	1.571
637	4830.550	4499.868	5457.597	4715.957	1.512	1.513	1.548
638	4951.812	4612.519	5294.943	4983.571	1.597	1.599	1.587
639	4870.935	4482.438	5210.776	4869.044	1.561	1.563	1.561
640	4781.223	4443.457	4945.941	4843.185	1.552	1.554	1.532
641	4859.710	4368.202	5439.402	4847.844	1.554	1.556	1.558
642	5014.667	4635.569	5218.608	5060.200	1.622	1.624	1.607
643	4961.716	4627.906	5420.812	4977.906	1.595	1.598	1.590
644	5019.093	4645.151	5528.514	4952.417	1.587	1.589	1.609
645	5201.168	4597.144	5542.437	5228.334	1.676	1.678	1.667
646	5100.770	4395.013	5600.038	5189.347	1.663	1.665	1.635
647	5024.305	4172.820	5644.630	5047.673	1.618	1.620	1.610
648	4999.693	4261.735	5655.429	5089.388	1.631	1.633	1.602
649	4975.375	3963.636	6094.491	4935.122	1.582	1.584	1.595
650	4777.679	4134.681	5524.318	4796.211	1.537	1.539	1.531
651	4702.851	4233.513	5214.274	4745.836	1.521	1.523	1.507
652	4703.235	3964.622	5293.960	4811.902	1.542	1.544	1.507
653	4678.436	3730.928	5311.694	4776.731	1.531	1.533	1.499
654	4644.090	3951.053	5106.481	4692.896	1.504	1.506	1.488
655	4699.331	4219.045	5414.582	4701.523	1.507	1.509	1.506
656	4760.859	4361.630	5391.098	4684.145	1.501	1.503	1.526
657	4753.061	4246.350	5250.547	4775.795	1.531	1.533	1.523
658	4684.377	4261.106	5172.398	4688.526	1.503	1.505	1.501
659	4729.269	4144.469	5055.313	4760.378	1.526	1.528	1.516
660	4682.954	4146.161	5149.932	4655.126	1.492	1.494	1.501
661	4751.128	4304.218	5134.426	4725.059	1.514	1.516	1.523
662	4752.989	4270.683	5211.495	4689.812	1.503	1.505	1.523
663	4727.956	4159.224	5380.095	4764.657	1.527	1.529	1.515
664	4871.701	4315.468	5416.494	4805.438	1.540	1.542	1.561
665	4892.084	4179.260	5434.348	4935.808	1.582	1.584	1.568
666	4826.135	4532.500	5201.678	4769.537	1.529	1.531	1.547
667	4772.994	4410.598	5152.085	4767.188	1.528	1.530	1.530
668	4906.095	4573.835	5198.780	4908.852	1.573	1.575	1.572
669	4868.366	4532.262	5283.493	4860.564	1.558	1.560	1.560
670	4920.441	4415.159	5437.421	4832.765	1.549	1.551	1.577
671	4930.275	4433.056	5416.591	5039.877	1.615	1.617	1.580
672	4820.416	4517.773	5119.233	4799.456	1.538	1.540	1.545
673	4976.835	4329.764	5239.986	5082.066	1.629	1.631	1.595
674	4944.740	4370.054	5358.605	5072.137	1.626	1.628	1.585
675	4784.823	4425.090	5424.682	4715.943	1.512	1.513	1.534
676	4699.081	4449.065	5111.718	4643.376	1.488	1.490	1.506
677	4685.541	4497.516	4941.011	4673.986	1.498	1.500	1.502
678	4888.671	4576.198	5188.971	4879.238	1.564	1.566	1.567
679	4755.608	4099.568	5202.710	4799.521	1.538	1.540	1.524
680	4560.345	3968.182	5129.828	4543.440	1.456	1.458	1.462
681	4757.932	4186.441	5315.586	4748.341	1.522	1.524	1.525
682	4716.474	4337.833	5089.833	4717.234	1.512	1.514	1.512
683	4690.348	4085.132	4958.170	4793.158	1.536	1.538	1.503
684	4668.188	4178.727	5228.811	4674.577	1.498	1.500	1.496
685	4670.548	4172.941	5007.980	4746.293	1.521	1.523	1.497
686	4489.349	3943.501	4841.888	4574.367	1.466	1.468	1.439
687	4339.605	3667.315	4700.557	4415.143	1.415	1.417	1.391
688	4346.728	3851.208	4824.295	4309.043	1.381	1.383	1.393
689	4507.052	4126.914	4924.765	4500.629	1.443	1.444	1.445
690	4402.920	4043.638	4815.248	4355.181	1.396	1.398	1.411
691	4402.883	3881.277	4759.715	4431.077	1.420	1.422	1.411
692	4414.513	4078.154	4884.043	4371.166	1.401	1.403	1.415
693	4476.882	4209.666	4585.614	4511.554	1.446	1.448	1.435
694	4466.165	4189.871	4825.064	4436.698	1.422	1.424	1.431
695	4512.808	4110.713	4920.740	4471.033	1.433	1.435	1.446
696	4453.846	4035.863	4905.242	4478.894	1.436	1.437	1.428
697	4485.563	4164.527	4694.874	4534.006	1.453	1.455	1.438
698	4602.632	4197.084	5250.792	4534.873	1.453	1.455	1.475
699	4524.799	4078.729	5224.890	4416.288	1.415	1.417	1.450
700	4575.641	4100.524	5171.792	4487.364	1.438	1.440	1.467
701	4616.529	4209.550	5120.633	4669.315	1.497	1.498	1.480
702	4579.239	4266.889	4975.113	4572.305	1.465	1.467	1.468
703	4617.892	4104.469	5013.350	4672.000	1.497	1.499	1.480
704	4492.642	4120.030	4929.959	4550.145	1.458	1.460	1.440
705	4550.607	4231.519	4834.735	4547.934	1.458	1.460	1.459
706	4532.374	4125.159	5156.153	4517.003	1.448	1.450	1.453
707	4698.382	4168.772	5213.691	4649.050	1.490	1.492	1.506
708	4630.464	4413.134	5039.390	4602.803	1.475	1.477	1.484
709	4736.615	4525.115	5004.375	4759.894	1.526	1.528	1.518
710	4909.783	4320.405	5314.703	4956.893	1.589	1.591	1.574
711	4790.375	4450.602	5164.972	4723.699	1.514	1.516	1.535
712	4743.780	4323.836	5175.789	4724.468	1.514	1.516	1.520
713	4739.465	4450.641	5062.741	4749.203	1.522	1.524	1.519
714	4798.942	4428.366	5023.562	4851.091	1.555	1.557	1.538
715	4955.939	4602.199	5260.747	4949.146	1.586	1.588	1.588
716	4801.172	4315.118	5296.445	4809.925	1.542	1.544	1.539
717	4783.835	4247.387	5330.947	4789.427	1.535	1.537	1.533
718	4796.726	4359.673	5376.030	4698.482	1.506	1.508	1.537
719	4892.064	4370.058	5258.364	4918.391	1.576	1.578	1.568
720	4811.922	4503.292	5149.862	4741.733	1.520	1.522	1.542
721	4841.565	4503.111	5128.074	4861.638	1.558	1.560	1.552
722	4812.340	4327.874	5160.498	4863.927	1.559	1.561	1.542
723	4731.670	4376.357	5077.166	4776.419	1.531	1.533	1.517
724	4828.377	4485.626	5561.334	4703.422	1.508	1.509	1.548
725	4733.035	4381.673	5010.930	4759.062	1.525	1.527	1.517
726	4739.816	4312.347	5154.896	4644.448	1.489	1.491	1.519
727	4645.212	4164.581	5068.524	4678.357	1.499	1.501	1.489
728	4712.969	4102.111	5087.533	4815.393	1.543	1.545	1.511
729	4726.262	4084.606	5180.253	4820.730	1.545	1.547	1.515
730	4829.920	3993.189	5499.147	4889.852	1.567	1.569	1.548
731	4636.942	4113.483	4957.060	4684.666	1.501	1.503	1.486
732	4859.480	4279.010	5583.896	4845.287	1.553	1.555	1.558
733	4812.471	4061.708	5410.659	4889.003	1.567	1.569	1.542
734	4763.858	3921.537	5166.161	4937.447	1.583	1.585	1.527
735	4817.312	4010.037	5291.828	4856.715	1.557	1.559	1.544
736	4937.786	4172.573	5538.898	4977.123	1.595	1.597	1.583
737	4730.118	4262.912	4961.402	4846.946	1.554	1.556	1.516
738	4746.014	4247.794	5109.118	4871.485	1.561	1.563	1.521
739	4891.671	4254.238	5300.777	4964.969	1.591	1.593	1.568
740	4823.769	4231.506	5216.309	4914.676	1.575	1.577	1.546
741	4728.192	4070.417	4984.363	4809.856	1.542	1.544	1.515
742	4736.656	4215.404	5149.787	4693.532	1.504	1.506	1.518
743	4709.695	4133.129	5104.395	4765.755	1.527	1.529	1.510
744	4719.447	4357.977	5052.806	4744.903	1.521	1.523	1.513
745	4809.156	4402.038	5401.570	4789.467	1.535	1.537	1.541
746	4664.034	4121.351	5081.108	4732.355	1.517	1.519	1.495
747	4542.682	4245.045	4778.550	4588.154	1.471	1.472	1.456
748	4584.079	4265.674	4846.734	4621.561	1.481	1.483	1.469
749	4529.658	4226.489	4875.303	4549.018	1.458	1.460	1.452
750	4436.952	4045.268	4878.988	4442.582	1.424	1.426	1.422
751	4446.790	4084.621	4762.516	4494.179	1.440	1.442	1.425
752	4448.683	4119.705	4906.111	4478.190	1.435	1.437	1.426
753	4358.484	4072.492	4823.565	4325.417	1.386	1.388	1.397
754	4584.166	4065.051	5016.320	4536.328	1.454	1.456	1.469
755	4488.210	4132.934	4788.931	4504.812	1.444	1.446	1.439
756	4542.908	3907.800	4906.123	4661.159	1.494	1.496	1.456
757	4421.563	3956.114	4899.184	4449.696	1.426	1.428	1.417
758	4320.559	3970.348	4693.720	4323.445	1.386	1.387	1.385
759	4348.775	4123.216	4535.414	4357.188	1.397	1.398	1.394
760	4363.591	3887.426	4670.617	4395.558	1.409	1.411	1.399
761	4262.937	3946.408	4523.823	4269.108	1.368	1.370	1.366
762	4310.853	3957.075	4490.899	4352.527	1.395	1.397	1.382
763	4180.011	3901.476	4424.639	4218.770	1.352	1.354	1.340
764	4214.823	3874.039	4393.957	4251.236	1.363	1.364	1.351
765	4173.321	3881.261	4489.290	4138.651	1.326	1.328	1.338
766	4165.106	3952.361	4349.201	4177.628	1.339	1.341	1.335
767	4233.602	3848.469	4535.818	4248.634	1.362	1.363	1.357
768	4272.069	4014.291	4543.459	4263.703	1.367	1.368	1.369
769	4250.153	4053.057	4550.890	4189.273	1.343	1.344	1.362
770	4232.989	4032.369	4538.562	4195.900	1.345	1.347	1.357
771	4179.118	3710.083	4565.778	4195.062	1.345	1.346	1.339
772	4146.096	3870.558	4305.551	4158.108	1.333	1.334	1.329
773	4166.677	3793.670	4577.830	4195.405	1.345	1.346	1.335
774	4198.603	4063.450	4328.718	4193.473	1.344	1.346	1.346
775	4218.574	4009.998	4650.594	4193.732	1.344	1.346	1.352
776	4166.598	3828.148	4570.775	4086.725	1.310	1.312	1.335
777	4199.643	3913.226	4492.638	4188.730	1.343	1.344	1.346
778	4237.104	3932.855	4493.582	4271.976	1.369	1.371	1.358
779	4180.756	3861.758	4390.679	4176.683	1.339	1.340	1.340
780	4117.160	3972.756	4262.306	4104.431	1.316	1.317	1.320
781	3990.728	3626.002	4278.947	3979.059	1.275	1.277	1.279
782	4247.567	3997.237	4669.425	4227.396	1.355	1.357	1.361
783	4134.285	3670.048	4510.195	4164.016	1.335	1.336	1.325
784	4015.369	3843.740	4465.152	3959.275	1.269	1.271	1.287
785	4088.297	3740.618	4414.567	4063.851	1.303	1.304	1.310
786	4123.052	3723.429	4329.587	4187.752	1.342	1.344	1.321
787	4225.321	3799.563	4527.060	4249.312	1.362	1.364	1.354
788	4163.869	3879.447	4358.903	4187.113	1.342	1.344	1.335
789	4173.237	3620.104	4436.357	4223.750	1.354	1.356	1.338
790	4208.847	3918.625	4448.440	4236.080	1.358	1.359	1.349
791	4130.545	3790.866	4459.511	4215.752	1.351	1.353	1.324
792	4036.968	3834.597	4155.737	4062.875	1.302	1.304	1.294
793	4185.538	4000.866	4508.299	4154.981	1.332	1.333	1.342
794	4151.370	3824.187	4373.391	4161.117	1.334	1.335	1.331
795	4105.371	3759.163	4295.383	4146.017	1.329	1.331	1.316
796	3986.109	3637.022	4195.536	4024.138	1.290	1.291	1.278
797	4082.926	3668.552	4295.764	4181.223	1.340	1.342	1.309
798	4086.188	3569.776	4541.983	4077.170	1.307	1.308	1.310
799	4037.236	3640.275	4356.376	4068.474	1.304	1.306	1.294
800	3997.457	3664.468	4136.302	4013.999	1.287	1.288	1.281
801	3962.541	3721.805	4219.500	3926.430	1.258	1.260	1.270
802	3973.443	3698.117	4232.818	3972.034	1.273	1.275	1.274
803	4058.650	3816.283	4296.112	4075.033	1.306	1.308	1.301
804	4047.204	3769.554	4371.119	3970.628	1.273	1.274	1.297
805	4005.398	3834.165	4256.328	3975.899	1.274	1.276	1.284
806	4045.220	3818.921	4172.144	4079.188	1.307	1.309	1.297
807	4027.443	3762.676	4369.147	4015.764	1.287	1.289	1.291
808	3927.251	3624.929	4197.954	3914.114	1.255	1.256	1.259
809	3895.458	3734.161	4066.600	3862.321	1.238	1.240	1.249
810	3988.387	3759.000	4363.223	3943.414	1.264	1.266	1.278
811	3987.596	3677.741	4191.483	3989.151	1.279	1.280	1.278
812	4053.411	3912.259	4250.388	3997.433	1.281	1.283	1.299
813	4072.110	3720.986	4272.368	4122.854	1.321	1.323	1.305
814	4027.660	3660.003	4311.811	4025.097	1.290	1.292	1.291
815	3986.759	3718.096	4373.984	3926.078	1.258	1.260	1.278
816	3864.232	3564.750	4008.695	3866.754	1.239	1.241	1.239
817	3943.233	3807.245	4083.266	3926.213	1.258	1.260	1.264
818	3969.811	3706.846	4273.479	3980.164	1.276	1.277	1.272
819	3969.997	3750.083	4269.598	3895.563	1.249	1.250	1.272
820	3851.186	3610.882	4118.729	3857.580	1.236	1.238	1.234
821	3877.482	3632.038	4191.969	3850.920	1.234	1.236	1.243
822	3851.759	3720.890	4020.079	3844.749	1.232	1.234	1.235
823	3897.804	3543.259	4078.425	3955.335	1.268	1.269	1.249
824	3839.404	3590.157	3981.820	3894.857	1.248	1.250	1.231
825	3854.102	3712.372	4038.610	3862.362	1.238	1.240	1.235
826	3821.476	3654.217	4094.517	3792.192	1.215	1.217	1.225
827	3786.764	3692.615	3889.392	3787.437	1.214	1.215	1.214
828	3750.443	3582.222	3937.498	3710.377	1.189	1.191	1.202
829	3815.385	3496.768	3915.302	3843.330	1.232	1.233	1.223
830	3738.401	3611.441	3871.935	3749.569	1.202	1.203	1.198
831	3700.281	3442.729	3884.142	3697.174	1.185	1.187	1.186
832	3720.038	3549.476	3992.933	3691.388	1.183	1.185	1.192
833	3715.644	3573.204	3943.759	3700.989	1.186	1.188	1.191
834	3702.596	3628.155	3906.721	3681.634	1.180	1.182	1.187
835	3805.494	3727.673	3921.053	3801.152	1.218	1.220	1.220
836	3836.510	3591.012	3988.857	3850.852	1.234	1.236	1.230
837	3795.051	3624.342	3950.998	3815.266	1.223	1.224	1.216
838	3792.281	3726.014	3934.514	3762.024	1.206	1.207	1.215
839	3911.532	3655.500	4141.552	3925.706	1.258	1.260	1.254
840	3884.599	3775.537	3980.004	3901.596	1.251	1.252	1.245
841	3927.328	3721.419	4141.177	3909.865	1.253	1.255	1.259
842	3810.167	3646.799	4011.370	3803.397	1.219	1.221	1.221
843	3821.977	3545.544	3964.291	3838.610	1.230	1.232	1.225
844	3906.830	3614.338	4243.118	3918.634	1.256	1.258	1.252
845	3942.893	3730.816	4053.280	3957.242	1.268	1.270	1.264
846	3905.561	3658.906	4151.027	3903.474	1.251	1.253	1.252
847	3825.172	3607.935	4080.711	3820.271	1.224	1.226	1.226
848	3871.627	3657.079	4091.667	3903.556	1.251	1.253	1.241
849	3859.484	3691.417	4083.286	3861.557	1.238	1.239	1.237
850	3818.302	3562.320	4029.789	3871.642	1.241	1.243	1.224
851	3807.139	3630.381	3968.198	3822.180	1.225	1.227	1.220
852	3870.325	3679.906	4037.446	3897.536	1.249	1.251	1.240
853	3831.010	3733.556	4092.316	3800.744	1.218	1.220	1.228
854	3824.083	3613.171	3961.651	3823.822	1.226	1.227	1.226
855	3741.332	3563.161	3872.426	3754.476	1.203	1.205	1.199
856	3787.977	3609.848	4097.759	3764.721	1.207	1.208	1.214
857	3726.444	3522.193	3891.828	3757.899	1.204	1.206	1.194
858	3839.950	3778.814	3926.789	3831.144	1.228	1.230	1.231
859	3840.296	3715.295	4036.827	3800.077	1.218	1.220	1.231
860	3760.964	3509.254	4008.455	3782.975	1.212	1.214	1.205
861	3714.274	3568.884	3880.559	3706.795	1.188	1.190	1.190
862	3798.276	3662.942	4162.108	3748.960	1.202	1.203	1.217
863	3836.130	3562.041	4007.092	3854.071	1.235	1.237	1.230
864	3756.724	3638.607	3988.746	3754.593	1.203	1.205	1.204
865	3739.441	3516.258	4001.650	3746.286	1.201	1.202	1.199
866	3767.249	3581.383	4004.063	3760.889	1.205	1.207	1.207
867	3681.954	3484.993	3917.733	3649.759	1.170	1.171	1.180
868	3736.167	3420.588	4036.078	3715.604	1.191	1.192	1.197
869	3838.455	3593.689	4124.875	3804.364	1.219	1.221	1.230
870	3813.857	3561.269	4013.268	3766.496	1.207	1.209	1.222
871	3828.843	3696.821	4085.717	3793.736	1.216	1.218	1.227
872	3801.903	3599.458	4089.888	3769.093	1.208	1.210	1.219
873	3775.265	3697.102	4014.518	3722.177	1.193	1.195	1.210
874	3724.540	3542.809	3805.805	3748.873	1.202	1.203	1.194
875	3860.572	3753.066	3996.193	3871.263	1.241	1.242	1.237
876	3849.645	3504.873	4091.360	3866.202	1.239	1.241	1.234
877	3917.076	3648.300	4100.256	3940.711	1.263	1.265	1.255
878	3764.669	3607.686	3985.409	3729.490	1.195	1.197	1.207
879	3739.729	3644.229	3898.072	3704.091	1.187	1.189	1.199
880	3803.599	3587.831	3957.347	3808.006	1.221	1.222	1.219
881	3814.384	3652.904	3919.852	3835.841	1.229	1.231	1.223
882	3860.015	3690.453	4145.661	3818.520	1.224	1.225	1.237
883	3642.453	3362.916	3833.878	3662.619	1.174	1.175	1.167
884	3596.925	3310.099	3872.928	3563.906	1.142	1.144	1.153
885	3665.310	3356.208	3939.665	3691.390	1.183	1.185	1.175
886	3736.541	3503.548	4214.531	3682.640	1.180	1.182	1.198
887	3726.150	3567.323	3975.927	3670.564	1.176	1.178	1.194
888	3676.020	3541.306	3813.844	3677.938	1.179	1.180	1.178
889	3761.851	3658.341	3886.108	3773.475	1.209	1.211	1.206
890	3768.316	3608.076	3895.300	3767.368	1.207	1.209	1.208
891	3728.295	3482.030	3845.666	3724.476	1.194	1.195	1.195
892	3864.386	3702.316	4100.316	3809.610	1.221	1.223	1.239
893	3864.208	3743.542	4078.014	3854.109	1.235	1.237	1.239
894	3738.248	3578.932	3873.587	3761.368	1.206	1.207	1.198
895	3720.575	3601.115	3939.685	3695.339	1.184	1.186	1.192
896	3720.131	3581.900	3944.568	3692.028	1.183	1.185	1.192
897	3735.734	3580.198	3994.465	3748.230	1.201	1.203	1.197
898	3689.960	3518.984	3980.279	3701.254	1.186	1.188	1.183
899	3667.301	3415.548	3828.088	3678.300	1.179	1.180	1.175
900	3671.477	3417.726	3984.110	3674.068	1.178	1.179	1.177
901	3733.490	3513.742	3973.682	3756.907	1.204	1.206	1.197
902	3713.221	3416.583	3972.930	3737.760	1.198	1.200	1.190
903	3653.840	3574.035	3783.395	3657.752	1.172	1.174	1.171
904	3632.902	3302.128	3756.525	3649.218	1.170	1.171	1.164
905	3652.320	3505.407	3959.030	3618.515	1.160	1.161	1.171
906	3648.485	3478.949	3745.455	3652.959	1.171	1.172	1.169
907	3688.015	3378.499	3977.499	3691.773	1.183	1.185	1.182
908	3720.029	3546.667	3842.162	3714.749	1.191	1.192	1.192
909	3705.381	3580.664	3846.785	3697.408	1.185	1.187	1.188
910	3662.836	3546.513	3919.490	3639.132	1.166	1.168	1.174
911	3743.786	3616.260	3919.239	3716.346	1.191	1.193	1.200
912	3711.362	3474.586	3903.830	3699.324	1.186	1.187	1.190
913	3644.413	3391.309	3842.845	3644.439	1.168	1.170	1.168
914	3638.349	3549.085	3758.592	3624.225	1.162	1.163	1.166
915	3632.117	3520.440	3742.394	3621.248	1.161	1.162	1.164
916	3700.339	3571.589	3868.867	3673.912	1.178	1.179	1.186
917	3695.025	3547.692	3879.156	3683.485	1.181	1.182	1.184
918	3740.434	3566.158	3833.291	3755.858	1.204	1.205	1.199
919	3675.236	3535.663	3759.712	3687.833	1.182	1.184	1.178
920	3590.219	3511.858	3706.183	3571.064	1.145	1.146	1.151
921	3698.312	3553.573	3844.327	3667.980	1.176	1.177	1.185
922	3771.730	3614.732	4174.447	3716.684	1.191	1.193	1.209
923	3647.171	3417.079	3764.198	3667.925	1.176	1.177	1.169
924	3608.493	3443.996	3864.292	3580.085	1.147	1.149	1.157
925	3721.855	3516.189	3879.298	3708.822	1.189	1.190	1.193
926	3652.546	3502.123	3973.167	3614.446	1.158	1.160	1.171
927	3604.885	3464.163	3765.384	3591.927	1.151	1.153	1.155
928	3660.742	3475.016	3797.560	3648.989	1.170	1.171	1.173
929	3736.342	3521.851	3875.294	3764.586	1.207	1.208	1.198
930	3679.654	3528.082	3869.529	3651.085	1.170	1.172	1.179
931	3643.952	3515.616	3794.719	3618.426	1.160	1.161	1.168
932	3691.772	3407.490	3866.606	3687.588	1.182	1.183	1.183
933	3653.858	3587.422	3690.481	3661.932	1.174	1.175	1.171
934	3648.608	3488.774	3838.381	3632.756	1.164	1.166	1.169
935	3605.813	3487.733	3805.726	3597.034	1.153	1.154	1.156
936	3543.608	3398.350	3671.158	3562.141	1.142	1.143	1.136
937	3561.993	3454.518	3693.738	3560.344	1.141	1.143	1.142
938	3610.504	3329.661	3744.125	3639.750	1.167	1.168	1.157
939	3660.087	3459.096	3914.081	3664.606	1.175	1.176	1.173
940	3549.084	3376.639	3715.194	3560.758	1.141	1.143	1.138
941	3636.257	3466.403	3844.110	3622.688	1.161	1.163	1.165
942	3647.094	3442.399	3825.958	3675.591	1.178	1.180	1.169
943	3570.908	3413.991	3767.499	3566.592	1.143	1.145	1.145
944	3607.058	3527.895	3696.253	3599.862	1.154	1.155	1.156
945	3629.643	3523.747	3766.877	3623.184	1.161	1.163	1.163
946	3593.798	3414.349	3801.249	3564.653	1.143	1.144	1.152
947	3580.426	3222.996	3721.967	3612.705	1.158	1.159	1.148
948	3548.783	3399.145	3753.066	3582.911	1.148	1.150	1.137
949	3616.943	3495.543	3795.793	3607.881	1.156	1.158	1.159
950	3608.545	3351.458	3881.309	3588.149	1.150	1.152	1.157
951	3613.033	3507.241	3752.630	3618.340	1.160	1.161	1.158
952	3675.966	3480.610	3905.338	3647.185	1.169	1.170	1.178
953	3615.362	3516.481	3732.886	3601.750	1.154	1.156	1.159
954	3629.815	3454.100	3806.635	3630.669	1.164	1.165	1.163
955	3617.359	3478.889	3747.708	3617.562	1.159	1.161	1.159
956	3562.357	3376.179	3861.624	3512.375	1.126	1.127	1.142
957	3665.234	3478.893	3901.881	3669.278	1.176	1.178	1.175
958	3601.414	3479.928	3698.865	3613.661	1.158	1.160	1.154
959	3623.780	3510.737	3758.939	3602.778	1.155	1.156	1.161
960	3598.322	3483.241	3714.828	3586.608	1.150	1.151	1.153
961	3550.939	3360.899	3753.748	3552.272	1.139	1.140	1.138
962	3521.917	3406.599	3746.386	3510.756	1.125	1.127	1.129
963	3564.285	3419.605	3827.355	3533.271	1.132	1.134	1.142
964	3525.269	3377.330	3655.912	3512.174	1.126	1.127	1.130
965	3528.587	3300.148	3726.481	3541.445	1.135	1.137	1.131
966	3472.439	3232.082	3684.838	3481.893	1.116	1.117	1.113
967	3615.375	3452.252	3813.887	3600.522	1.154	1.155	1.159
968	3673.251	3530.262	3823.246	3688.500	1.182	1.184	1.177
969	3536.475	3386.244	3652.688	3534.202	1.133	1.134	1.133
970	3582.676	3392.096	3771.741	3592.214	1.151	1.153	1.148
971	3545.550	3448.624	3637.005	3548.825	1.137	1.139	1.136
972	3593.275	3396.474	3880.885	3560.571	1.141	1.143	1.152
973	3634.297	3585.497	3765.014	3596.386	1.153	1.154	1.165
974	3530.248	3429.417	3652.602	3519.888	1.128	1.130	1.131
975	3590.751	3487.624	3695.030	3592.846	1.152	1.153	1.151
976	3555.135	3351.669	3680.704	3588.382	1.150	1.152	1.139
977	3537.352	3457.191	3672.597	3525.207	1.130	1.131	1.134
978	3567.151	3459.079	3755.507	3540.749	1.135	1.136	1.143
979	3601.636	3410.077	3756.492	3627.340	1.163	1.164	1.154
980	3648.767	3436.931	3707.222	3668.630	1.176	1.177	1.169
981	3684.114	3523.017	3916.584	3656.106	1.172	1.173	1.181
982	3572.546	3475.458	3647.331	3577.414	1.147	1.148	1.145
983	3639.635	3476.635	3924.225	3613.146	1.158	1.160	1.167
984	3584.035	3387.393	3777.538	3586.995	1.150	1.151	1.149
985	3579.887	3422.300	3737.022	3604.487	1.155	1.157	1.147
986	3596.849	3444.171	3799.629	3555.661	1.140	1.141	1.153
987	3510.128	3452.115	3620.737	3487.611	1.118	1.119	1.125
988	3584.948	3269.771	3768.359	3609.641	1.157	1.158	1.149
989	3675.237	3464.960	3991.112	3670.597	1.176	1.178	1.178
990	3648.145	3542.134	3917.043	3605.505	1.156	1.157	1.169
991	3636.140	3467.589	3886.410	3602.351	1.155	1.156	1.165
992	3558.468	3480.269	3660.543	3540.844	1.135	1.136	1.141
993	3618.067	3488.374	3740.115	3604.385	1.155	1.157	1.160
994	3593.245	3461.387	3744.400	3568.127	1.144	1.145	1.152
995	3535.657	3425.318	3782.472	3528.797	1.131	1.132	1.133
996	3583.465	3464.431	3721.273	3562.247	1.142	1.143	1.149
997	3627.783	3494.799	3904.033	3612.948	1.158	1.159	1.163
998	3641.234	3540.459	3794.159	3618.659	1.160	1.161	1.167
999	3655.193	3445.539	3744.787	3666.559	1.175	1.177	1.172
1000	3630.201	3485.284	3764.384	3603.542	1.155	1.156	1.164
1001	3619.650	3492.599	3724.014	3621.050	1.161	1.162	1.160
1002	3604.983	3460.731	3812.808	3554.615	1.139	1.141	1.155
1003	3595.104	3399.393	3780.559	3594.726	1.152	1.154	1.152
1004	3600.140	3407.700	3795.011	3570.586	1.144	1.146	1.154
1005	3611.548	3404.148	3968.492	3551.005	1.138	1.140	1.158
1006	3583.539	3382.569	3737.508	3584.200	1.149	1.150	1.149
1007	3569.579	3386.584	3879.073	3564.605	1.143	1.144	1.144
1008	3551.896	3412.241	3757.483	3546.145	1.137	1.138	1.138
1009	3553.158	3456.187	3675.416	3549.706	1.138	1.139	1.139
1010	3586.199	3336.344	3794.953	3626.344	1.162	1.164	1.149
1011	3592.973	3367.222	3757.782	3590.422	1.151	1.152	1.152
1012	3570.142	3464.673	3642.994	3574.449	1.146	1.147	1.144
1013	3538.025	3447.732	3615.598	3531.854	1.132	1.133	1.134
1014	3562.863	3469.278	3651.541	3563.057	1.142	1.143	1.142
1015	3627.694	3447.719	3773.901	3637.381	1.166	1.167	1.163
1016	3535.540	3365.891	3786.342	3534.354	1.133	1.134	1.133
1017	3538.802	3299.789	3690.174	3572.956	1.145	1.147	1.134
1018	3607.333	3409.261	3744.043	3634.782	1.165	1.166	1.156
1019	3557.865	3478.423	3718.795	3553.052	1.139	1.140	1.140
1020	3543.587	3371.686	3705.519	3561.500	1.142	1.143	1.136
1021	3620.532	3466.383	3755.790	3627.947	1.163	1.164	1.160
1022	3657.937	3547.270	3854.183	3656.482	1.172	1.173	1.172
1023	3600.756	3456.517	3743.778	3608.838	1.157	1.158	1.154
1024	3626.222	3517.782	3755.396	3638.065	1.166	1.168	1.162
1025	3634.799	3433.955	3863.007	3627.119	1.163	1.164	1.165
1026	3629.615	3506.155	3746.514	3660.828	1.173	1.175	1.163
1027	3623.904	3542.127	3822.709	3585.242	1.149	1.151	1.162
1028	3722.354	3563.628	4112.068	3713.365	1.190	1.192	1.193
1029	3623.662	3553.349	3781.775	3605.743	1.156	1.157	1.161
1030	3653.349	3449.030	3861.733	3664.586	1.175	1.176	1.171
1031	3563.171	3452.217	3679.002	3546.047	1.137	1.138	1.142
1032	3571.434	3432.677	3685.768	3566.562	1.143	1.145	1.145
1033	3582.277	3473.459	3736.822	3589.740	1.151	1.152	1.148
1034	3591.853	3457.150	3747.590	3580.481	1.148	1.149	1.151
1035	3619.155	3524.310	3677.358	3622.403	1.161	1.163	1.160
1036	3635.553	3547.370	3763.466	3618.443	1.160	1.161	1.165
1037	3628.841	3488.344	3840.778	3613.190	1.158	1.160	1.163
1038	3652.883	3450.447	3797.708	3655.358	1.172	1.173	1.171
1039	3647.538	3513.615	3784.293	3642.005	1.167	1.169	1.169
1040	3674.032	3499.907	3816.716	3687.476	1.182	1.183	1.178
1041	3623.965	3477.617	3826.985	3619.594	1.160	1.162	1.162
1042	3554.220	3318.304	3740.765	3533.875	1.133	1.134	1.139
1043	3507.167	3368.463	3703.879	3504.815	1.123	1.125	1.124
1044	3604.122	3446.540	3719.844	3582.945	1.148	1.150	1.155
1045	3631.518	3467.528	3706.859	3649.766	1.170	1.171	1.164
1046	3663.874	3503.496	3907.149	3662.351	1.174	1.175	1.174
1047	3611.745	3475.078	3771.798	3612.541	1.158	1.159	1.158
1048	3601.509	3494.080	3743.671	3584.683	1.149	1.150	1.154
1049	3618.013	3411.398	3710.406	3637.214	1.166	1.167	1.160
1050	3583.598	3421.741	3708.851	3560.590	1.141	1.143	1.149
1051	3639.262	3518.753	3809.512	3597.925	1.153	1.155	1.166
1052	3665.706	3331.741	3900.762	3659.271	1.173	1.174	1.175
1053	3593.944	3481.429	3744.176	3600.107	1.154	1.155	1.152
1054	3616.061	3394.183	3830.943	3605.659	1.156	1.157	1.159
1055	3598.980	3368.334	3789.127	3602.564	1.155	1.156	1.154
1056	3597.197	3430.082	3821.921	3618.419	1.160	1.161	1.153
1057	3603.789	3467.737	3726.287	3605.759	1.156	1.157	1.155
1058	3701.602	3536.604	3994.095	3707.410	1.188	1.190	1.186
1059	3619.612	3454.225	3788.221	3619.801	1.160	1.162	1.160
1060	3577.015	3419.142	3714.548	3571.641	1.145	1.146	1.146
1061	3556.907	3439.805	3651.756	3545.677	1.136	1.138	1.140
1062	3594.127	3425.247	3772.433	3608.930	1.157	1.158	1.152
1063	3636.587	3528.878	3758.953	3627.104	1.163	1.164	1.166
1064	3640.249	3507.609	3872.057	3611.745	1.158	1.159	1.167
1065	3723.127	3564.096	3844.397	3723.308	1.193	1.195	1.193
1066	3705.031	3580.692	3828.868	3719.253	1.192	1.194	1.188
1067	3635.510	3494.627	3878.041	3595.593	1.152	1.154	1.165
1068	3591.576	3404.606	3848.039	3594.938	1.152	1.154	1.151
1069	3571.755	3423.356	3777.559	3551.714	1.138	1.140	1.145
1070	3662.179	3565.870	3791.277	3668.585	1.176	1.177	1.174
1071	3585.577	3438.064	3728.319	3594.986	1.152	1.154	1.149
1072	3638.470	3448.589	3729.581	3651.599	1.170	1.172	1.166
1073	3660.181	3437.499	3822.345	3666.115	1.175	1.177	1.173
1074	3627.349	3434.290	3837.624	3621.765	1.161	1.162	1.163
1075	3633.279	3342.720	3953.129	3632.785	1.164	1.166	1.165
1076	3633.714	3454.261	3829.773	3620.707	1.160	1.162	1.165
1077	3624.339	3470.445	3741.595	3646.000	1.169	1.170	1.162
1078	3647.817	3512.054	3804.198	3673.782	1.177	1.179	1.169
1079	3649.318	3381.579	3805.521	3680.699	1.180	1.181	1.170
1080	3638.407	3400.163	3945.150	3659.877	1.173	1.175	1.166
1081	3592.188	3458.029	3720.847	3584.161	1.149	1.150	1.151
1082	3585.077	3384.466	3799.875	3571.167	1.145	1.146	1.149
1083	3597.864	3511.838	3777.096	3591.032	1.151	1.152	1.153
1084	3550.738	3396.912	3837.317	3580.225	1.148	1.149	1.138
1085	3579.251	3388.992	3798.347	3579.040	1.147	1.149	1.147
1086	3635.813	3423.351	3784.967	3686.357	1.182	1.183	1.165
1087	3609.156	3483.375	3699.116	3629.726	1.163	1.165	1.157
1088	3555.723	3384.127	3728.895	3536.851	1.134	1.135	1.140
1089	3562.940	3421.469	3714.564	3561.907	1.142	1.143	1.142
1090	3656.736	3439.031	3820.743	3667.902	1.176	1.177	1.172
1091	3619.357	3532.543	3727.880	3593.070	1.152	1.153	1.160
1092	3579.767	3457.051	3677.787	3591.501	1.151	1.153	1.147
1093	3584.372	3429.898	3779.824	3555.649	1.140	1.141	1.149
1094	3521.406	3406.097	3677.846	3516.383	1.127	1.128	1.129
1095	3562.597	3410.482	3700.771	3576.449	1.146	1.148	1.142
1096	3547.431	3438.648	3721.687	3531.308	1.132	1.133	1.137
1097	3506.703	3405.384	3653.952	3516.964	1.127	1.129	1.124
1098	3593.941	3441.420	3788.834	3579.753	1.147	1.149	1.152
1099	3558.213	3416.939	3789.698	3529.819	1.131	1.133	1.140
1100	3571.683	3476.855	3663.074	3570.937	1.145	1.146	1.145
1101	3634.280	3458.380	3865.321	3610.230	1.157	1.159	1.165
1102	3590.485	3327.320	3922.867	3589.003	1.150	1.152	1.151
1103	3584.759	3487.474	3813.184	3554.172	1.139	1.141	1.149
1104	3586.042	3459.875	3719.184	3591.574	1.151	1.153	1.149
1105	3565.707	3455.251	3730.219	3556.051	1.140	1.141	1.143
1106	3647.715	3524.329	3797.168	3623.136	1.161	1.163	1.169
1107	3707.637	3480.494	3836.500	3710.091	1.189	1.191	1.188
1108	3708.820	3559.189	3805.172	3729.285	1.195	1.197	1.189
1109	3549.293	3428.057	3718.642	3561.090	1.141	1.143	1.138
1110	3563.810	3442.360	3675.818	3569.654	1.144	1.146	1.142
1111	3627.077	3536.436	3713.025	3624.507	1.162	1.163	1.163
1112	3672.834	3525.673	3819.094	3671.588	1.177	1.178	1.177
1113	3709.976	3575.997	3884.107	3691.075	1.183	1.185	1.189
1114	3681.910	3415.817	3906.964	3671.716	1.177	1.178	1.180
1115	3648.846	3483.075	3846.389	3648.865	1.170	1.171	1.170
1116	3626.102	3434.725	3765.425	3628.721	1.163	1.165	1.162
1117	3563.643	3481.310	3679.474	3557.389	1.140	1.142	1.142
1118	3609.583	3417.211	3712.024	3628.516	1.163	1.164	1.157
1119	3644.208	3451.833	3798.791	3667.266	1.175	1.177	1.168
1120	3668.544	3467.386	3797.731	3693.175	1.184	1.185	1.176
1121	3642.019	3541.145	3754.103	3641.445	1.167	1.169	1.167
1122	3708.012	3489.386	3840.341	3719.515	1.192	1.194	1.188
1123	3676.825	3515.255	3824.999	3672.009	1.177	1.178	1.178
1124	3675.356	3534.514	3869.809	3657.105	1.172	1.174	1.178
1125	3700.749	3556.075	3857.023	3696.052	1.185	1.186	1.186
1126	3692.079	3432.899	3903.487	3719.667	1.192	1.194	1.183
1127	3661.252	3503.524	3920.443	3663.167	1.174	1.176	1.173
1128	3703.113	3478.420	3960.258	3699.354	1.186	1.187	1.187
1129	3688.890	3536.775	3836.053	3683.791	1.181	1.182	1.182
1130	3670.424	3520.538	3804.099	3656.976	1.172	1.174	1.176
1131	3567.051	3357.429	3701.626	3573.289	1.145	1.147	1.143
1132	3575.870	3387.912	3680.471	3603.318	1.155	1.156	1.146
1133	3550.059	3438.103	3688.167	3535.881	1.133	1.135	1.138
1134	3566.723	3410.979	3672.001	3576.400	1.146	1.148	1.143
1135	3591.807	3492.657	3795.418	3573.611	1.145	1.147	1.151
1136	3596.338	3465.006	3770.742	3591.833	1.151	1.153	1.153
1137	3631.984	3516.163	3792.867	3635.244	1.165	1.167	1.164
1138	3631.473	3399.739	3873.694	3590.855	1.151	1.152	1.164
1139	3639.892	3520.276	3747.871	3642.411	1.167	1.169	1.167
1140	3691.725	3529.174	3912.744	3679.463	1.179	1.181	1.183
1141	3691.550	3566.678	3825.951	3664.430	1.174	1.176	1.183
1142	3594.725	3457.586	3697.979	3621.742	1.161	1.162	1.152
1143	3586.219	3499.104	3749.831	3574.174	1.146	1.147	1.149
1144	3670.010	3478.283	3769.917	3671.438	1.177	1.178	1.176
1145	3725.856	3480.917	3830.916	3750.129	1.202	1.204	1.194
1146	3672.326	3481.208	3812.353	3695.604	1.184	1.186	1.177
1147	3634.009	3538.547	3784.598	3605.858	1.156	1.157	1.165
1148	3714.172	3590.503	3821.661	3720.178	1.192	1.194	1.190
1149	3700.411	3557.789	3936.333	3684.282	1.181	1.182	1.186
1150	3629.439	3401.971	3765.459	3683.236	1.181	1.182	1.163
1151	3559.139	3393.111	3651.177	3599.619	1.154	1.155	1.141
1152	3665.064	3525.230	3827.584	3648.860	1.170	1.171	1.175
1153	3704.178	3573.653	3789.803	3719.913	1.192	1.194	1.187
1154	3643.982	3511.151	3854.270	3605.393	1.156	1.157	1.168
1155	3657.204	3354.432	3855.454	3655.986	1.172	1.173	1.172
1156	3615.551	3502.095	3800.214	3591.979	1.151	1.153	1.159
1157	3663.846	3457.151	3908.049	3630.527	1.164	1.165	1.174
1158	3637.590	3474.351	3849.904	3621.172	1.161	1.162	1.166
1159	3591.190	3478.780	3677.669	3597.259	1.153	1.154	1.151
1160	3633.425	3505.439	3822.302	3611.706	1.158	1.159	1.165
1161	3631.885	3460.491	3843.361	3612.379	1.158	1.159	1.164
1162	3648.238	3473.501	3890.111	3561.305	1.141	1.143	1.169
1163	3634.363	3466.700	3942.884	3600.842	1.154	1.156	1.165
1164	3575.070	3497.158	3682.891	3561.471	1.141	1.143	1.146
1165	3595.741	3436.206	3739.304	3582.803	1.148	1.150	1.152
1166	3606.578	3526.667	3716.819	3610.701	1.157	1.159	1.156
1167	3544.565	3442.032	3704.271	3533.241	1.132	1.134	1.136
1168	3555.239	3429.913	3657.470	3590.401	1.151	1.152	1.139
1169	3545.445	3406.635	3699.426	3557.797	1.140	1.142	1.136
1170	3649.690	3520.162	3895.228	3620.358	1.160	1.162	1.170
1171	3612.149	3517.437	3746.657	3573.015	1.145	1.147	1.158
1172	3660.705	3533.750	3779.494	3684.837	1.181	1.183	1.173
1173	3618.605	3399.264	3788.641	3628.112	1.163	1.164	1.160
1174	3602.224	3492.788	3700.640	3597.026	1.153	1.154	1.155
1175	3543.404	3432.051	3699.863	3532.299	1.132	1.134	1.136
1176	3604.856	3440.814	3708.809	3617.654	1.160	1.161	1.155
1177	3701.748	3507.586	3851.596	3727.395	1.195	1.196	1.186
1178	3725.774	3535.641	3889.827	3705.368	1.188	1.189	1.194
1179	3650.334	3474.784	3758.962	3670.072	1.176	1.178	1.170
1180	3670.108	3415.838	4042.600	3605.289	1.156	1.157	1.176
1181	3709.299	3472.471	3936.993	3738.283	1.198	1.200	1.189
1182	3630.476	3475.195	3843.465	3609.620	1.157	1.158	1.164
1183	3653.034	3393.078	3783.723	3669.906	1.176	1.178	1.171
1184	3667.675	3412.238	3770.750	3732.018	1.196	1.198	1.176
1185	3631.284	3393.633	3788.246	3651.157	1.170	1.172	1.164
1186	3732.563	3583.701	3836.896	3748.572	1.201	1.203	1.196
1187	3762.497	3569.776	4004.986	3728.990	1.195	1.197	1.206
1188	3706.945	3514.844	3797.596	3742.229	1.199	1.201	1.188
1189	3600.424	3448.662	3762.280	3605.073	1.155	1.157	1.154
1190	3689.430	3536.361	3915.045	3651.592	1.170	1.172	1.183
1191	3667.478	3558.469	3782.816	3661.519	1.174	1.175	1.175
1192	3689.070	3593.823	3854.353	3662.916	1.174	1.176	1.182
1193	3745.885	3583.820	3864.454	3743.233	1.200	1.201	1.201
1194	3695.474	3542.639	3815.154	3726.660	1.194	1.196	1.184
1195	3708.633	3547.747	3850.680	3704.515	1.187	1.189	1.189
1196	3627.385	3442.327	3786.919	3659.822	1.173	1.175	1.163
1197	3672.308	3516.337	3863.115	3670.534	1.176	1.178	1.177
1198	3634.538	3553.642	3754.854	3626.381	1.162	1.164	1.165
1199	3657.008	3530.041	3840.401	3654.535	1.171	1.173	1.172
1200	3627.715	3500.730	3721.641	3636.133	1.165	1.167	1.163
1201	3668.504	3540.043	3808.252	3665.909	1.175	1.176	1.176
1202	3665.469	3532.701	3752.095	3663.452	1.174	1.176	1.175
1203	3622.916	3548.563	3738.381	3614.874	1.159	1.160	1.161
1204	3574.162	3456.617	3711.634	3578.044	1.147	1.148	1.146
1205	3672.030	3465.567	3992.045	3647.479	1.169	1.171	1.177
1206	3667.084	3520.138	3813.003	3665.685	1.175	1.176	1.175
1207	3678.035	3543.228	3896.757	3663.306	1.174	1.176	1.179
1208	3682.393	3489.849	3858.087	3641.284	1.167	1.169	1.180
1209	3645.774	3518.426	3774.583	3626.057	1.162	1.164	1.169
1210	3688.480	3460.041	3863.227	3697.943	1.185	1.187	1.182
1211	3630.023	3440.566	3790.270	3624.940	1.162	1.163	1.163
1212	3691.810	3543.776	3819.333	3718.872	1.192	1.193	1.183
1213	3699.260	3570.465	3951.558	3654.995	1.171	1.173	1.186
1214	3702.522	3564.405	3980.918	3698.545	1.185	1.187	1.187
1215	3673.919	3554.766	3951.119	3644.013	1.168	1.169	1.178
1216	3637.690	3430.749	3772.150	3643.649	1.168	1.169	1.166
1217	3606.784	3410.826	3738.922	3614.439	1.158	1.160	1.156
1218	3730.758	3514.352	3913.906	3738.039	1.198	1.200	1.196
1219	3666.672	3459.018	3862.090	3644.113	1.168	1.169	1.175
1220	3681.496	3563.376	3794.384	3681.324	1.180	1.181	1.180
1221	3682.371	3565.614	3891.550	3638.070	1.166	1.168	1.180
1222	3703.074	3508.009	3837.747	3712.704	1.190	1.191	1.187
1223	3699.722	3573.690	3970.962	3673.862	1.178	1.179	1.186
1224	3658.850	3460.591	3851.876	3675.940	1.178	1.180	1.173
1225	3723.469	3542.061	4022.572	3701.615	1.186	1.188	1.193
1226	3620.182	3487.797	3763.553	3649.752	1.170	1.171	1.160
1227	3652.068	3484.644	3757.897	3678.212	1.179	1.180	1.171
1228	3694.175	3553.417	3843.695	3681.460	1.180	1.181	1.184
1229	3764.269	3657.035	3973.455	3733.984	1.197	1.198	1.206
1230	3689.473	3485.244	3944.531	3676.208	1.178	1.180	1.183
1231	3682.463	3533.270	3822.571	3682.314	1.180	1.182	1.180
1232	3690.043	3570.650	3949.264	3664.864	1.175	1.176	1.183
1233	3702.039	3538.330	3869.023	3718.247	1.192	1.193	1.187
1234	3710.187	3557.191	3868.760	3693.708	1.184	1.185	1.189
1235	3662.261	3509.808	3819.775	3660.545	1.173	1.175	1.174
1236	3702.290	3417.506	3922.857	3703.669	1.187	1.189	1.187
1237	3635.614	3459.021	3760.241	3634.258	1.165	1.166	1.165
1238	3595.285	3395.943	3683.766	3612.702	1.158	1.159	1.152
1239	3669.142	3462.782	3832.599	3698.313	1.185	1.187	1.176
1240	3687.426	3558.819	3842.607	3673.802	1.178	1.179	1.182
1241	3615.866	3502.795	3726.284	3621.037	1.161	1.162	1.159
1242	3651.126	3491.661	3872.016	3640.652	1.167	1.168	1.170
1243	3736.742	3565.653	4110.233	3701.807	1.186	1.188	1.198
1244	3645.516	3529.536	3794.777	3625.801	1.162	1.164	1.168
1245	3692.738	3611.810	3778.122	3698.572	1.185	1.187	1.184
1246	3787.229	3581.317	3944.321	3782.376	1.212	1.214	1.214
1247	3822.070	3579.888	4153.689	3798.430	1.217	1.219	1.225
1248	3719.753	3543.136	3864.781	3742.556	1.200	1.201	1.192
1249	3670.186	3556.419	3793.445	3659.896	1.173	1.175	1.176
1250	3826.500	3657.205	4086.800	3813.900	1.222	1.224	1.226
1251	3721.331	3617.778	3901.986	3709.983	1.189	1.191	1.193
1252	3712.952	3563.564	3855.667	3724.613	1.194	1.195	1.190
1253	3671.136	3493.835	3804.601	3664.686	1.175	1.176	1.177
1254	3619.483	3291.527	3810.641	3649.163	1.170	1.171	1.160
1255	3680.182	3540.021	3798.871	3694.879	1.184	1.186	1.180
1256	3738.976	3583.548	3880.407	3728.741	1.195	1.197	1.198
1257	3712.092	3570.165	3854.426	3740.683	1.199	1.200	1.190
1258	3732.965	3470.623	3933.409	3730.634	1.196	1.197	1.196
1259	3751.980	3501.774	3893.671	3781.262	1.212	1.213	1.203
1260	3691.064	3457.879	3959.401	3679.427	1.179	1.181	1.183
1261	3758.754	3504.122	4054.495	3749.607	1.202	1.203	1.205
1262	3723.230	3625.887	3797.889	3719.068	1.192	1.194	1.193
1263	3756.685	3656.666	3880.106	3745.272	1.200	1.202	1.204
1264	3812.665	3568.616	4068.660	3781.531	1.212	1.214	1.222
1265	3721.593	3529.723	3935.096	3707.671	1.188	1.190	1.193
1266	3635.412	3512.628	3944.034	3609.601	1.157	1.158	1.165
1267	3651.952	3563.500	3834.132	3648.688	1.169	1.171	1.170
1268	3696.215	3615.806	3784.740	3716.798	1.191	1.193	1.185
1269	3755.344	3506.875	3945.815	3776.790	1.211	1.212	1.204
1270	3790.236	3582.357	4012.828	3815.073	1.223	1.224	1.215
1271	3752.485	3652.378	3843.037	3725.272	1.194	1.196	1.203
1272	3715.483	3566.632	3919.152	3704.225	1.187	1.189	1.191
1273	3774.729	3517.261	4044.036	3732.443	1.196	1.198	1.210
1274	3705.095	3549.339	3812.188	3685.725	1.181	1.183	1.188
1275	3693.767	3551.995	3846.667	3688.152	1.182	1.184	1.184
1276	3787.617	3620.391	4043.546	3763.770	1.206	1.208	1.214
1277	3715.235	3464.358	3977.350	3715.633	1.191	1.192	1.191
1278	3711.997	3636.082	3854.331	3697.897	1.185	1.187	1.190
1279	3709.572	3441.169	3993.226	3694.807	1.184	1.186	1.189
1280	3691.169	3505.350	3827.073	3705.436	1.188	1.189	1.183
1281	3663.364	3480.341	3872.049	3668.689	1.176	1.177	1.174
1282	3670.000	3496.037	3936.768	3663.594	1.174	1.176	1.176
1283	3704.730	3497.671	3814.644	3720.250	1.192	1.194	1.187
1284	3734.000	3590.492	3963.557	3718.043	1.192	1.193	1.197
1285	3738.723	3561.033	4013.627	3711.669	1.190	1.191	1.198
1286	3702.640	3623.704	3867.069	3676.908	1.178	1.180	1.187
1287	3645.106	3485.439	3811.731	3629.777	1.163	1.165	1.168
1288	3658.302	3452.580	3948.939	3640.036	1.167	1.168	1.173
1289	3668.653	3566.716	3731.790	3678.216	1.179	1.180	1.176
1290	3752.664	3622.427	3930.512	3752.063	1.203	1.204	1.203
1291	3741.484	3585.955	3896.890	3756.637	1.204	1.206	1.199
1292	3677.389	3433.542	3923.046	3654.912	1.171	1.173	1.179
1293	3721.146	3586.935	3808.888	3702.751	1.187	1.188	1.193
1294	3723.340	3634.163	3805.258	3712.159	1.190	1.191	1.193
1295	3713.989	3492.890	3895.150	3727.095	1.195	1.196	1.190
1296	3698.883	3571.705	3877.801	3717.560	1.192	1.193	1.186
1297	3688.780	3603.282	3746.475	3705.112	1.188	1.189	1.182
1298	3738.537	3589.936	3919.316	3753.690	1.203	1.205	1.198
1299	3759.015	3681.324	3878.479	3738.649	1.198	1.200	1.205
1300	3660.943	3551.766	3766.976	3659.326	1.173	1.174	1.173
1301	3680.972	3583.261	3743.004	3700.972	1.186	1.188	1.180
1302	3779.477	3558.061	4021.979	3717.147	1.191	1.193	1.211
1303	3751.917	3577.548	3856.558	3754.522	1.203	1.205	1.203
1304	3658.997	3505.655	3769.919	3667.045	1.175	1.177	1.173
1305	3657.375	3562.302	3831.145	3629.916	1.163	1.165	1.172
1306	3743.997	3661.538	3826.259	3746.162	1.201	1.202	1.200
1307	3681.769	3602.990	3763.252	3683.985	1.181	1.182	1.180
1308	3733.033	3573.879	3886.746	3711.593	1.190	1.191	1.196
1309	3679.525	3389.705	3873.573	3668.463	1.176	1.177	1.179
1310	3700.112	3536.257	3879.375	3689.527	1.183	1.184	1.186
1311	3658.052	3435.523	3807.078	3641.813	1.167	1.169	1.172
1312	3666.066	3514.315	3879.101	3657.853	1.172	1.174	1.175
1313	3681.153	3461.368	3992.759	3670.447	1.176	1.178	1.180
1314	3697.898	3508.000	3844.538	3714.903	1.191	1.192	1.185
1315	3680.386	3509.590	3936.283	3672.972	1.177	1.179	1.180
1316	3635.781	3439.502	3726.385	3655.372	1.172	1.173	1.165
1317	3630.849	3407.006	3860.503	3624.571	1.162	1.163	1.164
1318	3655.677	3503.064	3768.411	3665.207	1.175	1.176	1.172
1319	3734.733	3599.418	4026.120	3706.521	1.188	1.190	1.197
1320	3706.537	3525.810	3930.766	3690.927	1.183	1.185	1.188
1321	3754.514	3490.360	3973.981	3754.728	1.203	1.205	1.203
1322	3801.769	3667.199	3972.462	3794.397	1.216	1.218	1.219
1323	3750.627	3567.067	4084.118	3710.813	1.189	1.191	1.202
1324	3621.983	3384.865	3769.988	3625.817	1.162	1.164	1.161
1325	3648.878	3521.833	3792.009	3659.039	1.173	1.174	1.170
1326	3651.307	3524.034	3792.245	3632.931	1.164	1.166	1.170
