0 0 371.0980000000004 435.7950000000001
1 300 165.99900000000025 328.8470000000002
2 600 229.5300000000002 338.74900000000025
3 900 168.27099999999973 439.2140000000004
4 1200 43.081999999999425 333.9779999999996
5 1500 35.5300000000002 166.77999999999975
6 1800 24.550000000000182 70.12900000000036
7 2100 36.44200000000046 51.957000000000335
8 2400 30.701000000000477 41.0659999999998
9 2700 25.73999999999978 62.465000000000146
10 3000 46.949000000000524 49.86900000000014
11 3300 52.54099999999971 69.03700000000026
12 3600 54.51800000000003 55.00500000000011
13 3900 29.30899999999974 53.41800000000012
14 4200 63.097999999999956 43.80399999999963
15 4500 43.24399999999969 46.402000000000044
16 4800 27.293999999999414 44.29100000000062
17 5100 22.563000000000102 37.26200000000017
18 5400 9.595000000000255 28.659000000000106
19 5700 5.764999999999873 37.0
20 6000 18.755999999999403 34.057000000000244
21 6300 64.84599999999955 30.41300000000001
22 6600 50.74400000000014 31.761000000000422
23 6900 40.74900000000025 34.39099999999962
24 7200 43.10200000000032 21.342999999999847
25 7500 44.245000000000346 24.529999999999745
26 7800 45.3390000000004 18.15099999999984
27 8100 47.710000000000036 19.35800000000063
28 8400 53.56100000000015 7.956000000000586
29 8700 45.409000000000106 7.4099999999998545
30 9000 52.46699999999964 -6.100000000000364
31 9300 45.60100000000011 4.4220000000000255
32 9600 32.20899999999983 -2.795999999999367
33 9900  -12.525000000000091
34 10200  -13.898000000000138
