0 442.64016666666663
300 416.39116666666655
600 395.48133333333345
900 366.002
1200 332.7249999999999
1500 311.2155000000001
1800 290.6128333333332
2100 262.80366666666663
2400 233.6976666666666
2700 219.04216666666653
3000 201.68916666666664
3300 194.69033333333354
3600 178.14366666666683
3900 173.16166666666672
4200 178.0094999999999
4500 172.34883333333323
4800 157.43183333333332
5100 145.90750000000003
5400 126.73633333333305
5700 129.90116666666668
6000 138.75916666666672
6300 130.8423333333335
6600 135.8558333333333
6900 130.3816666666669
7200 110.16733333333332
7500 117.1208333333334
7800 107.2348333333332
8100 105.10483333333316
8400 105.0621666666666
8700 111.2654999999999
9000 118.96666666666663
9300 114.9845000000001
9600 108.24949999999997
9900 131.74159999999992
10200 117.44020000000009
