0 483.6760000000006
300 284.0015000000003
600 154.89100000000008
900 1.933999999999969
1200 -10.59050000000002
1500 2.17049999999972
1800 -18.855000000000018
2100 10.590499999999793
2400 -6.178000000000338
2700 8.422500000000127
3000 -0.10050000000001091
3300 14.949999999999818
3600 9.952999999999975
3900 -30.820500000000038
4200 0.45650000000000546
4500 4.821999999999889
4800 -9.034499999999753
5100 -21.459499999999935
5400 -25.6400000000001
5700 4.05150000000026
6000 11.190000000000055
6300 6.331499999999778
6600 17.144999999999982
6900 1.7840000000003329
7200 -6.546999999999798
7500 -10.193500000000085
7800 -9.80399999999986
8100 -2.0240000000001146
8400 -34.072999999999865
8700 -34.19649999999979
9000 -32.1255000000001
9300 -23.99050000000011
9600 -54.91249999999991
9900 -68.46200000000044
10200 -81.98700000000008
