0 0 275.35399999999936 294.029 270.808 236.2750000000001 256.6790000000001 231.5880000000002 229.3720000000003 253.0709999999999 190.39300000000048 278.538 86.91699999999946
1 60 273.39300000000003 279.4920000000002 250.07000000000016 256.9850000000001 271.37099999999964 207.65099999999939 228.6260000000002 255.83299999999963 140.8380000000002 253.067 91.83699999999999
2 120 255.1269999999995 274.25 249.08099999999968 287.453 264.9200000000001 189.88600000000042 227.42900000000054 226.87599999999975 190.02599999999939 269.90499999999975 56.49299999999994
3 180 208.375 266.8850000000002 198.23599999999988 265.53999999999996 262.61299999999983 197.77999999999975 210.94300000000067 192.9369999999999 177.35300000000052 251.69099999999935 92.2559999999994
4 240 202.84400000000005 269.3449999999998 232.92700000000013 280.6120000000001 250.42700000000013 202.86500000000024 177.60599999999977 207.6239999999998 183.46399999999994 221.21399999999994 80.24599999999964
5 300 179.09500000000025 253.69900000000052 241.2449999999999 270.28200000000015 232.14399999999932 215.13200000000006 167.01399999999967 183.1839999999993 126.27599999999984 239.87599999999975 59.01400000000058
6 360 168.97099999999955 203.48199999999997 266.0529999999999 236.14900000000034 224.74000000000024 177.72400000000016 142.5230000000006 191.03399999999965 144.48299999999972 200.2430000000004 52.335000000000036
7 420 154.80400000000054 232.57500000000027 248.41600000000062 238.01399999999967 210.1639999999993 192.7159999999999 127.47200000000021 161.01499999999987 117.8140000000003 199.0980000000004 49.4079999999999
8 480 131.01299999999992 250.42499999999973 255.14999999999964 215.37199999999984 208.4000000000001 185.12600000000066 100.9670000000001 154.29700000000048 127.91800000000057 185.6790000000001 62.76200000000017
9 540 175.20000000000027 199.92099999999982 233.95100000000048 210.28900000000021 185.84000000000015 176.80099999999993 95.95199999999932 143.88499999999976 170.37400000000025 188.92500000000018 41.39200000000028
10 600 187.91800000000057 194.3109999999997 204.3829999999998 178.83199999999988 187.99699999999984 148.46299999999974 98.64599999999973 98.82799999999997 140.89400000000023 198.8430000000003 92.14499999999998
11 660 181.89499999999998 216.40999999999985 240.75599999999986 172.41600000000062 132.90599999999995 159.7199999999998 74.23199999999997 72.62300000000005 127.82000000000016 207.45100000000002 87.79599999999982
12 720 184.88099999999986 214.38699999999972 204.47100000000046 159.48500000000013 176.23600000000033 149.67999999999984 81.63100000000031 87.65099999999939 183.6850000000004 189.21799999999985 100.23299999999972
13 780 192.05200000000013 197.6909999999998 243.0949999999998 180.27700000000004 164.27199999999993 156.77999999999975 88.69499999999971 67.64100000000053 176.13699999999972 141.05099999999948 76.06600000000071
14 840 182.1199999999999 219.4319999999998 202.14699999999993 163.9760000000001 150.8399999999997 135.70699999999988 73.36300000000028 63.4369999999999 147.13599999999997 156.95199999999977 60.25899999999956
15 900 206.1329999999998 207.02499999999964 208.79500000000007 118.94399999999996 146.60699999999997 126.76800000000048 76.49900000000025 55.947999999999865 187.53200000000015 155.8440000000005 46.16300000000001
16 960 201.59400000000005 219.79799999999977 248.50599999999986 125.39600000000019 151.0640000000003 123.14100000000008 64.47099999999955 61.00799999999981 103.92399999999952 171.6880000000001 55.99499999999989
17 1020 223.73599999999942 187.1500000000001 241.02499999999964 124.12199999999939 157.49800000000005 112.68299999999954 65.39899999999943 45.71299999999974 86.3159999999998 157.29900000000043 37.86600000000044
18 1080 253.6510000000003 213.66899999999941 229.4079999999999 139.72599999999966 165.8449999999998 106.4369999999999 65.13399999999956 -10.80099999999993 81.41900000000032 150.14199999999937 36.586999999999534
19 1140 243.2779999999998 181.11299999999983 222.98599999999988 120.67999999999984 178.6529999999998 99.596 67.67199999999957 3.62900000000036 38.59700000000021 131.17799999999988 49.28500000000031
20 1200 247.76999999999998 222.79199999999992 243.52599999999984 120.53499999999985 162.20199999999977 111.69800000000032 38.304999999999836 20.755999999999858 -5.152000000000044 185.08300000000008 55.54899999999998
21 1260 234.73400000000038 185.48999999999978 247.99000000000024 96.24799999999959 194.57299999999987 117.04799999999977 39.51999999999998 -3.1840000000001965 35.63499999999976 194.77399999999943 23.48399999999947
22 1320 232.91499999999996 196.39399999999978 241.13300000000027 110.41800000000012 186.12399999999934 92.57099999999991 52.176000000000386 29.939000000000306 30.29599999999982 210.75899999999956 46.32900000000018
23 1380 201.72800000000052 173.212 177.0409999999997 112.23700000000008 166.68799999999965 83.07100000000037 45.01099999999997 24.981000000000677 -22.649000000000342 180.53200000000015 -8.444000000000415
24 1440 200.067 186.78999999999996 221.31600000000026 110.93799999999965 186.0970000000002 70.3140000000003 51.052000000000135 54.634000000000015 -8.421000000000276 163.3209999999999 33.1880000000001
25 1500 231.9350000000004 156.82200000000012 220.51400000000012 86.27299999999968 193.30200000000013 89.96699999999964 41.452000000000226 12.787000000000262 -20.894999999999982 201.462 37.524999999999636
26 1560 198.35500000000002 182.04600000000028 186.2750000000001 90.38500000000022 187.5389999999993 83.17799999999988 16.983999999999924 -34.33800000000019 -14.467999999999847 133.2550000000001 40.32500000000027
27 1620 177.81700000000046 153.7840000000001 227.99299999999994 62.460000000000036 213.30100000000039 89.596 26.855999999999767 -17.22100000000046 -32.641000000000076 189.1500000000001 16.61100000000033
28 1680 175.26199999999926 161.07400000000052 169.70100000000048 78.77500000000009 175.47500000000036 74.69299999999976 45.53200000000015 -65.47800000000007 -65.79599999999982 147.86200000000008 24.590999999999894
29 1740 146.587 172.00400000000036 223.1569999999997 96.88600000000042 193.40399999999954 59.09800000000041 45.43799999999965 -28.651000000000295 -37.199000000000524 167.6220000000003 28.125
30 1800 144.76999999999998 115.81100000000015 251.1969999999992 70.15999999999985 190.83299999999963 75.18700000000035 46.909000000000106 -67.91599999999971 -30.673999999999978 214.4369999999999 13.909999999999854
31 1860 136.91499999999996 124.29600000000028 249.70699999999988 91.06700000000001 173.92299999999977 83.68200000000024 55.0590000000002 -55.16199999999981 -22.74499999999989 190.70200000000023 46.04899999999998
32 1920 131.49599999999964 166.19000000000005 213.64799999999968 94.40599999999995 155.80700000000024 85.60800000000017 72.26800000000003 -72.41100000000006 -56.211999999999534 189.61900000000014 29.267999999999574
33 1980 135.75099999999975 166.65899999999965 236.13700000000017 83.32400000000007 143.1220000000003 89.80799999999999 72.45999999999958 -36.373999999999796 -44.0890000000004 186.03900000000021 6.847000000000207
34 2040 137.875 181.20299999999997 245.54800000000068 73.02099999999973 146.58600000000024 80.38400000000001 63.090999999999894 -115.20499999999993 -9.922999999999774 174.5359999999996 -3.8070000000002437
35 2100 128.98300000000063 145.788 246.05700000000024 48.5 154.2550000000001 79.02200000000039 47.24899999999934 -63.45100000000002 -11.907000000000153 156.56399999999985 11.627999999999702
36 2160 113.89100000000053 212.45699999999943 229.4979999999996 52.92100000000028 144.54899999999952 80.0029999999997 54.78500000000031 -48.02200000000039 48.57400000000007 165.90599999999995 24.285999999999603
37 2220 115.77199999999993 179.83300000000008 200.42899999999963 36.13999999999987 140.70599999999968 72.48099999999977 42.597999999999956 -81.45100000000002 33.202000000000226 171.37100000000055 3.2950000000000728
38 2280 109.29600000000073 203.8739999999998 227.48899999999958 38.322000000000116 140.30099999999948 67.08800000000019 50.45499999999993 -106.41499999999996 11.449999999999818 143.53900000000021 -12.679000000000087
39 2340 89.9699999999998 226.39599999999973 208.56200000000035 57.75700000000006 109.39999999999964 59.64900000000034 46.59700000000021 -81.97499999999991 17.283000000000357 145.45000000000027 5.946000000000367
40 2400 91.51600000000008 222.6880000000001 204.65499999999975 63.8720000000003 99.32900000000018 81.09100000000035 29.774000000000342 -73.38400000000001 16.909999999999854 141.17799999999988 20.179000000000087
41 2460 97.23099999999977 181.77999999999975 186.9890000000005 49.457000000000335 122.23000000000002 78.48799999999983 34.7140000000004 -69.08100000000013 25.948999999999614 121.64499999999998 2.205999999999676
42 2520 97.04100000000017 239.5029999999997 217.37900000000036 62.27299999999968 100.45199999999977 71.17799999999988 22.84099999999944 -65.05500000000029 28.815999999999804 131.38999999999987 13.010999999999967
43 2580 100.26300000000037 218.55299999999988 241.72299999999996 66.63600000000042 66.48099999999977 72.30100000000039 36.2199999999998 -18.539999999999964 38.31399999999985 99.19999999999982 6.6349999999997635
44 2640 89.03399999999965 223.7229999999995 238.96299999999974 74.76100000000042 65.49499999999989 74.0039999999999 44.45500000000038 -23.924999999999727 -22.134000000000015 100.23399999999947 26.409999999999854
45 2700 93.62800000000016 220.93499999999995 226.9050000000002 51.603000000000065 104.30200000000013 61.45799999999963 33.70499999999993 -2.8060000000004948 -27.7529999999997 128.57900000000018 21.347000000000207
46 2760 73.88299999999981 223.17100000000028 183.46299999999974 67.23399999999992 75.57099999999991 65.36000000000013 32.15399999999954 17.4670000000001 -24.893999999999778 104.70399999999972 17.68600000000015
47 2820 71.40999999999985 242.63300000000072 189.38699999999926 78.01700000000028 69.38599999999951 77.51600000000053 19.429000000000087 8.438000000000102 20.390000000000327 98.29299999999967 15.230999999999767
48 2880 76.8189999999995 224.2529999999997 182.05600000000004 86.24699999999984 91.06700000000001 62.76900000000023 36.60500000000002 45.92000000000007 -1.329000000000633 94.53499999999985 -4.778999999999996
49 2940 74.21399999999949 228.6219999999994 209.27099999999973 71.13200000000052 98.34600000000046 66.47100000000046 55.4670000000001 43.76299999999992 -16.916000000000167 91.82900000000018 2.611000000000331
50 3000 70.97499999999991 200.5 203.3449999999998 83.50700000000006 92.09500000000025 73.68199999999979 60.942999999999756 27.1279999999997 -0.2919999999994616 93.55600000000004 19.20999999999958
51 3060 72.05099999999948 211.53899999999976 196.66899999999941 75.89800000000014 79.55200000000013 64.6560000000004 62.073999999999614 28.585999999999785 23.307000000000244 63.81999999999971 0.09200000000009823
52 3120 81.87800000000016 230.48099999999977 186.5309999999995 75.68000000000029 81.47599999999966 55.0979999999995 53.740999999999985 30.66300000000001 -25.351000000000113 88.4010000000003 -1.1920000000000073
53 3180 81.23700000000008 216.64400000000023 192.42100000000073 83.61000000000013 58.8720000000003 62.19900000000007 45.04899999999998 33.85599999999977 33.60999999999967 80.51299999999992 4.597000000000207
54 3240 65.23999999999978 221.86799999999994 183.49099999999999 89.69300000000021 51.177999999999884 53.7440000000006 56.07599999999957 23.309999999999945 2.099999999999909 74.01099999999951 16.640000000000327
55 3300 64.85299999999961 225.01399999999967 205.02999999999975 65.73900000000049 88.07099999999991 63.047000000000025 55.220000000000255 25.508000000000266 -4.781999999999243 95.67700000000013 35.58199999999988
56 3360 69.4010000000003 230.4720000000002 217.51599999999962 85.99699999999984 74.1899999999996 61.78600000000006 52.76299999999992 10.74100000000044 -1.8519999999998618 85.59099999999944 30.49499999999989
57 3420 85.75600000000031 201.13799999999992 210.00599999999986 90.4640000000004 82.52500000000009 57.53600000000051 58.56700000000046 30.141000000000076 -3.1849999999999454 90.61999999999989 43.1899999999996
58 3480 58.82999999999993 188.25999999999976 171.933 77.8119999999999 97.26699999999983 49.42599999999993 48.068999999999505 24.34600000000046 16.964000000000397 80.3420000000001 34.947999999999865
59 3540 48.63499999999976 196.70799999999963 189.46100000000024 76.90599999999995 82.93199999999979 70.79699999999957 46.653999999999996 58.36499999999978 9.873999999999796 89.53900000000021 30.89600000000064
