 	Mean	Min	Max	Median	Max_to_bgmean	Median_to_bgmedian	Mean_to_bgmean
1	3632.654	3478.214	3793.469	3629.467	1.138	1.140	1.139
2	3705.743	3631.807	3852.102	3679.373	1.154	1.156	1.162
3	3747.241	3546.817	3971.510	3712.437	1.164	1.166	1.175
4	3875.800	3637.400	4350.885	3790.838	1.189	1.191	1.216
5	4254.015	3748.973	5009.935	4263.957	1.337	1.339	1.334
6	4351.575	3860.486	5539.779	4323.942	1.356	1.358	1.365
7	4302.389	3768.230	5666.598	4179.842	1.311	1.313	1.350
8	4028.261	3584.854	4655.646	3960.232	1.242	1.244	1.264
9	3987.485	3869.864	4282.111	3925.131	1.231	1.233	1.251
10	3992.272	3700.760	4261.973	3996.843	1.254	1.255	1.252
11	3927.665	3808.819	4105.396	3926.042	1.231	1.233	1.232
12	3979.013	3833.292	4118.846	3986.845	1.251	1.252	1.248
13	4154.415	3828.207	4467.713	4181.355	1.312	1.313	1.303
14	4220.079	3869.514	4707.267	4190.297	1.314	1.316	1.324
15	4095.247	3556.632	4889.860	4083.153	1.281	1.283	1.285
16	4084.820	3456.739	4714.730	4040.443	1.267	1.269	1.281
17	4098.127	3534.366	4871.332	3948.653	1.239	1.240	1.285
18	4281.932	3653.781	5317.208	4171.603	1.308	1.310	1.343
19	4232.764	3729.642	5429.940	3983.102	1.249	1.251	1.328
20	4164.464	3740.758	5017.276	3951.092	1.239	1.241	1.306
21	4046.886	3728.021	4584.781	3965.270	1.244	1.246	1.269
22	3906.281	3650.780	4311.049	3828.263	1.201	1.203	1.225
23	3898.351	3637.096	4230.472	3888.923	1.220	1.222	1.223
24	3931.095	3613.555	4251.971	3873.703	1.215	1.217	1.233
25	3988.091	3452.780	4567.263	4008.422	1.257	1.259	1.251
26	4091.379	3578.698	4681.343	4087.615	1.282	1.284	1.283
27	4156.666	3625.517	4794.604	4157.069	1.304	1.306	1.304
28	4028.627	3753.829	4369.054	4081.815	1.280	1.282	1.264
29	3953.381	3722.073	4158.612	3930.656	1.233	1.235	1.240
30	3992.736	3677.732	4380.484	4044.050	1.268	1.270	1.252
31	4171.611	3609.794	4715.582	4187.546	1.313	1.315	1.308
32	4331.723	3807.119	4899.918	4229.455	1.327	1.329	1.359
33	4268.510	4002.531	4650.412	4275.595	1.341	1.343	1.339
34	4136.271	3838.895	4613.458	4021.891	1.262	1.263	1.297
35	4073.372	3743.204	4352.697	4059.528	1.273	1.275	1.278
36	3888.229	3644.596	4183.600	3883.183	1.218	1.220	1.220
37	3781.741	3477.214	3987.352	3827.866	1.201	1.202	1.186
38	3807.836	3729.315	3928.121	3816.667	1.197	1.199	1.194
39	3785.311	3604.109	4045.679	3767.387	1.182	1.183	1.187
40	3884.135	3603.258	4207.963	3838.052	1.204	1.206	1.218
41	3957.787	3620.482	4283.964	4022.195	1.262	1.263	1.241
42	3989.758	3591.287	4400.023	4075.865	1.278	1.280	1.251
43	4057.639	3606.559	4734.125	4085.441	1.281	1.283	1.273
44	4166.602	3623.751	5127.113	3913.159	1.227	1.229	1.307
45	4233.282	3640.010	5372.638	4071.643	1.277	1.279	1.328
46	4309.743	3691.101	5142.978	4248.533	1.333	1.335	1.352
47	4260.788	3880.341	4935.643	4102.398	1.287	1.289	1.336
48	4186.837	3866.536	4780.250	4042.814	1.268	1.270	1.313
49	4050.823	3684.825	4437.312	4048.813	1.270	1.272	1.271
50	3884.446	3593.069	4203.246	3874.495	1.215	1.217	1.218
51	3772.061	3505.274	4099.117	3796.539	1.191	1.193	1.183
52	3758.048	3520.968	3982.407	3770.718	1.183	1.184	1.179
53	3866.707	3740.189	4008.113	3850.623	1.208	1.210	1.213
54	3798.199	3698.281	3889.236	3819.096	1.198	1.200	1.191
55	3750.670	3606.799	3867.836	3764.541	1.181	1.183	1.176
56	3742.477	3621.982	4069.707	3715.547	1.165	1.167	1.174
57	3842.311	3585.182	4021.303	3868.520	1.213	1.215	1.205
58	4012.294	3801.175	4380.957	3997.483	1.254	1.256	1.259
59	4095.518	3744.543	4495.745	4019.110	1.261	1.262	1.285
60	4078.720	3784.500	4378.284	4066.875	1.276	1.277	1.279
61	4006.917	3633.058	4223.551	4091.316	1.283	1.285	1.257
62	4003.791	3615.250	4329.243	4021.269	1.261	1.263	1.256
63	3933.199	3703.244	4214.438	3906.898	1.225	1.227	1.234
64	3986.340	3740.863	4463.677	3957.655	1.241	1.243	1.250
65	4004.015	3792.739	4392.305	3952.591	1.240	1.242	1.256
66	4047.367	3624.634	4440.891	4079.154	1.279	1.281	1.270
67	4153.642	3832.887	4952.711	3961.603	1.243	1.244	1.303
68	4254.862	3647.794	4974.405	4256.352	1.335	1.337	1.335
69	4403.354	3867.409	4974.163	4382.403	1.375	1.377	1.381
70	4492.103	4002.765	4946.848	4439.604	1.393	1.395	1.409
71	4822.556	4300.986	5269.921	4885.864	1.533	1.535	1.513
72	5431.332	4580.968	6623.181	5314.178	1.667	1.669	1.704
73	6370.209	5009.928	8556.968	6216.048	1.950	1.953	1.998
74	7344.055	4811.733	10979.221	6669.610	2.092	2.095	2.304
75	7689.637	4679.435	11555.019	7268.693	2.280	2.283	2.412
76	6755.827	4635.104	9222.827	6393.689	2.005	2.008	2.119
77	5636.164	4185.138	7411.901	5382.544	1.688	1.691	1.768
78	4999.048	4092.544	6175.138	4944.915	1.551	1.553	1.568
79	4569.522	3843.450	5355.188	4636.421	1.454	1.456	1.433
80	4322.466	3892.231	4880.422	4308.831	1.352	1.353	1.356
81	4241.237	3886.204	4597.106	4204.855	1.319	1.321	1.330
82	4259.852	3853.837	4632.886	4207.036	1.320	1.322	1.336
83	4343.859	3983.815	4925.798	4337.159	1.360	1.362	1.363
84	4379.909	3788.104	5021.703	4313.189	1.353	1.355	1.374
85	4540.016	3955.352	5101.155	4516.781	1.417	1.419	1.424
86	4610.234	4048.138	5111.790	4630.128	1.452	1.454	1.446
87	4688.957	3881.536	5396.142	4553.262	1.428	1.430	1.471
88	4625.642	3638.330	5751.730	4548.043	1.427	1.429	1.451
89	4611.796	3708.062	5839.988	4349.396	1.364	1.366	1.447
90	4735.169	3755.856	6144.262	4286.387	1.344	1.346	1.485
91	4713.558	3841.083	5855.062	4322.290	1.356	1.358	1.478
92	4634.860	3670.739	5874.977	4544.903	1.426	1.428	1.454
93	4440.733	3454.906	6016.074	4158.674	1.304	1.306	1.393
94	4316.128	3494.488	5760.679	4147.433	1.301	1.303	1.354
95	4231.315	3412.393	5560.329	4081.825	1.280	1.282	1.327
96	4280.175	3541.115	5610.129	4160.925	1.305	1.307	1.343
97	4256.247	3420.948	5388.400	4164.464	1.306	1.308	1.335
98	4428.769	3683.991	5900.112	4169.924	1.308	1.310	1.389
99	4416.512	3698.392	6271.295	4083.002	1.281	1.283	1.385
100	4376.232	3760.645	5990.996	4068.583	1.276	1.278	1.373
101	4266.194	3601.208	5372.029	3992.530	1.252	1.254	1.338
102	4155.327	3587.712	5066.004	3996.783	1.254	1.255	1.303
103	3960.319	3621.165	4860.267	3807.235	1.194	1.196	1.242
104	3961.648	3506.654	4482.414	3919.956	1.230	1.231	1.243
105	3891.825	3363.851	4399.010	3865.117	1.212	1.214	1.221
106	4043.283	3499.246	4859.062	3951.159	1.239	1.241	1.268
107	4164.793	3529.573	5004.425	4154.426	1.303	1.305	1.306
108	4266.612	3592.008	5198.827	4190.831	1.315	1.316	1.338
109	4266.886	3536.151	5322.663	4145.938	1.300	1.302	1.338
110	4267.367	3598.657	5599.806	4132.845	1.296	1.298	1.339
111	4227.491	3416.099	5455.259	4137.612	1.298	1.300	1.326
112	4221.411	3509.819	5292.180	3944.649	1.237	1.239	1.324
113	4278.389	3434.479	5654.583	4071.724	1.277	1.279	1.342
114	4258.966	3451.971	6042.443	4007.832	1.257	1.259	1.336
115	4271.992	3557.063	5816.648	4176.989	1.310	1.312	1.340
116	4478.187	3490.414	6336.537	4275.769	1.341	1.343	1.405
117	4621.360	3497.335	6651.956	4313.950	1.353	1.355	1.450
118	4656.922	3626.201	6700.383	4335.773	1.360	1.362	1.461
119	4844.121	3513.827	7380.730	4410.498	1.383	1.385	1.519
120	4762.107	3515.541	6620.278	4381.524	1.374	1.376	1.494
121	4769.616	3517.412	7409.051	4497.885	1.411	1.413	1.496
122	4660.757	3627.380	6338.213	4454.669	1.397	1.399	1.462
123	4545.388	3629.945	5796.384	4202.487	1.318	1.320	1.426
124	4456.385	3597.796	5549.454	4431.285	1.390	1.392	1.398
125	4329.856	3585.586	5404.620	4176.663	1.310	1.312	1.358
126	4335.441	3653.037	5262.140	4110.378	1.289	1.291	1.360
127	4287.886	3535.152	5312.983	4231.322	1.327	1.329	1.345
128	4277.020	3555.864	5348.201	4157.136	1.304	1.306	1.342
129	4185.894	3483.123	5109.137	4067.691	1.276	1.278	1.313
130	4209.421	3646.819	4881.031	4113.452	1.290	1.292	1.320
131	4172.565	3672.234	4657.607	4189.584	1.314	1.316	1.309
132	4175.201	3605.401	5090.653	4068.904	1.276	1.278	1.310
133	4028.445	3479.920	4835.806	3979.276	1.248	1.250	1.264
134	4047.869	3461.409	4851.103	3977.293	1.248	1.249	1.270
135	4123.915	3254.727	5374.127	4012.555	1.259	1.260	1.294
136	4023.833	3438.650	5058.433	3856.326	1.210	1.211	1.262
137	3978.136	3418.472	4667.744	3808.975	1.195	1.196	1.248
138	3949.178	3422.379	4539.482	3957.157	1.241	1.243	1.239
139	3946.079	3558.316	4673.006	3769.909	1.182	1.184	1.238
140	3956.709	3532.872	4745.417	3807.584	1.194	1.196	1.241
141	3922.137	3430.314	4711.962	3862.906	1.212	1.213	1.230
142	3850.881	3486.717	4608.070	3669.319	1.151	1.153	1.208
143	3892.660	3454.885	4780.339	3681.976	1.155	1.157	1.221
144	3967.964	3536.228	4657.495	3820.421	1.198	1.200	1.245
145	3942.629	3417.928	4756.554	3907.628	1.226	1.227	1.237
146	3977.167	3447.756	4599.803	3875.348	1.216	1.217	1.248
147	3918.394	3490.349	4615.274	3730.939	1.170	1.172	1.229
148	3837.145	3365.803	4441.329	3794.726	1.190	1.192	1.204
149	3887.463	3311.250	4700.727	3848.093	1.207	1.209	1.219
150	3916.719	3375.065	4824.560	3853.323	1.209	1.210	1.229
151	3924.271	3336.898	4953.781	3843.201	1.205	1.207	1.231
152	3910.484	3469.531	4952.968	3754.101	1.178	1.179	1.227
153	4001.198	3499.056	5271.680	3796.047	1.191	1.192	1.255
154	4013.968	3496.614	5469.318	3798.830	1.192	1.193	1.259
155	4046.284	3478.010	5460.344	3840.356	1.205	1.206	1.269
156	4017.014	3466.827	5103.564	3982.137	1.249	1.251	1.260
157	3907.825	3448.820	5122.447	3752.432	1.177	1.179	1.226
158	3886.756	3533.116	4455.284	3687.383	1.157	1.158	1.219
159	3984.958	3614.292	4628.505	3885.684	1.219	1.221	1.250
160	3856.670	3565.612	4391.819	3703.428	1.162	1.163	1.210
161	3835.144	3485.229	4317.104	3752.952	1.177	1.179	1.203
162	3810.214	3521.159	4232.626	3839.755	1.204	1.206	1.195
163	3831.113	3535.905	4294.702	3827.766	1.201	1.202	1.202
164	3807.825	3405.009	4434.168	3728.566	1.170	1.171	1.194
165	3812.626	3491.057	4119.870	3848.364	1.207	1.209	1.196
166	3879.040	3489.686	4341.659	3791.248	1.189	1.191	1.217
167	3888.250	3605.428	4327.809	3863.074	1.212	1.213	1.220
168	3968.500	3410.515	4398.173	4007.438	1.257	1.259	1.245
169	4044.102	3493.247	4983.157	3956.194	1.241	1.243	1.268
170	4160.516	3539.865	5027.707	3968.561	1.245	1.247	1.305
171	4218.421	3658.599	4869.027	4206.088	1.319	1.321	1.323
172	4056.254	3485.449	4499.202	4085.766	1.282	1.283	1.272
173	4004.175	3516.151	4356.463	4076.197	1.279	1.280	1.256
174	3989.971	3372.277	4473.638	3945.459	1.238	1.239	1.252
175	3985.792	3552.702	4334.672	3988.285	1.251	1.253	1.250
176	3865.164	3648.501	4142.683	3839.369	1.204	1.206	1.212
177	3891.942	3648.609	4145.754	3884.915	1.219	1.220	1.221
178	3972.222	3710.722	4181.575	3959.799	1.242	1.244	1.246
179	3863.043	3677.357	4068.972	3884.504	1.218	1.220	1.212
180	3889.816	3786.001	4039.769	3876.990	1.216	1.218	1.220
181	3854.547	3559.857	4040.020	3893.033	1.221	1.223	1.209
182	3843.076	3472.781	4278.260	3851.168	1.208	1.210	1.205
183	3904.671	3517.367	4191.269	3954.985	1.241	1.242	1.225
184	3932.815	3431.136	4491.234	3928.038	1.232	1.234	1.234
185	4060.804	3468.498	4724.745	3915.112	1.228	1.230	1.274
186	4097.957	3495.069	4762.163	4094.240	1.284	1.286	1.285
187	4061.679	3697.021	4647.647	3988.247	1.251	1.253	1.274
188	4116.651	3560.789	5029.276	3942.679	1.237	1.238	1.291
189	4098.761	3464.499	5023.438	3990.622	1.252	1.254	1.286
190	4077.381	3524.069	5202.574	3847.910	1.207	1.209	1.279
191	3946.210	3509.745	4922.326	3739.300	1.173	1.175	1.238
192	3873.934	3391.781	4735.933	3686.922	1.156	1.158	1.215
193	3786.532	3343.672	4489.866	3630.360	1.139	1.140	1.188
194	3776.885	3327.189	4525.497	3732.938	1.171	1.173	1.185
195	3807.493	3400.866	4468.443	3793.078	1.190	1.191	1.194
196	3767.709	3367.898	4368.514	3705.060	1.162	1.164	1.182
197	3692.629	3214.372	4203.822	3708.199	1.163	1.165	1.158
198	3723.686	3352.941	4391.567	3710.366	1.164	1.165	1.168
199	3651.492	3396.749	4002.401	3646.633	1.144	1.145	1.145
200	3692.667	3520.289	4157.520	3580.304	1.123	1.125	1.158
201	3640.351	3295.839	4293.099	3567.622	1.119	1.121	1.142
202	3689.952	3290.347	4452.623	3576.038	1.122	1.123	1.157
203	3827.346	3422.762	4707.639	3687.007	1.156	1.158	1.201
204	3812.774	3410.349	4883.909	3618.958	1.135	1.137	1.196
205	3854.991	3404.303	4788.352	3670.177	1.151	1.153	1.209
206	3825.982	3408.944	4705.292	3673.439	1.152	1.154	1.200
207	3752.013	3442.786	4333.688	3644.757	1.143	1.145	1.177
208	3715.048	3421.718	4347.646	3619.410	1.135	1.137	1.165
209	3707.002	3299.556	4331.896	3666.495	1.150	1.152	1.163
210	3748.980	3444.592	4319.368	3721.632	1.167	1.169	1.176
211	3806.294	3430.265	4637.521	3597.914	1.129	1.130	1.194
212	3868.850	3303.269	4630.945	3832.100	1.202	1.204	1.214
213	3962.295	3493.845	4783.577	3885.938	1.219	1.221	1.243
214	4008.008	3456.361	4834.941	3925.811	1.231	1.233	1.257
215	3903.785	3376.264	4858.830	3768.290	1.182	1.184	1.224
216	3845.468	3355.965	4839.257	3701.548	1.161	1.163	1.206
217	3822.183	3501.584	4382.980	3851.065	1.208	1.210	1.199
218	3766.218	3410.383	4451.563	3565.654	1.118	1.120	1.181
219	3651.184	3344.403	4318.662	3570.816	1.120	1.122	1.145
220	3651.794	3308.763	4314.663	3629.627	1.138	1.140	1.145
221	3792.309	3536.322	4130.819	3725.986	1.169	1.170	1.190
222	3694.522	3365.972	4109.452	3712.019	1.164	1.166	1.159
223	3681.076	3380.144	4098.152	3633.107	1.140	1.141	1.155
224	3688.642	3362.675	4084.216	3643.565	1.143	1.145	1.157
225	3738.045	3286.431	4382.108	3703.860	1.162	1.163	1.172
226	3691.661	3300.591	4353.027	3624.665	1.137	1.139	1.158
227	3792.526	3358.795	4439.106	3730.620	1.170	1.172	1.190
228	3745.716	3409.483	4525.901	3650.445	1.145	1.147	1.175
229	3823.349	3388.520	4509.605	3807.521	1.194	1.196	1.199
230	3794.490	3411.538	4545.083	3654.721	1.146	1.148	1.190
231	3836.438	3408.296	4428.604	3739.825	1.173	1.175	1.203
232	3829.023	3307.585	4441.723	3755.173	1.178	1.180	1.201
233	3879.560	3337.213	4571.936	3854.756	1.209	1.211	1.217
234	3850.240	3270.642	4630.181	3735.115	1.172	1.173	1.208
235	3814.752	3442.304	4257.894	3869.852	1.214	1.216	1.197
236	3921.906	3516.997	4354.085	4056.548	1.272	1.274	1.230
237	3876.384	3423.337	4181.342	3912.776	1.227	1.229	1.216
238	3844.664	3393.435	4235.516	3877.522	1.216	1.218	1.206
239	3785.349	3281.123	4301.147	3823.403	1.199	1.201	1.187
240	3741.772	3254.465	4108.006	3781.205	1.186	1.188	1.174
241	3827.388	3329.281	4397.096	3863.917	1.212	1.214	1.201
242	3742.174	3330.244	4070.392	3796.770	1.191	1.193	1.174
243	3788.476	3435.263	4230.127	3728.507	1.170	1.171	1.188
244	3897.631	3390.996	4824.129	3819.142	1.198	1.200	1.223
245	3934.335	3271.126	4803.277	3842.407	1.205	1.207	1.234
246	3988.845	3353.309	4877.261	3859.660	1.211	1.212	1.251
247	4002.657	3384.281	5110.983	3849.534	1.207	1.209	1.255
248	3988.399	3402.063	4983.309	3882.991	1.218	1.220	1.251
249	4106.151	3448.143	4854.420	4046.799	1.269	1.271	1.288
250	4049.987	3549.222	4962.702	4062.066	1.274	1.276	1.270
251	4025.155	3503.991	5097.100	3804.344	1.193	1.195	1.263
252	3987.442	3340.264	4820.453	3899.823	1.223	1.225	1.251
253	4031.075	3429.121	4483.659	4116.559	1.291	1.293	1.264
254	4032.627	3429.892	4542.382	4196.743	1.316	1.318	1.265
255	4081.829	3441.231	4459.504	4247.629	1.332	1.334	1.280
256	4126.818	3355.678	4632.118	4198.845	1.317	1.319	1.294
257	4154.137	3491.255	4771.163	4248.622	1.333	1.335	1.303
258	4073.865	3379.661	4703.005	4107.735	1.288	1.290	1.278
259	3864.456	3355.225	4203.929	3941.340	1.236	1.238	1.212
260	3812.438	3553.990	4211.428	3805.183	1.194	1.195	1.196
261	3727.137	3443.219	3962.372	3772.967	1.183	1.185	1.169
262	3636.680	3370.961	3846.000	3625.900	1.137	1.139	1.141
263	3630.336	3371.182	3945.980	3558.001	1.116	1.118	1.139
264	3701.696	3384.860	3920.404	3714.721	1.165	1.167	1.161
265	3735.231	3443.493	3988.043	3764.625	1.181	1.183	1.172
266	3818.559	3362.361	4286.078	3707.403	1.163	1.165	1.198
267	3955.373	3485.305	4673.014	3780.200	1.186	1.187	1.241
268	4124.161	3533.502	4826.970	4007.388	1.257	1.259	1.294
269	4126.268	3440.956	4954.941	3944.784	1.237	1.239	1.294
270	4020.508	3430.620	4758.749	3993.611	1.253	1.254	1.261
271	4003.708	3426.957	4719.250	3960.015	1.242	1.244	1.256
272	3931.099	3344.386	4514.219	3846.441	1.206	1.208	1.233
273	3906.944	3408.417	4485.599	3819.136	1.198	1.200	1.225
274	4015.242	3389.417	4599.661	4041.525	1.268	1.270	1.259
275	4059.939	3462.963	4723.967	4114.698	1.291	1.293	1.273
276	3995.801	3493.061	4707.558	3971.787	1.246	1.248	1.253
277	3927.103	3414.968	4620.010	3973.772	1.246	1.248	1.232
278	3854.168	3458.454	4234.131	3924.715	1.231	1.233	1.209
279	3805.929	3506.173	4079.358	3874.741	1.215	1.217	1.194
280	3726.871	3396.540	4059.171	3715.375	1.165	1.167	1.169
281	3797.393	3481.638	4295.548	3738.883	1.173	1.174	1.191
282	3886.601	3436.913	4302.550	3936.443	1.235	1.237	1.219
283	4056.230	3557.052	4695.835	4031.707	1.265	1.266	1.272
284	4174.511	3508.600	5432.384	4060.174	1.274	1.275	1.309
285	4256.510	3529.626	5142.677	4224.744	1.325	1.327	1.335
286	4293.355	3429.368	5383.722	4166.310	1.307	1.309	1.347
287	4241.856	3439.256	5286.219	4107.045	1.288	1.290	1.331
288	4184.108	3529.202	4873.905	4219.072	1.323	1.325	1.312
289	4182.056	3567.327	4908.055	4207.507	1.320	1.322	1.312
290	4100.207	3541.275	4687.913	4174.515	1.309	1.311	1.286
291	4219.521	3662.200	4729.991	4185.469	1.313	1.315	1.324
292	4168.806	3538.875	5098.698	4134.549	1.297	1.299	1.308
293	4071.323	3476.076	4562.521	4051.334	1.271	1.273	1.277
294	4003.655	3560.359	4364.297	3942.155	1.237	1.238	1.256
295	4098.877	3641.669	4663.170	4034.460	1.265	1.267	1.286
296	4315.368	3495.859	5538.657	4178.535	1.311	1.313	1.354
297	4460.007	3562.015	5634.824	4081.701	1.280	1.282	1.399
298	4399.527	3441.343	5708.580	4097.612	1.285	1.287	1.380
299	4260.125	3626.534	5079.731	4165.003	1.306	1.308	1.336
300	4362.629	3675.483	5327.568	4329.831	1.358	1.360	1.368
301	4362.482	3494.396	5373.629	4156.925	1.304	1.306	1.368
302	4299.055	3449.932	5570.100	4139.380	1.298	1.300	1.348
303	4300.565	3531.956	5364.019	4228.758	1.326	1.328	1.349
304	4366.484	3572.875	5870.730	4037.886	1.267	1.268	1.370
305	4506.636	3564.058	5578.455	4347.777	1.364	1.366	1.414
306	4420.204	3511.841	5240.005	4557.602	1.430	1.432	1.386
307	4167.382	3458.576	4853.665	4140.128	1.299	1.300	1.307
308	4118.992	3625.419	4528.899	4141.617	1.299	1.301	1.292
309	4083.409	3485.088	4684.199	4173.312	1.309	1.311	1.281
310	4002.588	3568.271	4525.696	3975.812	1.247	1.249	1.255
311	3855.106	3403.676	4254.788	3927.508	1.232	1.234	1.209
312	3850.161	3470.539	4248.879	3895.546	1.222	1.224	1.208
313	3957.886	3669.840	4236.000	3936.673	1.235	1.237	1.241
314	4050.325	3572.704	4825.637	3923.635	1.231	1.232	1.270
315	4118.574	3463.988	4738.669	4154.126	1.303	1.305	1.292
316	4273.517	3410.979	5075.011	4470.788	1.402	1.404	1.340
317	4228.608	3459.084	4875.298	4373.829	1.372	1.374	1.326
318	4239.802	3428.787	4837.771	4337.588	1.361	1.363	1.330
319	4270.378	3650.643	5068.612	4212.681	1.321	1.323	1.339
320	4122.409	3464.738	4868.787	4127.904	1.295	1.297	1.293
321	4026.955	3457.476	4547.694	3976.912	1.247	1.249	1.263
322	3951.432	3453.966	4519.026	3927.533	1.232	1.234	1.239
323	3807.154	3388.795	4182.033	3830.665	1.202	1.203	1.194
324	3944.240	3474.526	4538.870	3936.363	1.235	1.236	1.237
325	3994.981	3484.239	4554.700	4050.635	1.271	1.272	1.253
326	3922.721	3532.785	4379.004	3875.146	1.216	1.217	1.230
327	4081.081	3492.708	4710.211	4153.316	1.303	1.305	1.280
328	4133.380	3526.725	4647.143	4190.619	1.314	1.316	1.297
329	4230.364	3519.476	5068.047	4255.544	1.335	1.337	1.327
330	4120.978	3521.440	4699.480	4220.670	1.324	1.326	1.293
331	4199.688	3586.565	4940.199	4279.589	1.342	1.344	1.317
332	4329.449	3620.432	5037.527	4326.149	1.357	1.359	1.358
333	4397.933	3519.992	4971.133	4493.732	1.410	1.412	1.379
334	4301.256	3414.340	5309.253	4260.700	1.336	1.338	1.349
335	4327.723	3480.783	5242.831	4305.812	1.351	1.353	1.357
336	4287.115	3603.748	4852.790	4268.426	1.339	1.341	1.345
337	4354.895	3481.692	5207.576	4383.226	1.375	1.377	1.366
338	4244.253	3538.070	4724.018	4349.754	1.364	1.366	1.331
339	4079.053	3671.299	4420.854	4125.847	1.294	1.296	1.279
340	4003.041	3486.416	4454.347	4116.068	1.291	1.293	1.256
341	4053.527	3577.143	4292.442	4187.694	1.314	1.315	1.271
342	3993.515	3489.859	4317.455	4037.761	1.267	1.268	1.253
343	3921.207	3486.477	4490.491	3813.548	1.196	1.198	1.230
344	3922.312	3485.401	4386.137	3878.351	1.217	1.218	1.230
345	3956.040	3629.548	4477.963	3918.950	1.229	1.231	1.241
346	3900.001	3606.016	4295.712	3815.073	1.197	1.198	1.223
347	3775.371	3481.810	4119.265	3715.704	1.165	1.167	1.184
348	3702.279	3541.616	4012.256	3635.094	1.140	1.142	1.161
349	3696.020	3472.033	3967.130	3719.938	1.167	1.169	1.159
350	3805.147	3570.911	4111.540	3829.496	1.201	1.203	1.194
351	3827.003	3591.323	4096.868	3834.148	1.203	1.204	1.200
352	3904.883	3421.665	4417.885	3854.552	1.209	1.211	1.225
353	3911.364	3228.587	4314.014	3921.278	1.230	1.232	1.227
354	3842.834	3309.281	4478.419	3754.326	1.178	1.179	1.205
355	3746.128	3307.448	4218.903	3740.962	1.173	1.175	1.175
356	3690.912	3355.956	3954.052	3691.487	1.158	1.160	1.158
357	3746.014	3451.954	4039.113	3708.725	1.163	1.165	1.175
358	3605.386	3338.199	3816.737	3604.676	1.131	1.132	1.131
359	3632.225	3451.132	3835.106	3637.600	1.141	1.143	1.139
360	3647.197	3379.464	3802.161	3711.149	1.164	1.166	1.144
361	3742.823	3368.312	4149.891	3734.429	1.171	1.173	1.174
362	3864.811	3484.668	4200.809	3845.062	1.206	1.208	1.212
363	3866.289	3376.477	4495.192	3809.973	1.195	1.197	1.213
364	3898.841	3381.346	4445.719	3881.073	1.217	1.219	1.223
365	3794.151	3520.193	4130.285	3740.590	1.173	1.175	1.190
366	3751.226	3491.523	3964.300	3729.318	1.170	1.171	1.177
367	3878.722	3459.785	4162.295	3975.287	1.247	1.249	1.217
368	3908.392	3534.979	4245.112	3874.855	1.215	1.217	1.226
369	3782.141	3468.818	4211.988	3673.057	1.152	1.154	1.186
370	3705.817	3479.548	4138.146	3625.364	1.137	1.139	1.162
371	3766.873	3495.298	3894.279	3798.666	1.192	1.193	1.182
372	3836.972	3564.034	4190.661	3779.020	1.185	1.187	1.204
373	3877.067	3442.499	4435.163	3862.733	1.212	1.213	1.216
374	3822.756	3474.922	4155.814	3850.534	1.208	1.210	1.199
375	3826.690	3338.997	4277.189	3793.992	1.190	1.192	1.200
376	3758.667	3359.478	4239.835	3703.850	1.162	1.163	1.179
377	3586.686	3270.923	3955.758	3604.160	1.131	1.132	1.125
378	3542.469	3273.424	3813.929	3588.163	1.125	1.127	1.111
379	3630.715	3293.017	3912.595	3665.260	1.150	1.151	1.139
380	3561.681	3360.316	3763.131	3532.078	1.108	1.109	1.117
381	3572.334	3437.871	3741.390	3542.038	1.111	1.113	1.121
382	3544.227	3470.730	3634.681	3547.688	1.113	1.114	1.112
383	3489.186	3337.636	3633.085	3471.671	1.089	1.091	1.094
384	3484.563	3306.006	3701.180	3436.671	1.078	1.080	1.093
385	3454.346	3346.504	3733.128	3424.756	1.074	1.076	1.084
386	3450.464	3357.313	3555.098	3442.212	1.080	1.081	1.082
387	3491.855	3352.608	3709.780	3469.124	1.088	1.090	1.095
388	3508.313	3464.475	3586.363	3496.436	1.097	1.098	1.100
389	3467.365	3293.594	3586.327	3478.808	1.091	1.093	1.088
390	3473.612	3329.600	3620.469	3466.606	1.087	1.089	1.090
391	3538.685	3390.655	3684.875	3554.728	1.115	1.117	1.110
392	3514.480	3367.162	3748.665	3502.256	1.099	1.100	1.102
393	3448.724	3260.866	3533.394	3471.017	1.089	1.090	1.082
394	3507.190	3418.724	3640.803	3498.223	1.097	1.099	1.100
395	3523.763	3365.761	3820.201	3487.563	1.094	1.096	1.105
396	3414.629	3284.301	3516.554	3409.205	1.069	1.071	1.071
397	3433.327	3293.957	3569.393	3480.586	1.092	1.093	1.077
398	3460.757	3299.961	3640.400	3489.252	1.094	1.096	1.086
399	3480.506	3379.309	3675.883	3440.008	1.079	1.081	1.092
400	3464.516	3364.955	3570.077	3447.322	1.081	1.083	1.087
401	3468.908	3376.058	3581.400	3479.932	1.092	1.093	1.088
402	3475.239	3135.416	3624.275	3513.551	1.102	1.104	1.090
403	3448.929	3243.411	3607.488	3421.093	1.073	1.075	1.082
404	3446.668	3329.495	3625.941	3407.056	1.069	1.070	1.081
405	3448.328	3361.473	3614.819	3415.208	1.071	1.073	1.082
406	3458.169	3389.884	3517.120	3466.183	1.087	1.089	1.085
407	3372.918	3274.941	3510.422	3375.315	1.059	1.060	1.058
408	3389.511	3269.125	3516.301	3415.138	1.071	1.073	1.063
409	3439.936	3318.992	3588.894	3429.509	1.076	1.077	1.079
410	3439.488	3303.521	3696.121	3414.289	1.071	1.072	1.079
411	3446.073	3313.017	3669.187	3394.719	1.065	1.066	1.081
412	3419.745	3298.712	3565.449	3379.500	1.060	1.062	1.073
413	3429.831	3308.510	3590.383	3421.204	1.073	1.075	1.076
414	3424.630	3352.874	3506.576	3426.044	1.075	1.076	1.074
415	3377.682	3249.844	3454.326	3381.922	1.061	1.062	1.059
416	3415.451	3300.280	3567.656	3404.887	1.068	1.070	1.071
417	3413.979	3336.238	3591.207	3395.547	1.065	1.067	1.071
418	3388.429	3240.933	3477.771	3394.920	1.065	1.066	1.063
419	3406.088	3325.879	3509.013	3391.948	1.064	1.065	1.068
420	3414.516	3263.725	3569.131	3449.288	1.082	1.083	1.071
421	3443.314	3243.271	3649.484	3443.517	1.080	1.082	1.080
422	3419.021	3296.501	3674.587	3388.641	1.063	1.064	1.072
423	3376.591	3238.693	3563.748	3383.594	1.061	1.063	1.059
424	3419.812	3296.622	3530.141	3425.587	1.074	1.076	1.073
425	3415.978	3292.650	3563.109	3383.667	1.061	1.063	1.071
426	3395.895	3286.845	3514.299	3384.130	1.061	1.063	1.065
427	3370.153	3165.663	3538.378	3381.425	1.061	1.062	1.057
428	3381.254	3293.744	3472.463	3382.664	1.061	1.063	1.061
429	3432.023	3287.816	3661.999	3367.116	1.056	1.058	1.077
430	3413.362	3145.281	3581.333	3410.292	1.070	1.071	1.071
431	3437.214	3315.749	3627.626	3402.678	1.067	1.069	1.078
432	3449.585	3389.408	3627.453	3433.979	1.077	1.079	1.082
433	3363.800	3286.562	3414.621	3367.300	1.056	1.058	1.055
434	3446.789	3348.593	3559.418	3434.625	1.077	1.079	1.081
435	3414.302	3294.825	3513.886	3434.144	1.077	1.079	1.071
436	3461.001	3322.363	3586.168	3445.898	1.081	1.082	1.086
437	3427.048	3271.710	3540.713	3456.366	1.084	1.086	1.075
438	3458.793	3348.790	3576.812	3471.857	1.089	1.091	1.085
439	3465.981	3365.085	3570.363	3499.087	1.098	1.099	1.087
440	3458.913	3195.196	3650.498	3473.173	1.089	1.091	1.085
441	3484.862	3230.910	3733.269	3514.562	1.102	1.104	1.093
442	3545.009	3348.739	3818.619	3565.897	1.119	1.120	1.112
443	3505.070	3316.267	3709.443	3471.593	1.089	1.090	1.099
444	3558.097	3379.968	3873.992	3540.825	1.111	1.112	1.116
445	3507.020	3266.019	3875.628	3532.448	1.108	1.110	1.100
446	3522.486	3282.934	3880.559	3500.333	1.098	1.100	1.105
447	3544.842	3428.202	3800.093	3516.614	1.103	1.105	1.112
448	3500.914	3287.895	3824.865	3469.671	1.088	1.090	1.098
449	3431.616	3310.608	3550.453	3406.314	1.068	1.070	1.076
450	3431.037	3334.523	3502.606	3451.596	1.083	1.084	1.076
451	3543.569	3165.914	3787.544	3569.150	1.120	1.121	1.111
452	3462.726	3154.351	3673.031	3470.585	1.089	1.090	1.086
453	3463.253	3305.613	3607.294	3473.333	1.089	1.091	1.086
454	3485.235	3290.100	3734.691	3429.305	1.076	1.077	1.093
455	3415.901	3270.180	3689.020	3345.216	1.049	1.051	1.071
456	3482.844	3260.427	3725.777	3490.624	1.095	1.096	1.092
457	3473.830	3284.262	3646.211	3469.232	1.088	1.090	1.090
458	3489.548	3335.772	3735.438	3503.990	1.099	1.101	1.095
459	3483.441	3365.283	3646.354	3441.525	1.079	1.081	1.093
460	3475.591	3306.694	3703.572	3445.906	1.081	1.082	1.090
461	3492.764	3283.730	3768.054	3464.102	1.087	1.088	1.096
462	3417.041	3238.219	3574.090	3422.049	1.073	1.075	1.072
463	3406.596	3252.982	3570.021	3391.640	1.064	1.065	1.069
464	3470.515	3326.825	3581.156	3481.618	1.092	1.094	1.089
465	3441.168	3220.232	3716.741	3460.688	1.086	1.087	1.079
466	3425.840	3192.346	3634.516	3441.359	1.079	1.081	1.075
467	3417.195	3260.925	3487.321	3457.234	1.084	1.086	1.072
468	3459.329	3353.252	3534.727	3470.375	1.089	1.090	1.085
469	3452.260	3203.872	3662.225	3419.290	1.073	1.074	1.083
470	3493.121	3341.557	3812.569	3456.874	1.084	1.086	1.096
471	3484.781	3376.925	3599.766	3489.385	1.095	1.096	1.093
472	3432.648	3257.648	3608.365	3450.676	1.082	1.084	1.077
473	3454.244	3231.972	3596.698	3488.940	1.094	1.096	1.083
474	3532.017	3215.672	3845.691	3570.946	1.120	1.122	1.108
475	3478.422	3212.892	3693.267	3481.189	1.092	1.094	1.091
476	3448.856	3171.059	3749.757	3435.496	1.078	1.079	1.082
477	3430.017	3204.152	3772.515	3411.659	1.070	1.072	1.076
478	3496.016	3250.488	3748.451	3498.601	1.097	1.099	1.097
479	3463.166	3262.195	3733.137	3452.820	1.083	1.085	1.086
480	3400.094	3237.223	3642.617	3370.247	1.057	1.059	1.066
481	3478.722	3306.869	3773.260	3417.623	1.072	1.074	1.091
482	3473.662	3226.558	3809.759	3468.149	1.088	1.089	1.090
483	3509.234	3250.499	3708.447	3542.834	1.111	1.113	1.101
484	3465.649	3254.700	3630.937	3493.681	1.096	1.097	1.087
485	3425.489	3257.420	3595.455	3430.234	1.076	1.078	1.074
486	3437.373	3262.634	3596.224	3452.309	1.083	1.084	1.078
487	3516.915	3280.993	3840.559	3473.939	1.090	1.091	1.103
488	3519.251	3276.059	3839.647	3539.201	1.110	1.112	1.104
489	3594.211	3366.367	3911.509	3526.438	1.106	1.108	1.127
490	3589.465	3330.432	4047.021	3486.784	1.094	1.095	1.126
491	3629.902	3310.352	3895.852	3601.406	1.130	1.131	1.139
492	3682.662	3306.968	4129.858	3654.680	1.146	1.148	1.155
493	3716.580	3392.596	4217.844	3675.257	1.153	1.154	1.166
494	3543.318	3248.492	3848.112	3528.797	1.107	1.108	1.111
495	3520.031	3297.621	3680.239	3539.457	1.110	1.112	1.104
496	3569.082	3257.301	3698.835	3616.460	1.134	1.136	1.120
497	3603.859	3260.665	3765.572	3684.468	1.156	1.157	1.130
498	3630.438	3285.313	3929.359	3655.763	1.147	1.148	1.139
499	3673.081	3320.504	4042.079	3726.474	1.169	1.171	1.152
500	3686.637	3397.769	3998.592	3720.936	1.167	1.169	1.156
501	3612.521	3208.893	4009.632	3596.769	1.128	1.130	1.133
502	3609.021	3195.189	3951.009	3675.575	1.153	1.155	1.132
503	3566.395	3242.604	3770.833	3612.596	1.133	1.135	1.119
504	3530.180	3402.508	3674.798	3547.089	1.113	1.114	1.107
505	3574.920	3470.798	3666.193	3566.838	1.119	1.120	1.121
506	3546.581	3343.775	3782.406	3543.349	1.111	1.113	1.112
507	3566.569	3334.803	3760.235	3581.162	1.123	1.125	1.119
508	3561.787	3390.793	3792.898	3524.938	1.106	1.107	1.117
509	3534.293	3343.320	3781.073	3548.141	1.113	1.115	1.109
510	3499.428	3272.684	3785.962	3494.458	1.096	1.098	1.098
511	3486.533	3368.225	3596.943	3460.765	1.086	1.087	1.094
512	3534.665	3235.340	3840.931	3579.827	1.123	1.124	1.109
513	3536.910	3406.562	3668.255	3559.493	1.116	1.118	1.109
514	3522.562	3407.682	3633.603	3526.387	1.106	1.108	1.105
515	3511.509	3404.296	3664.374	3516.283	1.103	1.105	1.101
516	3523.655	3374.771	3713.425	3476.636	1.091	1.092	1.105
517	3502.219	3384.966	3601.494	3517.004	1.103	1.105	1.099
518	3545.555	3397.903	3702.323	3542.122	1.111	1.113	1.112
519	3593.861	3366.383	3714.237	3609.248	1.132	1.134	1.127
520	3592.334	3430.575	3744.157	3565.779	1.118	1.120	1.127
521	3536.597	3372.852	3753.151	3514.798	1.102	1.104	1.109
522	3592.733	3415.867	3710.059	3607.132	1.131	1.133	1.127
523	3530.021	3375.378	3654.768	3552.100	1.114	1.116	1.107
524	3581.859	3349.605	3764.025	3577.720	1.122	1.124	1.124
525	3640.029	3574.211	3739.321	3636.888	1.141	1.142	1.142
526	3629.339	3398.069	3803.410	3642.317	1.142	1.144	1.138
527	3714.181	3444.092	4089.062	3662.666	1.149	1.151	1.165
528	3833.424	3364.907	4494.973	3693.095	1.158	1.160	1.202
529	3819.641	3495.953	4353.695	3749.760	1.176	1.178	1.198
530	3644.262	3362.941	3946.177	3679.522	1.154	1.156	1.143
531	3616.159	3432.098	3986.744	3588.962	1.126	1.127	1.134
532	3608.822	3326.144	3831.116	3618.939	1.135	1.137	1.132
533	3546.132	3396.250	3721.806	3563.618	1.118	1.119	1.112
534	3568.060	3484.051	3703.335	3542.310	1.111	1.113	1.119
535	3683.630	3438.311	4027.520	3624.163	1.137	1.138	1.155
536	3586.716	3377.219	3761.478	3593.134	1.127	1.129	1.125
537	3561.383	3440.286	3881.896	3503.179	1.099	1.100	1.117
538	3612.075	3477.337	3853.137	3606.238	1.131	1.133	1.133
539	3565.553	3449.189	3779.773	3523.601	1.105	1.107	1.118
540	3558.400	3418.588	3668.722	3556.747	1.116	1.117	1.116
541	3518.562	3272.720	3762.634	3540.741	1.111	1.112	1.104
542	3503.234	3417.245	3613.430	3502.191	1.099	1.100	1.099
543	3527.210	3264.641	3822.722	3511.244	1.101	1.103	1.106
544	3535.720	3407.648	3754.755	3531.715	1.108	1.109	1.109
545	3585.150	3380.527	3721.859	3604.912	1.131	1.132	1.125
546	3665.964	3294.430	4079.639	3664.129	1.149	1.151	1.150
547	3667.875	3312.187	3900.115	3679.192	1.154	1.156	1.150
548	3688.117	3397.939	3991.674	3674.489	1.153	1.154	1.157
549	3720.447	3377.068	3893.301	3777.518	1.185	1.187	1.167
550	3663.106	3368.797	4154.997	3560.788	1.117	1.119	1.149
551	3691.218	3467.177	3883.094	3677.514	1.154	1.155	1.158
552	3671.591	3478.626	3879.461	3677.253	1.153	1.155	1.152
553	3793.205	3558.481	4146.298	3748.896	1.176	1.178	1.190
554	3833.381	3511.543	4398.977	3761.099	1.180	1.181	1.202
555	3918.724	3481.545	4472.926	3945.080	1.237	1.239	1.229
556	3985.186	3565.870	4457.563	3899.523	1.223	1.225	1.250
557	3771.104	3470.891	4230.284	3735.907	1.172	1.174	1.183
558	3780.776	3498.599	4067.442	3778.585	1.185	1.187	1.186
559	3829.198	3508.974	4210.110	3891.729	1.221	1.222	1.201
560	3835.352	3510.902	4193.829	3845.522	1.206	1.208	1.203
561	3864.922	3561.528	4331.962	3806.201	1.194	1.196	1.212
562	3795.929	3471.440	4170.095	3848.589	1.207	1.209	1.191
563	3759.018	3401.345	3989.484	3815.861	1.197	1.199	1.179
564	3635.696	3426.343	3920.142	3619.572	1.135	1.137	1.140
565	3705.630	3602.656	3833.473	3684.803	1.156	1.157	1.162
566	3706.893	3379.023	3968.933	3804.938	1.193	1.195	1.163
567	3812.021	3495.917	4132.162	3836.003	1.203	1.205	1.196
568	3874.002	3421.626	4253.955	3894.822	1.222	1.223	1.215
569	3864.102	3423.300	4493.421	3826.382	1.200	1.202	1.212
570	3892.000	3279.415	4640.091	3856.905	1.210	1.212	1.221
571	3759.937	3468.860	4175.216	3653.625	1.146	1.148	1.179
572	3702.338	3388.381	4009.819	3711.841	1.164	1.166	1.161
573	3617.316	3299.247	4091.188	3573.226	1.121	1.122	1.135
574	3617.292	3369.810	3833.318	3637.862	1.141	1.143	1.135
575	3593.820	3422.036	3789.785	3571.696	1.120	1.122	1.127
576	3586.783	3363.978	3909.408	3521.985	1.105	1.106	1.125
577	3606.421	3463.967	3920.922	3536.165	1.109	1.111	1.131
578	3624.757	3491.361	3870.433	3596.363	1.128	1.130	1.137
579	3592.262	3460.349	3942.595	3540.218	1.110	1.112	1.127
580	3531.372	3429.325	3750.970	3494.802	1.096	1.098	1.108
581	3514.654	3346.408	3729.840	3533.234	1.108	1.110	1.102
582	3522.829	3358.986	3756.542	3526.597	1.106	1.108	1.105
583	3542.603	3348.629	3703.862	3536.887	1.109	1.111	1.111
584	3484.515	3312.634	3671.785	3477.930	1.091	1.092	1.093
585	3509.834	3348.721	3687.840	3513.070	1.102	1.104	1.101
586	3491.432	3347.972	3690.767	3467.660	1.088	1.089	1.095
587	3557.051	3440.272	3799.579	3544.691	1.112	1.113	1.116
588	3461.086	3349.361	3589.047	3452.240	1.083	1.084	1.086
589	3509.050	3338.005	3600.094	3526.648	1.106	1.108	1.101
590	3561.422	3373.273	3786.296	3564.330	1.118	1.120	1.117
591	3546.418	3387.332	3727.704	3524.503	1.106	1.107	1.112
592	3521.721	3430.621	3624.360	3534.841	1.109	1.110	1.105
593	3534.051	3403.173	3628.667	3526.453	1.106	1.108	1.109
594	3555.884	3448.403	3660.141	3578.689	1.123	1.124	1.115
595	3520.005	3384.853	3697.246	3507.452	1.100	1.102	1.104
596	3460.462	3351.541	3527.155	3470.059	1.088	1.090	1.085
597	3444.318	3327.173	3540.893	3450.721	1.082	1.084	1.080
598	3549.498	3423.414	3736.983	3533.466	1.108	1.110	1.113
599	3503.444	3375.980	3582.230	3509.849	1.101	1.103	1.099
600	3509.645	3415.608	3623.098	3505.539	1.100	1.101	1.101
601	3591.571	3420.048	3709.009	3596.742	1.128	1.130	1.127
602	3626.329	3472.017	3764.488	3620.230	1.136	1.137	1.137
603	3619.650	3399.621	3846.625	3615.699	1.134	1.136	1.135
604	3562.803	3308.157	3774.164	3595.224	1.128	1.129	1.118
605	3674.754	3429.334	3934.262	3648.559	1.144	1.146	1.153
606	3610.013	3478.294	3835.787	3572.716	1.121	1.122	1.132
607	3568.626	3350.156	3871.926	3521.331	1.105	1.106	1.119
608	3524.457	3384.593	3645.405	3537.720	1.110	1.111	1.106
609	3552.367	3429.861	3698.515	3545.577	1.112	1.114	1.114
610	3551.791	3379.564	3788.050	3507.890	1.100	1.102	1.114
611	3548.025	3387.672	3785.279	3511.247	1.101	1.103	1.113
612	3518.314	3380.227	3658.095	3519.656	1.104	1.106	1.104
613	3498.689	3420.919	3565.548	3504.927	1.099	1.101	1.097
614	3539.026	3427.017	3720.902	3496.781	1.097	1.098	1.110
615	3574.296	3395.998	3701.914	3598.426	1.129	1.130	1.121
616	3595.812	3452.590	3808.463	3589.655	1.126	1.128	1.128
617	3549.726	3419.990	3719.500	3566.701	1.119	1.120	1.113
618	3631.303	3439.750	3820.764	3646.355	1.144	1.145	1.139
619	3645.139	3382.535	4035.674	3609.459	1.132	1.134	1.143
620	3719.581	3415.479	4105.889	3632.643	1.139	1.141	1.167
621	3783.609	3354.904	4424.386	3766.577	1.181	1.183	1.187
622	3820.742	3419.746	4309.821	3818.378	1.198	1.199	1.198
623	3797.894	3472.518	4319.638	3732.509	1.171	1.172	1.191
624	3722.301	3391.669	4270.141	3640.654	1.142	1.144	1.168
625	3757.024	3435.211	4047.193	3755.587	1.178	1.180	1.178
626	3700.956	3452.990	3946.908	3686.231	1.156	1.158	1.161
627	3803.094	3569.075	4204.711	3748.028	1.176	1.177	1.193
628	3660.092	3470.658	3765.911	3676.204	1.153	1.155	1.148
629	3666.881	3541.905	3929.451	3625.083	1.137	1.139	1.150
630	3632.338	3420.869	3872.325	3618.894	1.135	1.137	1.139
631	3651.766	3510.508	3978.100	3602.546	1.130	1.132	1.145
632	3763.932	3594.146	4092.176	3745.385	1.175	1.176	1.181
633	3784.849	3598.110	3922.403	3803.103	1.193	1.195	1.187
634	3775.302	3562.542	4258.363	3714.789	1.165	1.167	1.184
635	3758.071	3547.116	4157.903	3699.690	1.160	1.162	1.179
636	3783.652	3587.625	4023.125	3738.625	1.173	1.174	1.187
637	3816.081	3705.782	3872.714	3822.918	1.199	1.201	1.197
638	3872.540	3657.115	4118.592	3866.606	1.213	1.215	1.215
639	3828.880	3545.462	4421.530	3755.130	1.178	1.180	1.201
640	3866.785	3471.340	4320.591	3881.201	1.217	1.219	1.213
641	3867.981	3607.099	4123.722	3880.790	1.217	1.219	1.213
642	3914.104	3492.730	4162.839	4010.591	1.258	1.260	1.228
643	3838.326	3618.528	4085.573	3829.480	1.201	1.203	1.204
644	3829.718	3637.483	4218.173	3798.035	1.191	1.193	1.201
645	3956.438	3595.145	4281.380	4021.985	1.262	1.263	1.241
646	4146.912	3690.253	4603.560	4181.902	1.312	1.314	1.301
647	4258.157	3683.951	4780.108	4275.244	1.341	1.343	1.336
648	4545.161	3722.217	5152.480	4621.917	1.450	1.452	1.426
649	4584.249	3659.216	5452.769	4542.095	1.425	1.427	1.438
650	4440.909	3705.583	5284.954	4421.813	1.387	1.389	1.393
651	4444.362	3756.664	5117.107	4347.929	1.364	1.366	1.394
652	4389.804	3686.419	5041.742	4352.321	1.365	1.367	1.377
653	4328.731	3715.914	5053.764	4276.487	1.341	1.343	1.358
654	4385.554	3681.929	5163.543	4357.084	1.367	1.369	1.376
655	4436.331	3806.338	5096.878	4547.108	1.426	1.428	1.392
656	4310.978	3669.067	4586.439	4427.960	1.389	1.391	1.352
657	4077.841	3681.047	4425.019	4121.611	1.293	1.295	1.279
658	3865.564	3392.573	4327.623	3875.221	1.216	1.217	1.212
659	3780.485	3473.025	4114.068	3835.388	1.203	1.205	1.186
660	3859.552	3472.838	4244.568	3863.249	1.212	1.214	1.211
661	3922.844	3451.434	4481.002	3879.555	1.217	1.219	1.230
662	3820.153	3403.251	4326.612	3750.765	1.176	1.178	1.198
663	3942.966	3386.259	4488.384	3918.132	1.229	1.231	1.237
664	3954.643	3425.041	4463.476	4067.167	1.276	1.278	1.240
665	3940.336	3471.158	4436.136	3950.141	1.239	1.241	1.236
666	3918.179	3465.435	4382.335	3943.007	1.237	1.239	1.229
667	3917.226	3439.668	4475.589	3936.149	1.235	1.236	1.229
668	3882.050	3433.510	4310.716	3896.907	1.222	1.224	1.218
669	3815.572	3496.336	4081.510	3878.445	1.217	1.218	1.197
670	3882.761	3581.259	4140.028	3934.757	1.234	1.236	1.218
671	4036.342	3566.339	4373.520	4044.862	1.269	1.271	1.266
672	4302.725	3570.165	4883.645	4256.282	1.335	1.337	1.350
673	4275.813	3433.873	5078.760	4240.710	1.330	1.332	1.341
674	4178.066	3510.742	4900.216	4199.043	1.317	1.319	1.311
675	3984.512	3680.467	4390.903	4004.905	1.256	1.258	1.250
676	3944.465	3403.262	4338.831	4050.315	1.270	1.272	1.237
677	3854.660	3279.019	4265.894	3898.694	1.223	1.225	1.209
678	3758.519	3322.032	4032.769	3775.487	1.184	1.186	1.179
679	3753.122	3272.551	4026.100	3786.144	1.188	1.189	1.177
680	3679.973	3320.450	4014.412	3767.791	1.182	1.184	1.154
681	3851.460	3365.550	4349.451	3837.353	1.204	1.205	1.208
682	3832.572	3299.959	4297.849	3917.421	1.229	1.231	1.202
683	3858.181	3493.255	4266.945	3829.402	1.201	1.203	1.210
684	3855.663	3574.969	4250.550	3853.521	1.209	1.210	1.209
685	3792.745	3393.161	4167.974	3856.100	1.210	1.211	1.190
686	3886.960	3459.328	4128.123	3975.561	1.247	1.249	1.219
687	4003.547	3639.533	4302.248	4023.342	1.262	1.264	1.256
688	4034.196	3565.846	4359.042	4074.030	1.278	1.280	1.265
689	4213.913	3549.942	4806.817	4371.642	1.371	1.373	1.322
690	4305.447	3518.481	5114.703	4375.496	1.372	1.374	1.350
691	4162.410	3569.359	5036.185	4098.988	1.286	1.288	1.306
692	4229.118	3712.547	5399.068	4126.608	1.294	1.296	1.327
693	4210.004	3538.869	5034.394	4223.217	1.325	1.327	1.321
694	4034.138	3527.201	4688.597	3958.296	1.242	1.243	1.265
695	3861.088	3520.616	4397.583	3812.097	1.196	1.197	1.211
696	3883.464	3562.325	4257.800	3849.540	1.207	1.209	1.218
697	3831.506	3490.088	4222.783	3775.492	1.184	1.186	1.202
698	3781.736	3487.434	4021.137	3788.161	1.188	1.190	1.186
699	3912.460	3654.529	4198.889	3885.069	1.219	1.220	1.227
700	3956.590	3607.487	4274.235	3938.839	1.235	1.237	1.241
701	4000.136	3597.154	4654.216	3966.308	1.244	1.246	1.255
702	4137.621	3562.434	4623.714	4207.433	1.320	1.322	1.298
703	4299.640	3687.404	5018.747	4183.125	1.312	1.314	1.349
704	4311.208	3677.079	4894.164	4349.417	1.364	1.366	1.352
705	4315.122	3773.478	4806.585	4337.027	1.360	1.362	1.354
706	4404.639	3843.063	5452.065	4328.254	1.358	1.360	1.382
707	4326.608	3670.090	4976.706	4331.107	1.359	1.360	1.357
708	4307.658	3822.601	4826.331	4292.538	1.346	1.348	1.351
709	4228.028	3757.949	5040.047	4126.111	1.294	1.296	1.326
710	4273.037	3735.137	4988.571	4257.745	1.336	1.337	1.340
711	4317.299	3655.588	5244.142	4164.140	1.306	1.308	1.354
712	4532.259	3566.431	5572.066	4391.192	1.377	1.379	1.422
713	4475.692	3815.382	5320.052	4270.965	1.340	1.342	1.404
714	4409.729	3803.758	5051.319	4258.924	1.336	1.338	1.383
715	4438.656	3793.293	5211.604	4247.363	1.332	1.334	1.392
716	4267.343	3666.417	4838.751	4310.261	1.352	1.354	1.339
717	4381.507	3609.746	5136.495	4336.941	1.360	1.362	1.374
718	4500.304	3922.979	5466.727	4332.704	1.359	1.361	1.412
719	4984.722	3798.631	6846.527	5000.438	1.568	1.571	1.564
720	5167.443	3790.192	7042.817	5194.164	1.629	1.632	1.621
721	5195.542	3784.439	6769.051	5256.306	1.649	1.651	1.630
722	5045.105	3767.533	6621.838	4795.110	1.504	1.506	1.582
723	4913.320	3962.750	6147.186	4599.156	1.443	1.445	1.541
724	4672.495	3826.601	5581.690	4526.400	1.420	1.422	1.466
725	4516.521	3674.280	5181.714	4696.080	1.473	1.475	1.417
726	4392.803	3675.118	4974.423	4441.711	1.393	1.395	1.378
727	4260.986	3577.013	4787.594	4247.473	1.332	1.334	1.337
728	4108.027	3431.365	4677.226	4259.189	1.336	1.338	1.289
729	4138.911	3505.971	4876.836	4081.776	1.280	1.282	1.298
730	4109.021	3533.840	4848.723	4047.690	1.270	1.271	1.289
731	4132.406	3533.875	4754.310	4152.350	1.302	1.304	1.296
732	4249.565	3609.525	5335.502	4128.351	1.295	1.297	1.333
733	4452.511	3582.800	5750.366	4430.746	1.390	1.392	1.397
734	4327.067	3556.321	5430.697	4423.247	1.387	1.389	1.357
735	4315.735	3658.355	5495.326	4263.498	1.337	1.339	1.354
736	4199.521	3586.601	4978.984	4256.022	1.335	1.337	1.317
737	4038.022	3522.390	4692.633	3969.982	1.245	1.247	1.267
738	3972.826	3511.500	4547.661	3968.664	1.245	1.247	1.246
739	4195.713	3559.802	4900.042	4150.423	1.302	1.304	1.316
740	4102.937	3602.799	4853.690	4096.587	1.285	1.287	1.287
741	3956.242	3548.443	4650.245	3762.635	1.180	1.182	1.241
742	3983.616	3479.381	5130.708	3793.496	1.190	1.192	1.250
743	3947.815	3543.396	4577.349	3873.780	1.215	1.217	1.238
744	4006.598	3616.166	4545.080	3912.514	1.227	1.229	1.257
745	4117.016	3564.940	4968.710	3955.075	1.241	1.242	1.291
746	4046.872	3457.468	5210.735	3790.526	1.189	1.191	1.269
747	4015.471	3537.096	4659.386	3889.745	1.220	1.222	1.260
748	3847.429	3390.497	4381.090	3830.784	1.202	1.203	1.207
749	3814.566	3563.463	4337.008	3674.145	1.152	1.154	1.197
750	3770.817	3601.826	4065.581	3689.609	1.157	1.159	1.183
751	3685.551	3531.160	3880.087	3692.453	1.158	1.160	1.156
752	3635.210	3464.618	3744.935	3665.568	1.150	1.151	1.140
753	3625.567	3395.310	3774.804	3623.656	1.137	1.138	1.137
754	3738.586	3540.871	4063.708	3717.178	1.166	1.168	1.173
755	3748.723	3423.339	4023.583	3741.620	1.174	1.175	1.176
756	3679.613	3420.843	4030.956	3588.287	1.126	1.127	1.154
757	3746.752	3474.072	4099.199	3650.319	1.145	1.147	1.175
758	3756.187	3442.155	4105.255	3738.574	1.173	1.174	1.178
759	3703.721	3415.260	3918.744	3719.770	1.167	1.168	1.162
760	3797.786	3379.506	4178.750	3853.611	1.209	1.210	1.191
761	3818.610	3394.932	4375.197	3755.457	1.178	1.180	1.198
762	3825.338	3498.620	4063.705	3825.472	1.200	1.202	1.200
763	3657.341	3370.489	3960.179	3645.787	1.144	1.145	1.147
764	3785.726	3544.335	4132.820	3681.678	1.155	1.156	1.187
765	3783.545	3486.586	4043.255	3810.562	1.195	1.197	1.187
766	3706.626	3498.551	3921.575	3676.403	1.153	1.155	1.163
767	3793.553	3435.505	4301.976	3686.937	1.156	1.158	1.190
768	3859.386	3527.257	4316.095	3804.896	1.193	1.195	1.211
769	3837.431	3447.764	4302.229	3728.036	1.169	1.171	1.204
770	3815.920	3355.879	4497.819	3607.404	1.132	1.133	1.197
771	3927.597	3432.935	4727.416	3792.971	1.190	1.191	1.232
772	3866.886	3453.047	4518.141	3808.404	1.195	1.196	1.213
773	3965.526	3522.131	4604.698	3818.894	1.198	1.200	1.244
774	3926.201	3496.488	4358.278	3877.350	1.216	1.218	1.232
775	3900.958	3480.278	4329.748	3875.277	1.216	1.217	1.224
776	3809.358	3435.935	4293.790	3763.070	1.180	1.182	1.195
777	3774.234	3500.993	4174.567	3787.633	1.188	1.190	1.184
778	3817.300	3619.853	4160.580	3738.008	1.172	1.174	1.197
779	3815.014	3449.054	4254.750	3782.561	1.186	1.188	1.197
780	3879.699	3408.291	4313.783	3783.819	1.187	1.189	1.217
781	3884.441	3464.359	4444.855	3684.021	1.156	1.157	1.218
782	3923.324	3543.692	4564.442	3713.591	1.165	1.167	1.231
783	3925.433	3408.805	4753.647	3780.320	1.186	1.187	1.231
784	3908.744	3492.443	4560.712	3751.956	1.177	1.179	1.226
785	4013.626	3486.684	4683.960	3879.324	1.217	1.219	1.259
786	3905.638	3613.238	4384.084	3811.361	1.195	1.197	1.225
787	3819.469	3457.589	4355.272	3771.000	1.183	1.185	1.198
788	3751.665	3443.787	4088.591	3743.899	1.174	1.176	1.177
789	3800.824	3476.261	4042.993	3848.215	1.207	1.209	1.192
790	3826.287	3410.156	4092.805	3836.221	1.203	1.205	1.200
791	3950.550	3577.039	4369.784	3967.289	1.244	1.246	1.239
792	4036.351	3523.713	4609.285	4022.288	1.262	1.263	1.266
793	4007.195	3489.989	4629.324	3849.058	1.207	1.209	1.257
794	3909.529	3504.122	4514.390	3767.503	1.182	1.183	1.226
795	3981.912	3640.337	4485.790	3924.574	1.231	1.233	1.249
796	3978.160	3537.495	4331.746	3951.777	1.240	1.241	1.248
797	4169.466	3587.096	4569.802	4256.481	1.335	1.337	1.308
798	4209.317	3594.979	4728.833	4316.608	1.354	1.356	1.320
799	4295.000	3461.221	4892.415	4466.834	1.401	1.403	1.347
800	4384.299	3737.422	4967.678	4407.745	1.383	1.385	1.375
801	4451.003	3820.673	5024.144	4331.675	1.359	1.361	1.396
802	4593.511	3920.293	5711.658	4232.291	1.328	1.329	1.441
803	4531.309	3741.912	5692.602	4246.413	1.332	1.334	1.421
804	4445.214	3848.485	5363.385	4447.543	1.395	1.397	1.394
805	4357.376	3979.247	5073.581	4300.281	1.349	1.351	1.367
806	4261.232	3931.532	4702.943	4219.573	1.324	1.325	1.337
807	4458.718	3861.470	4804.638	4570.208	1.434	1.436	1.399
808	4614.558	4014.447	5320.363	4747.208	1.489	1.491	1.447
809	4861.493	3982.135	6103.161	4898.572	1.537	1.539	1.525
810	4860.282	3732.870	6005.043	4947.594	1.552	1.554	1.525
811	4780.746	3717.969	5681.382	4856.523	1.523	1.526	1.500
812	4415.153	3727.527	5438.771	4280.479	1.343	1.345	1.385
813	4250.141	3667.166	4825.156	4269.057	1.339	1.341	1.333
814	4091.635	3659.839	4422.767	4062.932	1.274	1.276	1.283
815	4133.170	3633.807	4472.901	4249.729	1.333	1.335	1.296
816	4292.390	3577.859	4832.026	4341.648	1.362	1.364	1.346
817	4471.893	3849.678	5082.689	4411.704	1.384	1.386	1.403
818	4413.713	4005.399	4983.174	4349.024	1.364	1.366	1.384
819	4380.467	3746.722	4967.195	4332.917	1.359	1.361	1.374
820	4258.621	3765.536	4922.632	4207.139	1.320	1.322	1.336
821	4230.380	3898.317	4852.020	4228.148	1.326	1.328	1.327
822	4465.043	3660.166	5050.368	4533.936	1.422	1.424	1.401
823	4625.572	3845.202	5389.204	4706.886	1.476	1.479	1.451
824	4572.654	3834.412	5124.569	4657.036	1.461	1.463	1.434
825	4402.571	3929.021	4687.697	4457.303	1.398	1.400	1.381
826	4282.139	3865.166	4764.814	4230.458	1.327	1.329	1.343
827	4332.058	3746.048	5013.365	4304.863	1.350	1.352	1.359
828	4308.041	3852.665	4819.705	4214.764	1.322	1.324	1.351
829	4258.643	3837.405	4626.384	4293.615	1.347	1.349	1.336
830	4514.565	4073.111	4735.693	4543.865	1.425	1.427	1.416
831	4557.756	4100.599	4863.613	4673.220	1.466	1.468	1.430
832	4421.490	3819.816	4718.210	4475.305	1.404	1.406	1.387
833	4549.241	3967.936	4876.188	4719.462	1.480	1.482	1.427
834	4725.819	4044.701	5121.237	4825.003	1.513	1.516	1.482
835	4870.270	3901.894	5536.958	4996.042	1.567	1.569	1.528
836	4677.758	3798.596	5374.158	4778.773	1.499	1.501	1.467
837	4521.402	3725.658	5063.488	4737.729	1.486	1.488	1.418
838	4444.481	3538.050	5242.357	4452.351	1.397	1.399	1.394
839	4346.610	3670.064	5250.136	4307.356	1.351	1.353	1.363
840	4298.910	3774.353	4610.865	4389.232	1.377	1.379	1.348
841	4337.201	3535.399	4935.708	4353.563	1.366	1.368	1.360
842	4502.494	3651.697	5233.486	4422.010	1.387	1.389	1.412
843	4568.796	3858.581	5055.249	4721.911	1.481	1.483	1.433
844	4576.683	3870.376	5188.540	4543.852	1.425	1.427	1.436
845	4524.298	3848.579	5161.924	4473.577	1.403	1.405	1.419
846	4396.599	3736.172	4846.316	4443.223	1.394	1.396	1.379
847	4333.607	3794.457	4798.332	4326.543	1.357	1.359	1.359
848	4382.074	4003.686	4682.486	4464.980	1.401	1.403	1.375
849	4287.252	4040.102	4669.517	4200.139	1.317	1.319	1.345
850	4603.695	3985.822	5479.054	4517.521	1.417	1.419	1.444
851	4701.635	4143.651	5572.551	4489.824	1.408	1.410	1.475
852	4754.989	4044.821	5675.481	4703.953	1.475	1.478	1.491
853	5008.198	4114.331	6145.839	5016.690	1.574	1.576	1.571
854	4853.154	4039.706	6024.787	4726.229	1.482	1.485	1.522
855	4792.092	4058.929	5747.800	4631.296	1.453	1.455	1.503
856	4674.790	3988.423	5480.780	4628.090	1.452	1.454	1.466
857	4575.921	4025.627	5315.736	4489.970	1.408	1.410	1.435
858	4559.567	3940.580	5008.527	4578.666	1.436	1.438	1.430
859	4580.498	3961.625	5012.584	4630.886	1.453	1.455	1.437
860	4595.253	3960.367	5076.986	4609.323	1.446	1.448	1.441
861	4574.403	3703.498	5246.935	4621.856	1.450	1.452	1.435
862	4640.834	3862.134	5205.880	4676.730	1.467	1.469	1.456
863	4878.958	4118.045	5647.481	4829.693	1.515	1.517	1.530
864	4999.277	3967.771	5988.080	4883.571	1.532	1.534	1.568
865	4951.792	3929.922	6270.220	4707.703	1.477	1.479	1.553
866	4939.718	3608.608	5998.034	4930.848	1.547	1.549	1.549
867	4880.314	3901.351	6197.533	4800.703	1.506	1.508	1.531
868	4844.530	3805.383	6033.453	4631.530	1.453	1.455	1.520
869	4751.337	3680.652	5957.680	4669.974	1.465	1.467	1.490
870	4726.079	3638.131	5867.083	4653.465	1.460	1.462	1.482
871	4588.299	3601.964	5524.562	4683.980	1.469	1.471	1.439
872	4871.194	3643.761	6247.662	4888.042	1.533	1.535	1.528
873	4837.144	3760.257	5935.767	4838.424	1.518	1.520	1.517
874	4652.932	3563.488	5711.047	4600.938	1.443	1.445	1.459
875	4503.392	3518.435	5583.147	4516.382	1.417	1.419	1.413
876	4462.113	3571.522	5504.024	4482.869	1.406	1.408	1.400
877	4395.971	3508.558	5800.876	4249.289	1.333	1.335	1.379
878	4250.578	3440.374	5828.481	4061.800	1.274	1.276	1.333
879	4192.398	3536.634	4912.430	4082.789	1.281	1.282	1.315
880	4126.413	3457.264	4737.775	4222.506	1.324	1.326	1.294
881	4092.355	3387.615	4819.419	3994.445	1.253	1.255	1.284
882	4108.825	3312.907	4861.506	4111.945	1.290	1.292	1.289
883	4040.645	3465.559	4518.991	4099.882	1.286	1.288	1.267
884	4147.544	3554.246	4788.126	4153.523	1.303	1.305	1.301
885	4151.733	3547.896	5026.156	4097.123	1.285	1.287	1.302
886	4097.090	3551.225	4660.922	4066.484	1.276	1.277	1.285
887	4034.037	3432.569	4794.021	4060.412	1.274	1.275	1.265
888	4035.538	3338.771	4890.437	3930.927	1.233	1.235	1.266
889	4300.235	3473.584	5316.130	4225.812	1.325	1.327	1.349
890	4394.385	3455.859	5562.312	4153.072	1.303	1.305	1.378
891	4555.601	3468.567	5818.318	4175.147	1.310	1.311	1.429
892	4431.552	3403.292	5947.486	4102.473	1.287	1.289	1.390
893	4451.030	3430.453	5929.234	4274.421	1.341	1.343	1.396
894	4317.870	3521.233	5819.604	3970.620	1.245	1.247	1.354
895	4284.383	3669.594	5137.952	3973.177	1.246	1.248	1.344
896	4470.524	3483.017	5385.435	4244.039	1.331	1.333	1.402
897	4599.757	3406.982	5978.896	4374.192	1.372	1.374	1.443
898	4542.314	3480.221	5671.132	4604.524	1.444	1.446	1.425
899	4316.961	3360.537	5683.606	4099.604	1.286	1.288	1.354
900	4300.181	3549.218	5816.970	3907.295	1.226	1.227	1.349
901	4337.893	3558.168	5195.941	4070.885	1.277	1.279	1.361
902	4382.647	3475.297	5519.682	4106.252	1.288	1.290	1.375
903	4249.214	3481.445	5406.144	3991.798	1.252	1.254	1.333
904	4162.970	3345.816	5026.345	4052.711	1.271	1.273	1.306
905	4125.567	3417.860	4923.663	4074.304	1.278	1.280	1.294
906	4336.802	3550.062	5443.531	4297.012	1.348	1.350	1.360
907	4311.532	3596.666	5330.173	4248.437	1.333	1.335	1.352
908	4326.203	3531.397	5464.720	4214.487	1.322	1.324	1.357
909	4075.081	3582.567	4746.308	3995.448	1.253	1.255	1.278
910	3915.498	3478.118	4392.223	3749.040	1.176	1.178	1.228
911	3816.651	3414.977	4161.687	3858.856	1.210	1.212	1.197
912	3958.333	3457.413	4350.518	4067.908	1.276	1.278	1.242
913	3992.570	3499.015	4441.550	4022.375	1.262	1.264	1.252
914	4018.102	3625.533	4540.825	4021.360	1.261	1.263	1.260
915	4136.637	3601.266	4645.890	4207.421	1.320	1.322	1.298
916	4290.252	3517.412	5010.323	4376.095	1.373	1.375	1.346
917	4431.517	3512.617	5305.829	4529.574	1.421	1.423	1.390
918	4249.061	3511.868	4802.628	4372.745	1.372	1.374	1.333
919	4362.965	3489.087	4835.188	4567.169	1.433	1.435	1.369
920	4397.651	3548.826	5016.751	4513.428	1.416	1.418	1.379
921	4358.828	3687.937	4877.302	4393.692	1.378	1.380	1.367
922	4501.435	3715.780	5012.264	4518.144	1.417	1.419	1.412
923	4375.710	3489.654	4894.210	4541.887	1.425	1.427	1.373
924	4227.964	3486.695	4808.014	4351.521	1.365	1.367	1.326
925	4063.617	3518.524	4774.054	4025.979	1.263	1.265	1.275
926	4036.753	3407.651	4729.261	3908.640	1.226	1.228	1.266
927	4057.871	3448.829	4652.319	3981.801	1.249	1.251	1.273
928	4200.780	3473.917	5144.276	4032.583	1.265	1.267	1.318
929	4379.416	3460.236	5342.037	4218.641	1.323	1.325	1.374
930	4248.460	3444.997	5105.799	4107.670	1.288	1.290	1.333
931	4130.044	3427.604	5095.713	4133.215	1.296	1.298	1.295
932	4169.797	3371.565	5251.775	4157.226	1.304	1.306	1.308
933	4090.659	3393.552	5082.812	3947.974	1.238	1.240	1.283
934	4105.445	3365.876	4957.172	3883.958	1.218	1.220	1.288
935	4004.817	3337.327	4679.549	3878.496	1.217	1.218	1.256
936	4002.959	3336.831	4679.987	3958.512	1.242	1.243	1.256
937	3946.271	3400.939	4877.183	3741.695	1.174	1.175	1.238
938	3948.338	3372.887	4758.176	3753.047	1.177	1.179	1.238
939	4012.762	3462.325	4666.441	3863.180	1.212	1.214	1.259
940	3958.923	3487.976	4428.785	3936.486	1.235	1.237	1.242
941	3913.719	3522.182	4726.890	3840.354	1.205	1.206	1.228
942	3978.869	3433.403	5231.417	3708.455	1.163	1.165	1.248
943	3963.079	3426.032	5009.015	3717.536	1.166	1.168	1.243
944	4032.909	3520.885	4914.980	3863.762	1.212	1.214	1.265
945	4131.865	3490.253	4976.136	3976.536	1.247	1.249	1.296
946	4209.591	3597.058	5244.891	4039.710	1.267	1.269	1.320
947	4154.045	3387.340	5354.665	3942.235	1.237	1.238	1.303
948	3943.434	3416.079	4657.326	3813.096	1.196	1.198	1.237
949	3967.264	3405.636	4866.984	3717.017	1.166	1.168	1.244
950	3864.631	3418.180	4709.883	3655.664	1.147	1.148	1.212
951	4084.599	3329.885	5221.286	3881.033	1.217	1.219	1.281
952	4187.962	3388.158	5559.731	4099.751	1.286	1.288	1.314
953	4153.019	3361.195	5512.839	4033.685	1.265	1.267	1.303
954	4045.604	3365.324	5314.615	3808.262	1.195	1.196	1.269
955	3900.480	3295.297	4724.080	3812.663	1.196	1.198	1.223
956	3834.070	3238.236	4718.479	3630.231	1.139	1.140	1.203
957	3936.838	3396.290	5032.095	3763.397	1.180	1.182	1.235
958	3956.773	3402.349	4981.021	3818.706	1.198	1.200	1.241
959	3858.977	3426.288	4782.945	3848.637	1.207	1.209	1.210
960	3806.413	3455.278	4452.733	3723.502	1.168	1.170	1.194
961	3937.110	3554.248	4545.497	3833.792	1.203	1.204	1.235
962	4000.804	3416.756	4865.488	3886.436	1.219	1.221	1.255
963	4073.086	3487.282	4738.729	4060.409	1.274	1.275	1.278
964	4085.533	3473.956	4842.026	3971.978	1.246	1.248	1.281
965	4239.398	3656.860	4983.315	4088.410	1.282	1.284	1.330
966	4232.079	3484.002	4737.932	4296.865	1.348	1.350	1.327
967	4123.741	3529.500	4548.022	4295.560	1.347	1.349	1.293
968	4214.379	3530.073	4661.136	4330.765	1.358	1.360	1.322
969	4087.865	3473.338	4416.734	4195.940	1.316	1.318	1.282
970	4146.742	3501.325	4641.061	4275.229	1.341	1.343	1.301
971	4073.585	3380.915	4579.358	4225.626	1.325	1.327	1.278
972	4115.234	3534.639	4527.439	4140.371	1.299	1.301	1.291
973	4101.286	3599.482	4705.535	4056.716	1.272	1.274	1.286
974	4181.846	3672.321	4701.208	4277.558	1.342	1.344	1.312
975	4226.773	3687.848	4716.361	4241.861	1.331	1.332	1.326
976	4170.095	3708.574	4588.685	4195.753	1.316	1.318	1.308
977	4150.637	3754.200	4439.729	4229.990	1.327	1.329	1.302
978	4120.564	3714.198	4445.367	4159.360	1.305	1.307	1.292
979	4115.575	3589.621	4665.859	4119.574	1.292	1.294	1.291
980	4073.728	3642.473	4471.910	4119.255	1.292	1.294	1.278
981	4000.403	3680.476	4303.499	3991.449	1.252	1.254	1.255
982	3918.430	3651.802	4164.383	3874.549	1.215	1.217	1.229
983	3900.423	3481.126	4264.640	3904.144	1.225	1.226	1.223
984	3866.004	3583.172	4199.909	3884.233	1.218	1.220	1.213
985	3789.016	3373.881	4016.818	3868.419	1.213	1.215	1.188
986	3914.963	3616.719	4159.238	3920.853	1.230	1.232	1.228
987	3991.401	3627.248	4357.293	3999.643	1.255	1.256	1.252
988	3955.039	3494.607	4307.451	3948.053	1.238	1.240	1.241
989	3993.385	3613.375	4412.698	3978.399	1.248	1.250	1.253
990	3945.283	3641.460	4305.149	3962.458	1.243	1.245	1.238
991	3911.677	3646.406	4215.907	3931.174	1.233	1.235	1.227
992	3965.951	3617.716	4354.363	3918.713	1.229	1.231	1.244
993	4017.466	3528.828	4435.805	3945.979	1.238	1.240	1.260
994	4053.987	3637.781	4654.461	3815.438	1.197	1.199	1.272
995	4239.671	3705.520	4920.538	4249.059	1.333	1.335	1.330
996	4263.550	3522.514	4874.782	4145.473	1.300	1.302	1.337
997	4191.018	3536.049	4820.921	4091.068	1.283	1.285	1.315
998	4121.292	3532.338	4724.176	4150.132	1.302	1.304	1.293
999	4085.513	3528.191	4643.589	4098.082	1.285	1.287	1.281
1000	4229.738	3692.082	4930.855	4048.620	1.270	1.272	1.327
1001	4212.431	3492.743	5015.509	4043.048	1.268	1.270	1.321
1002	4194.282	3439.212	4870.081	4145.398	1.300	1.302	1.316
1003	4088.024	3510.595	4692.786	4049.367	1.270	1.272	1.282
1004	3929.892	3567.396	4278.124	3927.969	1.232	1.234	1.233
1005	3913.321	3372.243	4494.933	3971.541	1.246	1.248	1.227
1006	3956.899	3464.874	4461.792	4022.385	1.262	1.264	1.241
1007	3975.800	3470.694	4305.152	4057.808	1.273	1.275	1.247
1008	4159.072	3533.461	4637.320	4150.835	1.302	1.304	1.305
1009	4316.092	3621.012	4767.857	4436.547	1.392	1.394	1.354
1010	4400.191	3656.913	5081.090	4537.302	1.423	1.425	1.380
1011	4412.157	3612.066	5007.219	4643.604	1.457	1.459	1.384
1012	4272.799	3451.463	4929.731	4360.020	1.368	1.370	1.340
1013	4307.870	3490.833	4935.849	4380.869	1.374	1.376	1.351
1014	4328.683	3342.661	5343.506	4187.177	1.313	1.315	1.358
1015	4439.632	3381.685	5608.638	4262.654	1.337	1.339	1.393
1016	4625.495	3565.125	6081.316	4348.377	1.364	1.366	1.451
1017	4703.843	3510.263	6659.121	4207.097	1.320	1.322	1.475
1018	4603.949	3641.990	5940.923	4254.354	1.334	1.336	1.444
1019	4421.513	3586.994	5108.511	4484.841	1.407	1.409	1.387
1020	4349.300	3708.840	5077.194	4316.414	1.354	1.356	1.364
1021	4223.649	3570.186	5107.298	4213.982	1.322	1.324	1.325
1022	4113.839	3486.185	4820.443	4063.859	1.275	1.277	1.290
1023	4280.844	3633.444	4694.695	4297.532	1.348	1.350	1.343
1024	4322.347	3499.157	4916.583	4488.627	1.408	1.410	1.356
1025	4325.047	3510.923	4980.635	4267.740	1.339	1.341	1.357
1026	4314.868	3717.634	4913.430	4348.729	1.364	1.366	1.353
1027	4286.022	3828.290	4593.796	4371.068	1.371	1.373	1.344
1028	4505.690	3841.409	4961.889	4536.233	1.423	1.425	1.413
1029	4498.247	3960.974	5174.820	4489.168	1.408	1.410	1.411
1030	4518.171	4033.627	5152.984	4505.345	1.413	1.415	1.417
1031	4620.910	4105.414	5222.232	4540.896	1.424	1.426	1.449
1032	4654.137	4067.806	5168.030	4688.706	1.471	1.473	1.460
1033	4809.591	4127.924	5803.071	4720.445	1.481	1.483	1.509
1034	4811.556	3932.199	5783.413	4926.491	1.545	1.548	1.509
1035	4683.743	4024.600	5316.853	4706.922	1.476	1.479	1.469
1036	4654.460	4123.650	5107.277	4662.639	1.463	1.465	1.460
1037	4477.649	4090.741	4787.822	4481.027	1.406	1.408	1.404
1038	4618.401	4237.916	4970.254	4557.294	1.429	1.432	1.449
1039	4777.554	4052.388	5433.573	4780.417	1.499	1.502	1.499
1040	4571.671	3877.401	5193.457	4644.012	1.457	1.459	1.434
1041	4417.871	3781.355	4945.330	4463.349	1.400	1.402	1.386
1042	4820.847	3837.978	5970.430	4734.326	1.485	1.487	1.512
1043	4623.095	3763.122	5383.997	4487.242	1.407	1.410	1.450
1044	4546.906	3824.979	5260.440	4403.889	1.381	1.383	1.426
1045	4512.808	3830.522	5255.364	4499.122	1.411	1.413	1.416
1046	4501.994	3816.541	5542.619	4358.950	1.367	1.369	1.412
1047	4473.921	3912.575	5311.604	4504.043	1.413	1.415	1.403
1048	4533.735	3859.230	5156.981	4515.907	1.416	1.419	1.422
1049	4379.718	3829.860	4989.003	4475.191	1.404	1.406	1.374
1050	4413.199	3771.472	5183.624	4446.114	1.395	1.397	1.384
1051	4338.174	3707.680	4888.706	4332.236	1.359	1.361	1.361
1052	4354.849	4001.635	4730.438	4269.562	1.339	1.341	1.366
1053	4466.093	3754.578	5015.128	4401.540	1.381	1.383	1.401
1054	4686.445	3701.114	5398.837	4641.222	1.456	1.458	1.470
1055	4813.149	3902.104	5451.174	4793.592	1.504	1.506	1.510
1056	4842.324	4032.789	5632.589	4983.913	1.563	1.566	1.519
1057	4996.237	4083.641	5682.277	5147.060	1.614	1.617	1.567
1058	5133.241	4005.813	6033.148	5299.209	1.662	1.665	1.610
1059	5001.371	4083.302	5621.836	5196.668	1.630	1.632	1.569
1060	4592.741	3799.800	5081.630	4841.193	1.519	1.521	1.441
1061	4451.705	3750.597	4956.372	4494.980	1.410	1.412	1.396
1062	4483.991	3837.754	5053.751	4434.679	1.391	1.393	1.406
1063	4578.037	3957.910	5228.614	4504.063	1.413	1.415	1.436
1064	4619.431	3973.779	5284.853	4597.525	1.442	1.444	1.449
1065	4445.495	3915.489	4948.993	4541.623	1.425	1.427	1.394
1066	4545.473	3897.370	4914.128	4621.394	1.450	1.452	1.426
1067	4633.451	3904.610	5103.440	4595.900	1.442	1.444	1.453
1068	4634.858	3980.329	5156.054	4566.479	1.432	1.434	1.454
1069	4603.562	3998.373	4991.864	4611.795	1.447	1.449	1.444
1070	4543.859	4180.712	5017.846	4487.032	1.407	1.409	1.425
1071	4592.005	4167.643	4823.928	4661.488	1.462	1.464	1.440
1072	4683.631	4316.868	5143.054	4632.870	1.453	1.455	1.469
1073	4737.800	4513.902	5106.551	4737.161	1.486	1.488	1.486
1074	4784.222	4377.375	5411.390	4705.816	1.476	1.478	1.501
1075	4901.717	4445.551	5449.260	4843.508	1.519	1.521	1.538
1076	4938.561	4235.943	5618.706	4914.833	1.542	1.544	1.549
1077	5005.226	4379.160	5631.483	5006.338	1.570	1.573	1.570
1078	4992.849	4251.500	5467.473	5153.091	1.616	1.619	1.566
1079	4866.211	4418.248	5266.813	4895.434	1.536	1.538	1.526
1080	4791.524	4429.151	5082.008	4823.678	1.513	1.515	1.503
1081	4704.265	4215.931	5108.112	4753.006	1.491	1.493	1.476
1082	4775.745	4227.999	5045.295	4919.833	1.543	1.545	1.498
1083	4893.047	4443.499	5612.285	4777.755	1.499	1.501	1.535
1084	4957.144	4737.442	5137.816	4986.536	1.564	1.566	1.555
1085	5047.704	4621.934	5298.625	5084.110	1.595	1.597	1.583
1086	5064.792	4872.432	5259.647	5062.828	1.588	1.590	1.589
1087	5068.442	4614.575	5507.567	5013.228	1.572	1.575	1.590
1088	4864.866	4503.827	5234.821	4797.071	1.505	1.507	1.526
1089	4644.901	4310.204	5077.273	4605.644	1.445	1.447	1.457
1090	4766.639	4574.414	5157.198	4638.518	1.455	1.457	1.495
1091	4819.731	4535.837	5301.085	4741.179	1.487	1.489	1.512
1092	4906.756	4355.716	5439.207	4867.100	1.527	1.529	1.539
1093	5195.126	4819.965	5618.601	5147.159	1.614	1.617	1.630
1094	5313.867	5102.278	5648.091	5299.747	1.662	1.665	1.667
1095	5162.491	4448.672	5868.728	5096.078	1.598	1.601	1.619
1096	5065.439	4427.007	5570.327	5109.726	1.603	1.605	1.589
1097	4836.610	4248.307	5904.230	4824.216	1.513	1.515	1.517
1098	4737.521	4290.403	5256.479	4706.679	1.476	1.478	1.486
1099	4838.308	4422.320	5199.891	4871.912	1.528	1.530	1.518
1100	4872.220	4230.318	5578.266	4746.351	1.489	1.491	1.528
1101	5230.867	4303.724	6143.655	5261.044	1.650	1.653	1.641
1102	5149.793	4477.091	5737.199	5177.175	1.624	1.626	1.615
1103	5052.569	4546.161	5629.023	5051.827	1.585	1.587	1.585
1104	4940.434	4440.402	5458.426	4974.508	1.560	1.563	1.550
1105	4752.344	4288.250	5169.688	4706.204	1.476	1.478	1.491
1106	4764.392	3939.259	5477.624	4799.207	1.505	1.508	1.494
1107	4769.197	4004.632	5482.936	4830.325	1.515	1.517	1.496
1108	4848.599	4139.232	5419.399	4895.747	1.536	1.538	1.521
1109	4811.603	3943.476	5342.388	4936.922	1.549	1.551	1.509
1110	4681.373	4050.048	5192.782	4793.375	1.504	1.506	1.468
1111	4626.564	4064.887	5082.606	4815.678	1.511	1.513	1.451
1112	4729.018	4200.040	5325.292	4748.237	1.489	1.492	1.483
1113	4755.532	4182.495	5323.770	4822.479	1.513	1.515	1.492
1114	4631.935	3949.002	5140.119	4704.995	1.476	1.478	1.453
1115	4785.236	4200.621	5233.921	4885.618	1.532	1.535	1.501
1116	5004.261	4187.074	5320.943	5031.533	1.578	1.581	1.570
1117	5097.423	4453.090	5586.220	5076.185	1.592	1.595	1.599
1118	5335.779	4721.279	6141.479	5181.615	1.625	1.628	1.674
1119	5594.617	4656.533	6766.639	5394.519	1.692	1.695	1.755
1120	5518.746	4579.629	6465.172	5372.218	1.685	1.688	1.731
1121	5359.820	4486.103	5843.471	5466.483	1.715	1.717	1.681
1122	5330.985	4353.517	6334.083	5365.473	1.683	1.685	1.672
1123	5485.204	4141.790	6533.248	5409.794	1.697	1.699	1.721
1124	5627.266	4428.424	6529.603	5680.030	1.782	1.784	1.765
1125	5396.802	4279.699	6180.167	5301.507	1.663	1.665	1.693
1126	5165.135	4360.129	5882.117	5054.629	1.585	1.588	1.620
1127	5012.923	4456.405	5624.267	4978.242	1.562	1.564	1.572
1128	5029.684	4662.637	5571.442	4905.594	1.539	1.541	1.578
1129	5047.840	4637.360	5522.539	5019.482	1.574	1.577	1.583
1130	5109.391	4405.870	6077.749	5048.641	1.584	1.586	1.603
1131	5108.320	4598.846	5660.964	5264.095	1.651	1.654	1.602
1132	5545.929	4776.147	6111.111	5536.974	1.737	1.739	1.740
1133	5974.730	4809.194	7106.113	6025.959	1.890	1.893	1.874
1134	6163.496	4560.360	7356.898	6186.988	1.941	1.943	1.933
1135	6005.958	4483.318	7403.913	5950.351	1.866	1.869	1.884
1136	5929.339	4436.196	7154.684	6102.289	1.914	1.917	1.860
1137	5536.035	4298.285	6692.175	5617.830	1.762	1.765	1.736
1138	5425.224	4337.982	6558.482	5288.580	1.659	1.661	1.702
1139	5326.252	4355.808	7015.651	4965.144	1.557	1.560	1.671
1140	4939.786	4199.924	6055.271	4684.866	1.469	1.472	1.549
1141	4676.482	4179.648	5553.728	4456.689	1.398	1.400	1.467
1142	4657.254	4372.189	5011.709	4609.262	1.446	1.448	1.461
1143	4565.114	4251.620	4896.297	4618.587	1.449	1.451	1.432
1144	4690.985	4060.043	5311.314	4677.397	1.467	1.469	1.471
1145	4877.492	4197.417	6063.285	4862.338	1.525	1.527	1.530
1146	4838.721	3964.839	5797.808	4854.870	1.523	1.525	1.518
1147	4739.585	4125.830	5632.285	4799.677	1.505	1.508	1.487
1148	4849.321	3978.938	5451.161	5039.673	1.581	1.583	1.521
1149	4978.698	4151.773	5686.015	5036.116	1.580	1.582	1.562
1150	4972.219	4295.441	5565.379	5142.442	1.613	1.615	1.560
1151	4790.954	4270.491	5377.739	4796.926	1.505	1.507	1.503
1152	4758.640	4053.918	5382.249	4624.589	1.451	1.453	1.493
1153	4664.359	4014.556	5272.065	4583.317	1.438	1.440	1.463
1154	4540.537	4046.446	5105.750	4464.016	1.400	1.402	1.424
1155	4505.348	4129.513	4902.212	4503.069	1.412	1.415	1.413
1156	4396.825	3877.259	4758.382	4336.409	1.360	1.362	1.379
1157	4429.760	3834.123	4762.525	4556.534	1.429	1.431	1.389
1158	4549.180	4301.917	4779.897	4571.872	1.434	1.436	1.427
1159	4561.601	4290.111	4949.363	4542.902	1.425	1.427	1.431
1160	4597.122	3995.591	5311.093	4574.369	1.435	1.437	1.442
1161	4771.300	4147.266	5426.603	4790.240	1.503	1.505	1.497
1162	4910.313	4116.495	5670.474	4854.484	1.523	1.525	1.540
1163	5112.228	4288.857	6008.258	5087.024	1.596	1.598	1.604
1164	5038.275	4364.107	5650.919	4991.062	1.566	1.568	1.580
1165	4825.926	4285.758	5334.061	4810.446	1.509	1.511	1.514
1166	4786.071	4345.107	5137.172	4885.611	1.532	1.535	1.501
1167	4739.636	4455.713	5050.233	4703.333	1.475	1.477	1.487
1168	4795.486	4614.136	5271.211	4726.148	1.482	1.485	1.504
1169	4948.676	4469.012	5345.345	4929.505	1.546	1.548	1.552
1170	5168.134	4854.407	5505.557	5132.920	1.610	1.612	1.621
1171	5201.994	4731.845	5441.772	5245.188	1.645	1.648	1.632
1172	4841.695	4413.109	5474.482	4755.115	1.492	1.494	1.519
1173	4503.914	4067.597	4953.874	4477.075	1.404	1.406	1.413
1174	4236.705	3808.944	4582.424	4177.861	1.310	1.312	1.329
1175	4217.729	3785.257	4737.359	4161.038	1.305	1.307	1.323
1176	4259.932	3954.378	4712.849	4185.124	1.313	1.315	1.336
1177	4455.239	4059.851	4992.055	4358.559	1.367	1.369	1.397
1178	3509.050	3338.005	3600.094	3526.648	1.106	1.108	1.101
1179	3509.050	3338.005	3600.094	3526.648	1.106	1.108	1.101
