 	Mean	Min	Max	Median	Max_to_bgmean	Median_to_bgmedian	Mean_to_bgmean
1	3930.033	3595.981	4192.235	4007.915	1.174	1.174	1.151
2	3774.788	3658.688	3961.973	3750.779	1.099	1.099	1.106
3	3709.360	3575.434	3830.858	3701.294	1.084	1.084	1.087
4	3627.775	3455.288	3763.006	3620.003	1.061	1.061	1.063
5	3655.343	3458.425	3868.371	3656.209	1.071	1.071	1.071
6	3576.235	3419.166	3780.246	3581.473	1.049	1.049	1.048
7	3580.508	3415.878	3804.135	3574.177	1.047	1.047	1.049
8	3648.213	3519.164	3817.515	3662.955	1.073	1.073	1.069
9	3646.514	3498.097	3720.016	3672.403	1.076	1.076	1.068
10	3687.114	3545.550	3868.437	3675.140	1.077	1.077	1.080
11	3601.592	3478.271	3748.748	3561.678	1.044	1.044	1.055
12	3545.591	3246.726	3847.815	3562.162	1.044	1.044	1.039
13	3530.015	3381.050	3867.269	3491.393	1.023	1.023	1.034
14	3578.221	3445.694	3789.750	3545.646	1.039	1.039	1.048
15	3581.608	3465.474	3890.240	3530.244	1.034	1.034	1.049
16	3604.946	3507.759	3824.463	3571.298	1.046	1.046	1.056
17	3613.374	3496.994	3748.726	3599.606	1.055	1.055	1.059
18	3659.582	3505.986	3823.843	3652.269	1.070	1.070	1.072
19	3636.236	3438.541	3789.556	3620.035	1.061	1.061	1.065
20	3624.491	3435.852	3817.346	3609.105	1.057	1.057	1.062
21	3621.591	3507.083	3740.233	3591.466	1.052	1.052	1.061
22	3566.007	3457.627	3660.652	3565.785	1.045	1.045	1.045
23	3617.098	3436.430	3773.833	3635.814	1.065	1.065	1.060
24	3654.622	3432.598	3969.577	3606.976	1.057	1.057	1.071
25	3684.005	3458.971	3902.695	3720.598	1.090	1.090	1.079
26	3698.053	3537.928	3865.611	3677.788	1.078	1.078	1.084
27	3561.609	3438.035	3648.227	3567.532	1.045	1.045	1.044
28	3588.114	3495.488	3671.216	3585.091	1.050	1.050	1.051
29	3542.336	3433.639	3644.875	3542.752	1.038	1.038	1.038
30	3557.997	3424.182	3707.944	3537.928	1.037	1.037	1.042
31	3588.179	3457.145	3929.659	3563.221	1.044	1.044	1.051
32	3558.518	3393.020	3753.191	3547.481	1.039	1.039	1.043
33	3546.815	3377.619	3630.501	3568.085	1.045	1.045	1.039
34	3535.656	3328.224	3716.630	3544.357	1.038	1.038	1.036
35	3552.573	3431.147	3715.087	3539.001	1.037	1.037	1.041
36	3582.490	3491.779	3684.491	3585.197	1.050	1.050	1.050
37	3612.033	3491.034	3686.108	3611.252	1.058	1.058	1.058
38	3529.948	3443.876	3645.519	3532.249	1.035	1.035	1.034
39	3502.277	3393.785	3582.409	3519.149	1.031	1.031	1.026
40	3588.053	3373.722	3746.895	3606.306	1.057	1.057	1.051
41	3535.851	3377.259	3710.700	3508.832	1.028	1.028	1.036
42	3571.392	3333.223	3851.321	3555.293	1.042	1.042	1.046
43	3620.317	3519.985	3721.232	3602.095	1.055	1.055	1.061
44	3570.143	3442.324	3662.718	3569.303	1.046	1.046	1.046
45	3534.446	3402.760	3625.929	3559.578	1.043	1.043	1.036
46	3527.498	3418.766	3590.070	3531.516	1.035	1.035	1.034
47	3504.175	3366.350	3736.143	3506.677	1.027	1.027	1.027
48	3472.683	3273.410	3658.695	3460.267	1.014	1.014	1.017
49	3614.226	3455.994	3770.644	3633.534	1.065	1.065	1.059
50	3659.011	3505.940	3847.754	3658.379	1.072	1.072	1.072
51	3575.612	3492.520	3649.527	3580.500	1.049	1.049	1.048
52	3517.791	3379.901	3684.187	3500.452	1.026	1.026	1.031
53	3525.232	3452.085	3635.911	3512.950	1.029	1.029	1.033
54	3521.588	3472.852	3593.976	3515.241	1.030	1.030	1.032
55	3584.775	3497.109	3660.964	3577.395	1.048	1.048	1.050
56	3587.521	3506.041	3652.299	3582.947	1.050	1.050	1.051
57	3552.422	3484.689	3629.606	3535.601	1.036	1.036	1.041
58	3591.677	3466.267	3790.396	3578.874	1.049	1.049	1.052
59	3504.244	3335.295	3684.215	3535.652	1.036	1.036	1.027
60	3511.299	3402.638	3650.815	3500.303	1.026	1.026	1.029
61	3567.294	3450.839	3686.168	3557.390	1.042	1.042	1.045
62	3526.142	3432.737	3665.311	3525.605	1.033	1.033	1.033
63	3486.824	3361.578	3602.128	3490.188	1.023	1.023	1.022
64	3519.665	3433.188	3678.866	3507.370	1.028	1.028	1.031
65	3491.949	3382.307	3590.156	3492.690	1.023	1.023	1.023
66	3541.965	3413.670	3693.029	3520.517	1.032	1.032	1.038
67	3559.049	3437.219	3720.666	3555.949	1.042	1.042	1.043
68	3505.342	3409.099	3632.615	3496.912	1.025	1.025	1.027
69	3505.595	3412.867	3576.960	3514.643	1.030	1.030	1.027
70	3468.775	3331.498	3524.476	3500.317	1.026	1.026	1.016
71	3465.029	3314.731	3676.726	3460.611	1.014	1.014	1.015
72	3533.203	3367.118	3760.300	3522.392	1.032	1.032	1.035
73	3499.518	3347.627	3584.587	3507.391	1.028	1.028	1.025
74	3475.279	3398.497	3567.331	3479.825	1.020	1.020	1.018
75	3496.580	3351.678	3629.514	3513.824	1.030	1.030	1.024
76	3505.834	3379.393	3635.831	3505.474	1.027	1.027	1.027
77	3460.936	3387.330	3570.446	3446.058	1.010	1.010	1.014
78	3477.837	3411.281	3542.160	3488.253	1.022	1.022	1.019
79	3486.697	3350.118	3587.152	3492.134	1.023	1.023	1.022
80	3547.681	3324.532	3750.789	3537.196	1.036	1.036	1.039
81	3483.439	3403.237	3630.663	3454.991	1.012	1.012	1.021
82	3564.466	3441.508	3797.289	3524.893	1.033	1.033	1.044
83	3514.332	3371.995	3660.707	3530.685	1.034	1.034	1.030
84	3512.461	3368.384	3617.251	3529.067	1.034	1.034	1.029
85	3552.088	3344.500	3795.798	3570.942	1.046	1.046	1.041
86	3588.069	3381.687	3707.154	3628.348	1.063	1.063	1.051
87	3498.524	3405.317	3629.601	3488.471	1.022	1.022	1.025
88	3548.438	3438.258	3693.763	3548.884	1.040	1.040	1.040
89	3529.691	3353.557	3650.538	3552.461	1.041	1.041	1.034
90	3488.603	3329.985	3665.045	3482.592	1.020	1.020	1.022
91	3501.485	3374.925	3662.087	3484.682	1.021	1.021	1.026
92	3476.951	3405.466	3602.719	3456.938	1.013	1.013	1.019
93	3502.676	3389.100	3566.561	3519.292	1.031	1.031	1.026
94	3578.677	3469.395	3757.645	3578.428	1.048	1.048	1.049
95	3509.397	3310.354	3667.221	3531.045	1.035	1.035	1.028
96	3548.926	3386.296	3866.917	3507.555	1.028	1.028	1.040
97	3601.704	3402.045	3849.743	3622.137	1.061	1.061	1.055
98	3635.885	3407.311	3893.984	3631.567	1.064	1.064	1.065
99	3624.214	3532.806	3818.756	3576.634	1.048	1.048	1.062
100	3545.855	3435.645	3740.977	3526.157	1.033	1.033	1.039
101	3522.169	3400.032	3633.619	3529.424	1.034	1.034	1.032
102	3607.442	3439.319	3843.475	3604.621	1.056	1.056	1.057
103	3625.080	3427.289	3874.732	3622.165	1.061	1.061	1.062
104	3557.608	3394.502	3759.894	3561.926	1.044	1.044	1.042
105	3511.458	3388.355	3689.390	3489.494	1.022	1.022	1.029
106	3553.303	3405.904	3695.361	3564.327	1.044	1.044	1.041
107	3629.633	3515.008	3821.694	3598.768	1.054	1.054	1.063
108	3636.219	3413.950	3907.592	3583.342	1.050	1.050	1.065
109	3665.482	3467.019	3911.556	3681.611	1.079	1.079	1.074
110	3671.114	3374.872	4004.660	3675.364	1.077	1.077	1.076
111	3637.363	3379.885	3741.337	3707.993	1.086	1.086	1.066
112	3610.859	3467.119	3863.407	3551.678	1.041	1.041	1.058
113	3617.484	3457.897	3811.429	3622.800	1.061	1.061	1.060
114	3595.954	3456.330	3810.726	3545.241	1.039	1.039	1.054
115	3633.630	3376.282	3831.790	3675.889	1.077	1.077	1.065
116	3559.819	3399.238	3815.413	3524.665	1.033	1.033	1.043
117	3547.005	3481.412	3629.392	3545.807	1.039	1.039	1.039
118	3551.907	3469.243	3699.436	3539.393	1.037	1.037	1.041
119	3575.231	3481.299	3771.698	3516.511	1.030	1.030	1.048
120	3589.784	3440.305	3778.096	3587.011	1.051	1.051	1.052
121	3519.757	3405.414	3658.342	3509.185	1.028	1.028	1.031
122	3508.998	3428.912	3632.352	3510.972	1.029	1.029	1.028
123	3492.101	3407.015	3599.779	3489.533	1.022	1.022	1.023
124	3495.486	3344.554	3593.827	3500.089	1.026	1.026	1.024
125	3486.812	3356.538	3640.609	3484.989	1.021	1.021	1.022
126	3521.840	3408.145	3735.328	3501.726	1.026	1.026	1.032
127	3482.521	3386.604	3596.335	3476.207	1.019	1.019	1.020
128	3444.008	3355.691	3513.349	3430.302	1.005	1.005	1.009
129	3440.940	3358.585	3517.748	3442.278	1.009	1.009	1.008
130	3490.227	3417.090	3581.115	3480.913	1.020	1.020	1.023
131	3503.912	3302.837	3648.520	3510.429	1.029	1.029	1.027
132	3464.844	3307.044	3588.543	3464.135	1.015	1.015	1.015
133	3519.806	3422.911	3637.090	3524.644	1.033	1.033	1.031
134	3507.636	3307.734	3654.687	3526.699	1.033	1.033	1.028
135	3516.126	3356.233	3614.129	3531.590	1.035	1.035	1.030
136	3589.288	3401.291	3753.454	3571.004	1.046	1.046	1.052
137	3572.016	3467.016	3665.774	3575.222	1.048	1.048	1.047
138	3567.225	3407.711	3674.296	3567.290	1.045	1.045	1.045
139	3596.296	3416.583	3870.787	3542.998	1.038	1.038	1.054
140	3587.611	3394.149	3847.298	3555.882	1.042	1.042	1.051
141	3563.395	3385.608	3655.722	3593.706	1.053	1.053	1.044
142	3587.110	3416.161	3909.567	3516.350	1.030	1.030	1.051
143	3584.953	3464.161	3723.629	3588.228	1.051	1.051	1.050
144	3638.370	3527.294	3724.735	3658.956	1.072	1.072	1.066
145	3601.536	3408.975	3719.824	3603.188	1.056	1.056	1.055
146	3592.800	3272.930	3803.117	3643.112	1.067	1.067	1.053
147	3628.031	3349.805	3783.276	3690.742	1.081	1.081	1.063
148	3644.732	3448.011	3793.085	3676.385	1.077	1.077	1.068
149	3786.531	3605.508	3966.207	3780.449	1.108	1.108	1.109
150	3803.406	3589.770	4010.199	3787.631	1.110	1.110	1.114
151	3781.656	3522.705	3979.161	3793.360	1.111	1.111	1.108
152	3911.389	3487.152	4214.856	3956.675	1.159	1.159	1.146
153	3901.341	3527.960	4151.605	3937.688	1.154	1.154	1.143
154	3891.088	3576.142	4113.236	3976.659	1.165	1.165	1.140
155	3753.668	3529.868	4001.511	3739.742	1.096	1.096	1.100
156	3720.105	3554.847	3916.336	3693.168	1.082	1.082	1.090
157	3698.739	3543.991	3892.417	3712.563	1.088	1.088	1.084
158	3724.948	3511.390	3978.956	3767.936	1.104	1.104	1.091
159	3699.361	3446.545	3826.898	3735.902	1.095	1.095	1.084
160	3656.924	3364.400	3753.228	3693.318	1.082	1.082	1.071
161	3611.002	3463.455	3745.564	3595.607	1.054	1.054	1.058
162	3674.002	3512.587	3842.180	3684.101	1.079	1.079	1.076
163	3669.998	3570.219	3812.133	3661.800	1.073	1.073	1.075
164	3677.193	3420.250	3850.740	3703.619	1.085	1.085	1.077
165	3682.583	3529.931	3861.507	3642.811	1.067	1.067	1.079
166	3713.625	3481.026	3932.056	3713.570	1.088	1.088	1.088
167	3663.705	3541.344	3759.968	3681.641	1.079	1.079	1.073
168	3655.895	3450.269	3761.985	3690.013	1.081	1.081	1.071
169	3671.921	3502.688	3758.499	3702.304	1.085	1.085	1.076
170	3653.126	3515.378	3915.671	3635.178	1.065	1.065	1.070
171	3698.977	3558.035	3796.952	3700.423	1.084	1.084	1.084
172	3682.803	3516.697	3861.277	3693.325	1.082	1.082	1.079
173	3602.455	3451.791	3788.718	3594.981	1.053	1.053	1.056
174	3680.364	3515.462	3834.728	3684.455	1.080	1.080	1.078
175	3560.756	3461.257	3823.406	3536.389	1.036	1.036	1.043
176	3583.188	3415.787	3781.721	3563.635	1.044	1.044	1.050
177	3566.441	3467.885	3680.557	3555.313	1.042	1.042	1.045
178	3530.109	3393.099	3619.931	3543.235	1.038	1.038	1.034
179	3583.991	3427.728	3757.339	3586.882	1.051	1.051	1.050
180	3560.365	3447.105	3703.701	3535.730	1.036	1.036	1.043
181	3539.328	3455.699	3603.095	3526.690	1.033	1.033	1.037
182	3673.923	3507.031	3882.632	3675.131	1.077	1.077	1.076
183	3704.191	3540.031	3993.463	3682.932	1.079	1.079	1.085
184	3685.150	3469.962	3862.634	3699.453	1.084	1.084	1.080
185	3592.807	3436.494	3706.091	3628.659	1.063	1.063	1.053
186	3504.423	3399.767	3614.509	3499.235	1.025	1.025	1.027
187	3532.222	3349.851	3834.179	3493.309	1.024	1.024	1.035
188	3511.787	3411.483	3608.032	3513.794	1.030	1.030	1.029
189	3623.570	3460.398	3912.687	3622.753	1.061	1.061	1.062
190	3756.237	3528.593	3989.779	3747.519	1.098	1.098	1.101
191	3910.070	3598.273	4156.004	3950.673	1.158	1.158	1.146
192	4042.253	3821.747	4685.803	3956.343	1.159	1.159	1.184
193	4140.801	3800.848	4718.922	4098.894	1.201	1.201	1.213
194	4056.067	3724.874	4466.412	4050.309	1.187	1.187	1.188
195	4002.207	3459.690	4253.553	4090.074	1.198	1.198	1.173
196	3954.755	3611.405	4204.816	3939.265	1.154	1.154	1.159
197	3826.549	3645.895	4121.363	3789.540	1.110	1.110	1.121
198	3842.214	3492.434	4151.769	3854.067	1.129	1.129	1.126
199	3856.747	3590.270	4059.514	3906.905	1.145	1.145	1.130
200	3837.814	3609.586	4019.981	3813.103	1.117	1.117	1.124
201	3812.864	3467.477	4011.653	3865.838	1.133	1.133	1.117
202	3772.323	3546.900	4019.318	3751.928	1.099	1.099	1.105
203	3701.286	3468.481	3900.559	3703.342	1.085	1.085	1.084
204	3702.386	3455.010	3993.228	3689.045	1.081	1.081	1.085
205	3626.982	3507.597	3787.924	3592.551	1.053	1.053	1.063
206	3618.399	3509.097	3757.475	3606.269	1.057	1.057	1.060
207	3569.007	3469.963	3664.288	3577.727	1.048	1.048	1.046
208	3494.092	3366.439	3648.007	3495.023	1.024	1.024	1.024
209	3532.368	3451.213	3661.388	3519.824	1.031	1.031	1.035
210	3537.354	3458.143	3584.970	3537.807	1.037	1.037	1.036
211	3506.011	3291.228	3621.216	3527.113	1.033	1.033	1.027
212	3554.035	3444.897	3671.996	3541.352	1.038	1.038	1.041
213	3529.746	3375.632	3660.548	3549.635	1.040	1.040	1.034
214	3541.115	3443.856	3684.581	3529.506	1.034	1.034	1.038
215	3512.902	3407.749	3653.448	3503.675	1.027	1.027	1.029
216	3522.774	3387.718	3619.437	3530.117	1.034	1.034	1.032
217	3549.813	3365.168	3709.799	3564.560	1.044	1.044	1.040
218	3503.103	3381.127	3691.852	3470.462	1.017	1.017	1.026
219	3474.253	3339.213	3616.816	3451.303	1.011	1.011	1.018
220	3466.589	3326.343	3523.347	3488.512	1.022	1.022	1.016
221	3435.121	3367.563	3535.646	3443.866	1.009	1.009	1.006
222	3470.280	3340.982	3603.780	3473.399	1.018	1.018	1.017
223	3549.429	3436.144	3658.241	3557.679	1.042	1.042	1.040
224	3514.167	3450.613	3635.960	3513.371	1.029	1.029	1.030
225	3503.060	3394.311	3736.823	3486.180	1.021	1.021	1.026
226	3494.160	3366.650	3615.220	3499.720	1.025	1.025	1.024
227	3524.812	3355.139	3670.694	3545.866	1.039	1.039	1.033
228	3485.709	3331.424	3595.852	3502.090	1.026	1.026	1.021
229	3476.445	3330.895	3685.890	3469.760	1.017	1.017	1.019
230	3484.302	3330.736	3625.541	3488.672	1.022	1.022	1.021
231	3461.251	3270.313	3658.918	3454.260	1.012	1.012	1.014
232	3465.643	3348.675	3615.383	3463.769	1.015	1.015	1.015
233	3506.680	3427.977	3666.306	3493.182	1.023	1.023	1.027
234	3540.094	3472.718	3673.760	3530.776	1.035	1.035	1.037
235	3519.124	3399.970	3653.355	3504.159	1.027	1.027	1.031
236	3528.599	3376.560	3722.140	3514.401	1.030	1.030	1.034
237	3555.118	3451.187	3681.184	3531.219	1.035	1.035	1.042
238	3615.038	3489.497	3720.536	3626.103	1.062	1.062	1.059
239	3642.652	3556.466	3715.310	3645.323	1.068	1.068	1.067
240	3669.581	3576.058	3828.178	3646.608	1.068	1.068	1.075
241	3626.932	3516.544	3920.115	3573.796	1.047	1.047	1.063
242	3542.104	3337.973	3806.617	3523.059	1.032	1.032	1.038
243	3608.354	3463.168	3809.550	3585.084	1.050	1.050	1.057
244	3564.249	3430.466	3803.023	3537.165	1.036	1.036	1.044
245	3560.094	3383.648	3816.154	3527.526	1.034	1.034	1.043
246	3564.292	3425.404	3733.347	3539.585	1.037	1.037	1.044
247	3513.232	3388.702	3688.515	3514.355	1.030	1.030	1.029
248	3560.796	3443.510	3823.226	3530.542	1.034	1.034	1.043
249	3598.417	3476.633	3744.335	3579.564	1.049	1.049	1.054
250	3544.248	3505.101	3647.023	3525.802	1.033	1.033	1.038
251	3552.264	3429.425	3725.174	3531.545	1.035	1.035	1.041
252	3538.977	3450.305	3720.278	3503.379	1.026	1.026	1.037
253	3600.339	3411.611	3787.880	3610.690	1.058	1.058	1.055
254	3627.236	3443.411	3990.873	3549.179	1.040	1.040	1.063
255	3617.518	3504.372	3710.181	3614.896	1.059	1.059	1.060
256	3669.061	3427.312	3851.034	3674.675	1.077	1.077	1.075
257	3705.731	3511.546	3866.273	3704.505	1.085	1.085	1.086
258	3755.534	3580.756	3890.740	3742.313	1.096	1.096	1.100
259	3821.355	3569.613	4064.276	3829.260	1.122	1.122	1.120
260	3783.692	3523.524	4006.019	3793.876	1.112	1.112	1.109
261	3735.069	3531.109	3969.148	3735.373	1.094	1.094	1.094
262	3642.460	3456.944	3788.001	3638.672	1.066	1.066	1.067
263	3687.327	3512.718	3899.601	3678.794	1.078	1.078	1.080
264	3671.972	3532.097	3928.609	3660.697	1.073	1.073	1.076
265	3661.222	3491.798	3777.428	3660.291	1.072	1.072	1.073
266	3671.781	3489.494	3972.748	3674.030	1.076	1.076	1.076
267	3615.908	3454.043	3810.161	3631.593	1.064	1.064	1.059
268	3678.716	3458.336	3946.296	3634.601	1.065	1.065	1.078
269	3686.483	3504.531	4187.100	3662.726	1.073	1.073	1.080
270	3656.934	3519.537	3747.069	3666.573	1.074	1.074	1.071
271	3671.744	3547.528	4063.045	3625.474	1.062	1.062	1.076
272	3658.480	3391.272	3966.428	3660.244	1.072	1.072	1.072
273	3680.736	3391.579	3893.050	3702.596	1.085	1.085	1.078
274	3692.583	3449.933	4053.216	3654.344	1.071	1.071	1.082
275	3698.356	3522.673	3895.516	3697.915	1.083	1.083	1.084
276	3601.612	3486.377	3865.304	3564.111	1.044	1.044	1.055
277	3673.869	3455.151	3910.615	3626.774	1.063	1.063	1.076
278	3642.466	3522.313	3760.880	3641.126	1.067	1.067	1.067
279	3701.660	3543.584	3876.886	3696.626	1.083	1.083	1.085
280	3686.415	3555.672	3827.676	3691.082	1.081	1.081	1.080
281	3644.933	3402.191	3984.664	3619.269	1.060	1.060	1.068
282	3617.832	3501.851	3793.977	3608.252	1.057	1.057	1.060
283	3637.756	3504.949	3844.168	3630.991	1.064	1.064	1.066
284	3634.214	3342.312	4036.739	3625.135	1.062	1.062	1.065
285	3689.242	3564.045	3934.535	3670.093	1.075	1.075	1.081
286	3568.873	3466.906	3712.150	3551.080	1.040	1.040	1.046
287	3555.556	3356.244	3687.360	3583.168	1.050	1.050	1.042
288	3477.877	3391.846	3599.126	3481.073	1.020	1.020	1.019
289	3485.566	3313.944	3703.870	3459.747	1.014	1.014	1.021
290	3452.030	3344.853	3628.226	3422.386	1.003	1.003	1.011
291	3517.035	3396.662	3616.370	3521.918	1.032	1.032	1.030
292	3478.652	3367.901	3613.206	3468.505	1.016	1.016	1.019
293	3416.009	3257.286	3569.138	3391.586	0.994	0.994	1.001
294	3466.781	3342.898	3609.526	3468.164	1.016	1.016	1.016
295	3470.131	3380.467	3652.615	3451.745	1.011	1.011	1.017
296	3418.023	3329.837	3597.892	3364.761	0.986	0.986	1.001
297	3494.540	3370.301	3677.546	3497.360	1.025	1.025	1.024
298	3439.843	3313.094	3603.383	3417.478	1.001	1.001	1.008
299	3494.677	3333.277	3661.481	3490.823	1.023	1.023	1.024
300	3458.906	3365.563	3596.147	3443.217	1.009	1.009	1.013
301	3421.909	3289.382	3525.760	3425.754	1.004	1.004	1.003
302	3419.090	3294.244	3573.854	3421.986	1.003	1.003	1.002
303	3493.810	3326.511	3600.232	3527.992	1.034	1.034	1.024
304	3468.995	3281.237	3595.651	3473.851	1.018	1.018	1.016
305	3491.589	3320.565	3697.241	3484.571	1.021	1.021	1.023
306	3470.611	3384.919	3590.310	3459.920	1.014	1.014	1.017
307	3501.111	3399.667	3675.800	3476.308	1.019	1.019	1.026
308	3506.806	3324.252	3629.336	3544.476	1.039	1.039	1.027
309	3497.928	3333.434	3599.618	3520.438	1.031	1.031	1.025
310	3462.166	3348.022	3541.264	3480.819	1.020	1.020	1.014
311	3453.765	3292.609	3548.065	3448.490	1.010	1.010	1.012
312	3389.222	3221.142	3470.551	3411.909	1.000	1.000	0.993
313	3412.404	3314.006	3573.842	3410.107	0.999	0.999	1.000
314	3426.642	3324.388	3552.484	3432.256	1.006	1.006	1.004
315	3464.671	3355.967	3610.803	3466.431	1.016	1.016	1.015
316	3472.910	3364.832	3592.627	3477.390	1.019	1.019	1.018
317	3449.431	3313.276	3621.112	3424.770	1.003	1.003	1.011
318	3480.591	3299.563	3642.501	3468.505	1.016	1.016	1.020
319	3465.078	3376.135	3554.566	3451.042	1.011	1.011	1.015
320	3502.092	3310.592	3937.596	3469.365	1.017	1.017	1.026
321	3476.405	3345.980	3716.757	3438.223	1.007	1.007	1.019
322	3414.802	3242.263	3586.147	3404.553	0.998	0.998	1.001
323	3488.316	3305.405	3685.849	3475.638	1.018	1.018	1.022
324	3529.826	3420.249	3693.733	3514.792	1.030	1.030	1.034
325	3516.919	3375.415	3679.486	3511.781	1.029	1.029	1.030
326	3458.672	3322.871	3591.253	3453.659	1.012	1.012	1.013
327	3472.449	3375.368	3629.653	3459.729	1.014	1.014	1.017
328	3455.647	3362.719	3538.904	3478.414	1.019	1.019	1.012
329	3539.330	3472.629	3877.688	3483.223	1.021	1.021	1.037
330	3471.077	3334.548	3814.940	3436.637	1.007	1.007	1.017
331	3426.832	3292.496	3578.531	3446.161	1.010	1.010	1.004
332	3506.235	3426.695	3576.086	3517.890	1.031	1.031	1.027
333	3585.039	3426.418	3790.278	3542.560	1.038	1.038	1.050
334	3610.617	3399.116	3855.533	3566.848	1.045	1.045	1.058
335	3624.281	3497.906	3876.018	3569.197	1.046	1.046	1.062
336	3502.313	3366.188	3765.828	3464.013	1.015	1.015	1.026
337	3507.482	3268.531	3735.643	3521.202	1.032	1.032	1.028
338	3531.503	3415.136	3628.922	3551.050	1.040	1.040	1.035
339	3533.799	3367.638	3764.112	3555.245	1.042	1.042	1.035
340	3535.140	3290.148	3761.721	3536.795	1.036	1.036	1.036
341	3645.203	3439.676	3858.333	3631.642	1.064	1.064	1.068
342	3615.121	3458.513	3755.154	3637.712	1.066	1.066	1.059
343	3640.080	3354.323	3853.282	3651.581	1.070	1.070	1.067
344	3736.674	3287.025	4181.057	3737.115	1.095	1.095	1.095
345	3799.459	3602.044	4176.303	3780.187	1.108	1.108	1.113
346	3885.015	3448.479	4327.143	3845.254	1.127	1.127	1.138
347	3857.818	3407.896	4311.008	3909.583	1.145	1.145	1.130
348	3823.174	3603.606	4051.058	3864.772	1.132	1.132	1.120
349	3849.014	3513.194	4122.250	3910.353	1.146	1.146	1.128
350	3777.346	3390.210	4073.716	3796.101	1.112	1.112	1.107
351	3728.016	3467.028	3990.115	3743.083	1.097	1.097	1.092
352	3704.846	3525.792	3976.401	3680.664	1.078	1.078	1.086
353	3553.766	3309.318	3747.718	3571.188	1.046	1.046	1.041
354	3581.243	3459.338	3729.087	3586.487	1.051	1.051	1.049
355	3577.964	3409.510	3708.930	3583.970	1.050	1.050	1.048
356	3552.829	3350.917	3707.143	3540.534	1.037	1.037	1.041
357	3476.189	3375.430	3560.791	3471.480	1.017	1.017	1.019
358	3516.204	3425.966	3615.518	3506.043	1.027	1.027	1.030
359	3497.590	3408.800	3658.912	3472.126	1.017	1.017	1.025
360	3509.020	3403.529	3587.329	3507.955	1.028	1.028	1.028
361	3513.379	3295.765	3824.943	3485.585	1.021	1.021	1.029
362	3525.071	3278.361	3768.686	3541.962	1.038	1.038	1.033
363	3491.219	3401.215	3647.827	3462.832	1.015	1.015	1.023
364	3537.212	3430.727	3693.469	3518.822	1.031	1.031	1.036
365	3422.088	3270.658	3566.239	3412.374	1.000	1.000	1.003
366	3347.650	3185.448	3446.462	3356.537	0.983	0.983	0.981
367	3444.615	3313.975	3626.480	3451.189	1.011	1.011	1.009
368	3494.731	3281.202	3687.633	3494.322	1.024	1.024	1.024
369	3575.230	3500.581	3677.871	3565.911	1.045	1.045	1.048
370	3611.396	3525.320	3721.773	3608.959	1.057	1.057	1.058
371	3689.126	3565.480	3842.917	3674.098	1.077	1.077	1.081
372	3734.995	3543.894	3999.439	3718.691	1.090	1.090	1.094
373	3984.952	3673.116	4243.007	3987.964	1.168	1.168	1.168
374	4150.476	3781.299	4484.318	4212.197	1.234	1.234	1.216
375	4244.107	3770.887	4672.771	4260.190	1.248	1.248	1.244
376	4102.745	3865.566	4534.682	4008.985	1.175	1.175	1.202
377	4055.162	3854.021	4352.242	4006.341	1.174	1.174	1.188
378	4001.302	3810.728	4209.466	4020.636	1.178	1.178	1.172
379	4004.454	3833.994	4139.533	4025.664	1.180	1.180	1.173
380	3937.230	3661.147	4159.419	3993.924	1.170	1.170	1.154
381	4022.254	3671.563	4487.938	4028.757	1.180	1.180	1.179
382	4028.026	3743.740	4555.542	3934.876	1.153	1.153	1.180
383	4041.950	3463.917	4608.496	4047.313	1.186	1.186	1.184
384	3963.632	3439.207	4395.308	4081.343	1.196	1.196	1.161
385	4049.423	3440.359	4505.029	4111.753	1.205	1.205	1.186
386	3787.226	3524.403	4016.292	3794.161	1.112	1.112	1.110
387	3751.315	3596.719	3893.027	3737.801	1.095	1.095	1.099
388	3639.203	3413.853	3831.834	3671.167	1.076	1.076	1.066
389	3577.895	3518.336	3692.300	3559.029	1.043	1.043	1.048
390	3535.522	3317.444	3668.910	3549.069	1.040	1.040	1.036
391	3500.576	3427.529	3566.805	3498.736	1.025	1.025	1.026
392	3630.300	3509.045	3872.766	3617.103	1.060	1.060	1.064
393	3504.219	3326.552	3649.218	3515.069	1.030	1.030	1.027
394	3500.981	3388.815	3656.094	3510.313	1.029	1.029	1.026
395	3467.888	3372.821	3603.601	3460.057	1.014	1.014	1.016
396	3536.402	3346.514	3657.194	3547.629	1.039	1.039	1.036
397	3589.934	3412.618	3744.660	3570.127	1.046	1.046	1.052
398	3598.267	3465.756	3747.260	3599.580	1.055	1.055	1.054
399	3626.577	3436.310	3878.654	3580.170	1.049	1.049	1.063
400	3603.196	3444.212	3863.471	3543.108	1.038	1.038	1.056
401	3656.383	3442.083	3994.051	3595.235	1.053	1.053	1.071
402	3665.358	3383.025	4179.765	3626.710	1.063	1.063	1.074
403	3566.624	3319.931	3836.926	3567.053	1.045	1.045	1.045
404	3558.285	3377.067	3858.178	3485.160	1.021	1.021	1.043
405	3562.463	3309.451	3788.649	3534.519	1.036	1.036	1.044
406	3544.726	3454.000	3587.722	3551.194	1.040	1.040	1.039
407	3654.495	3516.702	3801.051	3661.557	1.073	1.073	1.071
408	3774.701	3526.843	3967.687	3788.499	1.110	1.110	1.106
409	3626.072	3498.871	3726.729	3649.713	1.069	1.069	1.062
410	3718.792	3603.824	3932.723	3684.604	1.080	1.080	1.090
411	3776.193	3540.341	4171.415	3735.928	1.095	1.095	1.106
412	3806.602	3607.434	4112.996	3764.664	1.103	1.103	1.115
413	3848.849	3603.813	4159.863	3837.278	1.124	1.124	1.128
414	3652.175	3502.938	3847.036	3635.958	1.065	1.065	1.070
415	3674.919	3503.765	3987.779	3639.548	1.066	1.066	1.077
416	3683.052	3430.260	4065.113	3678.845	1.078	1.078	1.079
417	3585.300	3508.292	3733.126	3588.675	1.051	1.051	1.050
418	3571.095	3303.953	3765.913	3608.646	1.057	1.057	1.046
419	3667.706	3347.064	4093.779	3645.723	1.068	1.068	1.075
420	3582.269	3352.861	3807.035	3639.006	1.066	1.066	1.050
421	3631.981	3375.518	3963.047	3604.228	1.056	1.056	1.064
422	3616.083	3384.171	3834.991	3572.903	1.047	1.047	1.060
423	3567.320	3486.150	3695.884	3549.441	1.040	1.040	1.045
424	3537.031	3306.746	3755.687	3546.234	1.039	1.039	1.036
425	3600.168	3466.717	3726.134	3606.738	1.057	1.057	1.055
426	3600.238	3403.934	3779.298	3607.587	1.057	1.057	1.055
427	3556.525	3383.033	3667.530	3560.523	1.043	1.043	1.042
428	3527.976	3349.684	3775.867	3476.304	1.019	1.019	1.034
429	3569.580	3425.726	3757.612	3568.381	1.046	1.046	1.046
430	3495.051	3310.200	3716.570	3507.552	1.028	1.028	1.024
431	3466.940	3388.804	3562.007	3473.148	1.018	1.018	1.016
432	3534.205	3336.752	3734.695	3558.646	1.043	1.043	1.036
433	3525.083	3380.340	3671.811	3517.359	1.031	1.031	1.033
434	3562.816	3374.582	3732.174	3576.330	1.048	1.048	1.044
435	3565.031	3309.528	3950.659	3538.425	1.037	1.037	1.045
436	3614.385	3389.569	4062.380	3533.760	1.035	1.035	1.059
437	3712.497	3494.557	4242.855	3626.678	1.063	1.063	1.088
438	3799.501	3469.780	4759.191	3669.841	1.075	1.075	1.113
439	3772.849	3410.187	4889.955	3601.291	1.055	1.055	1.105
440	3813.551	3380.251	4738.475	3778.111	1.107	1.107	1.117
441	3645.584	3417.674	4196.460	3565.296	1.045	1.045	1.068
442	3734.242	3606.035	3868.755	3762.789	1.102	1.102	1.094
443	3693.244	3530.324	3799.479	3708.577	1.087	1.087	1.082
444	3602.095	3469.296	3737.127	3602.798	1.056	1.056	1.055
445	3589.399	3480.868	3929.444	3548.581	1.040	1.040	1.052
446	3526.796	3430.792	3601.603	3527.451	1.034	1.034	1.033
447	3593.928	3471.903	3778.931	3594.519	1.053	1.053	1.053
448	3670.293	3559.302	3812.571	3669.501	1.075	1.075	1.075
449	3696.498	3449.576	4319.692	3651.511	1.070	1.070	1.083
450	3675.673	3546.025	3792.036	3681.853	1.079	1.079	1.077
451	3657.379	3516.621	3895.019	3629.025	1.063	1.063	1.072
452	3654.537	3457.586	3903.180	3574.007	1.047	1.047	1.071
453	3633.261	3425.093	4050.663	3575.647	1.048	1.048	1.065
454	3725.442	3533.500	4096.921	3700.110	1.084	1.084	1.092
455	3627.991	3477.154	3839.580	3607.795	1.057	1.057	1.063
456	3695.049	3505.526	4056.978	3633.449	1.065	1.065	1.083
457	3734.468	3401.865	4172.805	3654.693	1.071	1.071	1.094
458	3718.729	3474.750	4102.763	3648.432	1.069	1.069	1.090
459	3723.342	3520.026	3949.691	3693.044	1.082	1.082	1.091
460	3594.153	3381.226	3721.847	3621.873	1.061	1.061	1.053
461	3512.146	3407.207	3678.828	3485.807	1.021	1.021	1.029
462	3503.781	3438.292	3610.554	3492.039	1.023	1.023	1.027
463	3519.453	3352.400	3681.708	3529.642	1.034	1.034	1.031
464	3502.205	3246.929	3659.139	3511.949	1.029	1.029	1.026
465	3495.615	3336.442	3630.023	3498.254	1.025	1.025	1.024
466	3527.840	3378.650	3707.802	3472.969	1.018	1.018	1.034
467	3507.323	3421.914	3622.554	3484.161	1.021	1.021	1.028
468	3537.889	3367.383	3706.353	3536.950	1.036	1.036	1.037
469	3568.335	3273.024	3761.114	3565.342	1.045	1.045	1.046
470	3607.446	3397.646	3761.041	3594.975	1.053	1.053	1.057
471	3544.851	3395.537	3724.123	3545.965	1.039	1.039	1.039
472	3474.399	3357.219	3639.499	3456.989	1.013	1.013	1.018
473	3575.834	3380.130	3654.895	3595.714	1.054	1.054	1.048
474	3479.029	3272.340	3691.026	3462.750	1.015	1.015	1.019
475	3541.749	3405.427	3854.473	3490.445	1.023	1.023	1.038
476	3535.705	3373.504	3761.003	3496.627	1.025	1.025	1.036
477	3545.940	3322.364	3713.057	3545.941	1.039	1.039	1.039
478	3520.083	3382.388	3732.345	3507.579	1.028	1.028	1.031
479	3483.578	3384.157	3572.844	3489.753	1.022	1.022	1.021
480	3493.848	3391.481	3616.429	3503.250	1.026	1.026	1.024
481	3538.199	3450.865	3602.688	3569.703	1.046	1.046	1.037
482	3603.959	3531.490	3818.987	3578.896	1.049	1.049	1.056
483	3630.850	3536.801	3758.078	3621.110	1.061	1.061	1.064
484	3599.921	3411.657	3855.447	3541.383	1.038	1.038	1.055
485	3591.680	3326.397	3951.510	3490.964	1.023	1.023	1.052
486	3718.686	3443.528	4167.253	3555.560	1.042	1.042	1.090
487	3800.448	3530.644	4420.752	3654.595	1.071	1.071	1.114
488	3779.925	3562.958	4373.250	3673.310	1.076	1.076	1.108
489	3672.290	3508.891	3839.409	3686.478	1.080	1.080	1.076
490	3690.047	3595.660	3886.614	3682.632	1.079	1.079	1.081
491	3750.597	3488.032	3981.837	3753.307	1.100	1.100	1.099
492	3839.661	3569.384	4062.267	3855.876	1.130	1.130	1.125
493	3955.307	3617.809	4280.176	3959.021	1.160	1.160	1.159
494	3930.862	3634.991	4162.166	3916.820	1.148	1.148	1.152
495	3869.302	3687.047	4155.578	3827.655	1.121	1.121	1.134
496	3760.709	3620.016	3974.479	3767.455	1.104	1.104	1.102
497	3701.058	3581.565	3832.043	3698.317	1.084	1.084	1.084
498	3691.502	3495.540	3898.441	3678.775	1.078	1.078	1.082
499	3718.269	3563.080	3896.245	3712.246	1.088	1.088	1.089
500	3699.111	3470.680	4002.101	3685.536	1.080	1.080	1.084
501	3615.681	3377.689	3978.519	3600.393	1.055	1.055	1.059
502	3628.789	3469.308	3942.571	3566.521	1.045	1.045	1.063
503	3804.266	3530.860	4098.826	3781.832	1.108	1.108	1.115
504	3933.102	3565.719	4364.685	3865.418	1.133	1.133	1.152
505	3825.478	3412.016	4193.030	3811.524	1.117	1.117	1.121
506	3884.871	3429.163	4279.643	3848.981	1.128	1.128	1.138
507	4016.414	3715.313	4544.232	3999.198	1.172	1.172	1.177
508	4126.506	3571.096	4685.050	4217.016	1.236	1.236	1.209
509	4083.477	3434.137	4672.958	4092.205	1.199	1.199	1.196
510	4041.963	3527.196	4499.563	4071.129	1.193	1.193	1.184
511	4021.738	3497.279	4553.094	4071.702	1.193	1.193	1.178
512	3867.839	3711.858	4152.653	3852.537	1.129	1.129	1.133
513	3791.903	3624.831	4060.398	3795.315	1.112	1.112	1.111
514	3710.118	3570.637	3803.796	3722.363	1.091	1.091	1.087
515	3650.163	3483.323	3810.607	3649.570	1.069	1.069	1.069
516	3680.932	3551.324	3830.452	3676.797	1.077	1.077	1.079
517	3702.427	3521.765	3954.619	3709.439	1.087	1.087	1.085
518	3817.369	3669.811	3994.074	3813.370	1.117	1.117	1.118
519	3913.202	3523.223	4219.762	4000.149	1.172	1.172	1.147
520	3872.643	3540.016	4207.405	3883.777	1.138	1.138	1.135
521	3734.534	3459.305	4131.771	3628.713	1.063	1.063	1.094
522	3725.328	3496.671	3928.681	3707.018	1.086	1.086	1.092
523	3788.035	3546.571	4264.774	3770.508	1.105	1.105	1.110
524	3666.698	3504.234	3843.690	3643.681	1.068	1.068	1.074
525	3707.519	3554.232	3900.496	3693.557	1.082	1.082	1.086
526	3728.645	3569.840	4177.418	3667.585	1.075	1.075	1.092
527	3622.983	3458.324	4041.171	3561.521	1.044	1.044	1.062
528	3648.556	3498.387	3935.965	3622.151	1.061	1.061	1.069
529	3595.095	3448.316	3703.830	3603.432	1.056	1.056	1.053
530	3640.694	3504.643	3800.024	3650.201	1.069	1.069	1.067
531	3662.927	3567.625	3768.227	3634.214	1.065	1.065	1.073
532	3650.608	3448.299	3924.391	3646.156	1.068	1.068	1.070
533	3641.417	3547.838	3765.600	3628.006	1.063	1.063	1.067
534	3649.781	3495.169	3740.351	3675.389	1.077	1.077	1.069
535	3650.859	3518.329	3887.038	3615.897	1.059	1.059	1.070
536	3665.380	3531.356	3892.443	3639.033	1.066	1.066	1.074
537	3674.946	3458.320	3902.195	3674.255	1.077	1.077	1.077
538	3705.071	3494.711	4087.533	3677.851	1.078	1.078	1.086
539	3675.915	3545.151	3857.863	3670.165	1.075	1.075	1.077
540	3600.870	3483.596	3749.629	3595.295	1.053	1.053	1.055
541	3600.885	3447.206	3762.906	3585.808	1.051	1.051	1.055
542	3607.331	3458.645	3865.681	3602.964	1.056	1.056	1.057
543	3656.501	3447.355	3841.584	3660.418	1.072	1.072	1.071
544	3670.319	3580.212	3784.087	3647.210	1.069	1.069	1.075
545	3683.968	3528.427	4024.566	3679.112	1.078	1.078	1.079
546	3648.938	3401.899	3902.014	3621.394	1.061	1.061	1.069
547	3638.718	3403.601	4045.474	3645.407	1.068	1.068	1.066
548	3603.156	3421.785	3765.083	3607.294	1.057	1.057	1.056
549	3623.090	3552.153	3724.099	3613.507	1.059	1.059	1.062
550	3633.857	3436.151	3885.992	3602.271	1.055	1.055	1.065
551	3544.955	3212.562	3675.327	3583.938	1.050	1.050	1.039
552	3622.710	3468.310	3761.633	3629.957	1.064	1.064	1.061
553	3636.863	3491.403	3715.440	3669.859	1.075	1.075	1.066
554	3652.367	3538.375	3789.150	3622.771	1.061	1.061	1.070
555	3600.828	3471.213	3928.199	3554.294	1.041	1.041	1.055
556	3608.578	3465.780	3898.292	3590.665	1.052	1.052	1.057
557	3683.466	3518.230	3929.686	3633.639	1.065	1.065	1.079
558	3718.568	3588.333	3962.216	3654.913	1.071	1.071	1.090
559	3712.025	3509.855	3863.298	3735.630	1.095	1.095	1.088
560	3861.273	3534.949	4125.132	3838.218	1.125	1.125	1.131
561	3927.214	3622.667	4285.531	3894.891	1.141	1.141	1.151
562	3836.985	3599.358	4064.262	3843.590	1.126	1.126	1.124
563	3776.718	3588.316	3934.054	3777.051	1.107	1.107	1.107
564	3751.907	3467.925	4010.133	3755.881	1.100	1.100	1.099
565	3710.791	3461.818	3884.296	3752.624	1.100	1.100	1.087
566	3695.951	3469.458	4056.281	3668.854	1.075	1.075	1.083
567	3739.108	3485.759	3984.657	3819.123	1.119	1.119	1.096
568	3852.584	3413.192	4305.344	3900.552	1.143	1.143	1.129
569	3852.714	3430.922	4456.180	3864.944	1.132	1.132	1.129
570	3808.174	3431.520	4150.908	3816.451	1.118	1.118	1.116
571	3745.612	3527.465	4067.572	3737.725	1.095	1.095	1.097
572	3684.916	3411.713	3885.302	3741.297	1.096	1.096	1.080
573	3678.546	3411.670	4127.458	3651.234	1.070	1.070	1.078
574	3622.560	3499.115	3962.935	3581.612	1.049	1.049	1.061
575	3598.956	3319.746	3956.853	3507.852	1.028	1.028	1.054
576	3551.087	3247.568	3808.927	3549.177	1.040	1.040	1.040
577	3530.913	3352.380	3664.703	3491.450	1.023	1.023	1.035
578	3587.502	3330.803	3799.511	3613.230	1.059	1.059	1.051
579	3619.409	3262.909	3817.483	3680.115	1.078	1.078	1.060
580	3607.111	3409.953	3909.721	3576.010	1.048	1.048	1.057
581	3614.720	3322.192	4014.507	3575.135	1.048	1.048	1.059
582	3671.075	3337.497	4079.491	3669.441	1.075	1.075	1.076
583	3680.698	3321.943	4170.181	3635.317	1.065	1.065	1.078
584	3705.591	3422.851	4067.005	3625.765	1.062	1.062	1.086
585	3654.873	3397.944	3989.315	3604.002	1.056	1.056	1.071
586	3598.287	3405.628	3753.311	3603.756	1.056	1.056	1.054
587	3657.518	3521.547	3808.999	3647.792	1.069	1.069	1.072
588	3553.861	3365.418	3729.451	3550.544	1.040	1.040	1.041
589	3602.293	3428.953	3739.327	3610.570	1.058	1.058	1.055
590	3576.904	3400.912	3721.239	3594.198	1.053	1.053	1.048
591	3702.969	3535.384	3904.781	3689.665	1.081	1.081	1.085
592	3692.282	3552.894	3899.602	3676.140	1.077	1.077	1.082
593	3672.551	3440.311	3866.067	3698.321	1.084	1.084	1.076
594	3729.936	3446.163	3990.920	3711.238	1.087	1.087	1.093
595	3668.203	3380.236	3821.855	3696.573	1.083	1.083	1.075
596	3665.785	3548.453	3788.623	3649.172	1.069	1.069	1.074
597	3668.725	3515.826	3900.599	3647.337	1.069	1.069	1.075
598	3609.523	3397.928	3821.545	3613.479	1.059	1.059	1.058
599	3623.365	3388.486	3813.659	3615.957	1.059	1.059	1.062
600	3632.550	3545.245	3695.490	3642.488	1.067	1.067	1.064
601	3643.728	3453.547	3914.833	3636.680	1.066	1.066	1.068
602	3684.897	3532.050	3883.758	3702.174	1.085	1.085	1.080
603	3637.154	3434.817	3803.350	3632.564	1.064	1.064	1.066
604	3685.671	3486.602	3933.206	3667.508	1.075	1.075	1.080
605	3650.547	3398.936	3783.013	3703.902	1.085	1.085	1.070
606	3634.393	3486.032	3742.100	3641.821	1.067	1.067	1.065
607	3654.983	3446.564	3791.307	3669.129	1.075	1.075	1.071
608	3599.506	3495.053	3696.927	3593.439	1.053	1.053	1.055
609	3558.356	3474.798	3643.481	3565.570	1.045	1.045	1.043
610	3575.631	3439.485	3643.942	3594.209	1.053	1.053	1.048
611	3622.213	3430.865	3745.876	3618.874	1.060	1.060	1.061
612	3656.504	3539.608	3814.725	3651.199	1.070	1.070	1.071
613	3684.056	3587.099	3772.601	3678.945	1.078	1.078	1.079
614	3568.033	3397.146	3814.014	3569.596	1.046	1.046	1.045
615	3613.560	3478.771	3786.342	3592.751	1.053	1.053	1.059
616	3571.125	3411.676	3748.712	3555.345	1.042	1.042	1.046
617	3553.700	3427.749	3690.648	3549.687	1.040	1.040	1.041
618	3549.692	3433.921	3664.800	3562.995	1.044	1.044	1.040
619	3552.001	3407.026	3721.622	3541.013	1.038	1.038	1.041
620	3554.001	3378.210	3711.567	3577.767	1.048	1.048	1.041
621	3499.665	3342.263	3662.323	3515.896	1.030	1.030	1.025
622	3500.383	3253.743	3599.207	3532.552	1.035	1.035	1.026
623	3453.168	3359.943	3644.658	3437.479	1.007	1.007	1.012
624	3451.724	3318.202	3612.226	3435.038	1.006	1.006	1.011
625	3465.428	3289.485	3585.440	3481.258	1.020	1.020	1.015
626	3465.515	3273.598	3602.534	3480.251	1.020	1.020	1.015
627	3448.024	3287.001	3601.797	3460.659	1.014	1.014	1.010
628	3408.723	3273.927	3595.481	3370.152	0.987	0.987	0.999
629	3470.465	3237.609	3656.373	3462.642	1.015	1.015	1.017
630	3448.282	3240.121	3560.846	3468.734	1.016	1.016	1.010
631	3429.684	3321.878	3563.849	3420.837	1.002	1.002	1.005
632	3434.345	3305.323	3576.266	3443.455	1.009	1.009	1.006
633	3400.999	3262.333	3613.045	3395.495	0.995	0.995	0.996
634	3374.301	3237.817	3527.176	3359.913	0.984	0.984	0.989
635	3333.608	3187.981	3469.915	3344.817	0.980	0.980	0.977
636	3302.702	3213.864	3387.701	3304.411	0.968	0.968	0.968
637	3314.816	3202.869	3406.665	3321.498	0.973	0.973	0.971
638	3299.009	3200.902	3415.876	3286.188	0.963	0.963	0.967
639	3298.859	3216.603	3384.866	3285.794	0.963	0.963	0.967
640	3303.352	3187.672	3480.894	3307.104	0.969	0.969	0.968
641	3351.661	3271.189	3478.477	3341.068	0.979	0.979	0.982
642	3343.368	3199.376	3583.907	3317.838	0.972	0.972	0.980
643	3354.712	3277.388	3493.132	3341.475	0.979	0.979	0.983
644	3365.965	3147.453	3535.737	3374.372	0.989	0.989	0.986
645	3419.076	3302.953	3519.485	3415.090	1.001	1.001	1.002
646	3436.290	3272.132	3634.711	3479.717	1.020	1.020	1.007
647	3403.802	3219.665	3667.522	3394.278	0.995	0.995	0.997
648	3372.607	3316.437	3490.508	3357.737	0.984	0.984	0.988
649	3380.629	3277.259	3480.842	3373.094	0.988	0.988	0.991
650	3440.405	3223.771	3724.221	3460.524	1.014	1.014	1.008
651	3472.806	3346.407	3619.101	3463.592	1.015	1.015	1.018
652	3441.989	3325.079	3584.271	3425.972	1.004	1.004	1.008
653	3474.664	3300.271	3565.459	3514.115	1.030	1.030	1.018
654	3520.881	3405.602	3764.956	3500.922	1.026	1.026	1.032
655	3561.345	3385.342	3753.656	3563.570	1.044	1.044	1.043
656	3572.953	3281.105	3733.980	3576.771	1.048	1.048	1.047
657	3563.050	3377.035	3962.381	3529.878	1.034	1.034	1.044
658	3507.222	3307.793	3722.929	3517.243	1.031	1.031	1.028
659	3544.757	3355.109	3750.877	3572.552	1.047	1.047	1.039
660	3576.724	3428.557	3762.831	3558.236	1.043	1.043	1.048
661	3541.196	3367.461	3705.166	3533.479	1.035	1.035	1.038
662	3543.915	3376.444	3735.718	3509.668	1.028	1.028	1.038
663	3559.017	3388.773	3703.826	3564.753	1.044	1.044	1.043
664	3549.105	3379.564	3865.048	3532.793	1.035	1.035	1.040
665	3486.345	3335.023	3732.988	3431.591	1.005	1.005	1.021
666	3476.785	3279.046	3726.428	3439.861	1.008	1.008	1.019
667	3458.361	3347.526	3568.645	3455.970	1.013	1.013	1.013
668	3478.679	3273.484	3716.529	3450.256	1.011	1.011	1.019
669	3454.418	3270.445	3593.811	3473.107	1.018	1.018	1.012
670	3497.190	3212.441	3649.601	3523.287	1.032	1.032	1.025
671	3574.067	3327.449	3811.487	3612.513	1.058	1.058	1.047
672	3498.801	3400.207	3696.564	3472.273	1.017	1.017	1.025
673	3545.536	3337.614	3762.868	3517.257	1.031	1.031	1.039
674	3479.720	3311.589	3687.677	3462.764	1.015	1.015	1.020
675	3438.502	3261.741	3677.633	3417.298	1.001	1.001	1.007
676	3501.782	3337.030	3827.977	3480.160	1.020	1.020	1.026
677	3449.257	3295.959	3626.406	3442.087	1.009	1.009	1.011
678	3435.770	3252.202	3658.369	3428.972	1.005	1.005	1.007
679	3422.254	3307.253	3571.978	3423.949	1.003	1.003	1.003
680	3460.620	3202.927	3621.960	3494.169	1.024	1.024	1.014
681	3503.129	3370.552	3800.362	3488.633	1.022	1.022	1.026
682	3474.927	3321.573	3730.515	3434.030	1.006	1.006	1.018
683	3475.338	3307.806	3716.173	3465.787	1.015	1.015	1.018
684	3446.646	3246.872	3596.833	3463.632	1.015	1.015	1.010
685	3426.155	3297.510	3646.957	3395.842	0.995	0.995	1.004
686	3449.115	3285.893	3548.876	3464.125	1.015	1.015	1.011
687	3349.409	3224.935	3584.751	3337.949	0.978	0.978	0.981
688	3454.031	3298.532	3654.624	3440.836	1.008	1.008	1.012
689	3464.649	3334.983	3681.084	3444.890	1.009	1.009	1.015
690	3392.928	3279.064	3543.353	3370.894	0.988	0.988	0.994
691	3384.855	3278.380	3478.940	3376.914	0.989	0.989	0.992
692	3385.939	3222.159	3580.417	3340.993	0.979	0.979	0.992
693	3442.018	3343.374	3629.034	3428.031	1.004	1.004	1.009
694	3480.425	3300.312	3627.952	3499.472	1.025	1.025	1.020
695	3504.637	3368.990	3609.903	3512.742	1.029	1.029	1.027
696	3423.074	3312.011	3530.454	3434.413	1.006	1.006	1.003
697	3450.042	3268.069	3560.669	3466.254	1.016	1.016	1.011
698	3450.397	3274.173	3652.937	3450.406	1.011	1.011	1.011
699	3532.522	3278.453	3735.225	3539.242	1.037	1.037	1.035
700	3505.048	3334.115	3688.996	3489.676	1.022	1.022	1.027
701	3518.389	3322.714	3652.761	3518.469	1.031	1.031	1.031
702	3544.729	3466.599	3714.673	3521.337	1.032	1.032	1.039
703	3551.302	3461.220	3659.777	3537.397	1.036	1.036	1.041
704	3491.770	3437.185	3593.034	3476.996	1.019	1.019	1.023
705	3462.302	3299.143	3558.540	3491.326	1.023	1.023	1.014
706	3445.160	3295.658	3638.117	3424.706	1.003	1.003	1.009
707	3417.342	3267.910	3585.251	3426.616	1.004	1.004	1.001
708	3474.205	3389.827	3618.540	3479.897	1.020	1.020	1.018
709	3489.326	3326.843	3702.255	3492.630	1.023	1.023	1.022
710	3418.809	3338.779	3506.191	3428.802	1.005	1.005	1.002
711	3421.645	3312.153	3496.722	3436.240	1.007	1.007	1.003
712	3468.146	3258.947	3595.662	3521.317	1.032	1.032	1.016
713	3464.176	3281.977	3652.931	3449.755	1.011	1.011	1.015
714	3475.728	3305.169	3645.079	3492.848	1.023	1.023	1.018
715	3457.873	3326.646	3612.426	3439.217	1.008	1.008	1.013
716	3441.509	3287.094	3587.451	3431.875	1.006	1.006	1.008
717	3397.265	3249.016	3556.255	3418.178	1.002	1.002	0.995
718	3449.753	3340.448	3552.811	3443.211	1.009	1.009	1.011
719	3436.191	3356.194	3633.632	3420.264	1.002	1.002	1.007
720	3450.092	3244.344	3611.920	3441.509	1.008	1.008	1.011
721	3440.232	3247.681	3622.127	3437.532	1.007	1.007	1.008
722	3450.648	3315.310	3532.329	3470.207	1.017	1.017	1.011
723	3485.136	3338.273	3659.112	3501.922	1.026	1.026	1.021
724	3465.865	3338.519	3615.857	3453.672	1.012	1.012	1.015
725	3478.293	3309.572	3678.946	3492.967	1.023	1.023	1.019
726	3501.339	3315.921	3612.467	3490.661	1.023	1.023	1.026
727	3387.980	3180.265	3522.737	3392.936	0.994	0.994	0.993
728	3483.820	3271.888	3681.358	3476.573	1.019	1.019	1.021
729	3480.789	3229.534	3716.338	3490.992	1.023	1.023	1.020
730	3456.707	3249.021	3656.363	3486.281	1.021	1.021	1.013
731	3460.753	3332.133	3611.872	3444.311	1.009	1.009	1.014
732	3501.920	3247.451	3657.225	3564.582	1.044	1.044	1.026
733	3469.157	3287.814	3645.709	3484.364	1.021	1.021	1.016
734	3444.616	3311.179	3578.398	3468.367	1.016	1.016	1.009
735	3402.370	3232.137	3652.699	3390.519	0.993	0.993	0.997
736	3433.631	3201.143	3687.774	3431.073	1.005	1.005	1.006
737	3515.744	3281.949	3718.472	3532.146	1.035	1.035	1.030
738	3437.533	3335.958	3653.399	3421.780	1.003	1.003	1.007
739	3424.678	3276.771	3572.457	3420.844	1.002	1.002	1.003
740	3416.886	3311.904	3534.178	3398.660	0.996	0.996	1.001
741	3461.192	3336.683	3601.201	3446.404	1.010	1.010	1.014
742	3481.578	3331.280	3659.601	3462.541	1.015	1.015	1.020
743	3520.444	3275.870	3707.886	3509.633	1.028	1.028	1.031
744	3463.456	3248.673	3590.733	3499.375	1.025	1.025	1.015
745	3492.070	3384.697	3679.481	3470.662	1.017	1.017	1.023
746	3434.224	3363.133	3501.401	3442.289	1.009	1.009	1.006
747	3399.598	3243.080	3529.027	3391.175	0.994	0.994	0.996
748	3489.075	3353.965	3607.278	3481.578	1.020	1.020	1.022
749	3462.512	3250.995	3686.381	3449.873	1.011	1.011	1.015
750	3436.410	3283.316	3607.040	3449.601	1.011	1.011	1.007
751	3443.333	3313.454	3658.027	3418.055	1.001	1.001	1.009
752	3407.289	3301.739	3526.863	3409.092	0.999	0.999	0.998
753	3431.784	3336.417	3566.288	3409.623	0.999	0.999	1.006
754	3426.694	3286.126	3558.179	3402.042	0.997	0.997	1.004
755	3464.742	3306.445	3776.114	3440.432	1.008	1.008	1.015
756	3492.513	3296.140	3816.109	3458.638	1.013	1.013	1.023
757	3502.882	3298.213	3724.779	3469.764	1.017	1.017	1.026
758	3476.860	3321.931	3583.744	3492.091	1.023	1.023	1.019
759	3425.797	3312.568	3639.039	3396.038	0.995	0.995	1.004
760	3414.458	3225.065	3587.199	3401.784	0.997	0.997	1.000
761	3486.272	3347.430	3634.002	3500.598	1.026	1.026	1.021
762	3457.939	3293.656	3699.401	3478.218	1.019	1.019	1.013
763	3448.429	3364.617	3682.952	3418.084	1.001	1.001	1.010
764	3420.327	3201.688	3543.838	3438.691	1.008	1.008	1.002
765	3387.314	3291.224	3501.466	3357.458	0.984	0.984	0.992
766	3420.067	3257.027	3520.933	3439.101	1.008	1.008	1.002
767	3458.998	3351.481	3589.480	3466.576	1.016	1.016	1.013
768	3393.340	3234.198	3596.307	3400.571	0.996	0.996	0.994
769	3369.281	3228.917	3567.562	3338.414	0.978	0.978	0.987
770	3402.107	3283.689	3506.595	3368.914	0.987	0.987	0.997
771	3384.580	3283.164	3493.118	3374.775	0.989	0.989	0.992
772	3402.582	3302.300	3510.563	3410.533	0.999	0.999	0.997
773	3436.187	3289.732	3602.056	3429.466	1.005	1.005	1.007
774	3427.980	3318.270	3540.758	3432.930	1.006	1.006	1.004
775	3457.916	3320.177	3536.895	3473.429	1.018	1.018	1.013
776	3395.486	3281.449	3500.508	3385.222	0.992	0.992	0.995
777	3353.075	3283.290	3528.620	3322.345	0.973	0.973	0.982
778	3378.654	3297.245	3490.724	3364.663	0.986	0.986	0.990
779	3397.127	3186.620	3579.470	3398.259	0.996	0.996	0.995
780	3434.209	3176.636	3581.416	3460.988	1.014	1.014	1.006
781	3434.197	3332.709	3561.397	3426.584	1.004	1.004	1.006
782	3450.924	3342.226	3582.038	3453.905	1.012	1.012	1.011
783	3420.794	3289.279	3549.502	3419.454	1.002	1.002	1.002
784	3419.551	3355.431	3573.913	3404.620	0.998	0.998	1.002
785	3415.288	3287.521	3509.661	3429.152	1.005	1.005	1.001
786	3456.064	3294.090	3569.920	3484.468	1.021	1.021	1.013
787	3454.997	3334.409	3543.887	3445.710	1.010	1.010	1.012
788	3466.129	3380.952	3614.643	3468.026	1.016	1.016	1.016
789	3478.196	3318.196	3606.518	3491.483	1.023	1.023	1.019
790	3511.004	3257.534	3700.841	3521.036	1.032	1.032	1.029
791	3511.693	3319.604	3698.373	3507.730	1.028	1.028	1.029
792	3447.410	3305.857	3634.188	3442.208	1.009	1.009	1.010
793	3532.695	3412.666	3676.941	3525.349	1.033	1.033	1.035
794	3483.005	3356.266	3710.866	3459.460	1.014	1.014	1.021
795	3478.539	3402.799	3545.633	3474.767	1.018	1.018	1.019
796	3468.769	3379.244	3560.704	3454.810	1.012	1.012	1.016
797	3452.361	3394.810	3537.546	3443.772	1.009	1.009	1.012
798	3481.949	3379.629	3634.834	3464.921	1.015	1.015	1.020
799	3466.639	3342.372	3547.925	3487.243	1.022	1.022	1.016
800	3509.154	3383.667	3688.919	3503.044	1.026	1.026	1.028
801	3487.967	3396.092	3639.786	3432.069	1.006	1.006	1.022
802	3477.464	3328.183	3676.905	3463.549	1.015	1.015	1.019
803	3469.594	3412.280	3543.047	3472.156	1.017	1.017	1.017
804	3493.797	3412.064	3611.039	3474.243	1.018	1.018	1.024
805	3520.589	3437.805	3759.832	3508.142	1.028	1.028	1.032
806	3476.890	3295.454	3685.147	3468.909	1.016	1.016	1.019
807	3480.411	3361.103	3660.932	3468.391	1.016	1.016	1.020
808	3433.487	3364.438	3510.391	3411.241	0.999	0.999	1.006
809	3512.071	3407.349	3675.389	3499.026	1.025	1.025	1.029
810	3486.092	3400.809	3635.741	3471.533	1.017	1.017	1.021
811	3549.759	3412.955	3773.238	3533.310	1.035	1.035	1.040
812	3532.982	3409.349	3731.747	3504.297	1.027	1.027	1.035
813	3460.394	3363.773	3551.053	3456.293	1.013	1.013	1.014
814	3500.904	3410.161	3582.146	3496.000	1.024	1.024	1.026
815	3521.562	3410.470	3651.761	3535.360	1.036	1.036	1.032
816	3498.487	3350.216	3575.810	3517.532	1.031	1.031	1.025
817	3506.156	3362.304	3606.294	3507.544	1.028	1.028	1.027
818	3487.384	3407.016	3543.410	3497.184	1.025	1.025	1.022
819	3458.219	3343.079	3570.425	3466.772	1.016	1.016	1.013
820	3537.111	3429.723	3689.131	3514.396	1.030	1.030	1.036
821	3523.194	3438.232	3678.469	3487.933	1.022	1.022	1.032
822	3480.921	3403.545	3573.951	3478.316	1.019	1.019	1.020
823	3515.753	3369.350	3630.885	3517.343	1.031	1.031	1.030
824	3569.325	3435.842	3800.078	3592.073	1.052	1.052	1.046
825	3551.521	3436.612	3683.523	3540.967	1.037	1.037	1.041
826	3529.043	3371.114	3665.188	3535.554	1.036	1.036	1.034
827	3511.169	3366.622	3589.801	3509.870	1.028	1.028	1.029
828	3490.564	3365.278	3591.568	3518.013	1.031	1.031	1.023
829	3512.800	3318.733	3717.127	3502.429	1.026	1.026	1.029
830	3538.392	3404.637	3686.929	3529.646	1.034	1.034	1.037
831	3543.210	3429.216	3680.905	3553.028	1.041	1.041	1.038
832	3488.648	3397.903	3554.514	3490.742	1.023	1.023	1.022
833	3542.817	3472.270	3614.199	3550.369	1.040	1.040	1.038
834	3505.655	3351.333	3632.659	3515.013	1.030	1.030	1.027
835	3540.122	3404.445	3761.359	3509.575	1.028	1.028	1.037
836	3484.292	3340.297	3658.565	3494.892	1.024	1.024	1.021
837	3473.627	3423.157	3586.717	3464.467	1.015	1.015	1.018
838	3516.144	3374.547	3657.028	3518.072	1.031	1.031	1.030
839	3481.400	3352.964	3631.459	3459.916	1.014	1.014	1.020
840	3455.812	3378.979	3599.691	3449.436	1.011	1.011	1.013
841	3433.009	3379.606	3537.257	3415.960	1.001	1.001	1.006
842	3470.287	3382.126	3546.280	3470.887	1.017	1.017	1.017
843	3511.753	3370.108	3618.436	3499.831	1.025	1.025	1.029
844	3506.888	3372.080	3631.427	3530.125	1.034	1.034	1.028
845	3444.372	3275.510	3568.826	3453.990	1.012	1.012	1.009
846	3462.240	3344.505	3581.468	3458.125	1.013	1.013	1.014
847	3533.821	3405.735	3670.339	3542.354	1.038	1.038	1.035
848	3454.946	3299.177	3639.276	3460.172	1.014	1.014	1.012
849	3459.049	3365.264	3556.221	3429.555	1.005	1.005	1.013
850	3442.623	3320.724	3574.988	3436.238	1.007	1.007	1.009
851	3463.385	3329.294	3560.625	3469.957	1.017	1.017	1.015
852	3485.344	3304.662	3828.570	3425.459	1.004	1.004	1.021
853	3450.865	3302.990	3650.834	3415.856	1.001	1.001	1.011
854	3458.937	3307.976	3587.662	3474.860	1.018	1.018	1.013
855	3492.739	3399.265	3614.979	3486.491	1.022	1.022	1.023
856	3436.547	3357.686	3578.964	3443.064	1.009	1.009	1.007
857	3445.382	3371.843	3570.868	3439.763	1.008	1.008	1.009
858	3450.557	3345.623	3593.512	3440.930	1.008	1.008	1.011
859	3477.874	3312.341	3601.942	3483.664	1.021	1.021	1.019
860	3466.790	3331.249	3673.137	3462.052	1.014	1.014	1.016
861	3520.168	3440.135	3635.778	3507.289	1.028	1.028	1.031
862	3472.471	3396.552	3557.972	3485.420	1.021	1.021	1.017
863	3500.082	3370.043	3583.005	3512.282	1.029	1.029	1.026
864	3464.400	3351.625	3706.854	3438.631	1.008	1.008	1.015
865	3467.080	3343.831	3641.729	3450.994	1.011	1.011	1.016
866	3435.489	3310.571	3590.492	3435.011	1.006	1.006	1.007
867	3467.231	3371.956	3548.177	3461.171	1.014	1.014	1.016
868	3426.639	3256.386	3568.363	3414.391	1.000	1.000	1.004
869	3405.469	3269.368	3526.238	3410.473	0.999	0.999	0.998
870	3426.283	3335.980	3554.268	3419.526	1.002	1.002	1.004
871	3497.317	3374.591	3728.370	3459.684	1.014	1.014	1.025
872	3462.966	3304.055	3736.094	3413.994	1.000	1.000	1.015
873	3402.206	3301.107	3600.523	3391.051	0.994	0.994	0.997
874	3394.183	3304.052	3498.848	3389.216	0.993	0.993	0.994
875	3401.455	3303.701	3489.570	3414.330	1.000	1.000	0.997
876	3413.559	3274.952	3550.840	3418.024	1.001	1.001	1.000
877	3437.022	3320.976	3565.845	3424.172	1.003	1.003	1.007
878	3389.881	3301.017	3493.814	3385.039	0.992	0.992	0.993
879	3456.451	3394.093	3548.676	3446.916	1.010	1.010	1.013
880	3460.180	3339.746	3543.888	3470.265	1.017	1.017	1.014
881	3456.285	3314.023	3562.802	3465.083	1.015	1.015	1.013
882	3336.095	3241.706	3445.590	3324.612	0.974	0.974	0.977
883	3385.533	3265.339	3506.415	3356.275	0.983	0.983	0.992
884	3397.455	3292.114	3527.904	3400.226	0.996	0.996	0.995
885	3366.705	3214.408	3492.243	3364.639	0.986	0.986	0.986
886	3396.373	3268.223	3596.589	3359.482	0.984	0.984	0.995
887	3397.110	3216.224	3586.843	3403.828	0.997	0.997	0.995
888	3387.847	3279.288	3473.734	3396.653	0.995	0.995	0.993
889	3431.084	3320.302	3654.348	3424.403	1.003	1.003	1.005
890	3371.535	3276.469	3519.854	3357.323	0.984	0.984	0.988
891	3358.843	3267.908	3438.611	3366.500	0.986	0.986	0.984
892	3384.922	3305.856	3466.260	3383.704	0.991	0.991	0.992
893	3414.003	3330.444	3494.359	3419.080	1.002	1.002	1.000
894	3373.190	3320.132	3470.090	3360.428	0.985	0.985	0.988
895	3433.766	3337.673	3553.689	3433.477	1.006	1.006	1.006
896	3456.305	3321.592	3542.148	3483.417	1.021	1.021	1.013
897	3433.216	3299.794	3527.991	3425.125	1.004	1.004	1.006
898	3339.660	3181.322	3445.267	3369.991	0.987	0.987	0.979
899	3391.978	3219.382	3585.845	3389.625	0.993	0.993	0.994
900	3413.620	3198.426	3566.355	3412.620	1.000	1.000	1.000
901	3430.525	3311.102	3522.589	3440.892	1.008	1.008	1.005
902	3381.500	3208.778	3564.895	3365.928	0.986	0.986	0.991
903	3437.350	3345.561	3537.912	3453.023	1.012	1.012	1.007
904	3430.242	3359.785	3485.215	3416.750	1.001	1.001	1.005
905	3393.035	3251.583	3525.581	3410.038	0.999	0.999	0.994
906	3382.921	3231.579	3456.111	3392.815	0.994	0.994	0.991
907	3419.461	3266.275	3515.871	3433.717	1.006	1.006	1.002
908	3423.137	3260.748	3599.769	3425.341	1.004	1.004	1.003
909	3408.359	3250.786	3593.049	3382.811	0.991	0.991	0.999
910	3430.955	3340.496	3572.698	3417.491	1.001	1.001	1.005
911	3443.708	3286.154	3744.742	3443.927	1.009	1.009	1.009
912	3399.502	3311.371	3492.829	3394.428	0.995	0.995	0.996
913	3409.071	3260.577	3634.332	3385.885	0.992	0.992	0.999
914	3438.545	3289.951	3572.620	3428.519	1.005	1.005	1.007
915	3454.061	3278.119	3680.665	3447.717	1.010	1.010	1.012
916	3431.246	3179.051	3721.814	3406.634	0.998	0.998	1.005
917	3424.536	3243.960	3776.055	3409.586	0.999	0.999	1.003
918	3489.345	3235.105	3827.005	3495.750	1.024	1.024	1.022
919	3532.115	3285.741	3752.437	3528.687	1.034	1.034	1.035
920	3524.245	3324.460	3767.552	3494.886	1.024	1.024	1.033
921	3550.229	3256.445	3927.312	3530.186	1.034	1.034	1.040
922	3490.431	3326.692	3745.296	3458.226	1.013	1.013	1.023
923	3434.098	3311.004	3680.505	3361.260	0.985	0.985	1.006
924	3456.815	3240.044	3557.153	3516.774	1.030	1.030	1.013
925	3528.921	3267.724	3806.259	3533.969	1.035	1.035	1.034
926	3501.325	3312.761	3940.994	3466.593	1.016	1.016	1.026
927	3428.190	3302.554	3676.494	3383.100	0.991	0.991	1.004
928	3450.886	3323.737	3688.243	3404.196	0.997	0.997	1.011
929	3464.583	3345.425	3604.281	3460.181	1.014	1.014	1.015
930	3408.767	3280.850	3489.874	3440.760	1.008	1.008	0.999
931	3388.775	3303.233	3544.000	3380.397	0.990	0.990	0.993
932	3480.597	3329.814	3613.858	3462.911	1.015	1.015	1.020
933	3335.699	3146.108	3559.615	3331.311	0.976	0.976	0.977
934	3433.179	3260.171	3603.010	3415.288	1.001	1.001	1.006
935	3370.912	3260.119	3502.770	3366.394	0.986	0.986	0.988
936	3389.196	3241.221	3548.718	3399.146	0.996	0.996	0.993
937	3436.603	3299.460	3628.980	3422.519	1.003	1.003	1.007
938	3391.273	3258.786	3523.198	3373.369	0.988	0.988	0.994
939	3429.500	3330.142	3596.839	3425.199	1.004	1.004	1.005
940	3424.229	3279.649	3568.211	3410.760	0.999	0.999	1.003
941	3432.007	3312.686	3518.725	3444.662	1.009	1.009	1.006
942	3443.214	3245.133	3527.690	3460.469	1.014	1.014	1.009
943	3469.135	3287.511	3735.047	3481.763	1.020	1.020	1.016
944	3508.833	3240.625	3664.738	3534.554	1.036	1.036	1.028
945	3456.940	3288.046	3604.980	3472.516	1.017	1.017	1.013
946	3531.153	3322.124	3777.369	3519.574	1.031	1.031	1.035
947	3520.469	3318.722	3880.078	3489.960	1.023	1.023	1.031
948	3499.336	3281.550	3712.663	3479.708	1.020	1.020	1.025
949	3452.908	3239.160	3841.453	3386.176	0.992	0.992	1.012
950	3438.635	3255.521	3582.165	3463.665	1.015	1.015	1.008
951	3439.321	3315.812	3518.672	3450.799	1.011	1.011	1.008
952	3472.960	3394.399	3534.669	3481.119	1.020	1.020	1.018
953	3438.260	3380.007	3558.727	3412.730	1.000	1.000	1.007
954	3475.255	3299.876	3831.108	3400.133	0.996	0.996	1.018
955	3501.763	3354.969	3743.999	3420.541	1.002	1.002	1.026
956	3545.899	3422.868	3752.323	3538.236	1.037	1.037	1.039
957	3514.468	3331.362	3659.623	3500.721	1.026	1.026	1.030
958	3558.305	3350.206	3759.305	3565.660	1.045	1.045	1.043
959	3608.104	3350.714	3948.358	3598.948	1.054	1.054	1.057
960	3546.546	3339.422	3762.171	3482.525	1.020	1.020	1.039
961	3530.555	3377.044	3749.160	3526.610	1.033	1.033	1.034
962	3512.735	3391.639	3636.710	3475.318	1.018	1.018	1.029
963	3451.867	3179.552	3627.297	3498.176	1.025	1.025	1.011
964	3496.344	3206.367	3813.453	3561.126	1.043	1.043	1.024
965	3498.566	3240.172	3753.969	3522.548	1.032	1.032	1.025
966	3482.980	3379.199	3692.889	3480.845	1.020	1.020	1.021
967	3480.586	3424.306	3593.657	3462.426	1.014	1.014	1.020
968	3492.995	3356.725	3691.487	3458.559	1.013	1.013	1.023
969	3505.784	3394.140	3559.947	3532.482	1.035	1.035	1.027
970	3472.720	3323.923	3611.805	3472.287	1.017	1.017	1.017
971	3408.451	3303.715	3554.880	3412.695	1.000	1.000	0.999
972	3480.936	3340.460	3801.724	3458.959	1.013	1.013	1.020
973	3443.555	3344.319	3621.914	3425.529	1.004	1.004	1.009
974	3337.620	3253.566	3495.899	3325.664	0.974	0.974	0.978
975	3412.756	3299.170	3541.943	3405.419	0.998	0.998	1.000
976	3428.014	3215.906	3606.152	3443.602	1.009	1.009	1.004
977	3424.656	3326.164	3493.121	3422.120	1.003	1.003	1.003
978	3493.012	3361.119	3755.296	3438.443	1.007	1.007	1.023
979	3444.247	3238.570	3718.702	3438.318	1.007	1.007	1.009
980	3400.652	3221.229	3551.832	3438.513	1.007	1.007	0.996
981	3483.075	3328.552	3749.984	3461.808	1.014	1.014	1.021
982	3521.955	3191.495	3771.202	3520.886	1.032	1.032	1.032
983	3511.165	3314.738	3706.928	3525.728	1.033	1.033	1.029
984	3520.241	3322.896	3613.795	3560.464	1.043	1.043	1.031
985	3531.680	3321.823	3710.939	3568.891	1.046	1.046	1.035
986	3451.630	3173.155	3679.440	3440.774	1.008	1.008	1.011
987	3420.213	3278.225	3670.838	3403.553	0.997	0.997	1.002
988	3428.315	3269.595	3606.330	3401.589	0.997	0.997	1.004
989	3422.953	3261.183	3568.327	3409.934	0.999	0.999	1.003
990	3517.528	3260.501	3669.172	3554.358	1.041	1.041	1.031
991	3539.830	3295.226	3754.676	3553.517	1.041	1.041	1.037
992	3545.430	3463.546	3650.004	3550.864	1.040	1.040	1.039
993	3482.103	3360.342	3846.128	3412.848	1.000	1.000	1.020
994	3417.110	3277.374	3568.389	3388.371	0.993	0.993	1.001
995	3452.490	3304.270	3626.297	3435.575	1.007	1.007	1.012
996	3482.195	3322.823	3635.804	3473.024	1.018	1.018	1.020
997	3475.780	3199.771	3678.268	3483.026	1.021	1.021	1.018
998	3503.603	3382.597	3622.077	3516.678	1.030	1.030	1.027
999	3541.991	3384.373	3684.383	3578.297	1.048	1.048	1.038
1000	3517.409	3385.235	3765.290	3501.883	1.026	1.026	1.031
1001	3556.894	3317.784	4010.719	3563.930	1.044	1.044	1.042
1002	3568.902	3340.094	3742.281	3556.908	1.042	1.042	1.046
1003	3537.971	3325.223	3791.432	3509.414	1.028	1.028	1.037
1004	3464.595	3229.342	3635.171	3496.319	1.024	1.024	1.015
1005	3452.327	3342.171	3728.301	3432.748	1.006	1.006	1.012
1006	3466.502	3367.840	3554.382	3479.444	1.019	1.019	1.016
1007	3516.940	3317.873	3620.066	3530.821	1.035	1.035	1.030
1008	3582.212	3434.056	3884.438	3575.206	1.048	1.048	1.050
1009	3537.992	3341.452	3662.650	3552.278	1.041	1.041	1.037
1010	3493.793	3348.524	3710.628	3474.327	1.018	1.018	1.024
1011	3535.951	3407.587	3716.773	3534.128	1.035	1.035	1.036
1012	3497.028	3340.622	3650.638	3460.667	1.014	1.014	1.025
1013	3553.360	3448.623	3657.544	3552.684	1.041	1.041	1.041
1014	3619.634	3408.500	3874.884	3606.173	1.057	1.057	1.061
1015	3570.773	3319.976	3810.444	3537.107	1.036	1.036	1.046
1016	3552.984	3376.586	3730.259	3532.957	1.035	1.035	1.041
1017	3582.721	3397.890	3891.290	3571.994	1.047	1.047	1.050
1018	3562.310	3432.458	3809.577	3552.892	1.041	1.041	1.044
1019	3524.440	3329.088	3763.069	3488.826	1.022	1.022	1.033
1020	3581.149	3331.362	3751.359	3604.970	1.056	1.056	1.049
1021	3564.086	3360.729	3696.617	3588.505	1.051	1.051	1.044
1022	3561.698	3335.613	3828.074	3518.540	1.031	1.031	1.044
1023	3551.246	3393.861	3721.317	3579.356	1.049	1.049	1.041
1024	3545.459	3402.232	3879.018	3487.231	1.022	1.022	1.039
1025	3530.603	3364.848	3862.623	3460.393	1.014	1.014	1.034
1026	3555.405	3341.237	3937.850	3499.569	1.025	1.025	1.042
1027	3605.966	3387.319	3867.958	3557.187	1.042	1.042	1.057
1028	3641.208	3414.995	3847.614	3585.271	1.050	1.050	1.067
1029	3648.498	3428.782	4151.647	3589.573	1.052	1.052	1.069
1030	3686.979	3390.252	4048.497	3650.056	1.069	1.069	1.080
1031	3652.079	3476.337	3973.698	3601.525	1.055	1.055	1.070
1032	3653.667	3440.718	3814.429	3667.137	1.074	1.074	1.071
1033	3628.968	3432.820	3774.402	3638.395	1.066	1.066	1.063
1034	3562.238	3383.758	3660.544	3576.359	1.048	1.048	1.044
1035	3530.398	3437.756	3681.491	3526.075	1.033	1.033	1.034
1036	3477.381	3304.846	3616.483	3476.920	1.019	1.019	1.019
1037	3488.868	3379.486	3745.807	3465.589	1.015	1.015	1.022
1038	3538.638	3361.481	3675.760	3553.597	1.041	1.041	1.037
1039	3540.461	3426.856	3681.984	3527.102	1.033	1.033	1.037
1040	3548.028	3442.193	3638.767	3548.545	1.040	1.040	1.040
1041	3533.627	3394.277	3659.103	3526.954	1.033	1.033	1.035
1042	3535.221	3311.378	3713.205	3548.072	1.040	1.040	1.036
1043	3533.162	3401.357	3692.182	3535.583	1.036	1.036	1.035
1044	3531.908	3425.110	3639.034	3515.747	1.030	1.030	1.035
1045	3526.090	3388.148	3711.435	3501.542	1.026	1.026	1.033
1046	3570.864	3447.894	3707.272	3554.524	1.041	1.041	1.046
1047	3630.213	3507.206	3776.650	3646.197	1.068	1.068	1.064
1048	3665.514	3515.029	3797.546	3678.526	1.078	1.078	1.074
1049	3587.732	3441.971	3680.238	3591.014	1.052	1.052	1.051
1050	3637.661	3443.789	3751.593	3649.002	1.069	1.069	1.066
1051	3736.081	3432.115	3944.143	3755.239	1.100	1.100	1.095
1052	3763.985	3469.932	4318.802	3784.589	1.109	1.109	1.103
1053	3734.556	3490.892	4273.980	3578.581	1.049	1.049	1.094
1054	3785.124	3441.505	4446.998	3699.993	1.084	1.084	1.109
1055	3694.306	3385.400	4148.327	3594.330	1.053	1.053	1.082
1056	3530.819	3355.445	3973.170	3470.470	1.017	1.017	1.035
1057	3509.655	3361.578	3666.849	3506.664	1.027	1.027	1.028
1058	3511.983	3327.499	3718.652	3474.836	1.018	1.018	1.029
1059	3453.932	3207.997	3610.431	3507.884	1.028	1.028	1.012
1060	3437.291	3285.763	3563.646	3454.508	1.012	1.012	1.007
1061	3409.186	3294.469	3533.525	3403.731	0.997	0.997	0.999
1062	3369.296	3238.879	3471.113	3379.022	0.990	0.990	0.987
1063	3369.683	3263.960	3502.085	3351.947	0.982	0.982	0.987
1064	3362.139	3303.074	3427.856	3355.262	0.983	0.983	0.985
1065	3399.273	3314.226	3564.608	3381.300	0.991	0.991	0.996
1066	3392.226	3342.280	3493.324	3369.437	0.987	0.987	0.994
1067	3408.092	3327.265	3491.039	3413.750	1.000	1.000	0.999
1068	3401.726	3313.776	3494.096	3401.431	0.997	0.997	0.997
1069	3424.218	3346.195	3554.134	3418.338	1.002	1.002	1.003
1070	3403.503	3282.958	3556.166	3409.363	0.999	0.999	0.997
1071	3350.056	3284.461	3438.846	3359.210	0.984	0.984	0.982
1072	3380.780	3323.704	3443.448	3365.592	0.986	0.986	0.991
1073	3365.471	3250.370	3429.513	3388.229	0.993	0.993	0.986
1074	3420.447	3340.530	3585.809	3389.375	0.993	0.993	1.002
1075	3419.109	3343.362	3524.560	3402.877	0.997	0.997	1.002
1076	3404.626	3205.142	3566.699	3401.941	0.997	0.997	0.998
1077	3470.754	3389.239	3576.983	3457.789	1.013	1.013	1.017
1078	3425.351	3339.371	3467.781	3428.112	1.004	1.004	1.004
1079	3409.827	3287.930	3567.982	3407.014	0.998	0.998	0.999
1080	3388.830	3293.119	3472.449	3401.962	0.997	0.997	0.993
1081	3410.877	3327.951	3544.549	3413.654	1.000	1.000	0.999
1082	3395.488	3242.309	3560.403	3422.500	1.003	1.003	0.995
1083	3362.019	3249.589	3558.312	3350.263	0.982	0.982	0.985
1084	3363.542	3305.726	3486.204	3341.644	0.979	0.979	0.986
1085	3394.693	3252.471	3526.896	3392.205	0.994	0.994	0.995
1086	3346.377	3294.879	3438.758	3335.484	0.977	0.977	0.980
1087	3387.697	3316.584	3481.803	3398.315	0.996	0.996	0.993
1088	3436.302	3311.630	3636.185	3431.323	1.005	1.005	1.007
1089	3442.680	3248.438	3631.998	3427.648	1.004	1.004	1.009
1090	3452.192	3153.785	3699.483	3444.159	1.009	1.009	1.011
1091	3409.196	3261.497	3603.596	3386.713	0.992	0.992	0.999
1092	3456.626	3325.461	3559.873	3438.225	1.007	1.007	1.013
1093	3441.934	3275.271	3613.890	3440.538	1.008	1.008	1.008
1094	3398.339	3306.371	3492.328	3414.903	1.001	1.001	0.996
1095	3421.187	3251.799	3583.104	3457.136	1.013	1.013	1.002
1096	3438.563	3337.863	3683.740	3417.639	1.001	1.001	1.007
1097	3444.916	3289.935	3654.087	3424.951	1.004	1.004	1.009
1098	3383.092	3161.970	3610.755	3369.494	0.987	0.987	0.991
1099	3496.556	3265.578	3701.406	3505.589	1.027	1.027	1.024
1100	3542.033	3268.225	3759.464	3517.179	1.031	1.031	1.038
1101	3564.839	3416.031	3665.458	3573.730	1.047	1.047	1.044
1102	3516.918	3349.608	3666.435	3527.816	1.034	1.034	1.030
1103	3418.176	3290.059	3584.386	3387.942	0.993	0.993	1.002
1104	3424.279	3317.782	3557.019	3417.167	1.001	1.001	1.003
1105	3427.868	3322.364	3509.157	3437.395	1.007	1.007	1.004
1106	3420.823	3306.005	3517.645	3428.239	1.004	1.004	1.002
1107	3438.618	3280.329	3588.310	3454.956	1.012	1.012	1.008
1108	3384.527	3265.487	3623.117	3364.194	0.986	0.986	0.992
1109	3391.567	3214.957	3509.909	3404.465	0.997	0.997	0.994
1110	3323.714	3228.000	3450.666	3335.455	0.977	0.977	0.974
1111	3357.699	3246.443	3495.963	3353.858	0.983	0.983	0.984
1112	3365.190	3282.148	3426.528	3379.900	0.990	0.990	0.986
1113	3370.107	3294.268	3449.025	3385.069	0.992	0.992	0.987
1114	3406.643	3286.720	3594.275	3402.472	0.997	0.997	0.998
1115	3376.022	3308.399	3477.487	3368.897	0.987	0.987	0.989
1116	3421.527	3324.306	3590.452	3403.682	0.997	0.997	1.002
1117	3417.062	3359.186	3461.542	3417.017	1.001	1.001	1.001
1118	3395.472	3317.575	3552.595	3381.520	0.991	0.991	0.995
1119	3422.329	3234.799	3595.071	3426.678	1.004	1.004	1.003
1120	3415.910	3298.102	3510.141	3437.370	1.007	1.007	1.001
1121	3392.731	3274.782	3541.278	3401.994	0.997	0.997	0.994
1122	3411.003	3270.203	3515.515	3424.929	1.003	1.003	0.999
1123	3351.844	3230.727	3446.695	3382.535	0.991	0.991	0.982
1124	3388.038	3290.521	3525.248	3383.385	0.991	0.991	0.993
1125	3417.927	3268.420	3673.065	3396.135	0.995	0.995	1.001
1126	3454.404	3268.720	3761.458	3424.124	1.003	1.003	1.012
1127	3428.684	3195.398	3514.709	3435.923	1.007	1.007	1.005
1128	3417.364	3236.948	3524.143	3440.529	1.008	1.008	1.001
1129	3428.065	3349.281	3597.320	3422.923	1.003	1.003	1.004
1130	3398.285	3318.352	3488.025	3398.020	0.996	0.996	0.996
1131	3385.680	3217.726	3488.498	3392.248	0.994	0.994	0.992
1132	3464.125	3342.120	3590.727	3460.201	1.014	1.014	1.015
1133	3461.740	3321.140	3627.691	3455.175	1.012	1.012	1.014
1134	3427.006	3313.553	3535.962	3440.368	1.008	1.008	1.004
1135	3414.362	3293.476	3661.015	3386.844	0.992	0.992	1.000
1136	3411.615	3299.843	3561.058	3417.706	1.001	1.001	1.000
1137	3478.701	3292.806	3576.576	3499.824	1.025	1.025	1.019
1138	3460.825	3307.503	3639.261	3464.011	1.015	1.015	1.014
1139	3436.502	3263.873	3766.598	3413.823	1.000	1.000	1.007
1140	3493.615	3304.403	3893.768	3416.257	1.001	1.001	1.024
1141	3456.977	3317.561	3635.457	3437.036	1.007	1.007	1.013
1142	3511.060	3333.693	3714.153	3531.005	1.035	1.035	1.029
1143	3406.398	3305.448	3492.225	3403.306	0.997	0.997	0.998
1144	3459.378	3327.369	3682.696	3428.302	1.004	1.004	1.014
1145	3416.116	3285.790	3532.183	3401.904	0.997	0.997	1.001
1146	3466.353	3261.085	3592.877	3454.482	1.012	1.012	1.016
1147	3456.788	3357.342	3598.640	3435.041	1.006	1.006	1.013
1148	3385.140	3240.112	3535.759	3398.146	0.996	0.996	0.992
1149	3334.983	3244.946	3482.984	3319.894	0.973	0.973	0.977
1150	3428.600	3244.962	3548.891	3419.878	1.002	1.002	1.005
1151	3372.477	3278.662	3482.771	3359.417	0.984	0.984	0.988
1152	3432.251	3312.995	3491.291	3457.925	1.013	1.013	1.006
1153	3384.216	3300.640	3642.105	3350.813	0.982	0.982	0.992
1154	3408.098	3251.569	3537.031	3404.587	0.998	0.998	0.999
1155	3396.449	3242.754	3588.384	3345.477	0.980	0.980	0.995
1156	3423.279	3242.111	3543.669	3413.153	1.000	1.000	1.003
1157	3432.267	3345.080	3559.119	3424.716	1.003	1.003	1.006
1158	3455.106	3274.259	3795.732	3443.833	1.009	1.009	1.012
1159	3448.314	3321.592	3632.663	3412.383	1.000	1.000	1.010
1160	3477.315	3296.128	3664.039	3443.843	1.009	1.009	1.019
1161	3551.919	3417.999	3713.269	3553.192	1.041	1.041	1.041
1162	3533.375	3358.020	3693.723	3546.180	1.039	1.039	1.035
1163	3501.839	3324.141	3706.509	3448.002	1.010	1.010	1.026
1164	3474.815	3361.004	3675.132	3438.724	1.008	1.008	1.018
1165	3465.543	3339.000	3622.235	3491.452	1.023	1.023	1.015
1166	3451.346	3306.253	3625.565	3438.384	1.007	1.007	1.011
1167	3474.369	3317.268	3693.421	3464.832	1.015	1.015	1.018
1168	3499.170	3325.059	3634.121	3503.301	1.026	1.026	1.025
1169	3429.485	3291.582	3558.990	3435.142	1.006	1.006	1.005
1170	3462.863	3370.645	3646.235	3454.885	1.012	1.012	1.015
1171	3431.151	3247.108	3552.298	3436.366	1.007	1.007	1.005
1172	3458.949	3382.250	3515.411	3465.144	1.015	1.015	1.013
1173	3430.167	3322.455	3538.491	3421.892	1.003	1.003	1.005
1174	3457.301	3334.489	3547.217	3466.181	1.016	1.016	1.013
1175	3463.837	3346.669	3568.992	3481.091	1.020	1.020	1.015
1176	3417.401	3307.538	3541.283	3446.038	1.010	1.010	1.001
1177	3388.398	3287.401	3467.210	3403.347	0.997	0.997	0.993
1178	3431.068	3347.563	3501.847	3430.490	1.005	1.005	1.005
1179	3414.622	3327.981	3480.251	3436.946	1.007	1.007	1.000
1180	3316.248	3204.327	3441.552	3310.924	0.970	0.970	0.972
1181	3341.282	3257.496	3435.638	3337.344	0.978	0.978	0.979
1182	3402.001	3306.838	3554.069	3390.408	0.993	0.993	0.997
1183	3439.292	3320.181	3580.023	3434.343	1.006	1.006	1.008
1184	3462.518	3330.830	3614.391	3455.064	1.012	1.012	1.015
1185	3452.331	3284.305	3758.579	3391.745	0.994	0.994	1.012
1186	3444.916	3281.706	3628.510	3450.994	1.011	1.011	1.009
1187	3505.619	3354.006	3686.170	3501.927	1.026	1.026	1.027
1188	3526.569	3423.190	3657.018	3514.353	1.030	1.030	1.033
1189	3495.992	3355.215	3625.388	3490.565	1.023	1.023	1.024
1190	3490.848	3326.275	3862.687	3441.135	1.008	1.008	1.023
1191	3420.854	3356.693	3541.270	3401.549	0.997	0.997	1.002
1192	3417.092	3292.703	3628.663	3373.512	0.988	0.988	1.001
1193	3466.807	3280.344	3659.675	3465.737	1.015	1.015	1.016
1194	3487.062	3381.389	3687.759	3483.211	1.021	1.021	1.022
1195	3484.862	3389.790	3578.956	3479.850	1.020	1.020	1.021
1196	3481.357	3368.356	3593.334	3493.069	1.023	1.023	1.020
1197	3585.061	3415.807	3763.792	3626.967	1.063	1.063	1.050
1198	3600.584	3446.177	3787.071	3608.940	1.057	1.057	1.055
1199	3518.895	3349.340	3641.966	3493.865	1.024	1.024	1.031
1200	3584.106	3462.345	3690.785	3593.010	1.053	1.053	1.050
1201	3590.964	3502.027	3679.347	3572.955	1.047	1.047	1.052
1202	3595.291	3524.345	3669.444	3606.476	1.057	1.057	1.053
1203	3608.554	3494.955	3811.206	3610.075	1.058	1.058	1.057
1204	3640.463	3508.300	3776.516	3641.170	1.067	1.067	1.067
1205	3560.545	3425.391	3727.206	3549.261	1.040	1.040	1.043
1206	3502.578	3354.944	3598.342	3487.534	1.022	1.022	1.026
1207	3563.687	3432.102	3800.576	3536.056	1.036	1.036	1.044
1208	3627.541	3500.029	3775.785	3621.973	1.061	1.061	1.063
1209	3543.033	3419.303	3681.094	3540.954	1.037	1.037	1.038
1210	3484.023	3345.850	3632.307	3506.399	1.027	1.027	1.021
1211	3471.859	3375.331	3624.080	3462.310	1.014	1.014	1.017
1212	3572.478	3431.763	3689.858	3575.810	1.048	1.048	1.047
1213	3515.696	3416.790	3606.949	3511.643	1.029	1.029	1.030
1214	3494.590	3363.433	3732.950	3475.534	1.018	1.018	1.024
1215	3489.302	3326.113	3593.260	3499.402	1.025	1.025	1.022
1216	3525.846	3393.140	3695.661	3496.770	1.025	1.025	1.033
1217	3529.305	3387.656	3622.972	3539.492	1.037	1.037	1.034
1218	3614.093	3439.490	3753.476	3613.101	1.059	1.059	1.059
1219	3539.852	3442.479	3692.064	3499.697	1.025	1.025	1.037
1220	3566.677	3475.203	3723.731	3549.555	1.040	1.040	1.045
1221	3609.261	3487.870	3738.134	3596.236	1.054	1.054	1.058
1222	3656.864	3469.888	3804.136	3661.430	1.073	1.073	1.071
1223	3602.081	3335.069	3756.111	3615.646	1.059	1.059	1.055
1224	3664.830	3470.310	4035.345	3572.727	1.047	1.047	1.074
1225	3659.976	3461.438	3891.402	3640.363	1.067	1.067	1.072
1226	3672.816	3341.825	4023.182	3679.581	1.078	1.078	1.076
1227	3808.571	3475.386	4164.633	3806.067	1.115	1.115	1.116
1228	3867.341	3459.802	4423.106	3814.412	1.118	1.118	1.133
1229	3756.972	3431.200	4297.930	3693.908	1.082	1.082	1.101
1230	3928.275	3533.465	4488.128	3911.218	1.146	1.146	1.151
1231	3871.154	3448.425	4298.597	3859.934	1.131	1.131	1.134
1232	3818.870	3266.872	4092.658	3932.091	1.152	1.152	1.119
1233	3854.035	3471.651	4162.652	3951.126	1.158	1.158	1.129
1234	3884.118	3513.970	4278.979	3897.725	1.142	1.142	1.138
1235	3881.932	3490.755	4282.641	3832.747	1.123	1.123	1.137
1236	3898.913	3606.659	4145.803	3974.228	1.164	1.164	1.142
1237	3795.964	3545.562	4019.429	3773.064	1.105	1.105	1.112
1238	3916.294	3565.551	4340.865	3970.494	1.163	1.163	1.147
1239	4051.828	3776.544	4368.495	4033.540	1.182	1.182	1.187
1240	4080.391	3783.217	4513.420	3924.302	1.150	1.150	1.196
1241	3948.001	3678.440	4155.386	3961.706	1.161	1.161	1.157
1242	3853.812	3682.476	4030.547	3824.072	1.120	1.120	1.129
1243	3856.981	3653.282	4257.700	3772.578	1.105	1.105	1.130
1244	3815.044	3422.105	4204.995	3774.710	1.106	1.106	1.118
1245	3735.248	3528.051	3969.942	3742.729	1.097	1.097	1.094
1246	3673.761	3489.521	3830.061	3674.613	1.077	1.077	1.076
1247	3651.171	3501.106	3810.318	3641.459	1.067	1.067	1.070
1248	3669.123	3529.634	3856.466	3639.794	1.066	1.066	1.075
1249	3706.980	3574.433	3852.226	3670.608	1.075	1.075	1.086
1250	3670.234	3536.444	3900.123	3639.923	1.066	1.066	1.075
1251	3648.528	3463.810	3796.932	3653.730	1.071	1.071	1.069
1252	3601.910	3379.868	3714.734	3634.208	1.065	1.065	1.055
1253	3568.562	3427.260	3685.305	3573.191	1.047	1.047	1.046
1254	3616.841	3443.080	3750.685	3625.215	1.062	1.062	1.060
1255	3594.827	3383.400	3788.594	3613.001	1.059	1.059	1.053
1256	3595.776	3426.533	3841.366	3522.838	1.032	1.032	1.054
1257	3578.798	3430.681	3758.488	3525.670	1.033	1.033	1.049
1258	3595.494	3481.551	3788.227	3577.553	1.048	1.048	1.053
1259	3573.001	3405.522	3763.669	3577.000	1.048	1.048	1.047
1260	3591.435	3316.932	3852.421	3581.712	1.049	1.049	1.052
1261	3567.741	3397.244	3801.088	3542.952	1.038	1.038	1.045
1262	3552.195	3439.905	3767.594	3514.540	1.030	1.030	1.041
1263	3592.637	3425.667	3813.868	3576.730	1.048	1.048	1.053
1264	3555.271	3308.138	3803.682	3523.694	1.032	1.032	1.042
1265	3564.614	3408.538	3720.387	3566.357	1.045	1.045	1.044
1266	3539.589	3407.164	3766.126	3520.253	1.031	1.031	1.037
1267	3568.125	3446.944	3698.387	3566.908	1.045	1.045	1.045
1268	3529.002	3420.690	3621.487	3526.246	1.033	1.033	1.034
1269	3515.911	3443.405	3598.647	3515.506	1.030	1.030	1.030
1270	3503.080	3353.274	3755.559	3463.131	1.015	1.015	1.026
1271	3515.162	3387.084	3883.745	3483.838	1.021	1.021	1.030
1272	3559.471	3438.192	3741.870	3530.820	1.035	1.035	1.043
1273	3574.278	3361.783	3738.290	3559.694	1.043	1.043	1.047
1274	3530.603	3450.867	3704.802	3506.981	1.028	1.028	1.034
1275	3511.323	3294.335	3705.112	3528.024	1.034	1.034	1.029
1276	3508.155	3408.119	3693.346	3495.094	1.024	1.024	1.028
1277	3442.850	3288.072	3574.484	3455.467	1.012	1.012	1.009
1278	3430.173	3311.392	3540.582	3438.873	1.008	1.008	1.005
1279	3446.907	3266.696	3603.429	3422.403	1.003	1.003	1.010
1280	3555.754	3437.271	3821.606	3557.862	1.042	1.042	1.042
1281	3488.560	3325.761	3593.377	3506.358	1.027	1.027	1.022
1282	3545.782	3333.520	3788.947	3533.449	1.035	1.035	1.039
1283	3569.782	3381.168	3819.661	3558.508	1.043	1.043	1.046
1284	3587.809	3479.621	3816.797	3574.385	1.047	1.047	1.051
1285	3626.265	3475.595	3922.369	3585.545	1.051	1.051	1.062
1286	3674.946	3458.709	4313.280	3534.677	1.036	1.036	1.077
1287	3761.381	3512.435	4319.695	3646.696	1.068	1.068	1.102
1288	3869.217	3565.137	4356.387	3769.345	1.104	1.104	1.134
1289	3978.690	3591.421	4622.731	3859.506	1.131	1.131	1.166
1290	4078.439	3584.980	5005.357	3963.073	1.161	1.161	1.195
1291	4092.409	3416.623	5209.627	4097.554	1.201	1.201	1.199
1292	4179.266	3385.895	5204.772	4179.278	1.225	1.225	1.225
1293	4145.476	3450.226	5046.888	4124.586	1.208	1.208	1.215
1294	4257.199	3529.348	5065.406	4262.974	1.249	1.249	1.247
1295	4213.017	3708.749	4935.914	4209.005	1.233	1.233	1.234
1296	4149.415	3648.437	4863.684	4096.020	1.200	1.200	1.216
1297	4232.403	3706.312	4975.292	4096.284	1.200	1.200	1.240
1298	4103.550	3775.306	4827.562	3949.600	1.157	1.157	1.202
1299	3889.954	3606.283	4289.118	3822.905	1.120	1.120	1.140
1300	3812.891	3538.889	4058.675	3792.503	1.111	1.111	1.117
1301	3668.104	3421.133	3808.667	3673.939	1.076	1.076	1.075
1302	3696.796	3489.905	3889.582	3693.285	1.082	1.082	1.083
1303	3694.274	3591.262	3846.020	3679.506	1.078	1.078	1.082
1304	3648.116	3495.142	3846.175	3647.330	1.069	1.069	1.069
1305	3634.780	3445.610	3843.824	3614.814	1.059	1.059	1.065
1306	3582.027	3404.414	3727.015	3595.582	1.053	1.053	1.050
1307	3511.285	3380.100	3608.030	3535.262	1.036	1.036	1.029
1308	3506.494	3368.350	3607.109	3516.542	1.030	1.030	1.027
1309	3502.620	3342.757	3663.782	3512.893	1.029	1.029	1.026
1310	3504.686	3404.639	3581.990	3514.004	1.030	1.030	1.027
1311	3507.943	3302.024	3661.086	3504.340	1.027	1.027	1.028
1312	3498.966	3329.068	3668.901	3512.749	1.029	1.029	1.025
1313	3558.886	3484.917	3726.104	3528.394	1.034	1.034	1.043
1314	3583.333	3438.519	3738.298	3559.421	1.043	1.043	1.050
1315	3542.386	3409.302	3771.592	3517.028	1.030	1.030	1.038
1316	3555.178	3426.638	3667.165	3568.590	1.046	1.046	1.042
1317	3624.236	3477.832	3779.669	3605.647	1.056	1.056	1.062
1318	3661.365	3507.853	3824.139	3617.854	1.060	1.060	1.073
1319	3646.604	3414.827	3825.295	3668.565	1.075	1.075	1.068
1320	3683.274	3463.478	3893.156	3692.976	1.082	1.082	1.079
1321	3646.834	3512.715	3829.883	3607.458	1.057	1.057	1.069
1322	3613.794	3414.513	3830.238	3620.401	1.061	1.061	1.059
1323	3586.192	3413.075	3818.137	3561.959	1.044	1.044	1.051
1324	3585.630	3509.283	3658.105	3589.744	1.052	1.052	1.051
1325	3583.234	3410.753	3905.843	3589.869	1.052	1.052	1.050
1326	3559.233	3464.779	3623.011	3584.775	1.050	1.050	1.043
1327	3545.941	3420.606	3757.190	3516.967	1.030	1.030	1.039
1328	3485.168	3355.245	3645.529	3503.913	1.027	1.027	1.021
1329	3584.726	3444.180	3711.216	3569.336	1.046	1.046	1.050
1330	3550.043	3355.008	3846.845	3481.131	1.020	1.020	1.040
1331	3591.142	3344.332	3734.798	3624.321	1.062	1.062	1.052
1332	3543.212	3413.420	3660.282	3519.278	1.031	1.031	1.038
1333	3543.446	3389.120	3805.931	3533.378	1.035	1.035	1.038
1334	3624.563	3323.677	3867.906	3635.912	1.065	1.065	1.062
1335	3618.919	3348.051	3833.105	3653.685	1.071	1.071	1.060
1336	3590.047	3433.550	3819.835	3515.605	1.030	1.030	1.052
1337	3578.238	3420.685	3855.940	3567.872	1.045	1.045	1.048
1338	3543.874	3383.634	3732.798	3529.564	1.034	1.034	1.038
1339	3611.365	3376.620	3812.436	3587.075	1.051	1.051	1.058
1340	3577.718	3442.307	3728.187	3558.402	1.043	1.043	1.048
1341	3559.779	3361.443	3904.129	3530.915	1.035	1.035	1.043
1342	3496.296	3276.892	3762.957	3505.203	1.027	1.027	1.024
1343	3539.625	3368.098	3786.116	3532.847	1.035	1.035	1.037
1344	3532.850	3335.210	3758.160	3549.336	1.040	1.040	1.035
1345	3531.299	3257.728	3718.629	3523.076	1.032	1.032	1.035
1346	3488.730	3324.784	3666.343	3471.943	1.017	1.017	1.022
1347	3449.375	3320.431	3599.389	3431.915	1.006	1.006	1.011
1348	3457.719	3344.226	3563.044	3467.979	1.016	1.016	1.013
1349	3438.610	3245.397	3661.381	3439.794	1.008	1.008	1.008
1350	3415.344	3290.823	3564.286	3405.375	0.998	0.998	1.001
1351	3437.954	3265.229	3567.890	3460.230	1.014	1.014	1.007
1352	3436.082	3313.984	3510.410	3439.575	1.008	1.008	1.007
1353	3500.511	3398.376	3628.028	3507.309	1.028	1.028	1.026
1354	3489.747	3386.042	3759.116	3471.311	1.017	1.017	1.022
1355	3449.257	3295.959	3626.406	3442.087	1.009	1.009	1.011
1356	3449.257	3295.959	3626.406	3442.087	1.009	1.009	1.011
