 	Mean	Min	Max	Median	Max_to_bgmean	Median_to_bgmedian	Mean_to_bgmean
1	3973.405	3821.269	4132.909	3960.553	1.243	1.235	1.247
2	3934.995	3823.509	4059.129	3939.719	1.237	1.228	1.235
3	4025.821	3708.876	4447.340	4067.285	1.277	1.268	1.264
4	4055.368	3784.250	4415.147	4039.081	1.268	1.259	1.273
5	4089.834	3719.897	4348.981	4122.506	1.294	1.285	1.284
6	4096.435	3801.023	4426.625	4079.331	1.281	1.272	1.286
7	4236.924	3955.038	4530.329	4266.960	1.339	1.331	1.330
8	4224.444	3862.217	4629.547	4231.635	1.328	1.319	1.326
9	4292.668	3833.066	4811.046	4173.710	1.310	1.301	1.348
10	4086.680	3822.041	4327.246	4075.407	1.279	1.271	1.283
11	3947.613	3810.122	4110.274	3926.731	1.233	1.224	1.239
12	3884.553	3781.209	3998.401	3888.830	1.221	1.213	1.219
13	3915.747	3722.109	4163.359	3880.913	1.218	1.210	1.229
14	3941.360	3750.417	4107.736	3954.623	1.241	1.233	1.237
15	4022.812	3695.180	4376.102	4040.754	1.268	1.260	1.263
16	4008.907	3593.846	4690.707	3887.857	1.220	1.212	1.258
17	4033.374	3660.380	4378.741	4028.850	1.265	1.256	1.266
18	4103.374	3816.519	4330.689	4169.784	1.309	1.300	1.288
19	4228.675	3755.285	4525.612	4274.141	1.342	1.333	1.327
20	4204.593	3851.097	4452.243	4208.882	1.321	1.312	1.320
21	4264.816	3845.088	4689.387	4221.269	1.325	1.316	1.339
22	4091.171	3710.395	4621.678	4042.238	1.269	1.260	1.284
23	4094.441	3720.145	4519.466	4084.522	1.282	1.274	1.285
24	4079.141	3754.814	4624.255	4045.483	1.270	1.261	1.281
25	4115.035	3798.248	4577.520	4104.584	1.289	1.280	1.292
26	4272.165	3849.787	4566.631	4289.633	1.347	1.338	1.341
27	4427.420	3888.763	4981.787	4390.696	1.378	1.369	1.390
28	4730.973	3903.281	5708.154	4698.189	1.475	1.465	1.485
29	4794.107	3894.021	5980.619	4866.620	1.528	1.517	1.505
30	4930.647	3844.071	6561.998	4924.811	1.546	1.536	1.548
31	4910.602	4020.296	5789.002	5026.494	1.578	1.567	1.542
32	4578.623	3933.601	5052.138	4718.201	1.481	1.471	1.437
33	4237.650	3707.696	4608.070	4308.666	1.353	1.344	1.330
34	4168.057	3880.872	4388.219	4215.593	1.323	1.314	1.308
35	4156.909	3933.813	4413.305	4184.407	1.314	1.305	1.305
36	4088.348	3797.478	4467.562	4064.877	1.276	1.268	1.283
37	4199.670	4049.657	4383.831	4136.879	1.299	1.290	1.318
38	4283.706	3911.523	4491.794	4372.574	1.373	1.363	1.345
39	4345.531	3973.906	4607.091	4439.087	1.394	1.384	1.364
40	4248.568	3904.152	4579.963	4256.917	1.336	1.327	1.334
41	4410.701	4073.693	4707.500	4431.075	1.391	1.382	1.385
42	4367.162	4190.134	4749.824	4274.561	1.342	1.333	1.371
43	4365.375	3915.851	4964.957	4322.305	1.357	1.348	1.370
44	4373.694	3908.109	4869.569	4444.671	1.395	1.386	1.373
45	4515.764	4221.383	4740.075	4553.012	1.429	1.420	1.418
46	4427.998	4299.778	4723.688	4370.867	1.372	1.363	1.390
47	4530.833	4131.257	4928.088	4530.752	1.422	1.413	1.422
48	4502.340	3941.805	5081.352	4487.927	1.409	1.399	1.413
49	4494.050	3918.359	4951.608	4478.228	1.406	1.396	1.411
50	4302.060	3956.638	4670.666	4284.796	1.345	1.336	1.351
51	4121.271	3823.066	4361.960	4136.261	1.298	1.290	1.294
52	4000.207	3787.673	4281.599	3923.885	1.232	1.224	1.256
53	3942.524	3738.714	4123.276	3925.263	1.232	1.224	1.238
54	4058.787	3805.162	4336.471	4082.076	1.281	1.273	1.274
55	4116.849	3746.924	4494.212	4089.278	1.284	1.275	1.292
56	4000.401	3822.580	4398.727	3948.727	1.240	1.231	1.256
57	3965.618	3901.571	4049.953	3958.060	1.243	1.234	1.245
58	4031.260	3799.592	4159.100	4075.715	1.279	1.271	1.266
59	4005.543	3808.736	4311.661	3988.836	1.252	1.244	1.257
60	4161.253	3851.661	4575.405	4196.096	1.317	1.308	1.306
61	4221.456	3793.781	4630.459	4240.054	1.331	1.322	1.325
62	4348.100	3663.255	4986.614	4433.155	1.392	1.382	1.365
63	4428.701	3829.090	5325.109	4257.985	1.337	1.328	1.390
64	4743.878	3695.391	6342.358	4400.060	1.381	1.372	1.489
65	4852.721	3807.836	6365.694	4422.004	1.388	1.379	1.523
66	4776.303	3941.472	6164.453	4709.837	1.479	1.469	1.499
67	4593.273	3897.947	5277.271	4596.520	1.443	1.433	1.442
68	4510.256	3655.466	5096.478	4724.520	1.483	1.473	1.416
69	4603.560	3804.560	5195.588	4878.723	1.532	1.521	1.445
70	4634.428	3812.519	5456.452	4627.718	1.453	1.443	1.455
71	4861.874	3926.207	5706.570	4881.834	1.533	1.522	1.526
72	4852.571	3957.335	5761.380	4815.908	1.512	1.502	1.523
73	4763.894	4134.897	5373.519	4814.625	1.511	1.501	1.495
74	4629.355	3780.389	5164.872	4657.851	1.462	1.452	1.453
75	4783.594	4190.846	5110.422	4974.316	1.562	1.551	1.502
76	4595.515	3863.721	5157.336	4707.511	1.478	1.468	1.443
77	4503.380	3878.030	5179.858	4606.449	1.446	1.436	1.414
78	4335.413	3613.740	5037.377	4212.263	1.322	1.313	1.361
79	4100.116	3740.343	4431.810	4070.099	1.278	1.269	1.287
80	3983.260	3817.652	4257.206	4002.658	1.257	1.248	1.250
81	3885.511	3630.469	4196.876	3863.259	1.213	1.205	1.220
82	3912.689	3575.672	4112.852	3942.700	1.238	1.229	1.228
83	3965.096	3576.204	4263.115	3993.553	1.254	1.245	1.245
84	3958.059	3543.117	4276.379	3972.443	1.247	1.239	1.243
85	3840.779	3541.132	4087.279	3824.777	1.201	1.193	1.206
86	3903.622	3588.728	4101.579	3923.438	1.232	1.223	1.225
87	3942.504	3673.758	4293.242	4003.187	1.257	1.248	1.238
88	3954.358	3650.030	4279.804	3897.152	1.223	1.215	1.241
89	3912.573	3554.934	4325.626	3840.199	1.206	1.197	1.228
90	3851.428	3504.380	4266.146	3811.005	1.196	1.188	1.209
91	3913.903	3495.797	4251.396	3922.165	1.231	1.223	1.229
92	3937.379	3543.342	4113.849	3989.765	1.252	1.244	1.236
93	3946.987	3546.893	4312.559	3910.267	1.228	1.219	1.239
94	3976.458	3583.119	4364.858	3944.522	1.238	1.230	1.248
95	4039.453	3638.930	4353.279	4126.846	1.296	1.287	1.268
96	4071.002	3710.554	4391.638	4068.718	1.277	1.269	1.278
97	3973.203	3645.360	4383.069	3994.902	1.254	1.246	1.247
98	4190.272	3653.140	4614.877	4335.701	1.361	1.352	1.315
99	4227.418	3550.385	4974.986	4203.994	1.320	1.311	1.327
100	4157.258	3487.239	4899.960	4001.648	1.256	1.248	1.305
101	4136.307	3661.050	4956.244	3993.046	1.254	1.245	1.298
102	4092.058	3660.983	4939.746	3953.152	1.241	1.233	1.285
103	4200.760	3620.005	5346.171	4046.937	1.270	1.262	1.319
104	4330.531	3693.050	5685.503	4038.777	1.268	1.259	1.359
105	4429.522	3666.344	5962.303	4397.699	1.381	1.371	1.391
106	4663.889	3653.404	6639.407	4537.068	1.424	1.415	1.464
107	5097.259	3660.193	7969.739	4470.677	1.403	1.394	1.600
108	5058.910	3625.946	7790.248	4572.562	1.435	1.426	1.588
109	5006.143	3726.347	7807.147	4676.313	1.468	1.458	1.572
110	4814.389	3482.740	7530.082	4506.726	1.415	1.405	1.511
111	4730.961	3586.119	6436.012	4400.818	1.382	1.372	1.485
112	4725.084	3688.166	5875.058	4577.457	1.437	1.427	1.483
113	4587.345	3832.345	5744.491	4416.144	1.386	1.377	1.440
114	4475.907	3713.167	5443.359	4453.014	1.398	1.389	1.405
115	4133.924	3467.372	4784.891	4051.568	1.272	1.263	1.298
116	4115.021	3457.404	4706.553	4125.407	1.295	1.286	1.292
117	4011.363	3501.187	4512.021	3961.506	1.244	1.235	1.259
118	3989.853	3605.495	4672.368	3910.184	1.227	1.219	1.253
119	4078.145	3550.878	4610.451	4187.687	1.315	1.306	1.280
120	3932.099	3457.418	4436.058	4008.596	1.258	1.250	1.234
121	3944.253	3540.120	4422.679	3993.841	1.254	1.245	1.238
122	4044.607	3575.914	4379.602	4155.712	1.305	1.296	1.270
123	4025.873	3503.999	4600.455	4031.490	1.266	1.257	1.264
124	4095.102	3604.321	4723.695	4094.296	1.285	1.277	1.286
125	4122.813	3689.158	4704.787	4011.110	1.259	1.251	1.294
126	4062.307	3521.802	4704.953	3968.935	1.246	1.238	1.275
127	4081.004	3393.832	4802.951	3954.685	1.241	1.233	1.281
128	4099.621	3401.159	4592.187	4188.396	1.315	1.306	1.287
129	4068.324	3690.777	4389.418	4101.212	1.287	1.279	1.277
130	4027.303	3679.017	4300.271	4052.710	1.272	1.264	1.264
131	4079.931	3801.298	4324.461	4057.852	1.274	1.265	1.281
132	4102.535	3698.181	4590.842	4126.682	1.295	1.287	1.288
133	4087.939	3866.564	4414.933	4018.542	1.262	1.253	1.283
134	4046.173	3713.482	4574.844	3937.833	1.236	1.228	1.270
135	3904.098	3599.163	4247.883	3877.075	1.217	1.209	1.226
136	4016.612	3743.177	4444.721	3974.545	1.248	1.239	1.261
137	3887.375	3681.887	4236.274	3819.590	1.199	1.191	1.220
138	3876.862	3703.457	4041.669	3835.537	1.204	1.196	1.217
139	3800.370	3557.563	4167.342	3805.999	1.195	1.187	1.193
140	3936.039	3622.580	4243.592	3873.867	1.216	1.208	1.236
141	3852.677	3658.932	4264.011	3783.106	1.188	1.180	1.209
142	3931.363	3612.874	4344.618	3945.913	1.239	1.230	1.234
143	3951.221	3465.802	4317.387	4049.917	1.271	1.263	1.240
144	3927.717	3435.569	4447.448	3861.441	1.212	1.204	1.233
145	3916.855	3452.341	4383.399	3898.859	1.224	1.216	1.230
146	3980.701	3504.166	4393.093	4020.441	1.262	1.254	1.250
147	4115.851	3560.739	4562.884	4169.168	1.309	1.300	1.292
148	4113.247	3626.391	4514.801	4210.674	1.322	1.313	1.291
149	4100.447	3617.162	4755.449	4118.362	1.293	1.284	1.287
150	4088.373	3491.168	4428.577	4189.232	1.315	1.306	1.283
151	4116.218	3534.832	4492.955	4166.277	1.308	1.299	1.292
152	4311.270	3452.251	5137.619	4252.151	1.335	1.326	1.353
153	4197.072	3556.096	4890.464	4142.280	1.300	1.292	1.318
154	4145.963	3648.494	4773.789	4232.705	1.329	1.320	1.302
155	4110.646	3626.685	4425.453	4239.636	1.331	1.322	1.290
156	4055.923	3467.694	4408.951	4110.552	1.290	1.282	1.273
157	3949.770	3606.675	4265.830	3964.638	1.245	1.236	1.240
158	4142.292	3640.532	4684.833	4063.436	1.276	1.267	1.300
159	4140.569	3655.473	4677.046	4018.183	1.261	1.253	1.300
160	4097.987	3588.233	4738.630	3971.743	1.247	1.238	1.286
161	4008.006	3599.994	4437.540	3918.041	1.230	1.222	1.258
162	3825.832	3483.889	4422.507	3693.993	1.160	1.152	1.201
163	3900.269	3362.452	4496.523	3884.955	1.220	1.211	1.224
164	3987.872	3506.655	4496.038	3978.266	1.249	1.240	1.252
165	3924.774	3620.767	4169.996	3982.364	1.250	1.242	1.232
166	3998.798	3762.090	4212.962	4035.837	1.267	1.258	1.255
167	4065.433	3683.601	4490.033	4115.816	1.292	1.283	1.276
168	4171.479	3520.430	4628.263	4176.863	1.311	1.302	1.310
169	4200.844	3426.526	4959.709	4066.121	1.276	1.268	1.319
170	4203.974	3785.310	4730.772	4020.612	1.262	1.254	1.320
171	4216.542	3624.563	5017.344	4083.868	1.282	1.273	1.324
172	4176.072	3499.016	4826.784	4085.724	1.283	1.274	1.311
173	4008.023	3514.602	4425.780	4017.773	1.261	1.253	1.258
174	4059.675	3660.345	4400.308	4106.016	1.289	1.280	1.274
175	4102.266	3623.184	4810.785	4084.990	1.282	1.274	1.288
176	4194.629	3510.891	4809.630	4251.504	1.335	1.326	1.317
177	4304.479	3495.431	5316.555	4273.360	1.342	1.333	1.351
178	4378.683	3699.699	5373.887	4395.165	1.380	1.370	1.375
179	4464.354	3693.964	5730.629	4372.440	1.373	1.363	1.401
180	4324.853	3536.808	5025.727	4327.121	1.358	1.349	1.358
181	4312.592	3730.874	4666.012	4384.363	1.376	1.367	1.354
182	4248.351	3753.102	4843.228	4247.195	1.333	1.324	1.334
183	4148.897	3630.654	4541.252	4181.183	1.313	1.304	1.302
184	4124.364	3586.516	4693.191	4151.272	1.303	1.294	1.295
185	4109.141	3699.522	4445.194	4125.842	1.295	1.287	1.290
186	4194.304	3762.227	4394.641	4303.791	1.351	1.342	1.317
187	4119.473	3736.226	4474.485	4167.456	1.308	1.299	1.293
188	4014.887	3717.543	4323.004	3991.657	1.253	1.245	1.260
189	4135.644	3625.678	4559.584	4155.082	1.304	1.296	1.298
190	4073.220	3590.779	4621.458	4014.168	1.260	1.252	1.279
191	4113.605	3692.667	4531.250	4119.373	1.293	1.284	1.291
192	4109.191	3578.300	4706.485	4007.955	1.258	1.250	1.290
193	4073.569	3502.026	4516.100	4055.180	1.273	1.264	1.279
194	4018.780	3633.327	4594.080	3914.110	1.229	1.220	1.262
195	4061.935	3659.096	4559.999	4048.585	1.271	1.262	1.275
196	4078.501	3618.610	4532.221	4052.271	1.272	1.264	1.280
197	4120.517	3620.970	4624.437	4136.702	1.299	1.290	1.294
198	4075.271	3510.659	4598.324	4211.774	1.322	1.313	1.279
199	4081.218	3329.719	4756.880	4156.637	1.305	1.296	1.281
200	4155.587	3601.805	4918.642	4122.968	1.294	1.286	1.305
201	4147.805	3500.584	4742.542	4207.886	1.321	1.312	1.302
202	4176.936	3507.771	4575.612	4252.906	1.335	1.326	1.311
203	4122.175	3519.070	4586.678	4205.216	1.320	1.311	1.294
204	4206.855	3461.187	4637.625	4308.757	1.353	1.344	1.321
205	4193.773	3450.771	4635.205	4303.669	1.351	1.342	1.317
206	4154.325	3508.220	4811.891	4160.750	1.306	1.297	1.304
207	4176.467	3483.302	4706.692	4188.576	1.315	1.306	1.311
208	4251.851	3454.298	4964.512	4305.284	1.352	1.342	1.335
209	4163.389	3382.084	4627.596	4259.267	1.337	1.328	1.307
210	4099.079	3453.999	4582.381	4160.136	1.306	1.297	1.287
211	4069.663	3571.881	4362.528	4146.926	1.302	1.293	1.278
212	4194.513	3561.584	4976.352	4256.562	1.336	1.327	1.317
213	4271.978	3348.604	5049.521	4365.225	1.370	1.361	1.341
214	4116.783	3464.753	4830.386	4176.641	1.311	1.302	1.292
215	4019.360	3455.941	4451.300	4230.257	1.328	1.319	1.262
216	4073.136	3435.933	4552.504	4258.069	1.337	1.328	1.279
217	4250.182	3443.122	4699.165	4316.394	1.355	1.346	1.334
218	4316.584	3641.509	4803.583	4367.735	1.371	1.362	1.355
219	4246.219	3745.425	4679.572	4316.765	1.355	1.346	1.333
220	4240.161	3683.389	4768.062	4231.979	1.329	1.320	1.331
221	4220.677	3553.224	4821.231	4226.292	1.327	1.318	1.325
222	4184.569	3711.639	4587.608	4288.471	1.346	1.337	1.314
223	4115.536	3665.129	4394.755	4194.110	1.317	1.308	1.292
224	4161.342	3488.230	4478.765	4295.680	1.349	1.339	1.306
225	4129.672	3590.437	4592.858	4173.437	1.310	1.301	1.296
226	4021.227	3708.533	4405.159	4013.266	1.260	1.251	1.262
227	3996.847	3794.090	4559.889	3936.494	1.236	1.227	1.255
228	4018.791	3657.725	4235.859	4051.157	1.272	1.263	1.262
229	3942.179	3685.838	4243.298	3913.528	1.229	1.220	1.238
230	3867.619	3693.707	4006.427	3884.216	1.219	1.211	1.214
231	3762.471	3469.343	3996.780	3816.864	1.198	1.190	1.181
232	3828.479	3375.365	4168.388	3835.033	1.204	1.196	1.202
233	4039.288	3563.860	4360.373	4063.523	1.276	1.267	1.268
234	3965.472	3438.977	4269.922	4032.308	1.266	1.257	1.245
235	3904.412	3479.302	4235.525	3952.588	1.241	1.232	1.226
236	3833.428	3652.356	4027.490	3822.946	1.200	1.192	1.203
237	3885.738	3439.554	4239.086	3908.756	1.227	1.219	1.220
238	3970.600	3426.830	4327.621	4079.733	1.281	1.272	1.246
239	3986.685	3410.065	4501.075	3941.511	1.237	1.229	1.252
240	4034.741	3282.030	4495.189	4174.505	1.310	1.302	1.267
241	3993.766	3416.136	4404.125	4062.071	1.275	1.267	1.254
242	3898.348	3634.389	4250.523	3867.752	1.214	1.206	1.224
243	3894.107	3539.914	4291.470	3990.594	1.253	1.244	1.222
244	3916.069	3603.084	4227.655	3952.464	1.241	1.232	1.229
245	3928.295	3499.811	4414.180	3988.813	1.252	1.244	1.233
246	3753.781	3338.559	3980.970	3841.716	1.206	1.198	1.178
247	3781.811	3538.359	3997.012	3802.016	1.194	1.186	1.187
248	3809.525	3489.314	4032.138	3889.752	1.221	1.213	1.196
249	3904.657	3422.528	4325.900	3948.314	1.239	1.231	1.226
250	3857.610	3412.670	4187.672	3880.640	1.218	1.210	1.211
251	3834.084	3406.248	4121.164	3889.837	1.221	1.213	1.204
252	3802.709	3298.803	4117.370	3912.572	1.228	1.220	1.194
253	3901.906	3385.849	4259.980	4033.908	1.266	1.258	1.225
254	3917.382	3566.157	4515.903	3854.025	1.210	1.202	1.230
255	4004.978	3523.957	4791.097	3966.431	1.245	1.237	1.257
256	4072.622	3376.612	5069.750	3888.927	1.221	1.213	1.278
257	4084.221	3448.851	5374.764	3899.907	1.224	1.216	1.282
258	3968.452	3549.731	4815.298	3825.436	1.201	1.193	1.246
259	3994.216	3401.229	4557.635	4000.178	1.256	1.247	1.254
260	4144.002	3530.511	4826.982	4027.317	1.264	1.256	1.301
261	4138.782	3447.566	4845.694	4220.465	1.325	1.316	1.299
262	4108.565	3296.544	4524.591	4404.255	1.383	1.373	1.290
263	4125.162	3414.799	4586.506	4383.079	1.376	1.367	1.295
264	4093.362	3576.969	4554.348	4225.175	1.326	1.317	1.285
265	3990.682	3509.526	4607.377	4003.585	1.257	1.248	1.253
266	3992.606	3466.281	4696.039	3952.657	1.241	1.233	1.253
267	4006.272	3475.113	4561.280	4071.009	1.278	1.269	1.258
268	3922.107	3454.431	4426.629	4050.517	1.272	1.263	1.231
269	3862.109	3393.804	4321.295	3864.627	1.213	1.205	1.212
270	3808.146	3452.729	4225.749	3770.707	1.184	1.176	1.195
271	3891.414	3452.833	4263.042	3887.230	1.220	1.212	1.222
272	3931.986	3464.505	4555.818	3885.855	1.220	1.212	1.234
273	3973.584	3492.450	4339.028	4095.460	1.286	1.277	1.247
274	3885.692	3484.235	4315.691	3915.635	1.229	1.221	1.220
275	3769.154	3406.031	4189.378	3833.194	1.203	1.195	1.183
276	3757.922	3403.681	4423.386	3697.708	1.161	1.153	1.180
277	3807.054	3301.003	4649.669	3647.047	1.145	1.137	1.195
278	3757.830	3359.323	4138.979	3696.817	1.161	1.153	1.180
279	3757.126	3316.491	4182.586	3788.847	1.189	1.181	1.179
280	3840.680	3444.571	4156.791	3875.452	1.217	1.208	1.206
281	3952.276	3536.618	4286.562	4046.109	1.270	1.262	1.241
282	3881.514	3351.647	4254.757	3956.422	1.242	1.234	1.218
283	3877.299	3448.157	4356.660	3912.508	1.228	1.220	1.217
284	3959.832	3382.261	4636.759	3880.946	1.218	1.210	1.243
285	4019.587	3386.933	4476.723	4124.282	1.295	1.286	1.262
286	3911.392	3457.983	4560.879	3941.760	1.237	1.229	1.228
287	3845.922	3336.984	4444.803	3876.309	1.217	1.209	1.207
288	3835.808	3346.033	4232.651	3919.593	1.230	1.222	1.204
289	3901.626	3305.923	4317.537	4034.886	1.267	1.258	1.225
290	3969.570	3254.633	4515.729	4026.338	1.264	1.255	1.246
291	3922.726	3421.756	4411.482	3891.602	1.222	1.213	1.231
292	3962.296	3408.346	4513.572	3995.154	1.254	1.246	1.244
293	3861.883	3338.508	4276.224	3793.940	1.191	1.183	1.212
294	3856.670	3422.231	4189.404	3976.345	1.248	1.240	1.211
295	3743.474	3343.734	4277.201	3655.407	1.148	1.140	1.175
296	3811.052	3433.089	4342.933	3736.750	1.173	1.165	1.196
297	3846.129	3395.214	4142.756	3905.813	1.226	1.218	1.207
298	3944.256	3478.186	4217.159	3999.604	1.256	1.247	1.238
299	3914.032	3325.466	4290.981	4024.691	1.263	1.255	1.229
300	4043.160	3420.425	4548.863	4035.706	1.267	1.258	1.269
301	3885.092	3536.971	4321.156	3871.255	1.215	1.207	1.220
302	3890.080	3457.856	4139.153	3938.990	1.237	1.228	1.221
303	3905.308	3400.326	4306.901	3882.329	1.219	1.211	1.226
304	4019.455	3424.418	4701.006	3961.961	1.244	1.235	1.262
305	3973.106	3415.279	4447.407	3980.681	1.250	1.241	1.247
306	3830.762	3425.707	4093.134	3879.985	1.218	1.210	1.203
307	3810.482	3465.604	4124.792	3842.112	1.206	1.198	1.196
308	3816.661	3590.305	4008.697	3806.836	1.195	1.187	1.198
309	3881.225	3523.743	4183.982	3929.328	1.234	1.225	1.218
310	3783.430	3362.205	4020.851	3865.509	1.213	1.205	1.188
311	3786.359	3469.552	4067.159	3808.364	1.196	1.188	1.189
312	3777.413	3559.644	3970.171	3762.908	1.181	1.173	1.186
313	3710.437	3483.960	3853.325	3740.524	1.174	1.166	1.165
314	3703.504	3472.699	4111.882	3676.895	1.154	1.147	1.163
315	3688.304	3509.442	3959.138	3671.464	1.153	1.145	1.158
316	3678.736	3435.401	4073.964	3695.210	1.160	1.152	1.155
317	3742.093	3458.151	3993.643	3754.209	1.179	1.171	1.175
318	3667.446	3366.370	3902.089	3675.657	1.154	1.146	1.151
319	3636.504	3347.991	3903.233	3644.461	1.144	1.136	1.142
320	3648.231	3477.098	3761.103	3654.608	1.147	1.140	1.145
321	3641.685	3501.028	3886.257	3644.037	1.144	1.136	1.143
322	3729.481	3490.773	4099.998	3656.231	1.148	1.140	1.171
323	3766.341	3426.000	4114.542	3833.809	1.204	1.195	1.182
324	3749.998	3419.055	3986.047	3818.174	1.199	1.191	1.177
325	3818.976	3497.350	4146.922	3895.915	1.223	1.215	1.199
326	3727.871	3511.458	3863.730	3793.507	1.191	1.183	1.170
327	3576.294	3457.898	3697.402	3573.675	1.122	1.114	1.123
328	3574.334	3387.513	3679.254	3603.241	1.131	1.124	1.122
329	3588.926	3370.880	4029.580	3533.057	1.109	1.102	1.127
330	3678.689	3382.579	3830.201	3735.724	1.173	1.165	1.155
331	3606.092	3359.817	3762.996	3648.198	1.145	1.138	1.132
332	3600.628	3273.479	4040.128	3649.411	1.146	1.138	1.130
333	3720.738	3342.921	4281.037	3671.059	1.152	1.145	1.168
334	3702.687	3373.662	3915.558	3761.051	1.181	1.173	1.162
335	3684.693	3264.043	4057.057	3687.977	1.158	1.150	1.157
336	3724.527	3365.064	4220.098	3766.899	1.183	1.175	1.169
337	3707.098	3364.482	3989.431	3762.445	1.181	1.173	1.164
338	3643.412	3372.797	3863.122	3637.029	1.142	1.134	1.144
339	3629.924	3315.297	3942.517	3622.115	1.137	1.129	1.140
340	3700.693	3409.543	4124.001	3717.999	1.167	1.159	1.162
341	3727.492	3312.600	3940.196	3799.334	1.193	1.185	1.170
342	3733.736	3279.095	4024.643	3782.292	1.187	1.179	1.172
343	3708.873	3400.236	3962.120	3761.908	1.181	1.173	1.164
344	3723.182	3479.001	3893.334	3747.083	1.176	1.168	1.169
345	3733.216	3333.651	4035.097	3739.603	1.174	1.166	1.172
346	3700.048	3251.978	4122.646	3757.493	1.180	1.172	1.162
347	3641.766	3282.662	3891.232	3692.678	1.159	1.151	1.143
348	3710.209	3407.015	3958.241	3755.597	1.179	1.171	1.165
349	3663.648	3321.313	4069.375	3628.314	1.139	1.131	1.150
350	3719.572	3365.898	4189.762	3797.363	1.192	1.184	1.168
351	3685.330	3454.776	4216.311	3657.500	1.148	1.140	1.157
352	3656.763	3401.384	3988.354	3627.833	1.139	1.131	1.148
353	3691.210	3374.220	3967.200	3713.547	1.166	1.158	1.159
354	3624.644	3294.436	4060.460	3583.558	1.125	1.117	1.138
355	3621.365	3287.732	3972.740	3630.803	1.140	1.132	1.137
356	3597.301	3326.304	3946.258	3569.716	1.121	1.113	1.129
357	3591.117	3249.796	3917.513	3665.571	1.151	1.143	1.127
358	3560.549	3309.030	3832.111	3566.592	1.120	1.112	1.118
359	3561.700	3403.055	3798.180	3533.751	1.109	1.102	1.118
360	3539.693	3340.387	3776.356	3583.774	1.125	1.117	1.111
361	3503.094	3383.198	3700.627	3465.792	1.088	1.081	1.100
362	3562.050	3401.119	3738.311	3590.020	1.127	1.119	1.118
363	3515.637	3359.158	3687.945	3506.730	1.101	1.093	1.104
364	3607.669	3370.984	3771.645	3642.049	1.143	1.136	1.133
365	3631.324	3376.375	3774.134	3698.594	1.161	1.153	1.140
366	3702.962	3341.241	3954.966	3760.784	1.181	1.173	1.162
367	3818.916	3456.049	4175.916	3858.747	1.211	1.203	1.199
368	3725.183	3282.642	4132.156	3787.300	1.189	1.181	1.169
369	3688.425	3350.907	4027.273	3695.437	1.160	1.152	1.158
370	3633.020	3405.299	3883.372	3610.666	1.133	1.126	1.140
371	3589.835	3375.897	3727.127	3591.357	1.127	1.120	1.127
372	3597.039	3431.524	3782.559	3554.707	1.116	1.108	1.129
373	3583.057	3397.439	3849.806	3550.144	1.114	1.107	1.125
374	3597.982	3342.974	3908.452	3631.758	1.140	1.132	1.129
375	3575.220	3320.150	3948.366	3496.445	1.098	1.090	1.122
376	3550.961	3343.023	3815.006	3482.720	1.093	1.086	1.115
377	3512.036	3347.681	3684.834	3501.597	1.099	1.092	1.103
378	3524.194	3299.596	3680.338	3541.123	1.112	1.104	1.106
379	3490.907	3320.619	3644.058	3515.368	1.104	1.096	1.096
380	3481.913	3390.578	3610.945	3491.065	1.096	1.089	1.093
381	3511.861	3380.496	3626.977	3524.086	1.106	1.099	1.102
382	3521.782	3282.725	3732.774	3550.111	1.114	1.107	1.106
383	3570.900	3275.568	3833.879	3628.134	1.139	1.131	1.121
384	3508.014	3325.930	3723.400	3490.771	1.096	1.088	1.101
385	3518.443	3281.603	3702.380	3542.657	1.112	1.105	1.105
386	3580.837	3371.844	3805.752	3598.177	1.130	1.122	1.124
387	3519.875	3363.941	3753.462	3480.134	1.092	1.085	1.105
388	3505.021	3342.306	3767.769	3464.738	1.088	1.080	1.100
389	3539.994	3390.304	3702.340	3541.809	1.112	1.104	1.111
390	3512.339	3395.898	3643.870	3495.182	1.097	1.090	1.103
391	3494.321	3346.258	3673.720	3473.239	1.090	1.083	1.097
392	3570.257	3341.646	3928.472	3536.347	1.110	1.103	1.121
393	3570.953	3339.568	3900.288	3573.840	1.122	1.114	1.121
394	3563.196	3305.850	3892.412	3528.623	1.108	1.100	1.119
395	3599.913	3335.099	3764.422	3614.870	1.135	1.127	1.130
396	3593.650	3453.600	3721.857	3605.476	1.132	1.124	1.128
397	3595.558	3293.886	3791.880	3588.627	1.127	1.119	1.129
398	3662.870	3584.607	3789.670	3652.992	1.147	1.139	1.150
399	3619.493	3428.450	3777.705	3592.685	1.128	1.120	1.136
400	3673.267	3567.373	3876.935	3641.571	1.143	1.136	1.153
401	3682.040	3559.954	3778.685	3700.867	1.162	1.154	1.156
402	3623.071	3446.086	3712.487	3659.677	1.149	1.141	1.137
403	3642.203	3478.252	3794.935	3659.024	1.149	1.141	1.143
404	3678.941	3455.734	3983.856	3659.898	1.149	1.141	1.155
405	3640.295	3546.136	3769.334	3652.806	1.147	1.139	1.143
406	3663.504	3468.810	3803.387	3684.591	1.157	1.149	1.150
407	3582.725	3425.218	3700.309	3598.314	1.130	1.122	1.125
408	3571.593	3397.762	3730.805	3595.340	1.129	1.121	1.121
409	3537.425	3359.805	3665.560	3556.813	1.117	1.109	1.110
410	3592.450	3443.756	3707.670	3603.494	1.131	1.124	1.128
411	3617.751	3533.235	3728.718	3601.390	1.131	1.123	1.136
412	3654.528	3472.408	3815.160	3658.424	1.148	1.141	1.147
413	3715.158	3569.835	3838.385	3720.220	1.168	1.160	1.166
414	3635.893	3516.965	3895.963	3612.072	1.134	1.126	1.141
415	3539.033	3432.678	3721.886	3521.355	1.105	1.098	1.111
416	3505.480	3390.274	3676.362	3496.815	1.098	1.090	1.100
417	3518.714	3441.677	3649.628	3505.518	1.100	1.093	1.105
418	3551.056	3421.927	3774.572	3550.471	1.115	1.107	1.115
419	3502.110	3399.748	3649.398	3477.957	1.092	1.084	1.099
420	3478.503	3357.137	3654.301	3466.952	1.088	1.081	1.092
421	3521.638	3258.105	3812.239	3518.992	1.105	1.097	1.106
422	3511.434	3304.847	3674.607	3530.023	1.108	1.101	1.102
423	3454.454	3327.985	3644.225	3417.191	1.073	1.066	1.084
424	3544.041	3322.541	3869.588	3515.421	1.104	1.096	1.113
425	3541.744	3409.794	3776.771	3545.863	1.113	1.106	1.112
426	3532.662	3350.127	3696.262	3521.642	1.106	1.098	1.109
427	3613.309	3465.875	3934.874	3592.146	1.128	1.120	1.134
428	3566.236	3481.931	3700.797	3547.204	1.114	1.106	1.120
429	3576.803	3380.501	3704.474	3577.236	1.123	1.115	1.123
430	3607.391	3438.413	3788.590	3592.754	1.128	1.120	1.132
431	3581.174	3479.584	3697.019	3597.735	1.129	1.122	1.124
432	3617.030	3441.790	3961.613	3595.617	1.129	1.121	1.135
433	3578.527	3423.396	3715.598	3589.506	1.127	1.119	1.123
434	3610.404	3416.537	3817.647	3643.910	1.144	1.136	1.133
435	3552.492	3431.063	3726.541	3527.970	1.108	1.100	1.115
436	3591.585	3496.116	3658.345	3619.180	1.136	1.129	1.127
437	3601.642	3425.197	3789.735	3616.669	1.135	1.128	1.131
438	3606.762	3451.996	3753.185	3602.891	1.131	1.123	1.132
439	3518.486	3413.562	3636.850	3525.662	1.107	1.099	1.105
440	3524.148	3310.019	3666.822	3539.217	1.111	1.104	1.106
441	3590.398	3472.133	3683.036	3589.936	1.127	1.119	1.127
442	3483.263	3334.317	3599.657	3483.146	1.093	1.086	1.093
443	3517.153	3369.721	3630.893	3522.630	1.106	1.098	1.104
444	3623.393	3490.408	3818.866	3619.290	1.136	1.129	1.137
445	3549.629	3389.360	3743.323	3547.349	1.114	1.106	1.114
446	3529.883	3360.387	3749.521	3516.175	1.104	1.096	1.108
447	3543.608	3392.651	3796.749	3526.392	1.107	1.100	1.112
448	3543.308	3450.112	3682.563	3529.140	1.108	1.100	1.112
449	3490.394	3326.943	3643.481	3476.073	1.091	1.084	1.096
450	3459.961	3394.127	3598.643	3447.138	1.082	1.075	1.086
451	3556.937	3382.590	3788.744	3540.577	1.111	1.104	1.117
452	3482.035	3308.914	3660.969	3496.246	1.098	1.090	1.093
453	3523.088	3254.590	3675.117	3521.469	1.105	1.098	1.106
454	3509.607	3333.560	3670.278	3512.462	1.103	1.095	1.102
455	3516.160	3304.207	3776.399	3535.319	1.110	1.102	1.104
456	3464.273	3292.793	3665.226	3463.551	1.087	1.080	1.088
457	3450.930	3346.010	3567.156	3450.846	1.083	1.076	1.083
458	3515.438	3329.922	3679.480	3515.603	1.104	1.096	1.104
459	3470.732	3250.192	3660.238	3477.202	1.092	1.084	1.090
460	3519.907	3398.559	3589.040	3532.836	1.109	1.102	1.105
461	3468.558	3311.323	3588.742	3469.393	1.089	1.082	1.089
462	3445.248	3325.125	3562.262	3455.031	1.085	1.077	1.082
463	3478.601	3396.225	3538.663	3467.735	1.089	1.081	1.092
464	3501.768	3410.715	3589.414	3500.792	1.099	1.092	1.099
465	3579.443	3396.739	3681.409	3576.786	1.123	1.115	1.124
466	3510.301	3215.307	3662.036	3507.556	1.101	1.094	1.102
467	3520.396	3283.582	3676.981	3547.552	1.114	1.106	1.105
468	3461.483	3299.107	3625.496	3471.761	1.090	1.083	1.087
469	3495.671	3314.470	3658.286	3507.941	1.101	1.094	1.097
470	3475.228	3349.372	3626.087	3496.153	1.098	1.090	1.091
471	3495.947	3353.716	3687.896	3476.637	1.091	1.084	1.097
472	3503.643	3434.868	3575.614	3504.529	1.100	1.093	1.100
473	3475.581	3377.379	3609.793	3472.703	1.090	1.083	1.091
474	3506.479	3392.911	3621.434	3509.937	1.102	1.094	1.101
475	3456.642	3327.333	3559.999	3455.963	1.085	1.078	1.085
476	3480.167	3327.022	3579.229	3494.407	1.097	1.090	1.093
477	3455.857	3334.755	3614.563	3456.839	1.085	1.078	1.085
478	3538.425	3359.238	3653.317	3544.141	1.113	1.105	1.111
479	3559.868	3424.423	3732.042	3546.971	1.113	1.106	1.118
480	3594.113	3385.510	3702.476	3612.903	1.134	1.127	1.128
481	3496.762	3372.292	3726.188	3493.814	1.097	1.089	1.098
482	3493.557	3375.877	3733.033	3506.661	1.101	1.093	1.097
483	3508.684	3406.331	3628.760	3510.302	1.102	1.095	1.101
484	3463.167	3273.948	3640.540	3474.006	1.091	1.083	1.087
485	3526.976	3305.621	3680.706	3528.951	1.108	1.100	1.107
486	3498.677	3370.979	3624.772	3488.398	1.095	1.088	1.098
487	3508.711	3354.568	3595.437	3526.646	1.107	1.100	1.101
488	3458.070	3316.905	3549.256	3466.752	1.088	1.081	1.086
489	3424.644	3290.110	3597.186	3416.665	1.073	1.065	1.075
490	3461.814	3402.452	3640.673	3453.025	1.084	1.077	1.087
491	3487.723	3397.252	3575.529	3502.607	1.100	1.092	1.095
492	3397.950	3225.622	3578.171	3420.699	1.074	1.067	1.067
493	3479.041	3249.936	3815.513	3455.537	1.085	1.077	1.092
494	3466.912	3329.412	3576.453	3482.493	1.093	1.086	1.088
495	3475.716	3331.445	3608.172	3478.526	1.092	1.085	1.091
496	3458.519	3303.692	3688.031	3430.703	1.077	1.070	1.086
497	3489.102	3343.797	3745.137	3469.930	1.089	1.082	1.095
498	3521.888	3420.477	3663.737	3512.546	1.103	1.095	1.106
499	3507.022	3304.863	3684.215	3512.196	1.103	1.095	1.101
500	3519.665	3285.210	3643.290	3545.844	1.113	1.106	1.105
501	3528.699	3399.025	3804.248	3494.649	1.097	1.090	1.108
502	3443.096	3345.799	3547.705	3445.273	1.082	1.074	1.081
503	3457.856	3339.027	3588.615	3451.261	1.083	1.076	1.085
504	3451.394	3279.062	3623.894	3443.689	1.081	1.074	1.083
505	3410.278	3251.705	3622.327	3396.234	1.066	1.059	1.071
506	3445.371	3280.944	3601.107	3455.819	1.085	1.078	1.082
507	3436.912	3281.517	3608.850	3426.892	1.076	1.069	1.079
508	3441.253	3277.978	3628.614	3468.569	1.089	1.082	1.080
509	3405.987	3256.200	3465.634	3417.710	1.073	1.066	1.069
510	3499.023	3356.011	3686.000	3499.132	1.098	1.091	1.098
511	3446.735	3304.231	3639.707	3424.492	1.075	1.068	1.082
512	3376.529	3260.522	3524.610	3377.162	1.060	1.053	1.060
513	3396.158	3215.684	3583.156	3358.496	1.054	1.047	1.066
514	3414.494	3307.620	3560.450	3398.812	1.067	1.060	1.072
515	3458.420	3353.225	3652.074	3428.970	1.076	1.069	1.086
516	3475.915	3319.650	3653.306	3461.983	1.087	1.080	1.091
517	3418.151	3194.147	3523.232	3450.097	1.083	1.076	1.073
518	3455.190	3361.234	3568.676	3434.378	1.078	1.071	1.085
519	3432.436	3315.412	3740.649	3404.510	1.069	1.062	1.078
520	3424.462	3261.039	3584.256	3405.241	1.069	1.062	1.075
521	3463.789	3209.044	3596.843	3470.750	1.090	1.082	1.087
522	3443.386	3271.776	3594.306	3465.015	1.088	1.080	1.081
523	3380.930	3263.149	3522.631	3394.883	1.066	1.059	1.061
524	3475.257	3377.773	3556.232	3474.520	1.091	1.083	1.091
525	3459.726	3231.200	3772.097	3485.176	1.094	1.087	1.086
526	3540.633	3336.886	3950.383	3497.150	1.098	1.090	1.111
527	3520.974	3280.281	3740.566	3557.220	1.117	1.109	1.105
528	3502.016	3234.518	3689.503	3545.742	1.113	1.106	1.099
529	3573.749	3499.022	3709.729	3550.088	1.114	1.107	1.122
530	3537.280	3411.990	3802.633	3499.478	1.099	1.091	1.110
531	3510.085	3413.916	3604.277	3498.583	1.098	1.091	1.102
532	3532.471	3349.944	3689.712	3581.937	1.124	1.117	1.109
533	3492.895	3251.406	3759.861	3497.604	1.098	1.091	1.096
534	3536.816	3405.283	3746.645	3500.271	1.099	1.091	1.110
535	3595.185	3374.448	3830.837	3563.207	1.119	1.111	1.129
536	3517.292	3408.313	3672.725	3470.376	1.089	1.082	1.104
537	3439.434	3188.864	3538.129	3475.452	1.091	1.084	1.080
538	3592.099	3379.581	3758.936	3575.949	1.123	1.115	1.128
539	3588.700	3363.906	3899.559	3597.821	1.129	1.122	1.127
540	3580.213	3392.518	3727.722	3572.071	1.121	1.114	1.124
541	3554.729	3395.825	3761.807	3538.178	1.111	1.103	1.116
542	3505.864	3417.531	3598.351	3480.619	1.093	1.085	1.101
543	3544.351	3410.219	3624.977	3566.744	1.120	1.112	1.113
544	3595.097	3414.267	3746.412	3613.975	1.135	1.127	1.129
545	3531.596	3433.663	3641.409	3544.345	1.113	1.105	1.109
546	3497.577	3421.239	3701.168	3477.616	1.092	1.084	1.098
547	3496.564	3383.389	3613.904	3475.152	1.091	1.084	1.098
548	3450.886	3309.670	3580.443	3434.175	1.078	1.071	1.083
549	3467.764	3313.598	3832.697	3443.614	1.081	1.074	1.089
550	3512.912	3382.905	3635.623	3512.019	1.103	1.095	1.103
551	3473.425	3380.194	3595.997	3470.125	1.089	1.082	1.090
552	3544.112	3367.229	3698.927	3529.540	1.108	1.101	1.113
553	3529.343	3387.723	3746.096	3494.523	1.097	1.090	1.108
554	3517.015	3334.337	3642.413	3527.679	1.107	1.100	1.104
555	3568.241	3363.953	3742.043	3558.125	1.117	1.109	1.120
556	3530.712	3387.384	3639.156	3553.821	1.116	1.108	1.108
557	3509.288	3361.689	3621.132	3516.372	1.104	1.096	1.102
558	3501.022	3384.026	3590.329	3503.004	1.100	1.092	1.099
559	3516.608	3418.724	3651.619	3496.881	1.098	1.090	1.104
560	3560.522	3485.321	3642.978	3545.159	1.113	1.105	1.118
561	3463.540	3353.633	3561.570	3481.819	1.093	1.086	1.087
562	3525.198	3435.453	3623.104	3512.836	1.103	1.095	1.107
563	3463.859	3349.214	3582.199	3450.649	1.083	1.076	1.087
564	3455.132	3357.861	3537.682	3461.098	1.087	1.079	1.085
565	3446.880	3372.687	3539.076	3424.936	1.075	1.068	1.082
566	3478.026	3442.928	3522.814	3482.707	1.093	1.086	1.092
567	3473.665	3430.022	3525.670	3476.568	1.091	1.084	1.090
568	3465.280	3400.681	3539.660	3450.985	1.083	1.076	1.088
569	3450.370	3303.958	3567.948	3458.023	1.086	1.078	1.083
570	3418.023	3308.326	3519.738	3439.547	1.080	1.073	1.073
571	3441.199	3377.899	3488.656	3447.171	1.082	1.075	1.080
572	3492.946	3411.006	3560.160	3485.585	1.094	1.087	1.097
573	3505.532	3409.640	3601.457	3503.497	1.100	1.092	1.100
574	3514.442	3433.928	3649.090	3507.228	1.101	1.094	1.103
575	3535.341	3366.683	3768.685	3519.705	1.105	1.098	1.110
576	3500.922	3360.672	3673.075	3488.917	1.095	1.088	1.099
577	3470.547	3321.783	3614.874	3484.459	1.094	1.087	1.089
578	3445.662	3276.886	3579.516	3453.738	1.084	1.077	1.082
579	3439.646	3290.333	3522.891	3458.594	1.086	1.078	1.080
580	3510.156	3419.122	3690.837	3485.925	1.094	1.087	1.102
581	3554.513	3404.453	3699.967	3546.569	1.113	1.106	1.116
582	3559.169	3446.061	3712.740	3538.858	1.111	1.103	1.117
583	3536.026	3427.039	3722.473	3518.280	1.104	1.097	1.110
584	3504.309	3370.028	3575.046	3507.523	1.101	1.094	1.100
585	3476.887	3364.698	3593.096	3487.002	1.095	1.087	1.091
586	3468.049	3390.724	3588.844	3453.844	1.084	1.077	1.089
587	3523.964	3397.588	3661.098	3516.324	1.104	1.096	1.106
588	3576.798	3506.271	3682.305	3579.227	1.124	1.116	1.123
589	3534.576	3405.146	3685.319	3534.379	1.110	1.102	1.110
590	3514.346	3383.503	3725.335	3510.955	1.102	1.095	1.103
591	3500.326	3416.374	3580.155	3491.952	1.096	1.089	1.099
592	3507.626	3438.530	3570.469	3513.933	1.103	1.096	1.101
593	3515.039	3439.244	3604.097	3508.048	1.101	1.094	1.103
594	3510.753	3380.065	3596.798	3520.142	1.105	1.098	1.102
595	3523.889	3416.669	3673.969	3507.248	1.101	1.094	1.106
596	3493.548	3439.137	3575.215	3480.261	1.093	1.085	1.097
597	3546.036	3372.477	3675.428	3559.725	1.117	1.110	1.113
598	3556.498	3424.322	3820.529	3540.949	1.112	1.104	1.116
599	3560.931	3393.315	3738.768	3562.377	1.118	1.111	1.118
600	3522.036	3384.980	3888.064	3470.648	1.090	1.082	1.106
601	3560.894	3337.964	3921.557	3571.027	1.121	1.114	1.118
602	3574.905	3389.418	3777.746	3554.635	1.116	1.108	1.122
603	3519.081	3415.502	3661.429	3537.319	1.110	1.103	1.105
604	3517.821	3378.980	3703.288	3515.782	1.104	1.096	1.104
605	3540.088	3351.673	3700.540	3531.020	1.108	1.101	1.111
606	3574.259	3397.589	3732.577	3583.070	1.125	1.117	1.122
607	3580.139	3447.220	3676.006	3567.444	1.120	1.112	1.124
608	3548.240	3409.708	3649.568	3548.814	1.114	1.107	1.114
609	3537.215	3435.181	3680.633	3538.497	1.111	1.103	1.110
610	3596.185	3406.638	3693.199	3623.937	1.138	1.130	1.129
611	3602.023	3452.531	3739.594	3595.769	1.129	1.121	1.131
612	3555.687	3476.811	3658.045	3561.420	1.118	1.111	1.116
613	3566.469	3387.391	3823.236	3529.439	1.108	1.101	1.120
614	3639.633	3349.351	3977.322	3603.183	1.131	1.124	1.143
615	3666.760	3294.496	4059.556	3641.521	1.143	1.135	1.151
616	3707.591	3494.168	4096.112	3638.888	1.142	1.135	1.164
617	3698.950	3583.455	3866.200	3654.973	1.147	1.140	1.161
618	3636.233	3492.494	3733.224	3658.966	1.149	1.141	1.141
619	3639.776	3388.975	3771.437	3651.790	1.146	1.139	1.143
620	3635.744	3459.607	3849.637	3652.943	1.147	1.139	1.141
621	3617.854	3457.519	3711.577	3648.621	1.145	1.138	1.136
622	3638.937	3426.460	3808.787	3654.627	1.147	1.140	1.142
623	3637.276	3556.698	3775.949	3619.346	1.136	1.129	1.142
624	3575.042	3387.503	3731.807	3574.236	1.122	1.115	1.122
625	3646.713	3439.509	3837.048	3652.452	1.147	1.139	1.145
626	3605.454	3457.862	3760.555	3609.324	1.133	1.125	1.132
627	3615.887	3399.665	3868.323	3618.675	1.136	1.128	1.135
628	3536.943	3453.322	3707.481	3508.128	1.101	1.094	1.110
629	3545.555	3252.452	3726.487	3578.677	1.123	1.116	1.113
630	3555.606	3385.206	3676.327	3567.399	1.120	1.112	1.116
631	3544.940	3345.318	3680.679	3590.279	1.127	1.120	1.113
632	3544.225	3302.850	3682.815	3535.024	1.110	1.102	1.113
633	3518.526	3373.924	3710.345	3538.613	1.111	1.103	1.105
634	3519.066	3380.872	3642.806	3550.015	1.114	1.107	1.105
635	3493.686	3240.106	3716.911	3489.805	1.096	1.088	1.097
636	3550.704	3316.869	3696.209	3587.579	1.126	1.119	1.115
637	3565.335	3294.052	3797.322	3555.271	1.116	1.109	1.119
638	3508.801	3320.167	3663.379	3519.144	1.105	1.097	1.101
639	3544.869	3265.550	3760.689	3567.697	1.120	1.112	1.113
640	3476.681	3373.708	3577.587	3495.768	1.097	1.090	1.091
641	3529.161	3440.586	3705.405	3502.281	1.099	1.092	1.108
642	3514.336	3372.005	3654.072	3517.129	1.104	1.097	1.103
643	3497.425	3334.707	3769.344	3450.114	1.083	1.076	1.098
644	3521.584	3408.247	3696.078	3509.513	1.102	1.094	1.106
645	3553.365	3274.935	3727.900	3545.645	1.113	1.106	1.115
646	3587.458	3335.176	3701.607	3609.356	1.133	1.125	1.126
647	3630.658	3375.751	3824.115	3644.850	1.144	1.137	1.140
648	3600.806	3425.753	3768.338	3598.992	1.130	1.122	1.130
649	3588.812	3317.837	3786.148	3567.952	1.120	1.113	1.127
650	3645.420	3402.946	3821.573	3699.271	1.161	1.153	1.144
651	3592.827	3496.611	3667.422	3596.193	1.129	1.121	1.128
652	3596.130	3430.185	3735.995	3588.158	1.126	1.119	1.129
653	3620.108	3480.852	3804.688	3627.503	1.139	1.131	1.136
654	3604.918	3446.140	3812.093	3624.058	1.138	1.130	1.132
655	3677.953	3548.329	3847.566	3655.741	1.148	1.140	1.155
656	3645.222	3455.983	3834.686	3656.635	1.148	1.140	1.144
657	3675.658	3406.064	4087.322	3710.064	1.165	1.157	1.154
658	3608.422	3377.212	3831.654	3591.500	1.127	1.120	1.133
659	3669.855	3466.648	3805.105	3715.814	1.166	1.159	1.152
660	3635.491	3408.573	3899.672	3632.400	1.140	1.133	1.141
661	3641.847	3497.452	3822.031	3612.965	1.134	1.127	1.143
662	3607.944	3544.454	3739.325	3583.749	1.125	1.117	1.133
663	3598.440	3434.872	3829.097	3633.357	1.141	1.133	1.130
664	3613.123	3468.069	3794.103	3581.437	1.124	1.117	1.134
665	3619.586	3365.364	3773.924	3665.260	1.151	1.143	1.136
666	3612.377	3427.792	3775.806	3667.328	1.151	1.144	1.134
667	3667.383	3495.229	3835.514	3681.360	1.156	1.148	1.151
668	3519.723	3447.972	3615.421	3502.240	1.099	1.092	1.105
669	3510.726	3419.669	3600.095	3508.127	1.101	1.094	1.102
670	3551.257	3312.814	3670.370	3548.869	1.114	1.107	1.115
671	3592.622	3422.492	3793.368	3577.061	1.123	1.115	1.128
672	3593.103	3470.839	3716.188	3587.706	1.126	1.119	1.128
673	3728.714	3542.444	4033.594	3714.150	1.166	1.158	1.171
674	3808.531	3519.820	4168.711	3729.154	1.171	1.163	1.196
675	3814.040	3518.523	4273.102	3705.332	1.163	1.155	1.197
676	3808.793	3376.655	4155.733	3850.927	1.209	1.201	1.196
677	3828.809	3422.326	4239.546	3840.536	1.206	1.198	1.202
678	3792.977	3543.519	4112.252	3768.727	1.183	1.175	1.191
679	3833.156	3357.275	4251.062	3836.540	1.204	1.196	1.203
680	3936.679	3413.340	4479.177	4002.935	1.257	1.248	1.236
681	3788.541	3350.796	4165.874	3770.167	1.184	1.176	1.189
682	3676.625	3390.896	3969.974	3671.013	1.152	1.145	1.154
683	3660.517	3404.118	3902.601	3695.357	1.160	1.152	1.149
684	3717.148	3449.765	3921.654	3771.396	1.184	1.176	1.167
685	3681.865	3360.050	4077.949	3633.623	1.141	1.133	1.156
686	3844.884	3314.728	4343.577	3781.681	1.187	1.179	1.207
687	3875.667	3270.433	4380.733	3833.252	1.203	1.195	1.217
688	3848.764	3521.688	4217.508	3795.251	1.191	1.183	1.208
689	3797.922	3477.113	4177.771	3878.582	1.218	1.209	1.192
690	3806.711	3422.708	4234.110	3847.021	1.208	1.200	1.195
691	3745.438	3424.778	4174.966	3755.847	1.179	1.171	1.176
692	3707.192	3305.920	4071.895	3787.551	1.189	1.181	1.164
693	3683.439	3248.595	4129.788	3634.118	1.141	1.133	1.156
694	3652.233	3335.889	3975.820	3709.385	1.164	1.157	1.147
695	3530.744	3272.659	3761.522	3488.621	1.095	1.088	1.108
696	3546.247	3279.410	3832.805	3527.288	1.107	1.100	1.113
697	3623.422	3310.657	3981.166	3589.087	1.127	1.119	1.137
698	3577.496	3204.579	3833.545	3610.375	1.133	1.126	1.123
699	3655.403	3324.828	4252.056	3466.690	1.088	1.081	1.148
700	3597.835	3282.059	4080.288	3476.561	1.091	1.084	1.129
701	3598.970	3280.711	4084.357	3508.555	1.101	1.094	1.130
702	3555.026	3323.285	3973.555	3531.994	1.109	1.101	1.116
703	3592.456	3381.137	3886.876	3548.887	1.114	1.107	1.128
704	3453.497	3281.646	3877.585	3428.946	1.076	1.069	1.084
705	3510.165	3337.547	3903.718	3403.564	1.068	1.061	1.102
706	3563.171	3214.629	3870.802	3533.098	1.109	1.102	1.119
707	3540.512	3337.796	3901.877	3453.982	1.084	1.077	1.111
708	3549.991	3336.586	4267.806	3425.693	1.075	1.068	1.114
709	3564.689	3349.264	4230.401	3459.838	1.086	1.079	1.119
710	3573.213	3185.138	4234.879	3469.670	1.089	1.082	1.122
711	3577.315	3281.786	4098.775	3440.909	1.080	1.073	1.123
712	3645.817	3337.721	4209.278	3532.439	1.109	1.101	1.145
713	3606.381	3185.869	4108.276	3645.907	1.145	1.137	1.132
714	3637.224	3253.767	4144.428	3550.094	1.114	1.107	1.142
715	3637.993	3239.427	4184.784	3595.358	1.129	1.121	1.142
716	3585.010	3152.792	4041.390	3587.505	1.126	1.119	1.125
717	3551.477	3227.653	3889.302	3550.632	1.115	1.107	1.115
718	3545.330	3296.415	3882.453	3457.662	1.085	1.078	1.113
719	3556.804	3279.621	3850.633	3496.203	1.098	1.090	1.117
720	3542.732	3311.070	3906.133	3492.042	1.096	1.089	1.112
721	3536.584	3266.069	3907.486	3491.781	1.096	1.089	1.110
722	3580.700	3284.582	4014.815	3573.281	1.122	1.114	1.124
723	3550.659	3223.532	3917.971	3595.788	1.129	1.121	1.115
724	3577.325	3283.076	3878.764	3568.228	1.120	1.113	1.123
725	3578.168	3369.372	3831.948	3518.004	1.104	1.097	1.123
726	3619.713	3393.681	4065.423	3522.387	1.106	1.098	1.136
727	3649.458	3432.982	3998.443	3563.566	1.119	1.111	1.146
728	3620.154	3351.870	3877.021	3612.620	1.134	1.126	1.136
729	3649.179	3427.936	3892.629	3683.054	1.156	1.148	1.146
730	3639.551	3464.685	3833.272	3654.602	1.147	1.140	1.143
731	3640.785	3310.431	4112.932	3715.084	1.166	1.158	1.143
732	3709.508	3245.967	4186.717	3710.398	1.165	1.157	1.164
733	3712.434	3294.450	4079.026	3660.702	1.149	1.141	1.165
734	3812.551	3349.601	4182.720	3796.736	1.192	1.184	1.197
735	3866.011	3382.459	4322.173	3913.684	1.229	1.220	1.214
736	3835.470	3300.672	4279.566	3897.958	1.224	1.215	1.204
737	3730.963	3401.809	4037.581	3762.243	1.181	1.173	1.171
738	3762.858	3405.584	4052.792	3805.464	1.195	1.187	1.181
739	3679.518	3402.799	4048.316	3647.446	1.145	1.137	1.155
740	3697.388	3358.844	4075.751	3688.099	1.158	1.150	1.161
741	3789.873	3383.732	4365.523	3818.532	1.199	1.191	1.190
742	3742.994	3222.590	4315.560	3698.591	1.161	1.153	1.175
743	3760.125	3310.144	4186.176	3841.324	1.206	1.198	1.180
744	3884.508	3390.659	4351.972	3891.142	1.222	1.213	1.219
745	3870.791	3277.547	4300.452	4056.953	1.274	1.265	1.215
746	3947.511	3361.351	4803.048	3786.724	1.189	1.181	1.239
747	3925.511	3385.785	4521.271	3828.919	1.202	1.194	1.232
748	4091.080	3425.192	4642.441	4107.340	1.289	1.281	1.284
749	4169.233	3444.452	4888.561	4175.622	1.311	1.302	1.309
750	4038.538	3339.000	4672.130	3996.660	1.255	1.246	1.268
751	3987.187	3348.262	4512.950	4063.410	1.276	1.267	1.252
752	3911.927	3292.849	4567.188	3909.040	1.227	1.219	1.228
753	3886.198	3301.865	4602.415	3825.054	1.201	1.193	1.220
754	3859.476	3306.753	4693.673	3748.134	1.177	1.169	1.212
755	3865.379	3280.099	4743.338	3629.969	1.140	1.132	1.213
756	3853.818	3377.008	4675.060	3748.740	1.177	1.169	1.210
757	3830.305	3309.134	4632.387	3769.583	1.183	1.175	1.202
758	3741.882	3339.610	4238.934	3638.887	1.142	1.135	1.175
759	3790.718	3354.535	4731.789	3661.084	1.149	1.142	1.190
760	3821.088	3389.786	4565.580	3653.824	1.147	1.139	1.200
761	3798.759	3478.563	4237.255	3706.007	1.163	1.156	1.193
762	3944.754	3375.133	4900.028	3832.621	1.203	1.195	1.238
763	3917.298	3465.657	4645.917	3877.979	1.217	1.209	1.230
764	3800.020	3334.739	4415.584	3774.960	1.185	1.177	1.193
765	3740.734	3302.961	4242.415	3640.597	1.143	1.135	1.174
766	3757.351	3325.552	4182.264	3715.295	1.166	1.158	1.180
767	3893.601	3344.749	4435.779	4060.199	1.275	1.266	1.222
768	3947.016	3425.745	4528.460	3958.647	1.243	1.234	1.239
769	3971.984	3402.346	4613.533	3870.395	1.215	1.207	1.247
770	4046.537	3445.083	4850.467	4016.449	1.261	1.252	1.270
771	4096.445	3471.574	4703.405	4245.272	1.333	1.324	1.286
772	4125.655	3387.296	4759.267	4292.460	1.347	1.338	1.295
773	4118.170	3283.498	4639.865	4199.366	1.318	1.309	1.293
774	4127.065	3227.975	4725.896	4246.297	1.333	1.324	1.296
775	4114.747	3567.379	4579.720	4173.375	1.310	1.301	1.292
776	3991.273	3426.916	4371.130	4097.620	1.286	1.278	1.253
777	4065.845	3518.674	4712.827	4115.220	1.292	1.283	1.276
778	4046.962	3471.986	4470.737	4155.893	1.305	1.296	1.270
779	4088.105	3424.001	4820.020	4110.789	1.290	1.282	1.283
780	4117.976	3545.159	4646.900	4226.168	1.327	1.318	1.293
781	4116.480	3504.062	4546.113	4213.801	1.323	1.314	1.292
782	4130.876	3443.183	4641.286	4256.183	1.336	1.327	1.297
783	4103.624	3479.110	4629.329	4163.214	1.307	1.298	1.288
784	4211.750	3505.793	4703.958	4289.085	1.346	1.337	1.322
785	4392.910	3787.720	4903.294	4427.334	1.390	1.381	1.379
786	4432.179	3773.807	5019.325	4496.479	1.412	1.402	1.391
787	4326.194	3808.383	4929.821	4266.872	1.339	1.330	1.358
788	4399.164	3614.122	5188.913	4314.632	1.354	1.345	1.381
789	4407.182	3686.016	5124.078	4412.443	1.385	1.376	1.384
790	4339.735	3681.065	4992.764	4444.725	1.395	1.386	1.362
791	4229.192	3649.237	4873.395	4358.621	1.368	1.359	1.328
792	4077.481	3747.664	4475.151	4012.542	1.260	1.251	1.280
793	4154.875	3670.850	4590.500	4215.777	1.323	1.315	1.304
794	4081.525	3666.543	4316.743	4158.617	1.305	1.297	1.281
795	4181.985	3555.895	4665.553	4271.075	1.341	1.332	1.313
796	4123.579	3661.108	4497.439	4089.277	1.284	1.275	1.294
797	4113.003	3727.419	4385.390	4135.438	1.298	1.290	1.291
798	4143.436	3606.877	4578.299	4116.074	1.292	1.283	1.301
799	4180.140	3625.164	4571.173	4305.123	1.351	1.342	1.312
800	4261.111	3673.607	4595.995	4362.812	1.370	1.360	1.338
801	4211.272	3477.006	4709.953	4300.543	1.350	1.341	1.322
802	4125.477	3615.189	4615.863	4155.251	1.304	1.296	1.295
803	4073.417	3692.623	4546.299	4038.229	1.268	1.259	1.279
804	4072.804	3585.834	4597.366	4004.427	1.257	1.249	1.279
805	4233.595	3449.915	4828.350	4350.283	1.366	1.356	1.329
806	4281.801	3572.518	4734.677	4520.771	1.419	1.410	1.344
807	4197.816	3470.146	4631.581	4276.945	1.343	1.334	1.318
808	4233.195	3547.766	4659.282	4315.271	1.355	1.346	1.329
809	4112.625	3523.151	4402.226	4247.943	1.334	1.325	1.291
810	3979.438	3506.403	4321.748	4017.388	1.261	1.253	1.249
811	3988.040	3507.033	4278.219	4064.096	1.276	1.267	1.252
812	4067.932	3503.812	4500.280	4113.716	1.291	1.283	1.277
813	4178.091	3554.726	4762.903	4180.276	1.312	1.303	1.312
814	4160.038	3586.688	4571.987	4253.875	1.335	1.326	1.306
815	4229.577	3608.942	4683.383	4376.492	1.374	1.365	1.328
816	4154.794	3840.713	4453.625	4199.047	1.318	1.309	1.304
817	4246.569	3643.886	4598.489	4276.935	1.343	1.334	1.333
818	4569.998	3844.623	5085.316	4670.708	1.466	1.456	1.435
819	4678.479	3861.777	5382.928	4758.211	1.494	1.484	1.469
820	4633.078	3747.605	5180.619	4705.484	1.477	1.467	1.454
821	4463.963	3885.332	5180.847	4439.015	1.394	1.384	1.401
822	4221.918	3897.825	4475.346	4256.790	1.336	1.327	1.325
823	4198.603	3919.017	4387.371	4225.616	1.327	1.318	1.318
824	4199.869	4003.176	4315.872	4224.562	1.326	1.317	1.318
825	4260.516	4003.880	4414.181	4260.385	1.337	1.328	1.337
826	4412.406	4013.087	4857.595	4404.196	1.383	1.373	1.385
827	4431.534	3998.105	4979.783	4408.952	1.384	1.375	1.391
828	4475.589	3992.417	5045.731	4379.366	1.375	1.366	1.405
829	4509.105	3804.005	5125.188	4512.514	1.417	1.407	1.416
830	4544.227	3880.309	5529.880	4438.651	1.393	1.384	1.427
831	4434.336	3880.570	5145.792	4403.824	1.382	1.373	1.392
832	4298.795	3775.008	4621.830	4298.591	1.349	1.340	1.349
833	4144.655	3744.405	4658.160	4094.430	1.285	1.277	1.301
834	4283.502	3961.040	4754.485	4212.396	1.322	1.314	1.345
835	4354.618	3869.600	5085.187	4282.521	1.344	1.335	1.367
836	4512.580	3893.014	5008.744	4586.949	1.440	1.430	1.417
837	4447.803	3746.799	4952.468	4446.866	1.396	1.387	1.396
838	4493.268	3980.087	5088.271	4510.060	1.416	1.406	1.411
839	4449.871	3881.821	4823.498	4513.958	1.417	1.408	1.397
840	4360.918	3867.962	4925.137	4261.072	1.338	1.329	1.369
841	4377.759	4036.048	4722.176	4379.670	1.375	1.366	1.374
842	4337.642	3721.701	4731.676	4364.327	1.370	1.361	1.362
843	4481.175	3811.130	5351.539	4448.046	1.396	1.387	1.407
844	4554.314	3793.815	5473.195	4602.412	1.445	1.435	1.430
845	4696.342	3791.838	5562.106	4634.832	1.455	1.445	1.474
846	4563.165	3820.471	5334.790	4615.948	1.449	1.439	1.432
847	4406.943	3796.824	5087.773	4347.692	1.365	1.356	1.383
848	4381.147	3783.347	5056.786	4425.675	1.389	1.380	1.375
849	4340.518	3843.927	4820.485	4408.399	1.384	1.375	1.363
850	4406.538	3701.765	4939.059	4517.877	1.418	1.409	1.383
851	4464.503	3742.485	5085.152	4472.022	1.404	1.394	1.402
852	4557.672	3784.431	5338.917	4550.750	1.429	1.419	1.431
853	4665.256	4018.998	5228.675	4670.414	1.466	1.456	1.465
854	4509.813	3990.879	5011.730	4498.031	1.412	1.403	1.416
855	4319.121	3824.225	4959.698	4197.824	1.318	1.309	1.356
856	4350.827	3705.801	5180.771	4322.171	1.357	1.348	1.366
857	4420.118	3740.087	5304.191	4384.951	1.377	1.367	1.388
858	4473.668	3807.752	5232.607	4618.495	1.450	1.440	1.404
859	4348.144	3873.870	5027.633	4396.470	1.380	1.371	1.365
860	4320.513	3867.987	4707.089	4400.198	1.381	1.372	1.356
861	4550.932	4098.110	5296.249	4407.360	1.384	1.374	1.429
862	4469.624	4027.148	5090.253	4436.203	1.393	1.383	1.403
863	4539.427	4079.828	5016.615	4602.034	1.445	1.435	1.425
864	4443.349	3998.865	4752.632	4519.995	1.419	1.409	1.395
865	4398.874	3865.445	4809.904	4381.576	1.375	1.366	1.381
866	4453.057	4134.924	4742.660	4484.235	1.408	1.398	1.398
867	4306.983	4090.517	4692.397	4228.013	1.327	1.318	1.352
868	4212.822	3928.930	4559.268	4159.277	1.306	1.297	1.322
869	4398.133	4001.401	4826.685	4361.377	1.369	1.360	1.381
870	4484.024	4055.287	5116.361	4374.224	1.373	1.364	1.408
871	4450.123	3910.510	4994.614	4398.964	1.381	1.372	1.397
872	4350.612	3951.270	4733.784	4343.329	1.363	1.354	1.366
873	4383.544	3820.929	5040.302	4325.237	1.358	1.349	1.376
874	4610.118	3938.462	5385.689	4466.951	1.402	1.393	1.447
875	4598.950	3899.889	5520.638	4516.982	1.418	1.408	1.444
876	4592.250	4029.918	5435.077	4521.168	1.419	1.410	1.442
877	4646.396	3782.146	5671.306	4722.948	1.483	1.473	1.459
878	4594.875	3916.078	5302.049	4626.581	1.452	1.443	1.442
879	4521.336	3745.925	5341.477	4581.106	1.438	1.428	1.419
880	4416.056	3929.917	5089.972	4410.826	1.385	1.375	1.386
881	4264.823	3871.389	4691.757	4349.311	1.365	1.356	1.339
882	4147.188	3829.766	4583.486	4129.803	1.296	1.288	1.302
883	4160.513	3969.522	4415.761	4111.971	1.291	1.282	1.306
884	4193.039	3908.544	4405.970	4193.886	1.317	1.308	1.316
885	4195.032	3739.334	4550.970	4226.781	1.327	1.318	1.317
886	4271.629	3946.030	4660.427	4305.905	1.352	1.343	1.341
887	4182.369	3823.845	4676.537	4136.073	1.298	1.290	1.313
888	4352.323	3899.298	4916.317	4375.881	1.374	1.364	1.366
889	4573.581	3888.955	5468.688	4610.535	1.447	1.438	1.436
890	4609.034	3944.985	5548.071	4505.388	1.414	1.405	1.447
891	4428.800	3844.045	4980.329	4401.062	1.382	1.372	1.390
892	4449.400	3843.218	5157.864	4280.942	1.344	1.335	1.397
893	4253.582	3649.763	4739.760	4243.732	1.332	1.323	1.335
894	4164.797	3750.554	4557.281	4239.551	1.331	1.322	1.307
895	4328.623	3929.254	4650.577	4400.813	1.382	1.372	1.359
896	4456.861	3813.698	5051.585	4494.295	1.411	1.401	1.399
897	4522.343	3963.312	4947.600	4644.723	1.458	1.448	1.420
898	4826.365	4020.152	5668.238	4870.609	1.529	1.519	1.515
899	5001.285	4266.306	5577.080	5138.167	1.613	1.602	1.570
900	4680.857	4096.100	5111.282	4686.908	1.471	1.461	1.469
901	4297.834	3907.560	4564.373	4368.645	1.371	1.362	1.349
902	4187.409	3883.965	4573.582	4192.936	1.316	1.307	1.315
903	4299.579	4079.404	4573.120	4286.954	1.346	1.337	1.350
904	4285.627	3811.434	4522.863	4378.182	1.374	1.365	1.345
905	4383.128	3849.551	4803.917	4454.398	1.398	1.389	1.376
906	4415.677	3889.655	4938.759	4429.503	1.391	1.381	1.386
907	4439.022	3826.397	5082.938	4470.821	1.403	1.394	1.394
908	4368.844	3639.824	5041.516	4397.548	1.380	1.371	1.371
909	4528.445	3884.327	5358.063	4443.459	1.395	1.386	1.422
910	4543.357	3822.333	5152.361	4516.703	1.418	1.408	1.426
911	4571.411	3859.645	5075.371	4615.055	1.449	1.439	1.435
912	4498.165	3672.087	4856.786	4651.037	1.460	1.450	1.412
913	4535.803	3806.823	5070.073	4508.622	1.415	1.406	1.424
914	4247.609	3622.001	4769.406	4291.055	1.347	1.338	1.333
915	4225.706	3557.874	4769.858	4193.184	1.316	1.308	1.327
916	4203.668	3508.587	4533.770	4378.308	1.374	1.365	1.320
917	4334.796	3802.281	4659.637	4424.194	1.389	1.380	1.361
918	4502.037	3936.281	5198.270	4468.318	1.403	1.393	1.413
919	4484.385	3962.954	4958.403	4492.446	1.410	1.401	1.408
920	4411.407	3718.494	4998.351	4478.002	1.406	1.396	1.385
921	4245.221	3450.198	4844.333	4222.212	1.325	1.317	1.333
922	4200.842	3584.841	4985.412	4269.615	1.340	1.331	1.319
923	4116.724	3599.902	4479.834	4187.545	1.315	1.306	1.292
924	4210.093	3634.730	4738.433	4222.164	1.325	1.317	1.322
925	4207.358	3472.313	4684.052	4303.830	1.351	1.342	1.321
926	4380.375	3529.345	5094.323	4431.021	1.391	1.382	1.375
927	4309.631	3582.583	4842.506	4382.602	1.376	1.367	1.353
928	4258.277	3519.236	4795.076	4435.493	1.392	1.383	1.337
929	4352.419	3626.828	4839.886	4516.997	1.418	1.408	1.366
930	4232.668	3563.519	4722.028	4294.796	1.348	1.339	1.329
931	4281.407	3534.252	4710.532	4416.178	1.386	1.377	1.344
932	4149.277	3435.913	4606.229	4220.742	1.325	1.316	1.303
933	4223.290	3475.387	4871.840	4142.965	1.301	1.292	1.326
934	4226.931	3584.893	5213.113	4077.922	1.280	1.272	1.327
935	4126.592	3464.727	4514.021	4151.225	1.303	1.294	1.295
936	4090.742	3662.171	4512.386	4154.145	1.304	1.295	1.284
937	4147.998	3595.926	4660.479	4173.841	1.310	1.301	1.302
938	4270.467	3494.077	4606.147	4402.073	1.382	1.373	1.341
939	4238.269	3737.568	4754.067	4320.838	1.356	1.347	1.330
940	4187.237	3674.109	4700.522	4237.796	1.330	1.321	1.314
941	3941.830	3446.240	4467.752	3979.694	1.249	1.241	1.237
942	3881.232	3450.525	4222.487	3971.841	1.247	1.238	1.218
943	3844.353	3418.181	4279.146	3887.231	1.220	1.212	1.207
944	3777.161	3353.552	4060.229	3850.464	1.209	1.201	1.186
945	3842.295	3369.297	4303.311	3851.165	1.209	1.201	1.206
946	3890.168	3515.713	4097.997	3936.409	1.236	1.227	1.221
947	3993.721	3580.110	4283.939	4021.006	1.262	1.254	1.254
948	4018.991	3518.411	4462.383	4088.610	1.284	1.275	1.262
949	4097.187	3677.724	4588.299	4119.683	1.293	1.285	1.286
950	4080.989	3538.047	4647.645	4042.740	1.269	1.261	1.281
951	4047.656	3386.385	4517.870	4102.999	1.288	1.279	1.271
952	3954.907	3450.770	4209.583	4023.900	1.263	1.255	1.242
953	3895.909	3429.577	4148.554	3967.038	1.245	1.237	1.223
954	3860.379	3563.335	4174.335	3896.792	1.223	1.215	1.212
955	3852.014	3484.737	4301.260	3749.415	1.177	1.169	1.209
956	3883.919	3490.846	4447.373	3825.429	1.201	1.193	1.219
957	3858.674	3499.844	4109.583	3938.432	1.236	1.228	1.211
958	3990.065	3563.872	4388.784	4002.626	1.257	1.248	1.253
959	4169.463	3406.281	4607.204	4217.308	1.324	1.315	1.309
960	4204.985	3662.523	4809.348	4075.904	1.280	1.271	1.320
961	4183.303	3738.788	4768.445	4121.094	1.294	1.285	1.313
962	4078.310	3680.853	4344.268	4130.781	1.297	1.288	1.280
963	4023.711	3717.815	4276.003	4065.322	1.276	1.268	1.263
964	4006.775	3616.011	4417.225	3986.986	1.252	1.243	1.258
965	3952.457	3677.781	4390.582	3850.097	1.209	1.201	1.241
966	3993.892	3759.325	4455.398	3956.046	1.242	1.234	1.254
967	3885.453	3740.286	4049.519	3892.411	1.222	1.214	1.220
968	3865.423	3554.209	4214.077	3865.331	1.213	1.205	1.213
969	3829.477	3435.345	3995.507	3934.799	1.235	1.227	1.202
970	3868.478	3544.981	4256.679	3843.382	1.207	1.198	1.214
971	3912.998	3586.697	4185.539	3959.718	1.243	1.235	1.228
972	3884.031	3432.320	4224.608	3916.206	1.229	1.221	1.219
973	3832.940	3440.631	4137.385	3723.444	1.169	1.161	1.203
974	3877.166	3536.477	4111.577	3889.646	1.221	1.213	1.217
975	3892.674	3551.853	4211.811	3879.346	1.218	1.210	1.222
976	4094.673	3630.249	4512.736	4089.095	1.284	1.275	1.285
977	4049.547	3623.808	4333.430	4082.353	1.282	1.273	1.271
978	3843.166	3568.778	4172.260	3782.334	1.187	1.179	1.206
979	4017.205	3704.187	4170.466	4056.206	1.273	1.265	1.261
980	4067.838	3553.414	4523.065	4032.894	1.266	1.258	1.277
981	4062.198	3404.651	4528.030	4136.191	1.298	1.290	1.275
982	4149.368	3703.133	4878.681	4110.884	1.290	1.282	1.303
983	4239.561	3776.535	4705.458	4242.156	1.332	1.323	1.331
984	4216.005	3718.357	4612.264	4257.033	1.336	1.327	1.323
985	4178.003	3601.978	4564.193	4294.524	1.348	1.339	1.312
986	4223.338	3677.877	4701.082	4261.685	1.338	1.329	1.326
987	4241.265	3613.292	4666.733	4214.758	1.323	1.314	1.331
988	4282.269	3644.584	4863.884	4266.015	1.339	1.330	1.344
989	4123.555	3704.575	4518.499	4095.260	1.286	1.277	1.294
990	4061.831	3691.892	4382.625	4058.585	1.274	1.266	1.275
991	4052.706	3729.495	4391.709	4013.102	1.260	1.251	1.272
992	4096.286	3692.128	4343.941	4110.902	1.291	1.282	1.286
993	4038.491	3672.154	4402.642	4018.888	1.262	1.253	1.268
994	4038.926	3805.343	4316.133	4034.680	1.267	1.258	1.268
995	3947.639	3741.287	4116.392	3942.175	1.238	1.229	1.239
996	3986.232	3642.559	4322.733	4002.873	1.257	1.248	1.251
997	4067.049	3696.886	4328.223	4085.195	1.282	1.274	1.277
998	4078.952	3872.856	4544.728	3990.415	1.253	1.244	1.280
999	4223.717	3787.775	4595.977	4206.192	1.320	1.312	1.326
1000	4272.199	3740.482	4657.669	4336.155	1.361	1.352	1.341
1001	4451.642	3722.184	5002.168	4449.332	1.397	1.387	1.397
1002	4430.511	3809.220	5110.710	4415.732	1.386	1.377	1.391
1003	4502.405	3767.674	5081.437	4473.876	1.404	1.395	1.413
1004	4409.206	3818.777	4999.933	4339.546	1.362	1.353	1.384
1005	4191.103	3775.976	4652.465	4121.925	1.294	1.285	1.316
1006	4064.205	3835.815	4434.937	4047.068	1.270	1.262	1.276
1007	3981.343	3704.349	4222.435	3958.108	1.243	1.234	1.250
1008	3890.117	3673.739	4094.925	3911.188	1.228	1.220	1.221
1009	3904.825	3621.767	4171.820	3859.175	1.211	1.203	1.226
1010	3819.781	3655.998	4029.934	3820.701	1.199	1.191	1.199
1011	3938.284	3637.098	4329.829	3934.620	1.235	1.227	1.236
1012	3933.998	3556.917	4245.777	3964.818	1.245	1.236	1.235
1013	4062.422	3697.682	4577.278	4076.989	1.280	1.271	1.275
1014	4147.094	3642.427	4361.290	4212.151	1.322	1.313	1.302
1015	4100.878	3760.897	4376.296	4128.254	1.296	1.287	1.287
1016	4101.292	3895.917	4429.347	4091.631	1.284	1.276	1.287
1017	4030.228	3826.483	4335.738	3995.546	1.254	1.246	1.265
1018	4061.792	3757.704	4498.752	4061.229	1.275	1.266	1.275
1019	4153.308	3829.425	4352.350	4192.548	1.316	1.307	1.304
1020	4146.878	3800.581	4399.194	4199.635	1.318	1.310	1.302
1021	3939.260	3732.855	4182.646	3936.917	1.236	1.228	1.237
1022	3966.574	3846.818	4091.722	3965.414	1.245	1.236	1.245
1023	3952.823	3751.171	4192.416	3949.234	1.240	1.231	1.241
1024	3888.413	3805.214	4000.311	3871.456	1.215	1.207	1.221
1025	3866.607	3673.623	4133.869	3850.352	1.209	1.201	1.214
1026	3939.230	3684.771	4176.244	3996.634	1.255	1.246	1.237
1027	3938.190	3681.574	4100.254	3980.279	1.249	1.241	1.236
1028	3936.208	3578.802	4562.189	3916.533	1.229	1.221	1.236
1029	3911.334	3711.280	4234.771	3907.366	1.227	1.218	1.228
1030	3891.448	3782.086	4085.548	3862.055	1.212	1.204	1.222
1031	3879.891	3624.711	4067.764	3921.525	1.231	1.223	1.218
1032	3890.806	3706.049	4141.300	3834.873	1.204	1.196	1.221
1033	3763.787	3556.747	3953.824	3761.485	1.181	1.173	1.182
1034	3809.206	3543.238	4270.750	3738.527	1.174	1.166	1.196
1035	3714.234	3557.960	4131.588	3632.981	1.140	1.133	1.166
1036	3650.685	3453.381	3934.642	3587.839	1.126	1.119	1.146
1037	3716.905	3492.294	3951.128	3727.225	1.170	1.162	1.167
1038	3705.855	3490.340	3904.214	3727.681	1.170	1.162	1.163
1039	3802.840	3522.489	4057.546	3808.355	1.196	1.188	1.194
1040	3720.975	3435.572	3896.340	3726.092	1.170	1.162	1.168
1041	3688.133	3478.922	4003.049	3641.545	1.143	1.135	1.158
1042	3799.842	3575.521	3990.535	3805.110	1.195	1.187	1.193
1043	3806.590	3621.126	4071.979	3805.253	1.195	1.187	1.195
1044	3851.911	3590.253	4107.845	3836.489	1.204	1.196	1.209
1045	3757.078	3564.598	3950.200	3749.125	1.177	1.169	1.179
1046	3755.662	3639.432	3928.101	3707.016	1.164	1.156	1.179
1047	3775.934	3665.135	3914.631	3778.445	1.186	1.178	1.185
1048	3814.158	3612.347	4054.872	3796.789	1.192	1.184	1.197
1049	3718.949	3573.393	3911.090	3711.129	1.165	1.157	1.167
1050	3951.675	3624.004	4259.820	3971.757	1.247	1.238	1.241
1051	3808.812	3681.834	3949.156	3820.321	1.199	1.191	1.196
1052	3730.486	3571.831	3936.656	3736.696	1.173	1.165	1.171
1053	3825.117	3652.938	4020.395	3818.663	1.199	1.191	1.201
1054	3839.056	3583.976	4029.303	3828.330	1.202	1.194	1.205
1055	3803.815	3655.383	4250.854	3717.625	1.167	1.159	1.194
1056	3897.793	3643.124	4228.646	3886.272	1.220	1.212	1.224
1057	3940.752	3689.433	4224.332	3880.328	1.218	1.210	1.237
1058	4027.280	3846.708	4205.167	4058.973	1.274	1.266	1.264
1059	4136.530	3993.168	4369.442	4116.022	1.292	1.283	1.299
1060	4174.343	4006.341	4472.839	4129.370	1.296	1.288	1.310
1061	3984.971	3854.350	4178.972	3978.691	1.249	1.241	1.251
1062	3883.769	3599.968	4002.993	3900.731	1.225	1.216	1.219
1063	3876.940	3712.007	4087.354	3857.048	1.211	1.203	1.217
1064	3942.405	3612.397	4156.723	4016.875	1.261	1.253	1.238
1065	3951.796	3757.183	4293.533	3884.015	1.219	1.211	1.241
1066	4152.588	3920.714	4327.440	4178.904	1.312	1.303	1.304
1067	4073.768	3885.034	4238.661	4076.524	1.280	1.271	1.279
1068	4073.859	3693.337	4493.099	4070.131	1.278	1.269	1.279
1069	3989.391	3707.153	4268.805	3978.007	1.249	1.240	1.252
1070	4020.983	3800.570	4254.619	4009.032	1.259	1.250	1.262
1071	4089.493	3786.700	4305.650	4122.409	1.294	1.285	1.284
1072	4154.154	3746.714	4535.366	4169.609	1.309	1.300	1.304
1073	4073.460	3749.860	4402.998	4040.950	1.269	1.260	1.279
1074	3996.735	3672.197	4450.617	3980.710	1.250	1.241	1.255
1075	3846.223	3419.749	4208.064	3875.485	1.217	1.208	1.207
1076	3844.260	3635.307	4279.537	3776.293	1.185	1.178	1.207
1077	3895.482	3702.644	4113.549	3865.649	1.214	1.205	1.223
1078	3885.410	3633.413	4210.426	3893.920	1.222	1.214	1.220
1079	3845.677	3614.695	4058.193	3806.057	1.195	1.187	1.207
1080	3861.887	3646.162	4186.299	3787.816	1.189	1.181	1.212
1081	3860.964	3556.388	4089.138	3889.330	1.221	1.213	1.212
1082	3901.381	3712.987	4263.933	3858.708	1.211	1.203	1.225
1083	3929.696	3693.425	4123.527	3921.043	1.231	1.223	1.234
1084	3904.749	3738.036	4176.807	3882.339	1.219	1.211	1.226
1085	3882.183	3707.964	4060.316	3874.994	1.216	1.208	1.219
1086	3854.834	3722.931	3986.759	3868.788	1.214	1.206	1.210
1087	3934.030	3767.811	4080.833	3932.428	1.234	1.226	1.235
1088	3825.923	3621.030	4036.840	3789.097	1.189	1.182	1.201
1089	3744.356	3568.763	3866.135	3747.676	1.176	1.169	1.175
1090	3808.677	3650.904	4082.537	3808.342	1.196	1.188	1.196
1091	3757.841	3570.647	4044.667	3760.259	1.180	1.173	1.180
1092	3726.683	3526.172	3857.763	3792.913	1.191	1.183	1.170
1093	3788.315	3585.520	4242.119	3783.766	1.188	1.180	1.189
1094	3771.006	3529.123	3973.651	3733.976	1.172	1.164	1.184
1095	3851.906	3638.069	4079.654	3859.609	1.212	1.203	1.209
1096	3450.886	3309.670	3580.443	3434.175	1.078	1.071	1.083
1097	3450.886	3309.670	3580.443	3434.175	1.078	1.071	1.083
