 	Mean	Min	Max	Median	Max_to_bgmean	Median_to_bgmedian	Mean_to_bgmean
1	4142.918	3780.986	4575.136	4112.782	1.200	1.200	1.209
2	4057.543	3752.879	4265.863	4131.030	1.205	1.205	1.184
3	4161.286	3993.862	4330.485	4163.360	1.215	1.215	1.214
4	4234.901	3819.076	4551.610	4279.905	1.249	1.249	1.236
5	4238.030	3744.151	4548.265	4291.779	1.252	1.252	1.237
6	4483.353	4124.308	4834.416	4498.382	1.313	1.313	1.308
7	4400.327	4056.676	4780.809	4417.828	1.289	1.289	1.284
8	4146.166	3723.235	4410.773	4149.006	1.211	1.211	1.210
9	4131.332	3859.024	4491.176	4110.146	1.199	1.199	1.206
10	4120.203	3799.696	4359.419	4172.977	1.218	1.218	1.202
11	4054.252	3801.276	4417.680	4019.322	1.173	1.173	1.183
12	3927.646	3555.112	4110.010	3962.524	1.156	1.156	1.146
13	3995.093	3660.032	4405.285	4023.767	1.174	1.174	1.166
14	4038.530	3781.326	4229.202	4044.300	1.180	1.180	1.178
15	4053.052	3842.869	4257.614	4076.166	1.189	1.189	1.183
16	4280.717	3615.231	4879.807	4227.742	1.234	1.234	1.249
17	4403.308	3733.088	5428.893	4320.505	1.261	1.261	1.285
18	4282.079	3916.440	4767.706	4190.726	1.223	1.223	1.250
19	4269.857	3889.951	4631.276	4258.956	1.243	1.243	1.246
20	4090.109	3772.057	4361.832	4101.232	1.197	1.197	1.193
21	4048.216	3870.390	4208.119	4077.762	1.190	1.190	1.181
22	4000.435	3884.132	4189.271	3993.919	1.165	1.165	1.167
23	4110.603	3940.903	4339.736	4072.526	1.188	1.188	1.199
24	4348.078	3937.589	4582.627	4437.249	1.295	1.295	1.269
25	4240.532	3881.336	4615.572	4275.504	1.248	1.248	1.237
26	4301.647	3941.888	4588.775	4283.108	1.250	1.250	1.255
27	4151.758	3914.519	4473.325	4141.928	1.209	1.209	1.211
28	4045.199	3840.016	4279.784	4072.140	1.188	1.188	1.180
29	4102.129	3802.928	4324.664	4139.286	1.208	1.208	1.197
30	4242.458	3968.262	4656.157	4228.246	1.234	1.234	1.238
31	4273.605	3810.900	5004.822	4134.982	1.207	1.207	1.247
32	4466.112	4052.801	4917.467	4457.072	1.301	1.301	1.303
33	4315.050	3996.705	4562.961	4279.920	1.249	1.249	1.259
34	4532.034	4026.774	5086.503	4533.735	1.323	1.323	1.322
35	4777.308	4353.079	5378.175	4730.051	1.380	1.380	1.394
36	4925.603	4191.416	5905.415	4940.778	1.442	1.442	1.437
37	5410.106	4213.679	7386.449	4958.471	1.447	1.447	1.579
38	5452.548	4424.741	7016.167	5115.345	1.493	1.493	1.591
39	5139.899	4099.886	6145.550	5078.288	1.482	1.482	1.500
40	4911.679	4232.552	5691.063	4919.839	1.436	1.436	1.433
41	4608.262	4212.439	4967.216	4593.058	1.340	1.340	1.345
42	4416.412	4031.768	4780.035	4395.936	1.283	1.283	1.289
43	4161.576	3920.030	4365.722	4156.501	1.213	1.213	1.214
44	4319.794	3997.986	4660.799	4334.598	1.265	1.265	1.261
45	4631.737	4006.625	5184.167	4691.433	1.369	1.369	1.352
46	4833.105	4049.299	5773.982	4873.710	1.422	1.422	1.410
47	5081.101	3908.949	6410.283	4944.139	1.443	1.443	1.483
48	5010.197	3995.211	5762.520	5100.302	1.488	1.488	1.462
49	4556.689	3963.041	4908.629	4599.703	1.342	1.342	1.330
50	4460.678	4148.433	4705.695	4440.344	1.296	1.296	1.302
51	4450.193	3961.160	4894.925	4507.867	1.315	1.315	1.299
52	4355.974	4018.767	4806.175	4309.972	1.258	1.258	1.271
53	4347.438	4079.336	4607.755	4353.632	1.270	1.270	1.269
54	4345.767	4024.400	4919.217	4300.466	1.255	1.255	1.268
55	4292.666	3978.707	5037.149	4114.665	1.201	1.201	1.253
56	4197.453	3855.080	4730.467	4044.901	1.180	1.180	1.225
57	4254.068	4082.305	4443.967	4254.612	1.241	1.241	1.241
58	4246.630	3915.240	4721.446	4222.513	1.232	1.232	1.239
59	4390.916	3872.282	5061.965	4312.417	1.258	1.258	1.281
60	4951.581	4296.883	5961.426	4691.213	1.369	1.369	1.445
61	5046.231	4368.229	6191.999	4817.106	1.406	1.406	1.472
62	5145.068	4266.021	5808.564	5136.526	1.499	1.499	1.501
63	5384.013	4330.377	6168.125	5329.551	1.555	1.555	1.571
64	5455.510	4232.974	7167.421	5254.536	1.533	1.533	1.592
65	5441.509	4256.728	7000.723	5184.081	1.513	1.513	1.588
66	5192.121	4039.684	6760.983	4935.396	1.440	1.440	1.515
67	5025.414	3875.582	6459.971	4703.442	1.372	1.372	1.466
68	4738.125	3825.913	5593.750	4801.769	1.401	1.401	1.383
69	4352.011	3590.110	4849.384	4432.416	1.293	1.293	1.270
70	4195.518	3594.457	4788.908	4271.658	1.246	1.246	1.224
71	4176.281	3702.943	4770.492	4070.005	1.188	1.188	1.219
72	4045.278	3545.684	4502.139	3926.213	1.146	1.146	1.180
73	4083.706	3924.792	4410.966	4019.869	1.173	1.173	1.192
74	4053.438	3915.065	4283.244	4045.216	1.180	1.180	1.183
75	4464.060	4005.926	4865.539	4526.117	1.321	1.321	1.303
76	4829.990	4509.556	5604.124	4642.061	1.355	1.355	1.409
77	5103.983	4222.484	6555.209	4777.137	1.394	1.394	1.489
78	5134.948	4182.760	6285.719	4788.063	1.397	1.397	1.498
79	4850.041	4193.276	5886.771	4623.541	1.349	1.349	1.415
80	4619.907	4181.182	5367.118	4466.834	1.303	1.303	1.348
81	4414.868	4105.675	4656.439	4462.920	1.302	1.302	1.288
82	4382.740	4055.081	4732.651	4369.770	1.275	1.275	1.279
83	4337.717	3835.181	4749.867	4322.902	1.261	1.261	1.266
84	4370.055	3780.492	5300.668	4344.217	1.268	1.268	1.275
85	4306.102	3729.669	5236.494	4264.002	1.244	1.244	1.257
86	4110.961	3857.905	4481.168	4055.871	1.184	1.184	1.200
87	4088.289	3731.516	4423.537	4109.360	1.199	1.199	1.193
88	4218.751	4002.771	4480.233	4205.890	1.227	1.227	1.231
89	4121.862	3827.303	4364.356	4121.134	1.203	1.203	1.203
90	4070.816	3915.976	4262.642	4064.481	1.186	1.186	1.188
91	4029.484	3909.441	4258.131	4016.142	1.172	1.172	1.176
92	4107.728	3779.696	4604.259	4154.793	1.212	1.212	1.199
93	4504.282	3878.993	5948.116	4325.686	1.262	1.262	1.314
94	5027.429	4022.946	7447.193	4579.016	1.336	1.336	1.467
95	5319.172	4059.446	8468.825	4529.785	1.322	1.322	1.552
96	5320.087	3890.617	8361.247	4727.760	1.380	1.380	1.552
97	5250.229	4256.064	7530.405	4955.351	1.446	1.446	1.532
98	5238.263	3923.268	6336.508	5396.221	1.575	1.575	1.529
99	5103.860	4232.604	5725.261	5225.859	1.525	1.525	1.489
100	5012.838	4169.471	6289.314	4858.532	1.418	1.418	1.463
101	4801.383	4071.746	6191.018	4361.402	1.273	1.273	1.401
102	4501.130	3987.983	5667.799	4346.366	1.268	1.268	1.313
103	4285.692	3759.182	5162.637	4111.741	1.200	1.200	1.251
104	4130.645	3647.189	4454.418	4154.950	1.212	1.212	1.205
105	4221.369	3741.594	4451.365	4300.436	1.255	1.255	1.232
106	4158.348	3885.049	4448.348	4139.873	1.208	1.208	1.213
107	4121.648	3762.098	4561.201	4102.331	1.197	1.197	1.203
108	4232.097	4032.117	4526.111	4168.136	1.216	1.216	1.235
109	4363.784	4022.953	5226.435	4217.433	1.231	1.231	1.273
110	4429.203	4091.824	4871.431	4399.212	1.284	1.284	1.292
111	4356.581	4105.546	4675.862	4365.027	1.274	1.274	1.271
112	4330.991	3910.207	4443.835	4400.747	1.284	1.284	1.264
113	4220.489	3941.797	4514.063	4220.998	1.232	1.232	1.232
114	4224.006	4037.136	4575.338	4142.523	1.209	1.209	1.233
115	4184.496	3752.229	4545.825	4181.167	1.220	1.220	1.221
116	4308.033	3975.146	4793.669	4204.240	1.227	1.227	1.257
117	4544.329	4179.756	5039.482	4527.631	1.321	1.321	1.326
118	4774.396	4217.444	5268.266	4818.893	1.406	1.406	1.393
119	4755.210	4199.937	5548.913	4735.456	1.382	1.382	1.388
120	4612.349	4134.380	4837.444	4672.797	1.364	1.364	1.346
121	4480.475	4028.667	4934.704	4420.141	1.290	1.290	1.307
122	4219.459	3888.047	4445.590	4285.564	1.251	1.251	1.231
123	4242.349	3885.939	4593.167	4221.183	1.232	1.232	1.238
124	4341.888	3886.129	4822.805	4380.359	1.278	1.278	1.267
125	4312.016	3895.281	4731.312	4287.953	1.251	1.251	1.258
126	4460.695	4096.285	4941.908	4406.353	1.286	1.286	1.302
127	4639.747	3907.843	5453.070	4647.992	1.356	1.356	1.354
128	4788.880	3782.532	5710.208	4890.610	1.427	1.427	1.397
129	4674.406	3834.421	5365.704	4706.986	1.374	1.374	1.364
130	4462.633	3955.179	4934.700	4402.312	1.285	1.285	1.302
131	4355.535	3949.007	4604.916	4377.968	1.277	1.277	1.271
132	4364.918	3991.468	4654.430	4389.966	1.281	1.281	1.274
133	4413.364	4052.732	4760.552	4420.417	1.290	1.290	1.288
134	4417.322	3934.214	5315.025	4282.035	1.249	1.249	1.289
135	4448.030	3820.019	5056.275	4373.254	1.276	1.276	1.298
136	4367.531	4106.017	4685.910	4339.101	1.266	1.266	1.274
137	4314.243	4033.489	4636.729	4296.753	1.254	1.254	1.259
138	4363.270	4146.196	4630.120	4323.545	1.262	1.262	1.273
139	4521.160	4188.448	5159.096	4456.584	1.300	1.300	1.319
140	4611.812	4018.702	5691.746	4424.200	1.291	1.291	1.346
141	4730.232	3747.396	5920.464	4474.404	1.306	1.306	1.380
142	5074.887	3820.000	6423.520	4806.382	1.403	1.403	1.481
143	4989.852	3775.574	5977.244	4927.136	1.438	1.438	1.456
144	4790.109	3835.081	5505.593	4784.655	1.396	1.396	1.398
145	4457.744	4114.427	4954.251	4420.977	1.290	1.290	1.301
146	4272.878	3931.175	4521.582	4339.001	1.266	1.266	1.247
147	4377.507	3836.583	4693.037	4504.759	1.314	1.314	1.277
148	4410.144	3740.341	4998.675	4550.769	1.328	1.328	1.287
149	4280.034	3554.056	4671.511	4430.428	1.293	1.293	1.249
150	4583.277	3606.332	5187.912	4727.227	1.379	1.379	1.337
151	4917.451	3886.586	5934.116	5021.734	1.465	1.465	1.435
152	4882.281	4003.870	5758.480	5060.622	1.477	1.477	1.425
153	4680.893	3952.513	5154.372	4787.648	1.397	1.397	1.366
154	4544.346	3844.310	5143.678	4470.183	1.304	1.304	1.326
155	4403.071	3869.448	5061.810	4282.498	1.250	1.250	1.285
156	4361.248	3957.005	4663.252	4384.676	1.279	1.279	1.273
157	4293.812	3900.732	4551.625	4299.692	1.255	1.255	1.253
158	4424.958	3828.003	4903.561	4410.498	1.287	1.287	1.291
159	4466.497	3879.156	5062.461	4368.706	1.275	1.275	1.303
160	4372.257	3953.284	4763.399	4362.832	1.273	1.273	1.276
161	4256.466	3784.889	4574.365	4224.239	1.233	1.233	1.242
162	4428.627	4110.708	4883.575	4360.508	1.272	1.272	1.292
163	4544.568	4061.270	4980.369	4592.271	1.340	1.340	1.326
164	4861.336	3933.064	5766.697	4781.800	1.395	1.395	1.419
165	5179.142	4108.641	6550.634	4965.432	1.449	1.449	1.511
166	5188.971	4274.230	6828.533	4913.501	1.434	1.434	1.514
167	5077.412	4030.678	5907.588	5070.767	1.480	1.480	1.482
168	5006.385	4058.202	5577.125	5121.334	1.494	1.494	1.461
169	5139.020	4449.407	6070.443	4979.002	1.453	1.453	1.500
170	5196.352	4237.162	6681.272	5066.235	1.478	1.478	1.516
171	5173.332	4267.547	6730.395	4930.405	1.439	1.439	1.510
172	4882.633	4183.341	5891.797	4672.005	1.363	1.363	1.425
173	4784.906	4100.654	5540.577	4669.050	1.362	1.362	1.396
174	4699.533	4028.339	5545.628	4601.211	1.343	1.343	1.371
175	4678.115	4193.533	5239.782	4616.130	1.347	1.347	1.365
176	4569.409	4048.388	4999.178	4620.666	1.348	1.348	1.333
177	4307.119	3808.334	4565.998	4376.138	1.277	1.277	1.257
178	4198.816	3790.420	4510.612	4187.131	1.222	1.222	1.225
179	4160.416	3740.138	4546.463	4218.055	1.231	1.231	1.214
180	4151.304	3689.656	4526.325	4159.791	1.214	1.214	1.211
181	4229.113	3763.031	4621.315	4278.361	1.248	1.248	1.234
182	4242.472	3504.756	4822.207	4201.137	1.226	1.226	1.238
183	4131.093	3675.487	4507.786	4147.305	1.210	1.210	1.205
184	4027.780	3626.963	4331.537	4020.255	1.173	1.173	1.175
185	4021.335	3795.006	4248.483	4036.171	1.178	1.178	1.173
186	3997.585	3818.461	4156.659	3993.203	1.165	1.165	1.166
187	4133.348	3619.771	4473.929	4184.599	1.221	1.221	1.206
188	4233.999	3690.913	5031.544	4183.896	1.221	1.221	1.235
189	4375.825	3902.865	5070.011	4374.292	1.276	1.276	1.277
190	4554.780	3915.245	5022.071	4600.744	1.342	1.342	1.329
191	4568.069	3968.310	5012.213	4619.127	1.348	1.348	1.333
192	4626.011	3945.274	4921.809	4716.051	1.376	1.376	1.350
193	4544.977	4107.210	4971.008	4539.441	1.325	1.325	1.326
194	4515.884	3954.346	5196.827	4478.152	1.307	1.307	1.318
195	4386.575	3957.430	4948.838	4294.762	1.253	1.253	1.280
196	4204.600	3931.982	4608.200	4130.042	1.205	1.205	1.227
197	4241.655	3872.100	4643.364	4181.739	1.220	1.220	1.238
198	4332.401	3749.136	4726.868	4343.073	1.267	1.267	1.264
199	4535.630	3882.845	5213.352	4583.258	1.337	1.337	1.323
200	4630.070	3662.922	5541.501	4820.349	1.407	1.407	1.351
201	4751.531	3746.485	5679.376	4772.450	1.393	1.393	1.386
202	4560.827	3930.898	5221.376	4589.663	1.339	1.339	1.331
203	4382.059	3902.888	5014.122	4329.293	1.263	1.263	1.279
204	4621.503	3904.947	5027.830	4738.316	1.383	1.383	1.349
205	5145.007	4064.144	5942.820	5409.225	1.578	1.578	1.501
206	5593.714	4123.264	6586.391	6003.835	1.752	1.752	1.632
207	5552.396	4274.658	6623.345	5759.427	1.681	1.681	1.620
208	5288.766	3879.163	6208.140	5601.281	1.634	1.634	1.543
209	4856.912	4149.176	5411.623	4932.468	1.439	1.439	1.417
210	4551.103	4051.177	5260.184	4502.236	1.314	1.314	1.328
211	4275.856	3911.574	4756.237	4282.969	1.250	1.250	1.248
212	4326.749	3806.587	4934.584	4318.615	1.260	1.260	1.263
213	4179.181	3876.029	4460.708	4148.053	1.210	1.210	1.219
214	4287.370	3940.540	4610.388	4244.419	1.239	1.239	1.251
215	4456.588	3814.276	4796.846	4520.485	1.319	1.319	1.300
216	4329.161	3645.626	4661.228	4416.726	1.289	1.289	1.263
217	4261.675	3920.866	4478.544	4293.566	1.253	1.253	1.244
218	4369.755	3894.475	4787.672	4339.910	1.266	1.266	1.275
219	4584.389	4118.331	5073.923	4526.729	1.321	1.321	1.338
220	4304.488	3961.820	4721.431	4296.704	1.254	1.254	1.256
221	4196.842	3902.536	4409.742	4242.669	1.238	1.238	1.225
222	4170.346	3772.975	4656.018	4178.386	1.219	1.219	1.217
223	4264.279	3767.650	4814.345	4281.554	1.249	1.249	1.244
224	4339.720	3857.499	4942.168	4323.448	1.262	1.262	1.266
225	4447.895	4040.274	4850.388	4458.208	1.301	1.301	1.298
226	4600.684	3731.083	5943.742	4499.887	1.313	1.313	1.342
227	4501.538	3792.982	4983.447	4762.880	1.390	1.390	1.314
228	4346.882	3803.001	4918.470	4314.570	1.259	1.259	1.268
229	4195.027	3754.846	4678.988	4183.301	1.221	1.221	1.224
230	4022.663	3659.140	4295.641	4097.885	1.196	1.196	1.174
231	3976.482	3387.499	4383.858	4081.888	1.191	1.191	1.160
232	4015.512	3516.862	4230.701	4091.856	1.194	1.194	1.172
233	3973.012	3583.440	4268.084	4070.129	1.188	1.188	1.159
234	3982.081	3526.975	4241.532	4117.320	1.201	1.201	1.162
235	3993.681	3528.222	4298.693	4082.884	1.191	1.191	1.165
236	4310.992	3426.969	5018.659	4400.652	1.284	1.284	1.258
237	4458.479	3613.964	5335.448	4494.005	1.311	1.311	1.301
238	4541.509	3522.817	5305.289	4640.387	1.354	1.354	1.325
239	4322.331	3527.060	4887.704	4379.660	1.278	1.278	1.261
240	4354.315	3489.904	4793.422	4497.448	1.312	1.312	1.271
241	4256.936	3506.926	4824.466	4361.104	1.273	1.273	1.242
242	4155.749	3546.709	4405.266	4197.747	1.225	1.225	1.213
243	4214.687	3701.053	4763.055	4232.285	1.235	1.235	1.230
244	4251.023	3827.001	4851.028	4087.610	1.193	1.193	1.240
245	4276.721	3728.896	4830.708	4212.480	1.229	1.229	1.248
246	4380.051	3965.866	4620.634	4405.393	1.285	1.285	1.278
247	4386.608	3604.740	5052.989	4518.681	1.319	1.319	1.280
248	4290.361	3664.823	4819.724	4396.290	1.283	1.283	1.252
249	4239.351	3575.317	4733.566	4254.930	1.242	1.242	1.237
250	4372.617	3556.896	5166.500	4360.162	1.272	1.272	1.276
251	4478.494	3727.069	5547.646	4361.162	1.273	1.273	1.307
252	4507.647	3915.728	5011.945	4577.862	1.336	1.336	1.315
253	4631.163	3972.258	5479.389	4488.854	1.310	1.310	1.351
254	4733.083	3795.933	5301.031	4830.615	1.410	1.410	1.381
255	4693.825	4052.536	5599.981	4568.106	1.333	1.333	1.370
256	4593.773	3961.772	5629.304	4360.705	1.272	1.272	1.340
257	4606.644	4071.026	5474.780	4442.694	1.296	1.296	1.344
258	4779.639	4232.673	5039.715	4869.631	1.421	1.421	1.395
259	4833.477	4354.360	5579.485	4821.510	1.407	1.407	1.410
260	4533.374	4099.016	4892.147	4558.603	1.330	1.330	1.323
261	4481.187	3987.825	4830.191	4566.921	1.333	1.333	1.308
262	4554.068	3950.221	5365.815	4328.603	1.263	1.263	1.329
263	4358.824	3787.260	4935.343	4357.415	1.271	1.271	1.272
264	4248.379	3520.712	4865.504	4195.309	1.224	1.224	1.240
265	4330.319	3736.229	4713.361	4374.104	1.276	1.276	1.264
266	4461.359	3984.661	4794.758	4564.409	1.332	1.332	1.302
267	4366.137	3925.402	5002.568	4396.067	1.283	1.283	1.274
268	4455.976	3796.072	5137.913	4555.614	1.329	1.329	1.300
269	4472.934	3778.461	4992.529	4528.877	1.322	1.322	1.305
270	4336.181	3725.921	4967.052	4391.958	1.282	1.282	1.265
271	4320.273	3822.844	4794.927	4347.953	1.269	1.269	1.261
272	4299.791	3790.602	4633.362	4342.768	1.267	1.267	1.255
273	4325.754	3625.818	4728.616	4372.910	1.276	1.276	1.262
274	4347.624	3815.136	4770.988	4365.842	1.274	1.274	1.269
275	4260.965	3904.091	4572.991	4248.250	1.240	1.240	1.243
276	4405.797	3930.319	4892.558	4414.185	1.288	1.288	1.286
277	4503.628	3754.059	5403.916	4421.211	1.290	1.290	1.314
278	4332.032	3704.156	4925.822	4421.269	1.290	1.290	1.264
279	4168.459	3684.448	4847.292	4144.375	1.209	1.209	1.216
280	4151.271	3660.343	5045.524	4014.094	1.171	1.171	1.211
281	4105.252	3506.521	5100.816	3999.695	1.167	1.167	1.198
282	4089.825	3542.354	5071.141	4035.989	1.178	1.178	1.193
283	4045.747	3649.470	4510.026	4117.017	1.201	1.201	1.181
284	4025.091	3834.273	4468.230	3953.819	1.154	1.154	1.175
285	3984.640	3747.636	4261.868	3966.105	1.157	1.157	1.163
286	4088.699	3861.237	4517.918	4053.279	1.183	1.183	1.193
287	4216.026	3649.493	4718.252	4199.797	1.226	1.226	1.230
288	4394.341	3765.829	5267.482	4328.843	1.263	1.263	1.282
289	4358.949	3633.817	5485.150	4303.492	1.256	1.256	1.272
290	4320.147	3618.261	5276.475	4124.448	1.204	1.204	1.261
291	4240.172	3609.277	4901.289	4154.743	1.212	1.212	1.237
292	4082.039	3558.683	4715.769	4101.945	1.197	1.197	1.191
293	3986.429	3525.457	4722.885	3878.083	1.132	1.132	1.163
294	3956.220	3467.762	4404.601	3977.420	1.161	1.161	1.154
295	3919.053	3431.272	4561.497	3875.495	1.131	1.131	1.144
296	4117.847	3520.245	4783.611	3950.690	1.153	1.153	1.202
297	4019.706	3515.078	4824.428	3776.314	1.102	1.102	1.173
298	4032.492	3538.975	4793.607	3846.285	1.122	1.122	1.177
299	4033.720	3595.717	5077.413	3819.449	1.115	1.115	1.177
300	4052.930	3470.043	4894.117	4018.811	1.173	1.173	1.183
301	4228.368	3593.397	4976.740	4138.739	1.208	1.208	1.234
302	4067.243	3703.374	4457.591	4080.272	1.191	1.191	1.187
303	4143.380	3665.825	4398.276	4117.518	1.201	1.201	1.209
304	4169.424	3817.560	4383.385	4183.677	1.221	1.221	1.217
305	4087.971	3756.453	4589.284	4011.681	1.171	1.171	1.193
306	4244.850	3616.579	4858.320	4223.556	1.232	1.232	1.239
307	4438.493	3668.508	5684.023	4234.311	1.236	1.236	1.295
308	4524.251	3720.973	5722.587	4356.952	1.271	1.271	1.320
309	4449.068	3880.820	5283.937	4269.948	1.246	1.246	1.298
310	4360.889	3705.400	5319.932	4214.488	1.230	1.230	1.273
311	4413.990	3764.587	5154.181	4457.837	1.301	1.301	1.288
312	4465.813	3816.643	4916.425	4548.382	1.327	1.327	1.303
313	4665.627	3933.189	5823.361	4522.232	1.320	1.320	1.361
314	4816.761	4058.617	5689.548	4791.043	1.398	1.398	1.406
315	5118.054	4046.369	6290.245	5065.350	1.478	1.478	1.493
316	5528.988	4072.020	7142.814	5629.702	1.643	1.643	1.613
317	5570.188	4145.898	7408.444	5476.831	1.598	1.598	1.625
318	5247.618	3979.236	6796.825	5117.118	1.493	1.493	1.531
319	4870.607	3916.715	5625.501	5032.479	1.468	1.468	1.421
320	4375.174	3760.245	4785.126	4532.348	1.323	1.323	1.277
321	4126.701	3696.957	4494.375	4111.088	1.200	1.200	1.204
322	3999.697	3435.786	4432.644	3990.905	1.165	1.165	1.167
323	4067.352	3613.717	4485.959	4121.554	1.203	1.203	1.187
324	4332.264	3519.164	5279.250	4272.015	1.247	1.247	1.264
325	4619.393	3643.589	5825.521	4416.485	1.289	1.289	1.348
326	5024.372	3624.892	6923.231	4790.692	1.398	1.398	1.466
327	5443.734	3569.974	7770.287	5341.980	1.559	1.559	1.588
328	5366.449	3467.053	7293.117	5322.729	1.553	1.553	1.566
329	5057.543	3588.535	6658.617	5137.099	1.499	1.499	1.476
330	4685.259	3540.683	5524.593	4856.285	1.417	1.417	1.367
331	4260.791	3523.939	4940.969	4287.208	1.251	1.251	1.243
332	4040.859	3567.701	4392.110	4095.953	1.195	1.195	1.179
333	3938.529	3440.223	4334.808	3949.039	1.152	1.152	1.149
334	3917.326	3374.320	4376.031	3915.312	1.142	1.142	1.143
335	3958.615	3445.973	4513.574	3968.022	1.158	1.158	1.155
336	4026.317	3448.843	4594.660	3945.995	1.151	1.151	1.175
337	4220.797	3553.082	5187.513	4053.695	1.183	1.183	1.232
338	4185.598	3576.656	4803.778	4105.042	1.198	1.198	1.221
339	4023.901	3480.923	4539.564	4091.882	1.194	1.194	1.174
340	4098.649	3600.867	4842.514	3987.030	1.163	1.163	1.196
341	4044.893	3432.647	4906.814	3974.551	1.160	1.160	1.180
342	4171.734	3516.756	4926.074	4131.385	1.206	1.206	1.217
343	4045.765	3494.371	4674.714	4009.248	1.170	1.170	1.181
344	3912.448	3386.110	4481.284	3968.020	1.158	1.158	1.142
345	3938.505	3471.714	4388.135	3950.241	1.153	1.153	1.149
346	3929.774	3396.919	4211.117	4008.177	1.170	1.170	1.147
347	3894.898	3301.880	4331.700	3907.300	1.140	1.140	1.137
348	3969.138	3413.677	4622.803	3963.609	1.157	1.157	1.158
349	3966.149	3446.167	4677.332	3983.756	1.162	1.162	1.157
350	4028.450	3476.924	4846.027	4086.083	1.192	1.192	1.176
351	4375.901	3584.085	5495.615	4370.696	1.275	1.275	1.277
352	4667.363	3544.157	5954.205	4793.044	1.399	1.399	1.362
353	4922.363	3520.254	6763.128	4776.138	1.394	1.394	1.436
354	5035.436	3442.899	7460.212	5063.556	1.478	1.478	1.469
355	4762.225	3465.494	6091.393	4817.440	1.406	1.406	1.390
356	4504.683	3457.298	5330.344	4567.889	1.333	1.333	1.314
357	4358.139	3574.524	4931.344	4505.078	1.315	1.315	1.272
358	4460.268	3558.435	5097.266	4577.267	1.336	1.336	1.302
359	4249.213	3500.360	5013.185	4321.196	1.261	1.261	1.240
360	4252.693	3543.359	4934.837	4194.066	1.224	1.224	1.241
361	4037.511	3471.729	4507.903	4055.526	1.183	1.183	1.178
362	4032.163	3532.299	4459.048	4145.303	1.210	1.210	1.177
363	3904.024	3416.024	4501.965	3989.322	1.164	1.164	1.139
364	3967.146	3366.986	4785.832	3978.496	1.161	1.161	1.158
365	4053.567	3369.424	5030.894	4081.090	1.191	1.191	1.183
366	4146.348	3527.237	5077.787	4085.861	1.192	1.192	1.210
367	4277.224	3577.684	5335.868	4120.309	1.202	1.202	1.248
368	4511.936	3462.602	6123.766	4233.282	1.235	1.235	1.317
369	4559.605	3535.072	6721.940	4173.632	1.218	1.218	1.330
370	4481.963	3523.217	6051.069	4314.409	1.259	1.259	1.308
371	4397.937	3537.648	5150.919	4462.118	1.302	1.302	1.283
372	4596.189	3734.512	5541.517	4737.749	1.382	1.382	1.341
373	4544.473	3550.480	5360.877	4867.174	1.420	1.420	1.326
374	4503.103	3500.901	5236.738	4777.401	1.394	1.394	1.314
375	4258.740	3496.125	4876.917	4382.517	1.279	1.279	1.243
376	4214.347	3342.731	5041.960	4320.629	1.261	1.261	1.230
377	4234.648	3373.151	5382.441	4040.040	1.179	1.179	1.236
378	4363.687	3416.793	5831.002	4188.966	1.222	1.222	1.273
379	4497.119	3453.574	5717.173	4233.438	1.235	1.235	1.312
380	4363.398	3526.638	5549.804	4155.524	1.213	1.213	1.273
381	4337.302	3436.680	5755.619	4214.674	1.230	1.230	1.266
382	4260.864	3488.947	4935.756	4451.591	1.299	1.299	1.243
383	4078.700	3473.358	4588.254	4214.709	1.230	1.230	1.190
384	4012.195	3441.893	4600.146	3993.475	1.165	1.165	1.171
385	4058.937	3426.035	4765.425	4090.146	1.194	1.194	1.184
386	4132.926	3385.537	4969.102	4246.770	1.239	1.239	1.206
387	4310.773	3519.223	4920.269	4502.099	1.314	1.314	1.258
388	4831.670	3621.543	5954.430	4965.269	1.449	1.449	1.410
389	4870.571	3666.395	5913.975	4937.922	1.441	1.441	1.421
390	4942.296	3675.730	6191.808	5019.111	1.465	1.465	1.442
391	4775.862	3613.355	5631.453	4834.235	1.411	1.411	1.394
392	4415.840	3552.978	4977.878	4530.281	1.322	1.322	1.289
393	4107.359	3458.585	4550.856	4115.381	1.201	1.201	1.199
394	4086.178	3429.138	4853.427	4026.549	1.175	1.175	1.192
395	4161.426	3510.549	4978.081	4041.292	1.179	1.179	1.214
396	4101.625	3610.724	4837.122	3992.594	1.165	1.165	1.197
397	4010.622	3551.197	4601.996	3986.142	1.163	1.163	1.170
398	3896.000	3593.242	4085.562	3992.131	1.165	1.165	1.137
399	3780.621	3530.139	4040.710	3778.865	1.103	1.103	1.103
400	3957.387	3752.598	4263.012	3950.014	1.153	1.153	1.155
401	4128.572	3778.195	4679.317	4015.592	1.172	1.172	1.205
402	4221.724	3750.108	4904.953	4207.406	1.228	1.228	1.232
403	4413.603	3957.053	5364.667	4316.789	1.260	1.260	1.288
404	4753.753	4074.698	5477.159	4543.881	1.326	1.326	1.387
405	4777.857	4047.787	5791.274	4538.116	1.324	1.324	1.394
406	4840.920	4002.538	5904.758	4690.938	1.369	1.369	1.413
407	4899.433	3782.757	6080.444	4666.073	1.362	1.362	1.430
408	5059.961	4244.719	6353.257	4784.852	1.396	1.396	1.476
409	5310.011	4512.433	6765.316	5081.488	1.483	1.483	1.549
410	5202.960	4193.704	6604.602	5023.915	1.466	1.466	1.518
411	4932.080	3956.136	6133.841	4854.931	1.417	1.417	1.439
412	4490.843	3865.610	5077.098	4512.357	1.317	1.317	1.310
413	4164.885	3927.209	4365.592	4164.018	1.215	1.215	1.215
414	3947.343	3736.256	4119.848	3937.621	1.149	1.149	1.152
415	4010.042	3782.073	4492.627	3952.186	1.153	1.153	1.170
416	4036.545	3764.930	4586.733	3929.471	1.147	1.147	1.178
417	4246.989	3972.226	4714.920	4128.365	1.205	1.205	1.239
418	4326.204	3851.760	5340.348	4253.699	1.241	1.241	1.262
419	4252.788	3806.931	4999.771	4061.560	1.185	1.185	1.241
420	4192.359	3761.951	4944.698	4051.799	1.182	1.182	1.223
421	4115.717	3743.439	4473.148	4110.053	1.199	1.199	1.201
422	4230.866	3728.324	5057.090	4167.689	1.216	1.216	1.235
423	4291.025	3590.468	4915.866	4363.078	1.273	1.273	1.252
424	4254.514	3514.264	5046.131	4334.840	1.265	1.265	1.241
425	4330.392	3619.272	5197.621	4414.835	1.288	1.288	1.264
426	4155.973	3665.961	4784.148	4168.491	1.216	1.216	1.213
427	4098.421	3503.055	4661.217	4124.129	1.203	1.203	1.196
428	4083.349	3478.397	4784.204	3909.143	1.141	1.141	1.192
429	4135.235	3713.041	4882.222	3957.508	1.155	1.155	1.207
430	3857.943	3523.313	4286.139	3767.110	1.099	1.099	1.126
431	3745.984	3386.947	4285.513	3698.638	1.079	1.079	1.093
432	3689.412	3397.901	4103.738	3659.241	1.068	1.068	1.077
433	3643.084	3495.382	3819.333	3634.430	1.061	1.061	1.063
434	3675.400	3481.498	3903.689	3641.247	1.063	1.063	1.072
435	3655.639	3422.437	3936.159	3641.262	1.063	1.063	1.067
436	3648.626	3474.602	3867.506	3630.695	1.059	1.059	1.065
437	3759.787	3447.014	4135.681	3809.066	1.111	1.111	1.097
438	3672.267	3520.399	3876.098	3651.536	1.066	1.066	1.072
439	3680.308	3534.923	3935.281	3635.339	1.061	1.061	1.074
440	3787.538	3611.376	4092.373	3762.347	1.098	1.098	1.105
441	3733.516	3475.476	4093.513	3691.873	1.077	1.077	1.089
442	3685.477	3492.583	3930.858	3699.796	1.080	1.080	1.075
443	3676.711	3409.889	4263.662	3610.900	1.054	1.054	1.073
444	3655.870	3420.396	3986.775	3577.197	1.044	1.044	1.067
445	3667.357	3375.556	4367.516	3587.247	1.047	1.047	1.070
446	3588.196	3374.341	3930.636	3571.221	1.042	1.042	1.047
447	3590.698	3387.318	3768.114	3618.283	1.056	1.056	1.048
448	3540.020	3321.783	3615.973	3565.736	1.040	1.040	1.033
449	3575.390	3415.301	3690.300	3584.326	1.046	1.046	1.043
450	3529.814	3457.427	3640.164	3499.249	1.021	1.021	1.030
451	3526.835	3377.149	3837.481	3511.353	1.025	1.025	1.029
452	3481.406	3296.075	3570.012	3504.440	1.023	1.023	1.016
453	3510.432	3350.757	3683.680	3510.591	1.024	1.024	1.024
454	3502.344	3376.330	3649.028	3502.266	1.022	1.022	1.022
455	3414.311	3222.392	3533.053	3416.199	0.997	0.997	0.996
456	3454.563	3297.679	3658.222	3451.151	1.007	1.007	1.008
457	3475.271	3377.995	3671.401	3462.173	1.010	1.010	1.014
458	3506.693	3364.889	3641.666	3533.112	1.031	1.031	1.023
459	3517.612	3410.120	3647.703	3485.660	1.017	1.017	1.026
460	3594.968	3463.065	3712.836	3593.475	1.049	1.049	1.049
461	3570.167	3439.112	3725.188	3549.646	1.036	1.036	1.042
462	3674.703	3470.866	4158.749	3613.786	1.055	1.055	1.072
463	3762.862	3368.180	4364.512	3716.012	1.084	1.084	1.098
464	3839.186	3509.793	4138.461	3803.259	1.110	1.110	1.120
465	3713.355	3498.218	3976.086	3701.032	1.080	1.080	1.084
466	3710.565	3569.182	3956.523	3651.291	1.065	1.065	1.083
467	3580.447	3446.216	3748.182	3583.546	1.046	1.046	1.045
468	3601.465	3406.523	3952.239	3546.261	1.035	1.035	1.051
469	3561.687	3368.182	3686.285	3565.438	1.040	1.040	1.039
470	3542.427	3482.932	3608.426	3540.482	1.033	1.033	1.034
471	3538.843	3492.080	3623.349	3535.721	1.032	1.032	1.033
472	3578.175	3491.711	3699.291	3544.578	1.034	1.034	1.044
473	3469.606	3354.970	3569.824	3479.956	1.015	1.015	1.012
474	3536.309	3317.350	3676.325	3552.825	1.037	1.037	1.032
475	3528.551	3379.761	3702.082	3518.597	1.027	1.027	1.030
476	3573.150	3344.768	3780.438	3600.294	1.051	1.051	1.043
477	3502.475	3369.799	3686.820	3447.085	1.006	1.006	1.022
478	3505.041	3355.069	3705.241	3505.442	1.023	1.023	1.023
479	3570.057	3421.026	3863.664	3526.692	1.029	1.029	1.042
480	3545.481	3390.159	3714.142	3559.461	1.039	1.039	1.035
481	3545.671	3388.948	3651.923	3530.397	1.030	1.030	1.035
482	3566.256	3473.796	3660.517	3552.102	1.037	1.037	1.041
483	3574.897	3390.126	3833.125	3559.621	1.039	1.039	1.043
484	3652.001	3460.589	3889.600	3624.666	1.058	1.058	1.066
485	3584.520	3346.712	3708.933	3621.889	1.057	1.057	1.046
486	3627.287	3410.323	3742.405	3662.308	1.069	1.069	1.058
487	3648.748	3515.486	3773.613	3650.697	1.065	1.065	1.065
488	3710.563	3578.821	3896.252	3710.808	1.083	1.083	1.083
489	3767.753	3614.264	3978.868	3763.108	1.098	1.098	1.099
490	3712.510	3515.062	3895.111	3714.563	1.084	1.084	1.083
491	3659.068	3508.677	3915.966	3603.737	1.052	1.052	1.068
492	3612.752	3305.087	4028.501	3572.462	1.042	1.042	1.054
493	3689.759	3513.998	4054.551	3589.650	1.047	1.047	1.077
494	3660.812	3499.269	4029.490	3618.303	1.056	1.056	1.068
495	3562.239	3347.039	3763.919	3528.503	1.030	1.030	1.039
496	3533.562	3394.194	3718.187	3529.848	1.030	1.030	1.031
497	3558.263	3446.335	3669.850	3537.485	1.032	1.032	1.038
498	3471.983	3341.062	3608.024	3469.464	1.012	1.012	1.013
499	3483.921	3404.093	3561.016	3475.748	1.014	1.014	1.017
500	3435.390	3348.839	3526.622	3421.468	0.998	0.998	1.002
501	3472.467	3350.236	3649.256	3455.842	1.008	1.008	1.013
502	3503.237	3353.586	3668.485	3483.504	1.016	1.016	1.022
503	3513.086	3406.496	3611.186	3505.638	1.023	1.023	1.025
504	3408.712	3237.391	3535.901	3414.578	0.996	0.996	0.995
505	3457.724	3341.621	3598.632	3449.985	1.007	1.007	1.009
506	3511.476	3419.489	3623.385	3507.719	1.024	1.024	1.025
507	3480.218	3303.238	3618.214	3464.575	1.011	1.011	1.016
508	3497.796	3293.359	3648.486	3492.581	1.019	1.019	1.021
509	3465.628	3302.170	3569.577	3506.855	1.023	1.023	1.011
510	3465.131	3342.876	3610.378	3482.133	1.016	1.016	1.011
511	3428.867	3331.038	3627.775	3410.744	0.995	0.995	1.001
512	3476.765	3384.865	3546.322	3467.782	1.012	1.012	1.015
513	3518.418	3414.073	3629.940	3529.256	1.030	1.030	1.027
514	3459.389	3395.850	3613.225	3449.009	1.006	1.006	1.009
515	3530.902	3430.970	3689.360	3503.850	1.022	1.022	1.030
516	3452.294	3245.188	3544.412	3476.146	1.014	1.014	1.007
517	3452.436	3236.366	3596.618	3466.144	1.011	1.011	1.007
518	3431.665	3289.788	3547.443	3443.865	1.005	1.005	1.001
519	3395.660	3253.559	3531.024	3400.824	0.992	0.992	0.991
520	3475.203	3217.429	3652.686	3491.905	1.019	1.019	1.014
521	3444.361	3169.229	3645.864	3472.631	1.013	1.013	1.005
522	3371.585	3249.525	3522.713	3351.145	0.978	0.978	0.984
523	3494.400	3332.929	3634.320	3486.298	1.017	1.017	1.020
524	3449.681	3388.979	3510.623	3450.846	1.007	1.007	1.007
525	3446.445	3271.274	3684.899	3454.521	1.008	1.008	1.006
526	3421.120	3290.525	3548.836	3439.244	1.004	1.004	0.998
527	3452.583	3272.588	3529.937	3477.528	1.015	1.015	1.007
528	3440.839	3269.687	3587.416	3428.186	1.000	1.000	1.004
529	3476.733	3328.273	3624.451	3468.968	1.012	1.012	1.015
530	3541.346	3367.165	3724.740	3541.584	1.033	1.033	1.033
531	3519.154	3332.108	3826.510	3464.371	1.011	1.011	1.027
532	3511.356	3379.610	3761.243	3466.075	1.011	1.011	1.025
533	3479.065	3354.507	3746.896	3419.172	0.998	0.998	1.015
534	3484.411	3343.594	3620.951	3459.719	1.010	1.010	1.017
535	3535.616	3395.378	3622.427	3562.148	1.039	1.039	1.032
536	3484.038	3318.154	3691.229	3454.363	1.008	1.008	1.017
537	3504.725	3297.902	3657.542	3514.646	1.026	1.026	1.023
538	3504.345	3361.630	3673.826	3514.096	1.025	1.025	1.023
539	3513.886	3364.233	3787.340	3505.059	1.023	1.023	1.025
540	3540.289	3356.219	3765.813	3528.243	1.030	1.030	1.033
541	3502.383	3374.192	3679.523	3494.309	1.020	1.020	1.022
542	3558.077	3394.440	3685.180	3571.888	1.042	1.042	1.038
543	3482.774	3305.580	3642.059	3522.400	1.028	1.028	1.016
544	3504.059	3277.141	3653.351	3522.590	1.028	1.028	1.022
545	3540.335	3196.856	3781.770	3556.870	1.038	1.038	1.033
546	3514.459	3410.463	3699.117	3526.346	1.029	1.029	1.026
547	3477.995	3266.660	3678.973	3528.252	1.030	1.030	1.015
548	3444.695	3355.771	3565.397	3415.841	0.997	0.997	1.005
549	3435.579	3157.085	3670.470	3445.785	1.005	1.005	1.003
550	3471.206	3415.603	3557.832	3455.113	1.008	1.008	1.013
551	3495.045	3311.021	3608.891	3495.234	1.020	1.020	1.020
552	3422.147	3241.061	3548.405	3433.780	1.002	1.002	0.999
553	3440.346	3312.372	3620.494	3445.247	1.005	1.005	1.004
554	3431.557	3371.021	3521.010	3419.216	0.998	0.998	1.001
555	3455.147	3302.429	3550.177	3495.083	1.020	1.020	1.008
556	3444.444	3331.783	3537.158	3464.680	1.011	1.011	1.005
557	3424.036	3288.781	3550.654	3446.373	1.006	1.006	0.999
558	3454.265	3314.982	3575.108	3465.487	1.011	1.011	1.008
559	3442.011	3237.260	3649.624	3410.801	0.995	0.995	1.004
560	3472.879	3367.065	3557.136	3470.607	1.013	1.013	1.013
561	3459.140	3338.396	3606.253	3456.793	1.009	1.009	1.009
562	3432.464	3318.629	3532.025	3437.986	1.003	1.003	1.002
563	3383.517	3194.922	3633.989	3374.938	0.985	0.985	0.987
564	3473.662	3310.227	3672.639	3465.539	1.011	1.011	1.014
565	3376.620	3196.960	3594.400	3384.975	0.988	0.988	0.985
566	3410.112	3225.016	3564.181	3410.657	0.995	0.995	0.995
567	3474.499	3246.123	3748.412	3446.438	1.006	1.006	1.014
568	3464.948	3326.993	3656.910	3454.342	1.008	1.008	1.011
569	3494.307	3399.089	3595.508	3486.774	1.017	1.017	1.020
570	3456.395	3285.407	3594.099	3440.938	1.004	1.004	1.009
571	3449.043	3318.882	3625.247	3446.500	1.006	1.006	1.006
572	3476.024	3350.702	3619.702	3471.717	1.013	1.013	1.014
573	3350.825	3254.417	3484.153	3345.554	0.976	0.976	0.978
574	3446.390	3301.314	3690.281	3431.808	1.001	1.001	1.006
575	3444.925	3289.106	3749.354	3403.831	0.993	0.993	1.005
576	3434.777	3292.751	3623.890	3401.210	0.992	0.992	1.002
577	3395.708	3247.821	3558.692	3388.628	0.989	0.989	0.991
578	3391.010	3222.539	3547.688	3399.647	0.992	0.992	0.989
579	3510.022	3325.765	3733.631	3478.943	1.015	1.015	1.024
580	3512.487	3269.931	3796.844	3469.538	1.012	1.012	1.025
581	3532.389	3278.868	3827.656	3532.989	1.031	1.031	1.031
582	3545.344	3340.775	3858.172	3529.255	1.030	1.030	1.035
583	3448.964	3245.539	3678.279	3411.512	0.995	0.995	1.006
584	3385.840	3262.116	3516.837	3358.134	0.980	0.980	0.988
585	3444.006	3267.494	3554.254	3504.718	1.023	1.023	1.005
586	3409.627	3273.851	3572.817	3385.767	0.988	0.988	0.995
587	3413.032	3254.935	3598.844	3418.801	0.998	0.998	0.996
588	3384.349	3209.952	3539.872	3400.496	0.992	0.992	0.988
589	3437.191	3250.224	3605.824	3432.779	1.002	1.002	1.003
590	3431.682	3330.726	3617.319	3418.141	0.997	0.997	1.001
591	3437.609	3307.385	3641.459	3433.959	1.002	1.002	1.003
592	3457.556	3365.808	3595.375	3452.568	1.007	1.007	1.009
593	3441.270	3327.641	3624.528	3414.273	0.996	0.996	1.004
594	3433.600	3295.251	3548.143	3469.912	1.013	1.013	1.002
595	3396.426	3256.670	3513.495	3397.452	0.991	0.991	0.991
596	3490.405	3330.180	3600.805	3518.579	1.027	1.027	1.019
597	3509.543	3346.819	3660.540	3516.407	1.026	1.026	1.024
598	3475.963	3351.989	3597.346	3482.558	1.016	1.016	1.014
599	3427.616	3222.614	3501.934	3440.711	1.004	1.004	1.000
600	3467.886	3348.700	3577.900	3452.766	1.008	1.008	1.012
601	3462.923	3391.817	3610.224	3453.510	1.008	1.008	1.010
602	3388.674	3138.812	3519.332	3455.674	1.008	1.008	0.989
603	3444.760	3348.730	3530.548	3431.568	1.001	1.001	1.005
604	3507.625	3438.940	3594.726	3492.919	1.019	1.019	1.024
605	3419.226	3249.986	3637.134	3415.120	0.997	0.997	0.998
606	3447.615	3341.286	3539.443	3462.834	1.010	1.010	1.006
607	3475.605	3379.520	3562.643	3476.229	1.014	1.014	1.014
608	3406.437	3158.306	3581.948	3451.480	1.007	1.007	0.994
609	3500.041	3311.835	3635.795	3532.668	1.031	1.031	1.021
610	3472.981	3352.115	3623.149	3452.788	1.008	1.008	1.013
611	3437.047	3348.468	3555.640	3399.734	0.992	0.992	1.003
612	3401.579	3228.049	3511.145	3440.918	1.004	1.004	0.993
613	3472.094	3387.247	3566.737	3466.810	1.012	1.012	1.013
614	3443.607	3286.061	3581.929	3451.280	1.007	1.007	1.005
615	3409.090	3287.154	3584.741	3388.472	0.989	0.989	0.995
616	3427.861	3317.645	3589.443	3386.207	0.988	0.988	1.000
617	3469.023	3371.180	3631.821	3434.186	1.002	1.002	1.012
618	3474.526	3301.844	3601.554	3491.723	1.019	1.019	1.014
619	3501.893	3395.631	3621.744	3503.458	1.022	1.022	1.022
620	3461.940	3266.590	3751.310	3462.769	1.010	1.010	1.010
621	3465.552	3329.958	3643.548	3468.883	1.012	1.012	1.011
622	3475.148	3334.095	3615.315	3480.171	1.016	1.016	1.014
623	3475.000	3303.872	3574.249	3490.374	1.018	1.018	1.014
624	3462.927	3302.630	3542.719	3479.955	1.015	1.015	1.010
625	3441.225	3304.212	3511.483	3450.401	1.007	1.007	1.004
626	3444.043	3382.041	3523.045	3437.965	1.003	1.003	1.005
627	3408.884	3307.871	3527.754	3398.917	0.992	0.992	0.995
628	3400.916	3296.432	3544.660	3387.844	0.989	0.989	0.992
629	3416.428	3304.518	3507.862	3427.491	1.000	1.000	0.997
630	3452.224	3252.142	3556.939	3487.215	1.018	1.018	1.007
631	3500.743	3335.213	3708.681	3525.756	1.029	1.029	1.022
632	3475.970	3241.841	3692.335	3458.505	1.009	1.009	1.014
633	3478.956	3331.025	3655.546	3462.435	1.010	1.010	1.015
634	3477.968	3339.868	3630.977	3486.562	1.017	1.017	1.015
635	3448.762	3384.542	3570.829	3423.653	0.999	0.999	1.006
636	3457.550	3265.747	3563.853	3465.328	1.011	1.011	1.009
637	3461.778	3295.795	3619.330	3425.839	1.000	1.000	1.010
638	3426.144	3281.151	3594.959	3433.146	1.002	1.002	1.000
639	3396.330	3255.656	3519.721	3415.791	0.997	0.997	0.991
640	3406.936	3210.811	3664.750	3383.880	0.987	0.987	0.994
641	3413.135	3236.099	3591.178	3436.546	1.003	1.003	0.996
642	3419.868	3272.577	3712.105	3374.979	0.985	0.985	0.998
643	3497.048	3271.971	3757.524	3484.146	1.017	1.017	1.020
644	3408.735	3280.221	3523.311	3430.132	1.001	1.001	0.995
645	3449.219	3291.192	3721.671	3446.389	1.006	1.006	1.006
646	3412.728	3220.423	3476.704	3460.609	1.010	1.010	0.996
647	3467.237	3346.448	3581.398	3490.805	1.019	1.019	1.012
648	3489.041	3299.750	3770.526	3486.964	1.017	1.017	1.018
649	3434.866	3347.488	3513.008	3446.619	1.006	1.006	1.002
650	3456.623	3287.464	3685.697	3448.390	1.006	1.006	1.009
651	3430.950	3266.507	3558.085	3427.498	1.000	1.000	1.001
652	3420.152	3236.509	3554.113	3422.876	0.999	0.999	0.998
653	3407.452	3290.148	3572.090	3389.757	0.989	0.989	0.994
654	3391.336	3226.546	3438.866	3410.777	0.995	0.995	0.990
655	3395.477	3219.642	3525.758	3401.528	0.993	0.993	0.991
656	3399.565	3244.060	3547.933	3431.086	1.001	1.001	0.992
657	3390.410	3270.886	3605.710	3379.803	0.986	0.986	0.989
658	3411.231	3264.742	3648.758	3356.139	0.979	0.979	0.995
659	3411.858	3320.006	3487.855	3414.699	0.996	0.996	0.996
660	3458.794	3352.677	3569.806	3472.389	1.013	1.013	1.009
661	3406.561	3257.159	3546.782	3384.611	0.988	0.988	0.994
662	3368.837	3261.036	3528.526	3357.880	0.980	0.980	0.983
663	3379.502	3217.559	3589.138	3358.679	0.980	0.980	0.986
664	3431.449	3314.753	3613.846	3423.394	0.999	0.999	1.001
665	3410.935	3327.535	3480.252	3411.141	0.995	0.995	0.995
666	3398.730	3247.156	3491.468	3406.718	0.994	0.994	0.992
667	3413.128	3273.088	3654.156	3388.046	0.989	0.989	0.996
668	3443.166	3233.455	3696.747	3391.258	0.990	0.990	1.005
669	3462.385	3248.053	3783.649	3477.677	1.015	1.015	1.010
670	3488.718	3367.854	3653.402	3476.531	1.014	1.014	1.018
671	3437.092	3241.582	3721.418	3400.057	0.992	0.992	1.003
672	3428.480	3300.167	3598.015	3414.716	0.996	0.996	1.000
673	3449.306	3327.162	3721.341	3421.033	0.998	0.998	1.007
674	3386.453	3312.177	3529.306	3371.996	0.984	0.984	0.988
675	3368.874	3239.956	3547.560	3366.788	0.982	0.982	0.983
676	3364.046	3263.251	3462.982	3381.673	0.987	0.987	0.982
677	3385.070	3307.108	3458.721	3382.014	0.987	0.987	0.988
678	3430.449	3293.479	3571.025	3442.423	1.005	1.005	1.001
679	3337.702	3236.435	3445.662	3336.752	0.974	0.974	0.974
680	3405.663	3273.939	3531.421	3398.213	0.992	0.992	0.994
681	3388.211	3257.588	3503.725	3390.762	0.989	0.989	0.989
682	3367.598	3228.119	3549.969	3346.270	0.976	0.976	0.983
683	3381.040	3260.512	3483.198	3388.562	0.989	0.989	0.987
684	3428.359	3310.616	3642.223	3416.714	0.997	0.997	1.000
685	3394.676	3289.101	3546.582	3382.119	0.987	0.987	0.991
686	3440.959	3320.896	3594.787	3416.653	0.997	0.997	1.004
687	3412.183	3359.533	3451.394	3411.784	0.996	0.996	0.996
688	3392.984	3247.697	3589.730	3353.659	0.979	0.979	0.990
689	3362.182	3169.337	3480.190	3366.759	0.982	0.982	0.981
690	3426.862	3169.114	3545.698	3464.890	1.011	1.011	1.000
691	3423.878	3306.433	3582.649	3402.925	0.993	0.993	0.999
692	3452.410	3271.458	3613.254	3471.269	1.013	1.013	1.007
693	3405.410	3204.636	3594.475	3406.097	0.994	0.994	0.994
694	3403.944	3249.171	3507.001	3446.439	1.006	1.006	0.993
695	3355.611	3268.472	3514.095	3347.287	0.977	0.977	0.979
696	3394.201	3218.156	3571.207	3411.804	0.996	0.996	0.990
697	3404.895	3248.209	3549.884	3395.301	0.991	0.991	0.994
698	3387.117	3253.993	3455.043	3406.169	0.994	0.994	0.988
699	3416.011	3220.671	3600.027	3431.516	1.001	1.001	0.997
700	3402.169	3150.855	3656.118	3423.807	0.999	0.999	0.993
701	3409.076	3283.197	3567.079	3412.114	0.996	0.996	0.995
702	3345.142	3246.610	3486.424	3343.915	0.976	0.976	0.976
703	3363.577	3203.378	3550.125	3332.983	0.973	0.973	0.981
704	3402.363	3248.970	3559.593	3432.974	1.002	1.002	0.993
705	3384.604	3211.333	3586.998	3363.875	0.982	0.982	0.988
706	3423.532	3254.523	3563.428	3465.312	1.011	1.011	0.999
707	3429.311	3233.070	3613.501	3395.906	0.991	0.991	1.001
708	3400.641	3301.374	3472.515	3409.639	0.995	0.995	0.992
709	3379.265	3254.184	3471.235	3379.861	0.986	0.986	0.986
710	3427.159	3294.371	3560.319	3434.801	1.002	1.002	1.000
711	3421.595	3238.030	3620.568	3443.388	1.005	1.005	0.998
712	3331.209	3180.904	3459.979	3330.121	0.972	0.972	0.972
713	3336.203	3268.696	3453.252	3336.305	0.974	0.974	0.974
714	3348.053	3229.093	3534.306	3318.873	0.968	0.968	0.977
715	3453.328	3272.739	3558.538	3488.167	1.018	1.018	1.008
716	3372.429	3272.759	3469.168	3359.695	0.980	0.980	0.984
717	3387.564	3248.633	3486.438	3387.569	0.988	0.988	0.988
718	3459.835	3388.160	3545.836	3444.480	1.005	1.005	1.010
719	3419.659	3332.683	3554.175	3399.519	0.992	0.992	0.998
720	3440.438	3359.338	3490.980	3443.504	1.005	1.005	1.004
721	3387.255	3249.822	3531.872	3409.540	0.995	0.995	0.988
722	3358.664	3168.046	3450.353	3360.209	0.981	0.981	0.980
723	3397.879	3288.521	3536.799	3394.045	0.990	0.990	0.992
724	3402.709	3278.891	3619.718	3377.857	0.986	0.986	0.993
725	3445.609	3360.071	3601.262	3392.625	0.990	0.990	1.005
726	3454.734	3329.018	3606.230	3451.461	1.007	1.007	1.008
727	3414.165	3224.088	3615.084	3426.367	1.000	1.000	0.996
728	3416.744	3347.609	3504.375	3410.185	0.995	0.995	0.997
729	3417.837	3333.926	3521.215	3399.583	0.992	0.992	0.997
730	3399.323	3217.225	3487.426	3434.355	1.002	1.002	0.992
731	3408.959	3369.407	3482.915	3399.791	0.992	0.992	0.995
732	3494.975	3286.972	3581.536	3514.841	1.026	1.026	1.020
733	3446.142	3247.377	3557.158	3453.972	1.008	1.008	1.006
734	3475.439	3366.771	3537.539	3485.903	1.017	1.017	1.014
735	3459.156	3349.133	3568.184	3451.947	1.007	1.007	1.009
736	3427.554	3342.048	3552.817	3420.336	0.998	0.998	1.000
737	3484.494	3230.899	3617.292	3496.258	1.020	1.020	1.017
738	3476.396	3360.681	3579.693	3482.780	1.016	1.016	1.014
739	3443.325	3331.110	3547.030	3462.367	1.010	1.010	1.005
740	3432.153	3314.644	3629.790	3402.439	0.993	0.993	1.002
741	3456.576	3292.406	3555.483	3461.727	1.010	1.010	1.009
742	3449.861	3356.633	3557.629	3468.878	1.012	1.012	1.007
743	3458.867	3327.264	3547.603	3466.821	1.012	1.012	1.009
744	3470.428	3377.167	3588.144	3457.924	1.009	1.009	1.013
745	3452.791	3283.599	3622.360	3480.406	1.016	1.016	1.008
746	3490.628	3343.755	3598.958	3494.099	1.020	1.020	1.019
747	3509.246	3439.291	3638.287	3497.229	1.020	1.020	1.024
748	3556.928	3454.891	3710.221	3550.312	1.036	1.036	1.038
749	3575.065	3443.515	3673.094	3582.833	1.045	1.045	1.043
750	3593.896	3482.254	3718.118	3598.278	1.050	1.050	1.049
751	3545.848	3458.102	3641.131	3562.905	1.040	1.040	1.035
752	3526.141	3455.330	3615.132	3518.994	1.027	1.027	1.029
753	3477.673	3363.019	3668.830	3470.901	1.013	1.013	1.015
754	3451.376	3370.566	3574.264	3440.468	1.004	1.004	1.007
755	3479.449	3328.204	3671.368	3462.615	1.010	1.010	1.015
756	3546.946	3355.040	3720.125	3549.617	1.036	1.036	1.035
757	3443.950	3269.314	3531.933	3458.322	1.009	1.009	1.005
758	3491.280	3339.174	3660.477	3461.865	1.010	1.010	1.019
759	3432.161	3292.886	3587.399	3436.534	1.003	1.003	1.002
760	3542.078	3396.305	3639.123	3543.877	1.034	1.034	1.034
761	3539.368	3383.704	3828.929	3532.004	1.031	1.031	1.033
762	3491.728	3297.023	3675.505	3521.927	1.028	1.028	1.019
763	3547.784	3442.510	3661.027	3530.204	1.030	1.030	1.035
764	3479.930	3348.717	3574.543	3502.816	1.022	1.022	1.015
765	3483.192	3332.216	3636.838	3487.046	1.018	1.018	1.016
766	3471.387	3271.711	3643.445	3481.707	1.016	1.016	1.013
767	3487.968	3318.791	3644.880	3502.579	1.022	1.022	1.018
768	3476.147	3276.414	3635.644	3481.393	1.016	1.016	1.014
769	3504.785	3412.605	3591.936	3488.774	1.018	1.018	1.023
770	3520.681	3426.947	3769.223	3475.449	1.014	1.014	1.027
771	3518.536	3380.787	3606.890	3507.830	1.024	1.024	1.027
772	3489.451	3305.018	3625.892	3512.229	1.025	1.025	1.018
773	3537.498	3458.779	3609.517	3534.198	1.031	1.031	1.032
774	3446.510	3307.789	3540.055	3458.932	1.009	1.009	1.006
775	3357.188	3214.263	3591.504	3357.617	0.980	0.980	0.980
776	3445.054	3198.258	3756.910	3436.685	1.003	1.003	1.005
777	3458.192	3345.460	3570.221	3447.407	1.006	1.006	1.009
778	3429.169	3299.855	3487.192	3453.222	1.008	1.008	1.001
779	3468.636	3379.952	3570.829	3468.414	1.012	1.012	1.012
780	3430.247	3324.947	3577.261	3412.991	0.996	0.996	1.001
781	3512.892	3357.508	3616.102	3523.008	1.028	1.028	1.025
782	3463.098	3343.065	3633.069	3458.432	1.009	1.009	1.011
783	3429.923	3293.004	3505.869	3444.851	1.005	1.005	1.001
784	3510.999	3322.190	3722.838	3504.965	1.023	1.023	1.025
785	3453.861	3281.644	3664.705	3444.954	1.005	1.005	1.008
786	3383.093	3258.706	3531.665	3398.914	0.992	0.992	0.987
787	3472.688	3322.841	3577.058	3461.801	1.010	1.010	1.013
788	3514.705	3372.450	3687.958	3493.264	1.019	1.019	1.026
789	3422.730	3332.421	3637.385	3387.072	0.988	0.988	0.999
790	3445.744	3326.880	3549.778	3442.048	1.004	1.004	1.005
791	3433.271	3370.145	3527.851	3424.999	0.999	0.999	1.002
792	3446.334	3354.101	3638.695	3430.300	1.001	1.001	1.006
793	3527.364	3330.652	3831.640	3498.160	1.021	1.021	1.029
794	3535.584	3383.340	3826.642	3502.171	1.022	1.022	1.032
795	3526.241	3378.910	3846.900	3451.737	1.007	1.007	1.029
796	3604.678	3392.700	3904.828	3520.263	1.027	1.027	1.052
797	3497.901	3396.419	3676.277	3472.917	1.013	1.013	1.021
798	3474.372	3376.142	3598.013	3476.551	1.014	1.014	1.014
799	3546.323	3417.052	3818.426	3520.417	1.027	1.027	1.035
800	3614.276	3508.388	3833.933	3596.854	1.050	1.050	1.055
801	3560.184	3399.463	3749.221	3545.130	1.034	1.034	1.039
802	3573.861	3264.442	3918.088	3628.240	1.059	1.059	1.043
803	3565.222	3291.870	3813.420	3574.875	1.043	1.043	1.040
804	3679.779	3332.087	4174.676	3593.752	1.049	1.049	1.074
805	3829.183	3395.534	4315.598	3684.622	1.075	1.075	1.117
806	3676.353	3390.890	3980.458	3646.449	1.064	1.064	1.073
807	3545.921	3232.379	3883.087	3499.784	1.021	1.021	1.035
808	3522.576	3322.628	3697.677	3552.816	1.037	1.037	1.028
809	3549.204	3414.910	3740.966	3534.198	1.031	1.031	1.036
810	3474.615	3224.880	3633.824	3488.260	1.018	1.018	1.014
811	3529.413	3322.009	3802.020	3521.076	1.027	1.027	1.030
812	3525.847	3350.284	3705.900	3525.901	1.029	1.029	1.029
813	3537.226	3243.519	3726.766	3535.924	1.032	1.032	1.032
814	3499.463	3352.085	3675.616	3479.516	1.015	1.015	1.021
815	3507.627	3323.423	3633.847	3526.358	1.029	1.029	1.024
816	3580.968	3251.665	3875.255	3574.483	1.043	1.043	1.045
817	3681.553	3364.113	3981.573	3636.526	1.061	1.061	1.074
818	3813.132	3470.796	4433.273	3749.000	1.094	1.094	1.113
819	3862.373	3397.124	4629.948	3846.031	1.122	1.122	1.127
820	3919.833	3391.785	4704.853	3971.028	1.159	1.159	1.144
821	3853.664	3284.488	4433.591	3860.935	1.127	1.127	1.125
822	3682.283	3313.425	4261.759	3559.778	1.039	1.039	1.074
823	3565.854	3228.948	4242.112	3430.598	1.001	1.001	1.041
824	3521.636	3336.092	3981.596	3402.045	0.993	0.993	1.028
825	3465.974	3331.035	3709.673	3427.000	1.000	1.000	1.011
826	3378.567	3245.192	3580.237	3347.167	0.977	0.977	0.986
827	3389.969	3172.202	3599.080	3316.952	0.968	0.968	0.989
828	3513.373	3313.248	3829.969	3486.130	1.017	1.017	1.025
829	3569.264	3278.774	4072.764	3521.193	1.027	1.027	1.042
830	3482.343	3299.413	3736.912	3443.953	1.005	1.005	1.016
831	3548.242	3291.749	3926.417	3548.635	1.035	1.035	1.035
832	3599.047	3279.374	4153.725	3589.431	1.047	1.047	1.050
833	3629.660	3331.801	4097.766	3628.686	1.059	1.059	1.059
834	3687.560	3279.776	4508.259	3614.783	1.055	1.055	1.076
835	3857.295	3410.006	4796.021	3638.932	1.062	1.062	1.126
836	3796.860	3376.881	4775.191	3617.115	1.055	1.055	1.108
837	3620.920	3305.548	4511.893	3462.527	1.010	1.010	1.057
838	3663.814	3255.556	4505.224	3516.443	1.026	1.026	1.069
839	3765.496	3225.571	4529.615	3721.029	1.086	1.086	1.099
840	3742.830	3311.628	4288.216	3732.429	1.089	1.089	1.092
841	3723.106	3468.399	4016.882	3772.852	1.101	1.101	1.086
842	3708.495	3256.196	4187.278	3633.336	1.060	1.060	1.082
843	3770.095	3429.125	4240.588	3647.745	1.064	1.064	1.100
844	3746.336	3417.579	4296.605	3638.529	1.062	1.062	1.093
845	3600.982	3472.176	3780.417	3578.415	1.044	1.044	1.051
846	3484.489	3244.167	3701.908	3500.425	1.021	1.021	1.017
847	3485.496	3284.082	3663.675	3509.510	1.024	1.024	1.017
848	3566.525	3457.975	3707.982	3570.431	1.042	1.042	1.041
849	3510.639	3261.072	3729.938	3519.751	1.027	1.027	1.024
850	3503.986	3286.633	3758.346	3443.523	1.005	1.005	1.022
851	3647.943	3362.845	3878.510	3628.677	1.059	1.059	1.064
852	3720.636	3483.452	4103.788	3683.970	1.075	1.075	1.086
853	3772.230	3500.858	3990.028	3751.089	1.095	1.095	1.101
854	3808.238	3554.757	4067.512	3839.713	1.120	1.120	1.111
855	3720.666	3472.050	4035.923	3704.574	1.081	1.081	1.086
856	3720.388	3520.034	3898.007	3712.400	1.083	1.083	1.086
857	3774.932	3580.094	3928.711	3747.878	1.094	1.094	1.102
858	3770.413	3538.807	3965.815	3789.403	1.106	1.106	1.100
859	3870.176	3492.368	4163.018	3891.308	1.135	1.135	1.129
860	3961.715	3464.454	4456.800	4038.845	1.179	1.179	1.156
861	4053.983	3587.325	4592.454	4128.908	1.205	1.205	1.183
862	4101.574	3558.221	4581.096	4129.082	1.205	1.205	1.197
863	3858.801	3604.661	4257.427	3790.745	1.106	1.106	1.126
864	3737.626	3518.069	3942.433	3743.153	1.092	1.092	1.091
865	3760.825	3397.706	4004.673	3790.023	1.106	1.106	1.097
866	3681.673	3373.399	3933.963	3694.737	1.078	1.078	1.074
867	3693.191	3501.603	3949.799	3704.023	1.081	1.081	1.078
868	3669.273	3488.101	3790.404	3690.535	1.077	1.077	1.071
869	3793.741	3568.544	4026.935	3793.089	1.107	1.107	1.107
870	3875.892	3660.369	4112.729	3860.907	1.127	1.127	1.131
871	3925.486	3570.695	4243.100	3997.384	1.166	1.166	1.145
872	4058.607	3715.551	4445.424	4023.410	1.174	1.174	1.184
873	4295.927	3961.562	4710.883	4307.303	1.257	1.257	1.254
874	4303.108	3908.794	4729.655	4322.183	1.261	1.261	1.256
875	4268.865	3761.473	5138.992	4221.374	1.232	1.232	1.246
876	4152.482	3801.559	4484.646	4207.969	1.228	1.228	1.212
877	4103.656	3655.332	4534.763	4242.452	1.238	1.238	1.197
878	4141.317	3669.729	4666.582	4113.854	1.200	1.200	1.208
879	4324.399	3799.877	5118.593	4215.310	1.230	1.230	1.262
880	4322.331	3631.788	5262.231	4252.371	1.241	1.241	1.261
881	4224.363	3513.887	4974.353	4211.803	1.229	1.229	1.233
882	4092.990	3536.185	4763.940	4067.984	1.187	1.187	1.194
883	4021.584	3560.660	4810.573	3926.776	1.146	1.146	1.173
884	3961.396	3468.217	4515.944	3842.634	1.121	1.121	1.156
885	3978.112	3584.605	4688.071	3826.408	1.117	1.117	1.161
886	3957.288	3509.548	4462.174	3879.500	1.132	1.132	1.155
887	3869.151	3405.821	4342.890	3987.244	1.163	1.163	1.129
888	3855.130	3562.906	4059.685	3892.267	1.136	1.136	1.125
889	3849.276	3565.597	4251.165	3809.518	1.112	1.112	1.123
890	3856.946	3576.788	4208.721	3776.353	1.102	1.102	1.125
891	3850.568	3642.475	4144.125	3781.634	1.103	1.103	1.124
892	4001.185	3521.982	4243.022	4059.575	1.185	1.185	1.168
893	4124.417	3639.027	4682.338	4132.040	1.206	1.206	1.204
894	4153.436	3731.012	4867.900	3915.342	1.142	1.142	1.212
895	4423.931	3533.799	5625.935	4223.300	1.232	1.232	1.291
896	4447.322	3583.540	5732.171	4190.487	1.223	1.223	1.298
897	4221.493	3518.568	5066.822	4123.585	1.203	1.203	1.232
898	4240.841	3578.964	4871.267	4229.992	1.234	1.234	1.237
899	4091.995	3636.537	4562.555	4106.241	1.198	1.198	1.194
900	4015.252	3398.147	4400.859	4117.551	1.202	1.202	1.172
901	4138.741	3535.319	4755.996	4099.907	1.196	1.196	1.208
902	4181.249	3678.019	4696.225	4247.518	1.239	1.239	1.220
903	4406.457	3741.209	5030.393	4344.596	1.268	1.268	1.286
904	4750.053	3742.620	5705.826	4727.238	1.379	1.379	1.386
905	5151.908	3802.016	6539.336	5182.996	1.512	1.512	1.503
906	5450.675	3685.166	7245.451	5465.753	1.595	1.595	1.591
907	5392.802	3741.820	7545.667	5222.557	1.524	1.524	1.574
908	4779.574	3899.083	5615.708	4670.999	1.363	1.363	1.395
909	4369.982	3901.994	4968.813	4260.632	1.243	1.243	1.275
910	4115.516	3650.152	4498.998	4031.674	1.176	1.176	1.201
911	3962.626	3786.171	4122.946	3952.992	1.153	1.153	1.156
912	3901.498	3640.852	4076.531	3935.035	1.148	1.148	1.138
913	4133.064	3879.058	4354.867	4184.005	1.221	1.221	1.206
914	4315.954	3938.218	4543.897	4374.987	1.277	1.277	1.259
915	4697.509	4275.892	4878.478	4744.126	1.384	1.384	1.371
916	4789.749	4209.926	5765.973	4565.091	1.332	1.332	1.398
917	5032.779	3863.268	6412.772	4958.091	1.447	1.447	1.469
918	5597.586	3948.493	7536.880	5373.108	1.568	1.568	1.633
919	5768.271	4020.135	8000.903	5111.304	1.491	1.491	1.683
920	5521.770	3846.810	7445.988	5094.111	1.486	1.486	1.611
921	5240.475	3946.665	7031.620	4963.145	1.448	1.448	1.529
922	4843.666	4149.750	5587.565	4909.136	1.432	1.432	1.413
923	4562.751	3881.046	5261.044	4754.362	1.387	1.387	1.331
924	4639.435	3789.395	5678.729	4651.311	1.357	1.357	1.354
925	4712.899	3801.203	5632.563	4633.539	1.352	1.352	1.375
926	4879.311	3780.948	5821.747	4926.021	1.437	1.437	1.424
927	5199.516	3851.449	6528.576	5158.935	1.505	1.505	1.517
928	5208.982	4080.592	6571.296	4932.709	1.439	1.439	1.520
929	4908.393	3991.574	5949.122	4633.820	1.352	1.352	1.432
930	5004.795	3986.591	5975.253	4965.099	1.449	1.449	1.460
931	5181.553	4271.893	6216.012	5061.256	1.477	1.477	1.512
932	5091.321	4052.494	6073.928	5092.108	1.486	1.486	1.486
933	4810.678	3972.242	5371.897	4779.634	1.395	1.395	1.404
934	4873.010	3788.595	6030.738	4793.490	1.399	1.399	1.422
935	4766.912	3768.166	6161.395	4606.500	1.344	1.344	1.391
936	4650.990	3653.826	5814.007	4401.641	1.284	1.284	1.357
937	4407.243	3805.856	5320.060	4320.206	1.261	1.261	1.286
938	4472.334	3852.273	5031.218	4481.770	1.308	1.308	1.305
939	4443.275	3800.241	4972.429	4492.667	1.311	1.311	1.297
940	4521.640	4026.207	5094.030	4522.556	1.320	1.320	1.319
941	4744.778	4050.754	5495.622	4773.198	1.393	1.393	1.385
942	4823.729	4007.635	5289.348	4930.131	1.439	1.439	1.408
943	5202.480	4142.712	6193.172	5370.572	1.567	1.567	1.518
944	5184.206	4258.320	5762.018	5143.338	1.501	1.501	1.513
945	5098.719	4087.686	5707.537	5175.914	1.510	1.510	1.488
946	4951.944	4102.616	5743.624	4956.949	1.446	1.446	1.445
947	4606.580	3983.801	5476.992	4371.052	1.275	1.275	1.344
948	4297.300	3835.526	4970.527	4256.418	1.242	1.242	1.254
949	4186.030	3745.717	4666.523	4101.813	1.197	1.197	1.221
950	4003.629	3730.405	4342.522	3987.068	1.163	1.163	1.168
951	4192.388	3783.858	4540.618	4234.130	1.236	1.236	1.223
952	4281.932	3923.825	4699.522	4259.049	1.243	1.243	1.249
953	4450.789	3960.463	4859.368	4521.977	1.320	1.320	1.299
954	4836.321	4174.104	5564.640	4928.403	1.438	1.438	1.411
955	4787.918	4068.954	5515.904	4717.728	1.377	1.377	1.397
956	4660.627	4025.818	5274.482	4631.173	1.351	1.351	1.360
957	4567.102	4164.212	5026.749	4536.462	1.324	1.324	1.333
958	4674.241	4023.642	4974.708	4809.301	1.403	1.403	1.364
959	4746.963	3925.304	5114.786	4841.913	1.413	1.413	1.385
960	5092.671	4576.558	5640.151	5144.432	1.501	1.501	1.486
961	5142.089	4895.293	5607.275	5057.442	1.476	1.476	1.500
962	5253.561	4604.021	5893.669	5378.135	1.569	1.569	1.533
963	5321.790	4341.763	6235.198	5302.886	1.547	1.547	1.553
964	5448.958	4270.264	6326.222	5559.461	1.622	1.622	1.590
965	5428.209	4062.537	6119.281	5706.632	1.665	1.665	1.584
966	5510.141	4091.900	6239.928	5860.764	1.710	1.710	1.608
967	5646.304	4424.627	6731.744	5870.103	1.713	1.713	1.648
968	5407.041	4560.971	6254.042	5445.127	1.589	1.589	1.578
969	5032.394	4429.217	5385.034	5060.032	1.477	1.477	1.468
970	4845.923	4214.417	5183.632	4898.033	1.429	1.429	1.414
971	4590.319	4181.420	4919.657	4653.083	1.358	1.358	1.339
972	4476.728	3971.837	4762.942	4497.046	1.312	1.312	1.306
973	4756.439	4096.311	5307.992	4781.510	1.395	1.395	1.388
974	4817.590	3949.629	5220.848	4914.808	1.434	1.434	1.406
975	4906.785	4104.505	5654.036	4933.771	1.440	1.440	1.432
976	4540.093	4146.512	4944.002	4480.090	1.307	1.307	1.325
977	4356.649	3929.593	4707.626	4350.038	1.269	1.269	1.271
978	4290.882	3942.709	4677.521	4342.983	1.267	1.267	1.252
979	4315.856	3850.724	4805.391	4189.765	1.223	1.223	1.259
980	4288.231	3717.915	4755.794	4258.309	1.243	1.243	1.251
981	4442.718	3667.629	4789.221	4605.428	1.344	1.344	1.296
982	4285.506	3661.154	4574.628	4320.604	1.261	1.261	1.251
983	4026.206	3662.967	4379.652	3998.287	1.167	1.167	1.175
984	3821.871	3457.311	4152.426	3850.041	1.123	1.123	1.115
985	3766.650	3416.437	3975.462	3843.400	1.122	1.122	1.099
986	3771.676	3476.617	4059.305	3738.986	1.091	1.091	1.101
987	3813.680	3566.591	4337.178	3759.594	1.097	1.097	1.113
988	3831.712	3514.011	4157.240	3839.248	1.120	1.120	1.118
989	3850.002	3417.292	4138.682	3903.962	1.139	1.139	1.123
990	3996.926	3554.636	4478.787	3989.663	1.164	1.164	1.166
991	4031.889	3526.370	4611.697	4151.171	1.211	1.211	1.177
992	4143.135	3507.379	4512.065	4340.832	1.267	1.267	1.209
993	4175.790	3548.468	4570.399	4402.115	1.285	1.285	1.218
994	4189.770	3700.238	4600.416	4247.983	1.240	1.240	1.223
995	4052.032	3735.695	4360.098	4058.157	1.184	1.184	1.182
996	4087.480	3656.610	4474.912	4154.089	1.212	1.212	1.193
997	4095.660	3475.094	4871.088	3965.721	1.157	1.157	1.195
998	4140.505	3509.124	4574.094	4201.956	1.226	1.226	1.208
999	4221.872	3546.675	5019.463	4220.862	1.232	1.232	1.232
1000	4283.187	3517.724	4999.661	4241.491	1.238	1.238	1.250
1001	4303.303	3578.288	4961.144	4458.488	1.301	1.301	1.256
1002	4215.498	3367.223	5052.129	4185.092	1.221	1.221	1.230
1003	4314.076	3637.911	5107.130	4238.215	1.237	1.237	1.259
1004	4467.317	3758.984	5314.353	4220.230	1.231	1.231	1.304
1005	4534.097	3778.710	5426.458	4402.190	1.285	1.285	1.323
1006	4317.989	3697.974	4990.413	4412.217	1.287	1.287	1.260
1007	4139.226	3656.083	4582.657	4188.630	1.222	1.222	1.208
1008	3986.585	3598.810	4431.395	4047.675	1.181	1.181	1.163
1009	3963.645	3461.599	4423.070	4000.885	1.167	1.167	1.157
1010	3885.963	3505.310	4191.101	3931.542	1.147	1.147	1.134
1011	3908.181	3522.485	4286.823	3909.131	1.141	1.141	1.140
1012	4003.959	3458.050	4552.923	3987.403	1.164	1.164	1.168
1013	4026.141	3588.771	4357.807	4100.643	1.197	1.197	1.175
1014	4015.428	3645.703	4661.843	3978.414	1.161	1.161	1.172
1015	4010.939	3471.266	4526.550	4124.483	1.204	1.204	1.170
1016	3930.352	3601.752	4201.708	3981.840	1.162	1.162	1.147
1017	3878.120	3583.868	4231.986	3885.719	1.134	1.134	1.132
1018	3877.818	3466.835	4307.238	3942.778	1.151	1.151	1.132
1019	3962.374	3579.521	4303.719	3946.848	1.152	1.152	1.156
1020	3945.729	3398.750	4396.712	3928.154	1.146	1.146	1.151
1021	4001.713	3689.976	4488.370	3887.729	1.134	1.134	1.168
1022	4086.576	3785.524	4644.469	3998.175	1.167	1.167	1.192
1023	4167.372	3729.576	4623.208	4110.131	1.199	1.199	1.216
1024	4235.213	3649.342	4763.860	4284.185	1.250	1.250	1.236
1025	4214.555	3634.545	4784.106	4273.701	1.247	1.247	1.230
1026	4176.199	3856.898	4612.911	4116.118	1.201	1.201	1.219
1027	4013.776	3696.878	4490.238	3979.407	1.161	1.161	1.171
1028	4004.370	3612.106	4506.729	4060.054	1.185	1.185	1.168
1029	4039.105	3575.480	4461.362	4018.841	1.173	1.173	1.179
1030	4009.584	3702.349	4241.513	4003.474	1.168	1.168	1.170
1031	4153.103	3534.400	4622.431	4206.491	1.227	1.227	1.212
1032	4192.721	3621.166	4807.859	4139.290	1.208	1.208	1.223
1033	4211.777	3612.094	5108.282	4114.362	1.201	1.201	1.229
1034	4132.976	3703.622	5094.189	3979.038	1.161	1.161	1.206
1035	4103.667	3633.049	4770.933	4112.732	1.200	1.200	1.197
1036	3859.392	3517.396	4291.206	3891.721	1.136	1.136	1.126
1037	3892.811	3589.238	4243.930	3888.527	1.135	1.135	1.136
1038	4017.197	3687.381	4222.658	4093.550	1.194	1.194	1.172
1039	4147.705	3810.346	4394.800	4188.847	1.222	1.222	1.210
1040	4042.852	3599.439	4430.468	3972.218	1.159	1.159	1.180
1041	4187.810	3737.872	4841.041	4078.167	1.190	1.190	1.222
1042	4351.881	3728.861	5379.629	4332.712	1.264	1.264	1.270
1043	4348.965	3641.118	5270.373	4269.533	1.246	1.246	1.269
1044	4211.682	3553.948	5160.442	3965.806	1.157	1.157	1.229
1045	4340.504	3734.726	5474.296	4229.237	1.234	1.234	1.267
1046	4402.097	3837.354	5103.584	4323.380	1.262	1.262	1.285
1047	4303.272	3573.322	5090.808	4205.437	1.227	1.227	1.256
1048	4126.742	3489.398	4850.446	4051.339	1.182	1.182	1.204
1049	4126.957	3664.432	4767.717	4016.145	1.172	1.172	1.204
1050	4108.125	3731.144	4594.002	4008.935	1.170	1.170	1.199
1051	4050.998	3690.515	4427.223	4020.328	1.173	1.173	1.182
1052	3809.040	3558.725	4086.380	3825.948	1.116	1.116	1.111
1053	3778.066	3496.341	3913.513	3819.188	1.114	1.114	1.102
1054	3720.525	3558.534	3969.163	3711.158	1.083	1.083	1.086
1055	3719.300	3515.657	3920.344	3726.222	1.087	1.087	1.085
1056	3846.845	3644.789	4190.153	3800.473	1.109	1.109	1.123
1057	3958.492	3631.883	4295.623	3887.187	1.134	1.134	1.155
1058	4054.128	3657.594	4425.793	4008.454	1.170	1.170	1.183
1059	4016.887	3616.495	4759.031	3923.587	1.145	1.145	1.172
1060	4076.924	3517.774	5159.962	4023.745	1.174	1.174	1.190
1061	4260.963	3721.703	5536.219	4088.766	1.193	1.193	1.243
1062	4251.283	3756.916	5141.185	4101.987	1.197	1.197	1.241
1063	4138.503	3659.313	4974.352	4148.424	1.211	1.211	1.208
1064	4052.937	3706.070	4619.046	3966.279	1.157	1.157	1.183
1065	4105.733	3660.232	4541.801	4064.698	1.186	1.186	1.198
1066	4235.051	3694.219	4676.346	4160.944	1.214	1.214	1.236
1067	4283.759	3713.196	4789.009	4254.054	1.241	1.241	1.250
1068	4225.462	3826.634	4597.222	4318.584	1.260	1.260	1.233
1069	4273.175	3623.116	5035.600	4246.786	1.239	1.239	1.247
1070	4294.924	3652.677	4876.750	4224.584	1.233	1.233	1.253
1071	4403.142	3693.263	4868.300	4534.021	1.323	1.323	1.285
1072	4490.571	3824.258	5136.110	4562.570	1.331	1.331	1.310
1073	4295.786	3753.479	4876.712	4370.336	1.275	1.275	1.254
1074	4212.400	3671.978	4867.747	4292.746	1.253	1.253	1.229
1075	4162.677	3621.460	4621.635	4233.728	1.235	1.235	1.215
1076	4070.257	3808.638	4348.045	4069.899	1.188	1.188	1.188
1077	3947.763	3702.369	4316.139	3952.241	1.153	1.153	1.152
1078	3941.731	3619.332	4253.397	3936.574	1.149	1.149	1.150
1079	3914.531	3606.945	4397.438	3814.635	1.113	1.113	1.142
1080	4103.428	3702.172	4705.950	4061.164	1.185	1.185	1.197
1081	4080.627	3625.177	4808.327	4014.489	1.171	1.171	1.191
1082	4077.776	3776.574	4322.808	4077.333	1.190	1.190	1.190
1083	4122.696	3763.816	4637.143	4087.691	1.193	1.193	1.203
1084	4064.895	3598.413	4717.673	4053.010	1.183	1.183	1.186
1085	4059.215	3599.742	4634.146	4055.278	1.183	1.183	1.184
1086	4172.901	3545.752	4867.035	4072.377	1.188	1.188	1.218
1087	4248.847	3599.433	5252.204	4100.828	1.197	1.197	1.240
1088	4262.482	3679.467	5274.659	4057.683	1.184	1.184	1.244
1089	4350.256	3561.668	5746.740	4165.135	1.215	1.215	1.269
1090	4286.776	3582.728	5519.882	4018.568	1.173	1.173	1.251
1091	4339.568	3784.021	5543.820	4162.392	1.215	1.215	1.266
1092	4300.663	3764.597	5324.506	4150.009	1.211	1.211	1.255
1093	4293.100	3802.271	5389.938	4131.918	1.206	1.206	1.253
1094	4308.827	3748.318	5512.906	4258.422	1.243	1.243	1.257
1095	4398.224	3816.640	5653.067	4154.236	1.212	1.212	1.283
1096	4222.012	3728.478	5170.898	3996.920	1.166	1.166	1.232
1097	4054.766	3661.902	4937.227	3820.111	1.115	1.115	1.183
1098	4019.906	3590.080	4637.629	4059.504	1.185	1.185	1.173
1099	3923.074	3648.051	4479.862	3840.867	1.121	1.121	1.145
1100	4011.066	3552.324	4880.115	3882.216	1.133	1.133	1.170
1101	4180.599	3852.720	4757.032	4090.121	1.193	1.193	1.220
1102	4125.870	3759.646	4769.396	3908.959	1.141	1.141	1.204
1103	4166.551	3686.194	4915.705	3947.827	1.152	1.152	1.216
1104	4252.057	3809.296	4942.939	4135.092	1.207	1.207	1.241
1105	4208.981	3856.332	4697.205	4209.999	1.228	1.228	1.228
1106	4131.134	3759.615	4468.904	4189.994	1.223	1.223	1.205
1107	4144.541	3660.528	4634.458	4119.794	1.202	1.202	1.209
1108	4242.051	3597.594	5123.332	4211.312	1.229	1.229	1.238
1109	4237.021	3750.402	5209.745	4138.413	1.208	1.208	1.236
1110	4079.970	3515.710	4777.476	3980.110	1.161	1.161	1.191
1111	3961.520	3766.869	4266.060	3932.016	1.147	1.147	1.156
1112	3897.553	3676.894	4169.433	3883.306	1.133	1.133	1.137
1113	4012.398	3700.341	4482.734	4025.990	1.175	1.175	1.171
1114	4020.633	3662.926	4397.908	4018.994	1.173	1.173	1.173
1115	4168.483	3786.770	4761.137	4154.945	1.212	1.212	1.216
1116	4253.408	3963.329	4890.678	4144.590	1.209	1.209	1.241
1117	4183.043	3703.405	4639.715	4060.521	1.185	1.185	1.221
1118	3979.897	3669.945	4407.260	3993.989	1.165	1.165	1.161
1119	3975.737	3690.781	4280.547	3928.160	1.146	1.146	1.160
1120	3901.522	3600.116	4142.558	3923.661	1.145	1.145	1.138
1121	4025.327	3938.150	4140.841	4014.469	1.171	1.171	1.175
1122	4179.770	4022.243	4301.135	4175.072	1.218	1.218	1.220
1123	4136.060	3889.769	4549.599	4081.417	1.191	1.191	1.207
1124	4295.758	3816.873	5020.484	4290.696	1.252	1.252	1.254
1125	4325.106	3656.763	4703.269	4390.387	1.281	1.281	1.262
1126	4564.455	4337.107	4738.315	4579.403	1.336	1.336	1.332
1127	4773.308	4471.271	4996.475	4789.282	1.398	1.398	1.393
1128	4839.454	4256.987	5148.042	4940.380	1.442	1.442	1.412
1129	4737.413	4377.501	5110.047	4694.761	1.370	1.370	1.382
1130	4682.724	4500.876	4834.168	4685.379	1.367	1.367	1.366
1131	4520.293	4207.106	5190.581	4471.412	1.305	1.305	1.319
1132	4378.350	4139.581	4582.346	4371.277	1.276	1.276	1.278
1133	4284.716	4059.692	4512.159	4245.216	1.239	1.239	1.250
1134	4320.450	4085.339	4595.138	4279.998	1.249	1.249	1.261
1135	4320.719	4003.135	4777.383	4319.318	1.260	1.260	1.261
1136	4349.272	3993.859	4732.964	4377.090	1.277	1.277	1.269
1137	4603.288	3874.469	5400.708	4582.401	1.337	1.337	1.343
1138	4625.935	4007.113	4938.784	4727.521	1.379	1.379	1.350
1139	4340.103	3849.728	4663.671	4373.117	1.276	1.276	1.266
1140	4193.287	3926.156	4548.458	4200.422	1.226	1.226	1.224
1141	4165.011	4043.168	4536.082	4076.464	1.190	1.190	1.215
1142	3942.850	3765.916	4189.942	3873.239	1.130	1.130	1.151
1143	3817.145	3723.057	3932.077	3811.296	1.112	1.112	1.114
1144	3797.242	3611.846	3995.550	3812.814	1.113	1.113	1.108
1145	3764.706	3573.039	4014.166	3678.467	1.073	1.073	1.099
1146	3883.462	3646.192	4067.293	3885.042	1.134	1.134	1.133
1147	3930.750	3664.536	4239.235	3907.744	1.140	1.140	1.147
1148	3446.390	3301.314	3690.281	3431.808	1.001	1.001	1.006
1149	3446.390	3301.314	3690.281	3431.808	1.001	1.001	1.006
