 	Mean	Min	Max	Median	Max_to_bgmean	Median_to_bgmedian	Mean_to_bgmean
1	3458.179	3346.970	3689.360	3443.818	1.006	1.012	1.011
2	3423.996	3266.731	3560.353	3427.598	1.002	1.007	1.001
3	3424.074	3286.147	3541.081	3415.293	0.998	1.003	1.001
4	3402.390	3288.157	3476.204	3393.828	0.992	0.997	0.994
5	3360.166	3243.289	3447.673	3367.751	0.984	0.989	0.982
6	3303.812	3216.139	3365.799	3304.270	0.966	0.971	0.965
7	3321.230	3193.972	3520.081	3310.466	0.967	0.973	0.971
8	3358.714	3296.673	3430.048	3364.231	0.983	0.988	0.981
9	3410.300	3302.138	3529.309	3401.108	0.994	0.999	0.997
10	3417.158	3272.865	3494.997	3420.948	1.000	1.005	0.999
11	3439.613	3357.253	3544.843	3434.169	1.004	1.009	1.005
12	3532.701	3334.640	3672.348	3541.254	1.035	1.040	1.032
13	3459.310	3346.526	3599.121	3484.404	1.018	1.024	1.011
14	3391.234	3302.677	3498.909	3374.893	0.986	0.991	0.991
15	3346.620	3266.606	3453.678	3313.148	0.968	0.973	0.978
16	3351.854	3253.387	3532.304	3330.992	0.973	0.979	0.979
17	3358.515	3242.651	3456.031	3361.549	0.982	0.988	0.981
18	3362.009	3189.077	3510.984	3349.974	0.979	0.984	0.982
19	3423.842	3339.476	3581.154	3416.224	0.998	1.004	1.000
20	3443.695	3389.327	3507.881	3434.654	1.004	1.009	1.006
21	3362.141	3161.338	3498.142	3368.624	0.984	0.990	0.982
22	3342.886	3206.111	3492.322	3315.698	0.969	0.974	0.977
23	3322.894	3213.165	3427.749	3314.111	0.968	0.974	0.971
24	3381.563	3215.229	3587.970	3371.554	0.985	0.990	0.988
25	3381.307	3306.523	3464.522	3380.839	0.988	0.993	0.988
26	3369.346	3256.801	3468.410	3381.483	0.988	0.993	0.985
27	3347.291	3191.347	3471.266	3369.085	0.984	0.990	0.978
28	3332.599	3178.104	3418.699	3347.886	0.978	0.984	0.974
29	3315.009	3109.059	3451.115	3309.642	0.967	0.972	0.969
30	3328.350	3268.058	3423.791	3309.303	0.967	0.972	0.973
31	3339.828	3209.317	3484.402	3338.798	0.976	0.981	0.976
32	3375.647	3204.214	3483.263	3362.467	0.983	0.988	0.986
33	3359.024	3266.469	3461.315	3349.817	0.979	0.984	0.982
34	3362.802	3256.428	3484.103	3380.892	0.988	0.993	0.983
35	3378.385	3271.503	3458.600	3386.329	0.990	0.995	0.987
36	3360.721	3260.136	3439.272	3392.253	0.991	0.997	0.982
37	3361.412	3276.999	3592.387	3331.818	0.974	0.979	0.982
38	3386.030	3288.700	3463.563	3372.440	0.985	0.991	0.989
39	3394.405	3309.515	3463.326	3389.008	0.990	0.996	0.992
40	3443.276	3306.443	3617.898	3473.828	1.015	1.021	1.006
41	3416.438	3293.117	3603.928	3397.160	0.993	0.998	0.998
42	3424.440	3350.939	3526.989	3408.801	0.996	1.001	1.001
43	3388.285	3338.441	3488.210	3380.731	0.988	0.993	0.990
44	3357.530	3238.769	3463.051	3368.768	0.984	0.990	0.981
45	3455.439	3349.034	3558.753	3464.640	1.012	1.018	1.010
46	3444.794	3358.722	3577.033	3422.791	1.000	1.006	1.007
47	3458.657	3282.746	3668.940	3459.514	1.011	1.016	1.011
48	3436.355	3340.389	3513.461	3429.926	1.002	1.008	1.004
49	3357.631	3316.946	3429.666	3353.459	0.980	0.985	0.981
50	3384.322	3254.038	3599.224	3388.637	0.990	0.995	0.989
51	3417.189	3307.473	3563.746	3399.160	0.993	0.999	0.999
52	3425.607	3300.685	3631.723	3425.425	1.001	1.006	1.001
53	3459.728	3308.082	3625.833	3436.881	1.004	1.010	1.011
54	3422.847	3295.383	3659.080	3405.172	0.995	1.000	1.000
55	3429.482	3333.895	3645.885	3401.385	0.994	0.999	1.002
56	3424.617	3302.146	3624.703	3377.550	0.987	0.992	1.001
57	3413.624	3265.362	3629.689	3348.047	0.978	0.984	0.998
58	3392.177	3218.647	3540.133	3364.540	0.983	0.988	0.991
59	3470.406	3371.821	3653.891	3464.426	1.012	1.018	1.014
60	3436.534	3295.298	3534.476	3438.841	1.005	1.010	1.004
61	3432.805	3299.123	3549.094	3449.749	1.008	1.013	1.003
62	3459.611	3312.898	3639.382	3426.794	1.001	1.007	1.011
63	3404.556	3174.439	3588.891	3416.799	0.998	1.004	0.995
64	3390.144	3290.433	3596.784	3338.647	0.976	0.981	0.991
65	3399.112	3295.575	3489.841	3408.829	0.996	1.001	0.993
66	3370.521	3262.741	3467.757	3370.869	0.985	0.990	0.985
67	3357.875	3289.466	3438.510	3354.919	0.980	0.986	0.981
68	3371.819	3282.065	3434.989	3382.636	0.988	0.994	0.985
69	3356.115	3294.074	3431.319	3343.853	0.977	0.982	0.981
70	3370.332	3276.395	3520.697	3368.641	0.984	0.990	0.985
71	3402.004	3334.129	3507.228	3382.670	0.988	0.994	0.994
72	3439.389	3330.784	3529.664	3461.363	1.011	1.017	1.005
73	3386.483	3291.033	3500.735	3375.392	0.986	0.992	0.990
74	3363.095	3278.591	3474.270	3355.624	0.981	0.986	0.983
75	3354.927	3274.601	3436.190	3345.721	0.978	0.983	0.980
76	3326.322	3211.247	3417.553	3335.260	0.975	0.980	0.972
77	3389.003	3207.649	3555.886	3414.663	0.998	1.003	0.990
78	3428.254	3265.822	3605.850	3435.591	1.004	1.009	1.002
79	3358.343	3163.111	3524.780	3379.878	0.988	0.993	0.981
80	3380.127	3214.958	3555.684	3354.264	0.980	0.985	0.988
81	3404.566	3268.570	3534.729	3380.462	0.988	0.993	0.995
82	3432.163	3313.085	3495.955	3443.484	1.006	1.012	1.003
83	3411.344	3322.741	3481.443	3415.419	0.998	1.003	0.997
84	3363.620	3260.887	3439.198	3391.170	0.991	0.996	0.983
85	3401.249	3260.751	3709.389	3382.510	0.988	0.994	0.994
86	3395.772	3243.072	3516.349	3428.767	1.002	1.007	0.992
87	3389.885	3240.782	3549.911	3374.498	0.986	0.991	0.991
88	3422.843	3291.444	3614.651	3409.686	0.996	1.002	1.000
89	3381.909	3291.879	3458.031	3383.418	0.989	0.994	0.988
90	3398.454	3290.969	3583.997	3393.915	0.992	0.997	0.993
91	3430.876	3366.394	3531.861	3429.554	1.002	1.008	1.003
92	3385.527	3235.328	3557.994	3382.008	0.988	0.994	0.989
93	3398.391	3296.975	3556.739	3379.230	0.987	0.993	0.993
94	3373.830	3268.697	3477.550	3375.560	0.986	0.992	0.986
95	3327.359	3253.663	3402.776	3324.752	0.972	0.977	0.972
96	3360.682	3261.645	3464.941	3360.707	0.982	0.987	0.982
97	3386.112	3314.653	3542.597	3367.441	0.984	0.989	0.989
98	3386.387	3277.499	3522.129	3379.281	0.987	0.993	0.990
99	3426.576	3303.688	3548.296	3416.172	0.998	1.004	1.001
100	3413.975	3335.987	3475.331	3400.329	0.994	0.999	0.998
101	3422.745	3339.493	3578.467	3396.958	0.993	0.998	1.000
102	3427.795	3374.037	3515.869	3413.774	0.998	1.003	1.002
103	3393.726	3308.066	3430.786	3406.302	0.995	1.001	0.992
104	3374.783	3312.913	3453.200	3361.257	0.982	0.987	0.986
105	3404.394	3296.099	3626.505	3396.702	0.993	0.998	0.995
106	3439.148	3276.430	3595.074	3439.258	1.005	1.010	1.005
107	3420.678	3278.152	3693.044	3393.203	0.992	0.997	1.000
108	3429.854	3283.502	3578.735	3431.264	1.003	1.008	1.002
109	3398.046	3266.199	3501.284	3406.583	0.995	1.001	0.993
110	3379.476	3277.423	3433.700	3386.892	0.990	0.995	0.988
111	3373.418	3313.031	3458.662	3363.524	0.983	0.988	0.986
112	3371.358	3277.724	3522.911	3361.369	0.982	0.987	0.985
113	3335.099	3263.077	3395.632	3338.235	0.975	0.981	0.975
114	3318.281	3232.522	3465.550	3270.619	0.956	0.961	0.970
115	3324.449	3285.455	3381.944	3313.443	0.968	0.973	0.971
116	3355.850	3259.433	3503.581	3331.114	0.973	0.979	0.981
117	3327.786	3248.181	3545.208	3291.840	0.962	0.967	0.972
118	3325.950	3150.457	3476.398	3344.801	0.977	0.983	0.972
119	3365.291	3170.893	3530.728	3369.162	0.985	0.990	0.983
120	3409.696	3336.271	3502.638	3423.824	1.000	1.006	0.996
121	3410.103	3273.357	3554.325	3399.514	0.993	0.999	0.996
122	3314.277	3129.889	3491.505	3331.159	0.973	0.979	0.968
123	3326.159	3206.663	3464.512	3317.629	0.969	0.975	0.972
124	3382.774	3230.433	3471.266	3372.644	0.986	0.991	0.988
125	3364.446	3176.148	3497.891	3382.801	0.988	0.994	0.983
126	3356.761	3295.135	3487.012	3343.833	0.977	0.982	0.981
127	3371.936	3240.978	3524.635	3368.732	0.984	0.990	0.985
128	3411.705	3311.357	3646.459	3392.407	0.991	0.997	0.997
129	3380.143	3278.488	3454.080	3381.893	0.988	0.994	0.988
130	3406.965	3331.774	3557.892	3371.185	0.985	0.990	0.996
131	3476.499	3309.689	3582.139	3504.602	1.024	1.030	1.016
132	3442.164	3221.040	3643.212	3443.843	1.006	1.012	1.006
133	3405.198	3261.118	3568.690	3411.275	0.997	1.002	0.995
134	3394.057	3283.186	3552.037	3387.063	0.990	0.995	0.992
135	3411.093	3338.080	3538.444	3415.335	0.998	1.003	0.997
136	3426.842	3252.416	3559.444	3440.897	1.005	1.011	1.001
137	3442.434	3246.529	3665.688	3440.400	1.005	1.011	1.006
138	3407.260	3261.259	3607.664	3395.080	0.992	0.997	0.996
139	3388.875	3234.618	3488.484	3378.722	0.987	0.993	0.990
140	3393.990	3219.958	3687.193	3373.586	0.986	0.991	0.992
141	3413.401	3273.301	3555.025	3430.935	1.003	1.008	0.997
142	3419.728	3276.479	3573.219	3391.296	0.991	0.996	0.999
143	3394.389	3321.642	3514.234	3387.698	0.990	0.995	0.992
144	3383.830	3297.765	3498.898	3375.551	0.986	0.992	0.989
145	3402.224	3313.628	3623.368	3381.241	0.988	0.993	0.994
146	3496.154	3376.427	3717.760	3468.163	1.013	1.019	1.022
147	3455.722	3368.503	3546.913	3435.333	1.004	1.009	1.010
148	3387.574	3299.874	3468.579	3389.894	0.991	0.996	0.990
149	3417.072	3279.285	3505.119	3431.506	1.003	1.008	0.999
150	3417.005	3242.668	3526.848	3425.661	1.001	1.006	0.998
151	3394.370	3279.263	3520.970	3393.179	0.992	0.997	0.992
152	3426.830	3214.620	3587.133	3445.778	1.007	1.012	1.001
153	3474.259	3299.036	3745.304	3403.109	0.994	1.000	1.015
154	3449.218	3307.322	3679.890	3400.151	0.994	0.999	1.008
155	3440.441	3282.288	3613.664	3444.445	1.007	1.012	1.005
156	3407.057	3304.813	3561.636	3409.792	0.996	1.002	0.996
157	3405.183	3316.051	3456.180	3415.055	0.998	1.003	0.995
158	3424.957	3339.666	3480.023	3433.490	1.003	1.009	1.001
159	3462.373	3318.561	3578.681	3472.293	1.015	1.020	1.012
160	3530.272	3329.752	3727.060	3535.168	1.033	1.039	1.032
161	3501.636	3251.286	3811.174	3489.258	1.020	1.025	1.023
162	3391.858	3214.088	3533.356	3407.742	0.996	1.001	0.991
163	3397.496	3254.131	3496.134	3424.281	1.001	1.006	0.993
164	3477.281	3288.158	3658.675	3528.988	1.031	1.037	1.016
165	3601.929	3329.781	3794.500	3668.618	1.072	1.078	1.053
166	3592.823	3410.078	3874.173	3601.656	1.052	1.058	1.050
167	3498.794	3392.635	3627.226	3476.385	1.016	1.021	1.022
168	3515.171	3355.167	3738.248	3524.755	1.030	1.035	1.027
169	3574.507	3345.964	3889.487	3553.247	1.038	1.044	1.045
170	3561.810	3344.942	3943.062	3538.268	1.034	1.039	1.041
171	3601.866	3302.424	3879.834	3596.038	1.051	1.056	1.053
172	3575.480	3360.424	3895.520	3535.407	1.033	1.039	1.045
173	3487.536	3200.977	3846.949	3494.512	1.021	1.027	1.019
174	3525.525	3299.491	3868.911	3477.433	1.016	1.022	1.030
175	3510.321	3312.515	3798.976	3494.117	1.021	1.026	1.026
176	3519.888	3364.792	3697.597	3518.517	1.028	1.034	1.029
177	3545.469	3403.931	3681.840	3507.261	1.025	1.030	1.036
178	3508.008	3297.473	3648.490	3519.039	1.028	1.034	1.025
179	3476.194	3361.089	3661.083	3439.837	1.005	1.011	1.016
180	3478.198	3215.895	3724.650	3472.433	1.015	1.020	1.016
181	3430.976	3229.706	3635.170	3420.951	1.000	1.005	1.003
182	3435.387	3355.722	3754.761	3395.904	0.992	0.998	1.004
183	3447.072	3283.644	3737.072	3421.782	1.000	1.005	1.007
184	3441.182	3276.348	3622.364	3431.527	1.003	1.008	1.006
185	3472.826	3242.216	3812.071	3457.115	1.010	1.016	1.015
186	3489.511	3233.086	3858.430	3530.658	1.032	1.037	1.020
187	3489.355	3294.555	3592.143	3506.596	1.025	1.030	1.020
188	3450.330	3273.429	3669.105	3428.615	1.002	1.007	1.008
189	3466.136	3295.229	3754.546	3439.973	1.005	1.011	1.013
190	3476.453	3344.704	3673.970	3424.695	1.001	1.006	1.016
191	3484.296	3332.098	3650.339	3463.351	1.012	1.017	1.018
192	3494.342	3263.484	4024.639	3418.651	0.999	1.004	1.021
193	3417.628	3247.858	3637.654	3397.656	0.993	0.998	0.999
194	3425.504	3270.144	3618.309	3420.694	1.000	1.005	1.001
195	3424.869	3156.223	3554.409	3457.624	1.010	1.016	1.001
196	3442.255	3296.616	3587.826	3428.622	1.002	1.007	1.006
197	3404.928	3216.544	3524.072	3422.818	1.000	1.006	0.995
198	3447.914	3325.294	3561.456	3467.366	1.013	1.019	1.008
199	3479.757	3316.172	3619.563	3466.803	1.013	1.018	1.017
200	3502.583	3345.906	3710.963	3495.607	1.021	1.027	1.023
201	3471.428	3338.036	3603.868	3479.713	1.017	1.022	1.014
202	3558.124	3414.875	3836.118	3509.612	1.026	1.031	1.040
203	3527.825	3301.371	3940.754	3451.177	1.008	1.014	1.031
204	3507.056	3334.790	3638.625	3547.911	1.037	1.042	1.025
205	3543.202	3353.610	3666.991	3541.411	1.035	1.040	1.035
206	3538.038	3298.270	3788.674	3547.188	1.037	1.042	1.034
207	3502.587	3280.943	3846.661	3519.228	1.028	1.034	1.023
208	3470.860	3276.231	3741.028	3442.033	1.006	1.011	1.014
209	3492.000	3308.260	3687.598	3483.831	1.018	1.023	1.020
210	3560.620	3352.259	3802.347	3546.104	1.036	1.042	1.040
211	3550.136	3320.540	3741.664	3567.277	1.042	1.048	1.037
212	3583.911	3377.522	3810.242	3562.908	1.041	1.047	1.047
213	3613.498	3495.699	3798.320	3590.076	1.049	1.055	1.056
214	3645.139	3398.620	3860.445	3631.656	1.061	1.067	1.065
215	3660.134	3342.307	3827.011	3675.238	1.074	1.080	1.070
216	3648.124	3488.880	3772.449	3645.926	1.065	1.071	1.066
217	3711.941	3213.704	4399.028	3694.679	1.080	1.085	1.085
218	3678.097	3269.085	4059.821	3705.891	1.083	1.089	1.075
219	3613.080	3275.992	3868.568	3709.825	1.084	1.090	1.056
220	3526.038	3365.359	3787.482	3483.230	1.018	1.023	1.030
221	3521.971	3430.711	3672.018	3494.974	1.021	1.027	1.029
222	3479.892	3275.120	3687.550	3511.052	1.026	1.031	1.017
223	3433.968	3280.574	3593.567	3425.451	1.001	1.006	1.003
224	3520.590	3212.906	3755.276	3499.966	1.023	1.028	1.029
225	3586.859	3357.633	3965.141	3546.877	1.036	1.042	1.048
226	3578.172	3323.174	3933.448	3594.075	1.050	1.056	1.046
227	3549.523	3364.347	3728.980	3576.929	1.045	1.051	1.037
228	3475.755	3260.196	3742.301	3461.828	1.012	1.017	1.016
229	3456.371	3296.077	3686.172	3499.943	1.023	1.028	1.010
230	3497.377	3340.178	3686.103	3523.491	1.030	1.035	1.022
231	3531.005	3401.280	3698.610	3509.894	1.026	1.031	1.032
232	3469.504	3194.968	3707.867	3452.032	1.009	1.014	1.014
233	3453.285	3289.793	3691.768	3411.605	0.997	1.002	1.009
234	3440.838	3242.514	3682.370	3419.636	0.999	1.005	1.005
235	3469.781	3297.127	3628.498	3469.621	1.014	1.019	1.014
236	3524.857	3367.692	3760.643	3475.935	1.016	1.021	1.030
237	3568.297	3471.727	3718.808	3538.061	1.034	1.039	1.043
238	3542.906	3383.385	3654.244	3580.904	1.046	1.052	1.035
239	3558.437	3193.440	3828.592	3554.208	1.039	1.044	1.040
240	3562.296	3403.472	3739.338	3561.220	1.041	1.046	1.041
241	3432.185	3272.648	3568.124	3459.086	1.011	1.016	1.003
242	3484.446	3354.135	3576.553	3485.705	1.019	1.024	1.018
243	3532.303	3372.635	3684.462	3545.109	1.036	1.041	1.032
244	3493.667	3301.925	3648.678	3489.619	1.020	1.025	1.021
245	3520.190	3415.593	3830.974	3485.777	1.019	1.024	1.029
246	3577.801	3476.705	3706.704	3553.246	1.038	1.044	1.045
247	3571.984	3457.745	3787.869	3562.916	1.041	1.047	1.044
248	3612.413	3464.232	3724.763	3620.325	1.058	1.064	1.056
249	3634.954	3369.887	3932.543	3639.431	1.063	1.069	1.062
250	3559.712	3420.186	3688.499	3556.487	1.039	1.045	1.040
251	3554.553	3492.610	3638.529	3546.513	1.036	1.042	1.039
252	3640.812	3433.947	3852.372	3660.151	1.070	1.075	1.064
253	3561.362	3327.795	3666.510	3591.607	1.050	1.055	1.041
254	3547.542	3373.756	3697.605	3525.028	1.030	1.036	1.037
255	3493.575	3369.436	3621.913	3530.012	1.032	1.037	1.021
256	3518.239	3365.942	3697.260	3532.978	1.032	1.038	1.028
257	3480.227	3332.101	3579.776	3472.352	1.015	1.020	1.017
258	3413.120	3317.668	3551.331	3390.910	0.991	0.996	0.997
259	3497.576	3367.852	3676.245	3485.939	1.019	1.024	1.022
260	3552.026	3432.787	3636.380	3565.517	1.042	1.047	1.038
261	3475.107	3363.233	3592.335	3474.297	1.015	1.021	1.015
262	3418.578	3238.160	3582.301	3431.742	1.003	1.008	0.999
263	3413.330	3245.850	3577.236	3406.077	0.995	1.001	0.997
264	3483.357	3376.609	3659.947	3431.615	1.003	1.008	1.018
265	3474.871	3320.974	3633.582	3458.625	1.011	1.016	1.015
266	3509.654	3379.641	3719.206	3490.121	1.020	1.025	1.026
267	3487.967	3340.272	3583.535	3508.903	1.025	1.031	1.019
268	3524.724	3394.184	3651.890	3513.629	1.027	1.032	1.030
269	3506.113	3358.149	3662.641	3507.651	1.025	1.030	1.025
270	3580.707	3398.570	3687.421	3580.211	1.046	1.052	1.046
271	3476.886	3372.525	3656.928	3461.514	1.011	1.017	1.016
272	3458.596	3267.863	3600.772	3454.360	1.009	1.015	1.011
273	3464.153	3325.674	3600.907	3453.792	1.009	1.015	1.012
274	3401.670	3334.252	3468.310	3401.390	0.994	0.999	0.994
275	3470.865	3303.363	3651.865	3457.206	1.010	1.016	1.014
276	3497.598	3307.517	3679.004	3480.302	1.017	1.022	1.022
277	3487.622	3343.847	3602.488	3475.665	1.016	1.021	1.019
278	3482.860	3325.758	3676.528	3489.180	1.020	1.025	1.018
279	3514.226	3330.307	3670.002	3565.941	1.042	1.048	1.027
280	3473.892	3330.554	3644.244	3461.307	1.011	1.017	1.015
281	3452.998	3322.939	3549.718	3468.149	1.013	1.019	1.009
282	3483.207	3378.338	3592.606	3487.294	1.019	1.024	1.018
283	3501.998	3356.684	3586.745	3534.027	1.033	1.038	1.023
284	3527.295	3397.179	3631.146	3524.448	1.030	1.035	1.031
285	3507.737	3390.115	3715.199	3477.088	1.016	1.021	1.025
286	3519.351	3324.809	3733.808	3490.443	1.020	1.025	1.028
287	3547.459	3411.745	3619.384	3548.469	1.037	1.042	1.037
288	3451.314	3219.284	3614.467	3500.095	1.023	1.028	1.009
289	3418.886	3289.473	3594.254	3381.300	0.988	0.993	0.999
290	3470.009	3363.944	3588.803	3468.013	1.013	1.019	1.014
291	3462.339	3330.904	3632.232	3447.022	1.007	1.013	1.012
292	3415.161	3296.326	3486.863	3424.500	1.001	1.006	0.998
293	3385.464	3305.424	3515.020	3374.351	0.986	0.991	0.989
294	3385.549	3204.140	3537.577	3375.615	0.986	0.992	0.989
295	3394.898	3309.566	3546.826	3359.734	0.982	0.987	0.992
296	3441.268	3376.249	3563.867	3421.834	1.000	1.005	1.006
297	3425.500	3284.364	3543.214	3429.926	1.002	1.008	1.001
298	3356.476	3182.850	3513.937	3355.247	0.980	0.986	0.981
299	3377.206	3261.154	3546.226	3355.677	0.981	0.986	0.987
300	3368.979	3304.463	3474.599	3363.383	0.983	0.988	0.984
301	3396.706	3304.109	3522.400	3395.205	0.992	0.997	0.993
302	3375.853	3186.407	3481.486	3391.191	0.991	0.996	0.986
303	3339.422	3129.271	3505.328	3327.138	0.972	0.977	0.976
304	3348.982	3241.486	3509.850	3329.786	0.973	0.978	0.979
305	3400.285	3303.139	3540.906	3386.849	0.990	0.995	0.994
306	3453.586	3293.083	3593.036	3478.950	1.017	1.022	1.009
307	3452.470	3310.874	3624.571	3455.295	1.010	1.015	1.009
308	3371.339	3204.239	3488.147	3383.589	0.989	0.994	0.985
309	3334.019	3212.532	3457.244	3333.698	0.974	0.979	0.974
310	3339.102	3175.049	3478.685	3323.197	0.971	0.976	0.976
311	3390.412	3257.750	3528.717	3387.477	0.990	0.995	0.991
312	3346.592	3262.186	3509.604	3313.409	0.968	0.973	0.978
313	3352.363	3244.175	3477.910	3372.109	0.985	0.991	0.980
314	3339.695	3190.780	3466.347	3343.511	0.977	0.982	0.976
315	3342.478	3263.708	3475.437	3336.262	0.975	0.980	0.977
316	3395.976	3267.456	3589.381	3363.874	0.983	0.988	0.992
317	3396.105	3270.438	3648.392	3352.013	0.979	0.985	0.992
318	3333.897	3228.948	3417.719	3322.593	0.971	0.976	0.974
319	3386.845	3184.630	3593.811	3392.805	0.991	0.997	0.990
320	3350.168	3181.887	3483.439	3380.303	0.988	0.993	0.979
321	3308.334	3189.511	3479.256	3313.866	0.968	0.974	0.967
322	3326.285	3250.303	3438.439	3314.673	0.969	0.974	0.972
323	3334.552	3237.067	3461.139	3318.273	0.970	0.975	0.974
324	3304.364	3203.961	3380.344	3304.269	0.966	0.971	0.966
325	3325.004	3158.826	3507.702	3291.995	0.962	0.967	0.972
326	3367.957	3259.348	3481.588	3362.385	0.983	0.988	0.984
327	3317.696	3199.394	3411.323	3311.090	0.968	0.973	0.969
328	3363.385	3243.960	3531.107	3336.733	0.975	0.980	0.983
329	3347.747	3248.448	3458.712	3365.785	0.984	0.989	0.978
330	3345.431	3289.806	3436.039	3341.664	0.976	0.982	0.978
331	3398.232	3269.077	3486.633	3399.705	0.993	0.999	0.993
332	3386.928	3188.715	3553.981	3400.672	0.994	0.999	0.990
333	3370.731	3239.766	3464.084	3380.015	0.988	0.993	0.985
334	3426.002	3294.585	3565.291	3439.605	1.005	1.010	1.001
335	3386.637	3249.857	3489.453	3387.911	0.990	0.995	0.990
336	3435.447	3303.119	3568.915	3451.180	1.008	1.014	1.004
337	3392.243	3205.292	3561.062	3386.688	0.990	0.995	0.991
338	3424.447	3243.396	3693.350	3424.399	1.001	1.006	1.001
339	3423.402	3330.138	3506.163	3412.876	0.997	1.003	1.000
340	3397.066	3283.645	3509.624	3413.012	0.997	1.003	0.993
341	3412.723	3301.099	3523.531	3409.672	0.996	1.002	0.997
342	3382.862	3262.287	3501.238	3381.393	0.988	0.993	0.989
343	3429.411	3305.506	3605.195	3395.371	0.992	0.997	1.002
344	3407.101	3243.533	3570.625	3394.287	0.992	0.997	0.996
345	3371.704	3296.970	3435.705	3367.019	0.984	0.989	0.985
346	3380.663	3281.250	3452.441	3408.769	0.996	1.001	0.988
347	3411.419	3317.602	3542.581	3394.116	0.992	0.997	0.997
348	3421.412	3279.915	3576.527	3394.048	0.992	0.997	1.000
349	3379.584	3324.756	3467.926	3379.060	0.987	0.993	0.988
350	3460.703	3310.277	3556.807	3473.588	1.015	1.020	1.011
351	3408.953	3343.043	3528.804	3402.826	0.994	1.000	0.996
352	3424.358	3297.570	3563.793	3401.023	0.994	0.999	1.001
353	3375.261	3311.809	3462.413	3366.610	0.984	0.989	0.986
354	3457.395	3330.182	3599.740	3460.795	1.011	1.017	1.010
355	3326.258	3214.352	3475.250	3324.478	0.971	0.977	0.972
356	3406.981	3227.801	3589.178	3414.865	0.998	1.003	0.996
357	3357.129	3183.427	3465.521	3374.376	0.986	0.991	0.981
358	3395.398	3225.980	3539.472	3404.355	0.995	1.000	0.992
359	3378.894	3287.591	3558.397	3373.671	0.986	0.991	0.987
360	3365.454	3256.497	3451.671	3357.123	0.981	0.986	0.983
361	3346.887	3259.540	3402.344	3343.422	0.977	0.982	0.978
362	3317.356	3270.426	3377.781	3305.007	0.966	0.971	0.969
363	3329.027	3223.083	3477.531	3325.328	0.972	0.977	0.973
364	3335.475	3233.484	3464.463	3334.043	0.974	0.979	0.975
365	3352.168	3207.748	3447.209	3358.564	0.981	0.987	0.980
366	3341.024	3241.065	3453.659	3335.698	0.975	0.980	0.976
367	3339.689	3275.421	3466.557	3333.749	0.974	0.979	0.976
368	3328.497	3221.685	3413.855	3337.246	0.975	0.980	0.973
369	3351.223	3290.379	3430.443	3347.897	0.978	0.984	0.979
370	3318.546	3190.869	3471.597	3325.164	0.972	0.977	0.970
371	3319.781	3272.979	3434.965	3314.157	0.968	0.974	0.970
372	3356.455	3298.866	3447.008	3353.514	0.980	0.985	0.981
373	3348.191	3278.716	3420.720	3333.455	0.974	0.979	0.978
374	3332.941	3285.952	3411.519	3331.784	0.974	0.979	0.974
375	3349.447	3219.843	3495.467	3341.652	0.976	0.982	0.979
376	3394.359	3215.864	3547.239	3411.083	0.997	1.002	0.992
377	3322.711	3171.982	3383.137	3355.395	0.980	0.986	0.971
378	3340.735	3226.237	3447.713	3340.612	0.976	0.981	0.976
379	3345.991	3269.762	3467.973	3325.583	0.972	0.977	0.978
380	3339.893	3240.314	3479.403	3320.394	0.970	0.975	0.976
381	3304.998	3233.293	3388.508	3302.046	0.965	0.970	0.966
382	3315.822	3231.504	3409.480	3317.038	0.969	0.974	0.969
383	3344.972	3261.639	3431.676	3348.831	0.979	0.984	0.977
384	3354.898	3259.700	3513.143	3347.307	0.978	0.983	0.980
385	3365.640	3249.238	3452.547	3365.626	0.983	0.989	0.983
386	3368.126	3270.171	3501.085	3365.647	0.983	0.989	0.984
387	3340.468	3289.163	3390.934	3343.183	0.977	0.982	0.976
388	3363.828	3283.103	3486.740	3353.805	0.980	0.985	0.983
389	3366.861	3271.178	3482.023	3363.443	0.983	0.988	0.984
390	3364.004	3296.520	3426.117	3375.794	0.986	0.992	0.983
391	3361.157	3244.759	3432.704	3364.750	0.983	0.988	0.982
392	3332.176	3281.716	3380.897	3328.947	0.973	0.978	0.974
393	3337.461	3274.408	3419.754	3338.332	0.975	0.981	0.975
394	3369.890	3313.222	3492.298	3354.587	0.980	0.985	0.985
395	3394.581	3320.793	3480.390	3389.126	0.990	0.996	0.992
396	3351.095	3291.711	3425.750	3355.019	0.980	0.986	0.979
397	3326.267	3266.859	3385.177	3330.417	0.973	0.978	0.972
398	3344.792	3307.295	3396.988	3335.424	0.975	0.980	0.977
399	3391.741	3337.830	3467.690	3377.550	0.987	0.992	0.991
400	3359.351	3282.077	3471.720	3352.864	0.980	0.985	0.982
401	3347.521	3275.593	3412.732	3349.641	0.979	0.984	0.978
402	3357.543	3266.978	3435.899	3356.297	0.981	0.986	0.981
403	3371.533	3306.847	3423.893	3365.268	0.983	0.989	0.985
404	3405.600	3331.812	3458.438	3411.280	0.997	1.002	0.995
405	3428.773	3343.755	3480.052	3446.172	1.007	1.012	1.002
406	3357.813	3279.617	3481.102	3335.642	0.975	0.980	0.981
407	3279.374	3225.394	3370.652	3266.381	0.954	0.960	0.958
408	3310.900	3244.357	3426.644	3287.450	0.961	0.966	0.967
409	3305.741	3215.694	3404.819	3316.405	0.969	0.974	0.966
410	3314.721	3203.383	3405.372	3301.417	0.965	0.970	0.969
411	3312.749	3139.088	3449.238	3330.562	0.973	0.978	0.968
412	3313.330	3175.548	3475.735	3320.630	0.970	0.976	0.968
413	3339.867	3232.920	3438.324	3334.991	0.975	0.980	0.976
414	3353.828	3197.056	3522.747	3354.921	0.980	0.986	0.980
415	3367.444	3238.873	3454.168	3381.525	0.988	0.993	0.984
416	3353.224	3294.606	3409.380	3367.073	0.984	0.989	0.980
417	3349.620	3292.720	3423.188	3353.355	0.980	0.985	0.979
418	3370.699	3194.053	3587.255	3368.448	0.984	0.990	0.985
419	3351.683	3263.445	3453.007	3339.191	0.976	0.981	0.979
420	3326.818	3270.033	3375.840	3328.803	0.973	0.978	0.972
421	3284.095	3220.740	3339.463	3278.030	0.958	0.963	0.960
422	3305.369	3251.942	3346.095	3301.412	0.965	0.970	0.966
423	3325.989	3186.969	3458.961	3313.653	0.968	0.973	0.972
424	3356.451	3237.619	3425.719	3358.942	0.982	0.987	0.981
425	3341.139	3291.695	3387.285	3339.133	0.976	0.981	0.976
426	3344.608	3248.916	3421.875	3338.650	0.976	0.981	0.977
427	3355.037	3268.384	3644.740	3311.594	0.968	0.973	0.980
428	3354.108	3264.066	3448.985	3328.594	0.973	0.978	0.980
429	3312.470	3215.446	3371.800	3305.913	0.966	0.971	0.968
430	3312.909	3192.911	3405.915	3317.492	0.969	0.975	0.968
431	3291.516	3228.270	3356.548	3293.531	0.962	0.968	0.962
432	3348.625	3282.202	3431.799	3356.193	0.981	0.986	0.979
433	3367.797	3218.708	3615.025	3334.105	0.974	0.979	0.984
434	3307.230	3193.232	3425.885	3290.005	0.961	0.967	0.966
435	3334.452	3256.742	3379.821	3339.158	0.976	0.981	0.974
436	3323.822	3256.319	3382.829	3326.512	0.972	0.977	0.971
437	3345.959	3288.018	3429.313	3336.392	0.975	0.980	0.978
438	3312.920	3202.044	3504.197	3305.606	0.966	0.971	0.968
439	3345.840	3269.370	3493.235	3314.484	0.969	0.974	0.978
440	3345.857	3243.556	3547.759	3323.618	0.971	0.976	0.978
441	3334.455	3200.998	3434.838	3377.362	0.987	0.992	0.974
442	3294.175	3216.821	3382.673	3294.674	0.963	0.968	0.963
443	3304.619	3185.756	3424.458	3300.568	0.964	0.970	0.966
444	3359.427	3253.703	3470.647	3362.600	0.983	0.988	0.982
445	3371.538	3217.946	3495.976	3365.308	0.983	0.989	0.985
446	3337.547	3264.131	3438.897	3316.264	0.969	0.974	0.975
447	3334.995	3200.758	3576.026	3313.249	0.968	0.973	0.975
448	3342.201	3258.604	3481.288	3322.543	0.971	0.976	0.977
449	3350.610	3269.525	3437.570	3334.349	0.974	0.980	0.979
450	3344.820	3249.413	3520.471	3321.183	0.970	0.976	0.977
451	3289.031	3244.308	3397.890	3268.250	0.955	0.960	0.961
452	3326.138	3230.421	3428.994	3327.751	0.972	0.978	0.972
453	3299.408	3195.186	3376.143	3309.706	0.967	0.972	0.964
454	3342.337	3252.018	3452.365	3346.283	0.978	0.983	0.977
455	3316.768	3212.524	3459.101	3299.727	0.964	0.969	0.969
456	3345.088	3259.139	3449.746	3338.124	0.975	0.981	0.977
457	3391.116	3286.025	3526.429	3380.055	0.988	0.993	0.991
458	3416.161	3301.877	3521.451	3419.519	0.999	1.005	0.998
459	3381.114	3308.589	3455.901	3381.796	0.988	0.993	0.988
460	3321.183	3170.138	3437.757	3333.094	0.974	0.979	0.970
461	3357.869	3227.237	3489.087	3365.743	0.984	0.989	0.981
462	3372.048	3297.959	3439.543	3381.087	0.988	0.993	0.985
463	3356.515	3265.606	3436.746	3362.927	0.983	0.988	0.981
464	3315.383	3245.076	3394.152	3321.524	0.971	0.976	0.969
465	3295.990	3202.780	3425.561	3278.184	0.958	0.963	0.963
466	3292.052	3195.864	3381.043	3304.398	0.966	0.971	0.962
467	3320.217	3195.241	3496.057	3317.674	0.969	0.975	0.970
468	3290.135	3183.814	3395.294	3283.664	0.960	0.965	0.961
469	3301.758	3220.082	3424.242	3278.860	0.958	0.963	0.965
470	3310.298	3245.065	3415.413	3295.639	0.963	0.968	0.967
471	3329.469	3160.295	3458.759	3330.576	0.973	0.978	0.973
472	3339.345	3204.609	3532.137	3323.342	0.971	0.976	0.976
473	3329.930	3224.625	3424.507	3336.571	0.975	0.980	0.973
474	3322.500	3214.315	3573.692	3299.291	0.964	0.969	0.971
475	3361.438	3215.170	3478.995	3379.036	0.987	0.993	0.982
476	3326.044	3163.489	3518.791	3326.938	0.972	0.977	0.972
477	3334.842	3170.834	3465.104	3333.607	0.974	0.979	0.974
478	3304.789	3178.311	3444.178	3295.044	0.963	0.968	0.966
479	3337.055	3252.406	3418.011	3322.915	0.971	0.976	0.975
480	3318.273	3176.920	3411.728	3326.779	0.972	0.977	0.970
481	3328.229	3176.706	3633.979	3302.069	0.965	0.970	0.973
482	3357.398	3286.024	3441.674	3365.098	0.983	0.989	0.981
483	3372.233	3178.317	3564.355	3375.100	0.986	0.992	0.985
484	3322.538	3231.432	3399.163	3329.838	0.973	0.978	0.971
485	3323.690	3257.404	3444.082	3331.140	0.973	0.979	0.971
486	3312.080	3229.457	3412.154	3322.860	0.971	0.976	0.968
487	3319.290	3263.522	3389.205	3320.556	0.970	0.975	0.970
488	3344.657	3294.114	3438.076	3329.533	0.973	0.978	0.977
489	3334.723	3263.888	3439.872	3321.605	0.971	0.976	0.974
490	3362.401	3242.460	3474.228	3365.789	0.984	0.989	0.983
491	3308.816	3187.052	3382.326	3343.666	0.977	0.982	0.967
492	3374.414	3323.494	3414.503	3377.011	0.987	0.992	0.986
493	3358.145	3242.191	3473.703	3351.790	0.979	0.985	0.981
494	3353.140	3268.876	3517.896	3345.942	0.978	0.983	0.980
495	3384.533	3274.857	3493.923	3390.030	0.991	0.996	0.989
496	3358.012	3272.274	3519.035	3332.478	0.974	0.979	0.981
497	3368.507	3250.759	3548.549	3362.004	0.982	0.988	0.984
498	3429.363	3350.911	3502.765	3441.574	1.006	1.011	1.002
499	3387.998	3273.743	3458.734	3405.185	0.995	1.000	0.990
500	3342.266	3206.599	3414.051	3356.459	0.981	0.986	0.977
501	3333.106	3203.412	3435.977	3325.101	0.972	0.977	0.974
502	3377.732	3249.723	3505.582	3371.484	0.985	0.990	0.987
503	3349.787	3203.519	3501.450	3346.274	0.978	0.983	0.979
504	3349.674	3259.667	3490.166	3357.860	0.981	0.986	0.979
505	3391.618	3248.512	3621.352	3388.186	0.990	0.995	0.991
506	3332.073	3232.866	3408.737	3318.596	0.970	0.975	0.974
507	3300.554	3240.671	3437.905	3293.550	0.962	0.968	0.964
508	3322.216	3164.347	3441.844	3341.699	0.976	0.982	0.971
509	3296.069	3146.989	3446.987	3281.163	0.959	0.964	0.963
510	3386.583	3283.925	3506.896	3385.308	0.989	0.995	0.990
511	3411.565	3316.585	3544.927	3389.710	0.991	0.996	0.997
512	3348.553	3251.082	3420.417	3359.775	0.982	0.987	0.978
513	3375.352	3310.122	3446.373	3379.963	0.988	0.993	0.986
514	3342.368	3253.445	3463.514	3343.026	0.977	0.982	0.977
515	3374.233	3225.846	3459.024	3377.918	0.987	0.992	0.986
516	3405.570	3346.724	3554.970	3397.333	0.993	0.998	0.995
517	3334.470	3249.191	3413.528	3339.597	0.976	0.981	0.974
518	3353.474	3238.800	3487.447	3347.833	0.978	0.983	0.980
519	3351.450	3259.145	3443.490	3347.524	0.978	0.983	0.979
520	3415.119	3331.264	3535.771	3416.218	0.998	1.004	0.998
521	3400.752	3233.513	3594.782	3395.264	0.992	0.997	0.994
522	3376.161	3233.424	3475.515	3392.098	0.991	0.997	0.987
523	3344.883	3225.074	3511.426	3334.557	0.974	0.980	0.977
524	3329.352	3201.558	3509.664	3308.397	0.967	0.972	0.973
525	3378.680	3203.465	3553.223	3406.079	0.995	1.001	0.987
526	3382.538	3254.944	3515.022	3357.888	0.981	0.986	0.988
527	3307.100	3185.103	3428.931	3293.130	0.962	0.967	0.966
528	3380.636	3220.345	3530.398	3364.655	0.983	0.988	0.988
529	3354.733	3206.774	3460.477	3367.402	0.984	0.989	0.980
530	3332.547	3244.989	3428.383	3338.673	0.976	0.981	0.974
531	3327.594	3244.335	3415.133	3347.678	0.978	0.983	0.972
532	3317.331	3210.594	3418.643	3317.968	0.970	0.975	0.969
533	3356.574	3270.426	3461.303	3362.974	0.983	0.988	0.981
534	3417.663	3285.742	3578.604	3400.150	0.994	0.999	0.999
535	3379.255	3308.984	3444.940	3383.494	0.989	0.994	0.987
536	3364.734	3248.996	3460.092	3377.487	0.987	0.992	0.983
537	3383.713	3310.892	3525.477	3360.742	0.982	0.987	0.989
538	3342.022	3237.232	3496.028	3326.176	0.972	0.977	0.977
539	3351.030	3188.874	3509.544	3354.747	0.980	0.986	0.979
540	3370.628	3291.387	3429.479	3366.195	0.984	0.989	0.985
541	3369.950	3304.995	3412.662	3381.608	0.988	0.993	0.985
542	3397.223	3283.255	3632.257	3377.600	0.987	0.992	0.993
543	3387.016	3281.645	3432.508	3397.033	0.993	0.998	0.990
544	3386.782	3219.526	3463.137	3414.018	0.998	1.003	0.990
545	3386.798	3263.775	3457.422	3405.350	0.995	1.000	0.990
546	3333.886	3290.593	3458.842	3320.875	0.970	0.976	0.974
547	3352.267	3276.962	3425.406	3353.774	0.980	0.985	0.980
548	3339.322	3263.226	3408.786	3357.787	0.981	0.986	0.976
549	3316.365	3250.109	3426.656	3295.679	0.963	0.968	0.969
550	3337.536	3232.960	3436.254	3328.799	0.973	0.978	0.975
551	3344.642	3287.340	3404.359	3356.994	0.981	0.986	0.977
552	3382.771	3314.428	3459.938	3378.157	0.987	0.992	0.988
553	3430.912	3313.242	3586.181	3432.541	1.003	1.008	1.003
554	3417.757	3343.009	3576.415	3387.411	0.990	0.995	0.999
555	3364.853	3207.951	3528.751	3370.898	0.985	0.990	0.983
556	3380.654	3269.985	3489.044	3374.620	0.986	0.991	0.988
557	3428.769	3364.466	3492.877	3428.503	1.002	1.007	1.002
558	3392.629	3289.087	3553.234	3378.189	0.987	0.992	0.991
559	3437.668	3304.353	3578.505	3447.235	1.007	1.013	1.005
560	3490.991	3394.064	3562.021	3496.842	1.022	1.027	1.020
561	3432.011	3268.842	3643.533	3428.499	1.002	1.007	1.003
562	3434.981	3293.334	3501.379	3446.091	1.007	1.012	1.004
563	3435.486	3209.210	3491.760	3459.021	1.011	1.016	1.004
564	3423.688	3358.406	3580.319	3412.985	0.997	1.003	1.000
565	3414.797	3295.114	3588.740	3426.974	1.001	1.007	0.998
566	3324.062	3256.185	3500.275	3312.446	0.968	0.973	0.971
567	3361.407	3255.716	3424.897	3367.250	0.984	0.989	0.982
568	3427.243	3343.673	3581.146	3416.320	0.998	1.004	1.001
569	3405.952	3308.521	3449.124	3409.854	0.996	1.002	0.995
570	3396.884	3279.354	3508.313	3388.484	0.990	0.995	0.993
571	3394.903	3236.714	3575.875	3388.795	0.990	0.996	0.992
572	3332.847	3229.941	3438.655	3325.536	0.972	0.977	0.974
573	3394.172	3295.388	3515.016	3397.333	0.993	0.998	0.992
574	3390.647	3292.894	3549.162	3398.511	0.993	0.998	0.991
575	3409.684	3278.112	3586.782	3396.945	0.993	0.998	0.996
576	3379.809	3300.364	3488.824	3359.811	0.982	0.987	0.988
577	3376.255	3272.055	3528.110	3372.367	0.985	0.991	0.987
578	3355.095	3212.652	3553.037	3358.009	0.981	0.986	0.980
579	3360.989	3280.715	3439.434	3380.180	0.988	0.993	0.982
580	3376.104	3270.915	3488.382	3390.273	0.991	0.996	0.987
581	3386.257	3234.709	3621.414	3392.160	0.991	0.997	0.990
582	3410.236	3303.161	3540.352	3401.490	0.994	0.999	0.997
583	3398.093	3245.954	3476.088	3418.586	0.999	1.004	0.993
584	3373.922	3284.378	3498.888	3361.454	0.982	0.988	0.986
585	3427.089	3302.937	3560.290	3436.409	1.004	1.010	1.001
586	3364.088	3283.219	3430.997	3372.467	0.985	0.991	0.983
587	3354.768	3199.573	3438.279	3376.261	0.987	0.992	0.980
588	3409.441	3324.690	3554.595	3408.674	0.996	1.001	0.996
589	3353.547	3267.124	3502.181	3359.330	0.982	0.987	0.980
590	3376.468	3246.497	3544.013	3363.536	0.983	0.988	0.987
591	3417.171	3261.775	3595.283	3436.401	1.004	1.010	0.999
592	3412.319	3250.420	3508.761	3417.688	0.999	1.004	0.997
593	3391.583	3259.734	3531.533	3390.812	0.991	0.996	0.991
594	3386.742	3216.844	3499.971	3423.753	1.000	1.006	0.990
595	3399.862	3278.921	3506.901	3419.108	0.999	1.004	0.993
596	3381.270	3260.185	3549.303	3368.939	0.984	0.990	0.988
597	3394.858	3267.330	3551.487	3376.471	0.987	0.992	0.992
598	3401.550	3250.836	3485.812	3426.913	1.001	1.007	0.994
599	3403.563	3300.726	3481.594	3412.232	0.997	1.002	0.995
600	3437.705	3347.713	3599.334	3414.500	0.998	1.003	1.005
601	3467.572	3308.237	3598.785	3470.032	1.014	1.019	1.013
602	3433.689	3160.157	3627.500	3464.150	1.012	1.018	1.003
603	3431.123	3239.301	3589.529	3426.695	1.001	1.007	1.003
604	3439.959	3278.759	3622.891	3430.426	1.002	1.008	1.005
605	3442.063	3274.027	3612.418	3458.423	1.011	1.016	1.006
606	3434.325	3266.530	3560.050	3445.473	1.007	1.012	1.004
607	3421.589	3298.830	3546.412	3422.515	1.000	1.005	1.000
608	3425.601	3276.771	3555.715	3439.609	1.005	1.010	1.001
609	3422.634	3279.990	3572.356	3423.670	1.000	1.006	1.000
610	3458.963	3285.642	3695.704	3422.390	1.000	1.005	1.011
611	3465.026	3349.214	3619.297	3476.896	1.016	1.021	1.013
612	3422.591	3301.742	3501.408	3459.213	1.011	1.016	1.000
613	3500.248	3400.323	3648.347	3492.370	1.021	1.026	1.023
614	3475.789	3335.843	3613.040	3481.938	1.017	1.023	1.016
615	3462.701	3310.503	3688.607	3401.828	0.994	0.999	1.012
616	3484.830	3306.538	3627.826	3484.755	1.018	1.024	1.018
617	3444.222	3310.026	3633.189	3425.154	1.001	1.006	1.006
618	3444.619	3337.395	3615.723	3436.374	1.004	1.010	1.007
619	3467.365	3288.930	3660.881	3463.501	1.012	1.017	1.013
620	3452.865	3371.890	3511.660	3461.904	1.012	1.017	1.009
621	3406.182	3326.221	3455.247	3416.228	0.998	1.004	0.995
622	3433.628	3347.895	3500.775	3440.276	1.005	1.011	1.003
623	3399.335	3290.709	3558.776	3377.407	0.987	0.992	0.993
624	3389.634	3274.932	3507.453	3385.161	0.989	0.994	0.990
625	3401.117	3249.486	3547.085	3398.940	0.993	0.999	0.994
626	3414.655	3304.139	3582.569	3408.577	0.996	1.001	0.998
627	3464.651	3366.162	3550.838	3478.353	1.016	1.022	1.012
628	3431.481	3282.902	3537.503	3429.393	1.002	1.007	1.003
629	3417.305	3272.818	3558.366	3432.127	1.003	1.008	0.999
630	3373.528	3173.608	3485.758	3395.000	0.992	0.997	0.986
631	3408.347	3275.590	3507.456	3433.426	1.003	1.009	0.996
632	3392.913	3268.901	3484.246	3394.918	0.992	0.997	0.991
633	3426.141	3332.314	3542.752	3402.159	0.994	0.999	1.001
634	3375.082	3203.702	3530.842	3355.483	0.981	0.986	0.986
635	3411.339	3251.510	3635.920	3386.636	0.990	0.995	0.997
636	3491.285	3353.846	3677.725	3473.862	1.015	1.021	1.020
637	3565.339	3493.603	3668.071	3541.107	1.035	1.040	1.042
638	3463.885	3269.642	3586.043	3468.704	1.014	1.019	1.012
639	3474.970	3371.658	3578.252	3468.076	1.013	1.019	1.015
640	3439.721	3234.320	3580.420	3435.154	1.004	1.009	1.005
641	3422.119	3348.441	3521.279	3412.614	0.997	1.003	1.000
642	3500.934	3261.562	3668.308	3507.078	1.025	1.030	1.023
643	3483.948	3338.469	3687.185	3473.753	1.015	1.020	1.018
644	3451.890	3347.101	3570.588	3430.197	1.002	1.008	1.009
645	3486.686	3351.026	3741.170	3440.468	1.005	1.011	1.019
646	3522.162	3408.060	3631.663	3527.083	1.031	1.036	1.029
647	3488.035	3330.711	3594.984	3501.221	1.023	1.029	1.019
648	3449.609	3344.533	3520.295	3470.581	1.014	1.020	1.008
649	3467.019	3281.447	3608.725	3471.902	1.015	1.020	1.013
650	3414.914	3234.224	3543.321	3440.481	1.005	1.011	0.998
651	3400.388	3318.507	3608.786	3390.699	0.991	0.996	0.994
652	3452.540	3274.251	3652.379	3450.910	1.008	1.014	1.009
653	3523.650	3373.796	3656.207	3519.527	1.028	1.034	1.030
654	3504.902	3365.371	3682.522	3469.728	1.014	1.019	1.024
655	3526.614	3414.635	3649.287	3524.358	1.030	1.035	1.031
656	3542.469	3455.536	3639.625	3541.528	1.035	1.040	1.035
657	3523.789	3399.813	3603.132	3539.428	1.034	1.040	1.030
658	3529.160	3356.980	3647.078	3544.147	1.036	1.041	1.031
659	3517.107	3379.573	3757.378	3498.390	1.022	1.028	1.028
660	3529.456	3341.581	3837.113	3526.816	1.031	1.036	1.031
661	3543.820	3321.067	3754.962	3540.870	1.035	1.040	1.036
662	3604.552	3484.047	3662.898	3617.963	1.057	1.063	1.053
663	3632.754	3443.211	3726.883	3647.795	1.066	1.072	1.062
664	3573.210	3395.714	3803.651	3512.488	1.026	1.032	1.044
665	3617.442	3429.208	3814.680	3615.640	1.057	1.062	1.057
666	3594.898	3438.494	3740.896	3585.892	1.048	1.053	1.050
667	3578.168	3406.893	3807.129	3560.048	1.040	1.046	1.046
668	3551.157	3433.672	3764.036	3529.131	1.031	1.037	1.038
669	3495.409	3386.334	3623.848	3483.339	1.018	1.023	1.021
670	3573.687	3475.478	3826.067	3541.379	1.035	1.040	1.044
671	3588.408	3348.869	3741.585	3601.978	1.053	1.058	1.049
672	3546.579	3406.656	3695.394	3517.029	1.028	1.033	1.036
673	3470.288	3353.141	3712.522	3449.234	1.008	1.013	1.014
674	3460.477	3318.866	3686.808	3444.573	1.007	1.012	1.011
675	3582.519	3404.065	3744.284	3582.110	1.047	1.052	1.047
676	3566.864	3339.850	3736.726	3563.767	1.041	1.047	1.042
677	3596.133	3392.501	3725.056	3613.377	1.056	1.062	1.051
678	3490.713	3377.474	3621.334	3463.434	1.012	1.017	1.020
679	3513.984	3378.192	3703.574	3494.094	1.021	1.026	1.027
680	3537.340	3414.808	3737.903	3529.644	1.031	1.037	1.034
681	3566.902	3416.175	3769.236	3561.784	1.041	1.046	1.042
682	3568.319	3461.036	3681.485	3565.631	1.042	1.047	1.043
683	3512.906	3406.069	3579.140	3510.971	1.026	1.031	1.027
684	3541.709	3419.829	3610.830	3547.927	1.037	1.042	1.035
685	3553.444	3398.490	3695.991	3545.971	1.036	1.042	1.038
686	3473.492	3334.009	3608.844	3494.020	1.021	1.026	1.015
687	3447.362	3242.509	3664.819	3436.741	1.004	1.010	1.007
688	3477.427	3277.515	3670.885	3448.106	1.008	1.013	1.016
689	3512.091	3319.103	3733.799	3515.546	1.027	1.033	1.026
690	3499.803	3403.228	3619.634	3473.534	1.015	1.020	1.023
691	3421.392	3289.948	3576.002	3420.475	1.000	1.005	1.000
692	3426.081	3223.259	3759.776	3376.869	0.987	0.992	1.001
693	3474.517	3246.399	3655.606	3522.060	1.029	1.035	1.015
694	3504.672	3290.913	3670.470	3533.113	1.032	1.038	1.024
695	3525.987	3315.280	3776.207	3504.892	1.024	1.030	1.030
696	3535.913	3363.832	3822.713	3528.917	1.031	1.037	1.033
697	3503.891	3208.082	3642.108	3545.266	1.036	1.041	1.024
698	3482.070	3225.176	3714.020	3455.943	1.010	1.015	1.018
699	3393.731	3206.351	3740.354	3385.311	0.989	0.995	0.992
700	3467.751	3170.505	3751.465	3465.614	1.013	1.018	1.013
701	3495.431	3169.411	3812.868	3486.567	1.019	1.024	1.021
702	3511.743	3277.859	3863.954	3495.061	1.021	1.027	1.026
703	3461.564	3288.884	3669.479	3407.985	0.996	1.001	1.012
704	3436.103	3265.219	3730.641	3434.936	1.004	1.009	1.004
705	3379.780	3210.369	3570.252	3374.995	0.986	0.991	0.988
706	3452.866	3224.754	3657.786	3423.666	1.000	1.006	1.009
707	3484.733	3321.541	3759.831	3424.958	1.001	1.006	1.018
708	3485.106	3224.386	3822.524	3475.712	1.016	1.021	1.018
709	3444.996	3244.259	3698.844	3457.642	1.010	1.016	1.007
710	3417.148	3200.364	3646.511	3431.535	1.003	1.008	0.999
711	3403.282	3225.825	3714.712	3394.955	0.992	0.997	0.994
712	3438.263	3261.172	3744.762	3421.056	1.000	1.005	1.005
713	3396.976	3162.538	3657.748	3335.313	0.975	0.980	0.993
714	3407.379	3215.553	3712.304	3338.242	0.975	0.981	0.996
715	3406.779	3291.158	3562.742	3398.134	0.993	0.998	0.996
716	3444.988	3267.640	3663.965	3425.062	1.001	1.006	1.007
717	3461.491	3266.766	3886.874	3369.575	0.985	0.990	1.011
718	3460.739	3254.913	3726.788	3436.633	1.004	1.010	1.011
719	3454.684	3196.193	3707.053	3490.889	1.020	1.026	1.009
720	3445.287	3194.697	3651.387	3471.623	1.014	1.020	1.007
721	3447.713	3202.167	3741.604	3442.757	1.006	1.011	1.007
722	3382.608	3238.490	3640.608	3359.188	0.982	0.987	0.988
723	3344.814	3182.962	3491.158	3356.427	0.981	0.986	0.977
724	3403.647	3258.119	3575.313	3410.497	0.997	1.002	0.995
725	3387.900	3268.132	3558.078	3368.252	0.984	0.989	0.990
726	3427.393	3332.351	3621.770	3396.803	0.993	0.998	1.002
727	3454.067	3315.869	3578.119	3478.654	1.017	1.022	1.009
728	3475.664	3245.115	3679.034	3518.513	1.028	1.034	1.016
729	3462.844	3266.758	3656.533	3474.002	1.015	1.021	1.012
730	3476.696	3351.686	3662.902	3478.370	1.016	1.022	1.016
731	3526.792	3416.256	3803.320	3484.712	1.018	1.024	1.031
732	3570.989	3394.520	3948.683	3490.603	1.020	1.025	1.043
733	3524.109	3360.614	3642.022	3505.852	1.024	1.030	1.030
734	3454.565	3227.083	3617.842	3463.411	1.012	1.017	1.009
735	3484.722	3288.474	3690.226	3497.487	1.022	1.027	1.018
736	3541.799	3375.310	3703.415	3529.807	1.031	1.037	1.035
737	3430.496	3286.452	3679.710	3407.232	0.996	1.001	1.002
738	3468.675	3359.053	3659.267	3445.477	1.007	1.012	1.014
739	3556.925	3463.369	3632.037	3562.927	1.041	1.047	1.039
740	3569.807	3303.191	3865.224	3564.018	1.041	1.047	1.043
741	3529.695	3353.409	3702.845	3520.245	1.029	1.034	1.031
742	3509.926	3407.141	3671.696	3488.064	1.019	1.025	1.026
743	3469.080	3397.490	3591.954	3442.202	1.006	1.011	1.014
744	3470.346	3242.014	3694.269	3458.221	1.011	1.016	1.014
745	3498.186	3254.952	3675.109	3484.917	1.018	1.024	1.022
746	3457.910	3320.964	3587.331	3461.747	1.012	1.017	1.010
747	3511.132	3331.088	3655.179	3522.749	1.029	1.035	1.026
748	3490.246	3249.603	3620.435	3546.950	1.036	1.042	1.020
749	3532.019	3339.163	3698.099	3541.735	1.035	1.040	1.032
750	3468.918	3330.927	3649.881	3484.241	1.018	1.024	1.014
751	3539.814	3284.585	3731.492	3557.638	1.040	1.045	1.034
752	3559.037	3324.049	3775.458	3580.419	1.046	1.052	1.040
753	3534.452	3309.826	3755.237	3587.550	1.048	1.054	1.033
754	3572.791	3318.085	3942.791	3599.107	1.052	1.057	1.044
755	3531.418	3343.003	3779.212	3500.489	1.023	1.028	1.032
756	3506.350	3318.119	3682.887	3491.126	1.020	1.026	1.025
757	3432.332	3229.665	3556.214	3455.023	1.010	1.015	1.003
758	3429.479	3311.632	3554.679	3439.778	1.005	1.011	1.002
759	3470.131	3391.541	3608.683	3461.924	1.012	1.017	1.014
760	3499.792	3392.120	3644.028	3468.418	1.014	1.019	1.023
761	3528.876	3457.422	3632.554	3510.307	1.026	1.031	1.031
762	3542.591	3423.196	3716.261	3501.943	1.023	1.029	1.035
763	3452.123	3388.914	3538.207	3427.482	1.002	1.007	1.009
764	3445.045	3270.493	3579.613	3463.198	1.012	1.017	1.007
765	3479.445	3340.578	3643.216	3452.580	1.009	1.014	1.017
766	3497.440	3413.579	3645.730	3477.944	1.016	1.022	1.022
767	3461.091	3328.598	3564.834	3461.773	1.012	1.017	1.011
768	3520.121	3421.351	3702.448	3507.246	1.025	1.030	1.029
769	3468.645	3330.726	3639.883	3410.600	0.997	1.002	1.014
770	3451.809	3328.678	3582.357	3451.061	1.008	1.014	1.009
771	3489.219	3341.828	3617.391	3490.562	1.020	1.025	1.020
772	3470.000	3388.569	3593.151	3464.180	1.012	1.018	1.014
773	3486.110	3325.892	3603.631	3502.609	1.024	1.029	1.019
774	3449.137	3352.359	3548.854	3455.767	1.010	1.015	1.008
775	3425.018	3170.789	3673.740	3416.451	0.998	1.004	1.001
776	3460.967	3372.970	3559.688	3464.367	1.012	1.018	1.011
777	3542.219	3344.202	3677.302	3570.457	1.043	1.049	1.035
778	3571.703	3402.987	3804.474	3587.278	1.048	1.054	1.044
779	3445.552	3403.601	3568.474	3433.530	1.003	1.009	1.007
780	3461.770	3301.383	3661.706	3458.751	1.011	1.016	1.012
781	3472.046	3274.376	3614.413	3462.084	1.012	1.017	1.015
782	3442.791	3295.319	3623.783	3452.458	1.009	1.014	1.006
783	3493.953	3379.632	3694.030	3470.698	1.014	1.020	1.021
784	3438.867	3355.048	3512.439	3434.572	1.004	1.009	1.005
785	3456.046	3380.403	3538.946	3450.079	1.008	1.014	1.010
786	3443.591	3352.847	3614.290	3449.000	1.008	1.013	1.006
787	3501.254	3267.041	3719.552	3498.002	1.022	1.028	1.023
788	3519.605	3345.070	3671.899	3501.000	1.023	1.028	1.028
789	3546.166	3356.388	3832.511	3535.059	1.033	1.039	1.036
790	3487.809	3288.821	3604.775	3515.081	1.027	1.033	1.019
791	3440.531	3344.937	3518.893	3451.393	1.009	1.014	1.005
792	3409.381	3290.489	3507.440	3411.297	0.997	1.002	0.996
793	3441.410	3358.466	3584.562	3423.901	1.001	1.006	1.006
794	3454.490	3265.786	3624.942	3471.073	1.014	1.020	1.009
795	3511.573	3225.931	3844.928	3483.499	1.018	1.023	1.026
796	3514.761	3316.865	3812.433	3467.333	1.013	1.019	1.027
797	3492.076	3300.742	3638.991	3496.443	1.022	1.027	1.020
798	3469.755	3279.578	3687.644	3476.646	1.016	1.021	1.014
799	3447.235	3293.147	3543.243	3472.321	1.015	1.020	1.007
800	3449.590	3357.223	3536.189	3446.791	1.007	1.013	1.008
801	3455.394	3282.898	3706.276	3418.115	0.999	1.004	1.010
802	3499.472	3317.616	3680.632	3507.246	1.025	1.030	1.023
803	3507.101	3405.449	3680.513	3497.297	1.022	1.027	1.025
804	3574.342	3481.871	3748.654	3551.128	1.038	1.043	1.044
805	3539.059	3378.654	3730.171	3534.712	1.033	1.038	1.034
806	3462.282	3364.546	3702.050	3426.603	1.001	1.007	1.012
807	3473.662	3285.349	3793.244	3433.986	1.003	1.009	1.015
808	3544.731	3235.020	3878.924	3497.861	1.022	1.028	1.036
809	3558.062	3306.473	3848.703	3543.639	1.035	1.041	1.040
810	3502.079	3328.485	3695.124	3493.832	1.021	1.026	1.023
811	3490.604	3335.762	3654.016	3486.911	1.019	1.024	1.020
812	3477.601	3363.604	3568.349	3476.813	1.016	1.021	1.016
813	3426.446	3273.221	3640.914	3409.412	0.996	1.002	1.001
814	3455.257	3325.125	3645.051	3407.810	0.996	1.001	1.010
815	3488.394	3283.602	3675.619	3477.192	1.016	1.022	1.019
816	3503.215	3286.420	3843.019	3452.439	1.009	1.014	1.024
817	3457.618	3323.798	3582.587	3467.236	1.013	1.019	1.010
818	3424.371	3283.168	3559.452	3449.590	1.008	1.013	1.001
819	3413.371	3330.993	3538.855	3411.078	0.997	1.002	0.997
820	3449.991	3342.731	3566.286	3447.127	1.007	1.013	1.008
821	3456.032	3254.960	3513.114	3487.985	1.019	1.025	1.010
822	3375.941	3234.629	3565.682	3366.596	0.984	0.989	0.986
823	3318.649	3145.992	3480.371	3283.492	0.959	0.965	0.970
824	3345.531	3208.341	3646.249	3293.776	0.962	0.968	0.978
825	3363.530	3200.250	3497.127	3389.442	0.990	0.996	0.983
826	3351.016	3169.011	3482.860	3371.058	0.985	0.990	0.979
827	3336.951	3271.228	3474.655	3318.124	0.970	0.975	0.975
828	3341.543	3098.295	3460.387	3382.979	0.989	0.994	0.976
829	3333.989	3131.483	3516.046	3335.480	0.975	0.980	0.974
830	3364.598	3239.197	3469.165	3366.417	0.984	0.989	0.983
831	3393.765	3323.797	3459.510	3393.596	0.992	0.997	0.992
832	3395.476	3290.729	3530.385	3374.137	0.986	0.991	0.992
833	3386.800	3262.154	3597.299	3367.604	0.984	0.989	0.990
834	3326.982	3142.009	3472.475	3327.457	0.972	0.978	0.972
835	3377.276	3274.725	3475.108	3383.197	0.989	0.994	0.987
836	3373.968	3245.835	3466.316	3385.339	0.989	0.995	0.986
837	3369.554	3282.774	3507.537	3362.839	0.983	0.988	0.985
838	3346.418	3223.995	3501.965	3327.573	0.972	0.978	0.978
839	3413.997	3305.462	3591.197	3407.186	0.996	1.001	0.998
840	3378.493	3280.561	3478.018	3376.015	0.987	0.992	0.987
841	3458.179	3346.970	3689.360	3443.818	1.006	1.012	1.011
842	3423.996	3266.731	3560.353	3427.598	1.002	1.007	1.001
843	3424.074	3286.147	3541.081	3415.293	0.998	1.003	1.001
844	3402.390	3288.157	3476.204	3393.828	0.992	0.997	0.994
845	3360.166	3243.289	3447.673	3367.751	0.984	0.989	0.982
846	3303.812	3216.139	3365.799	3304.270	0.966	0.971	0.965
847	3321.230	3193.972	3520.081	3310.466	0.967	0.973	0.971
848	3358.714	3296.673	3430.048	3364.231	0.983	0.988	0.981
849	3410.300	3302.138	3529.309	3401.108	0.994	0.999	0.997
850	3417.158	3272.865	3494.997	3420.948	1.000	1.005	0.999
851	3439.613	3357.253	3544.843	3434.169	1.004	1.009	1.005
852	3532.701	3334.640	3672.348	3541.254	1.035	1.040	1.032
853	3459.310	3346.526	3599.121	3484.404	1.018	1.024	1.011
854	3391.234	3302.677	3498.909	3374.893	0.986	0.991	0.991
855	3346.620	3266.606	3453.678	3313.148	0.968	0.973	0.978
856	3351.854	3253.387	3532.304	3330.992	0.973	0.979	0.979
857	3358.515	3242.651	3456.031	3361.549	0.982	0.988	0.981
858	3362.009	3189.077	3510.984	3349.974	0.979	0.984	0.982
859	3423.842	3339.476	3581.154	3416.224	0.998	1.004	1.000
860	3443.695	3389.327	3507.881	3434.654	1.004	1.009	1.006
861	3362.141	3161.338	3498.142	3368.624	0.984	0.990	0.982
862	3342.886	3206.111	3492.322	3315.698	0.969	0.974	0.977
863	3322.894	3213.165	3427.749	3314.111	0.968	0.974	0.971
864	3381.563	3215.229	3587.970	3371.554	0.985	0.990	0.988
865	3381.307	3306.523	3464.522	3380.839	0.988	0.993	0.988
866	3369.346	3256.801	3468.410	3381.483	0.988	0.993	0.985
867	3347.291	3191.347	3471.266	3369.085	0.984	0.990	0.978
868	3332.599	3178.104	3418.699	3347.886	0.978	0.984	0.974
869	3315.009	3109.059	3451.115	3309.642	0.967	0.972	0.969
870	3328.350	3268.058	3423.791	3309.303	0.967	0.972	0.973
871	3339.828	3209.317	3484.402	3338.798	0.976	0.981	0.976
872	3375.647	3204.214	3483.263	3362.467	0.983	0.988	0.986
873	3359.024	3266.469	3461.315	3349.817	0.979	0.984	0.982
874	3362.802	3256.428	3484.103	3380.892	0.988	0.993	0.983
875	3378.385	3271.503	3458.600	3386.329	0.990	0.995	0.987
876	3360.721	3260.136	3439.272	3392.253	0.991	0.997	0.982
877	3361.412	3276.999	3592.387	3331.818	0.974	0.979	0.982
878	3386.030	3288.700	3463.563	3372.440	0.985	0.991	0.989
879	3394.405	3309.515	3463.326	3389.008	0.990	0.996	0.992
880	3443.276	3306.443	3617.898	3473.828	1.015	1.021	1.006
881	3416.438	3293.117	3603.928	3397.160	0.993	0.998	0.998
882	3424.440	3350.939	3526.989	3408.801	0.996	1.001	1.001
883	3388.285	3338.441	3488.210	3380.731	0.988	0.993	0.990
884	3357.530	3238.769	3463.051	3368.768	0.984	0.990	0.981
885	3455.439	3349.034	3558.753	3464.640	1.012	1.018	1.010
886	3444.794	3358.722	3577.033	3422.791	1.000	1.006	1.007
887	3458.657	3282.746	3668.940	3459.514	1.011	1.016	1.011
888	3436.355	3340.389	3513.461	3429.926	1.002	1.008	1.004
889	3357.631	3316.946	3429.666	3353.459	0.980	0.985	0.981
890	3384.322	3254.038	3599.224	3388.637	0.990	0.995	0.989
891	3417.189	3307.473	3563.746	3399.160	0.993	0.999	0.999
892	3425.607	3300.685	3631.723	3425.425	1.001	1.006	1.001
893	3459.728	3308.082	3625.833	3436.881	1.004	1.010	1.011
894	3422.847	3295.383	3659.080	3405.172	0.995	1.000	1.000
895	3429.482	3333.895	3645.885	3401.385	0.994	0.999	1.002
896	3424.617	3302.146	3624.703	3377.550	0.987	0.992	1.001
897	3413.624	3265.362	3629.689	3348.047	0.978	0.984	0.998
898	3392.177	3218.647	3540.133	3364.540	0.983	0.988	0.991
899	3470.406	3371.821	3653.891	3464.426	1.012	1.018	1.014
900	3436.534	3295.298	3534.476	3438.841	1.005	1.010	1.004
901	3432.805	3299.123	3549.094	3449.749	1.008	1.013	1.003
902	3459.611	3312.898	3639.382	3426.794	1.001	1.007	1.011
903	3404.556	3174.439	3588.891	3416.799	0.998	1.004	0.995
904	3390.144	3290.433	3596.784	3338.647	0.976	0.981	0.991
905	3399.112	3295.575	3489.841	3408.829	0.996	1.001	0.993
906	3370.521	3262.741	3467.757	3370.869	0.985	0.990	0.985
907	3357.875	3289.466	3438.510	3354.919	0.980	0.986	0.981
908	3371.819	3282.065	3434.989	3382.636	0.988	0.994	0.985
909	3356.115	3294.074	3431.319	3343.853	0.977	0.982	0.981
910	3370.332	3276.395	3520.697	3368.641	0.984	0.990	0.985
911	3402.004	3334.129	3507.228	3382.670	0.988	0.994	0.994
912	3439.389	3330.784	3529.664	3461.363	1.011	1.017	1.005
913	3386.483	3291.033	3500.735	3375.392	0.986	0.992	0.990
914	3363.095	3278.591	3474.270	3355.624	0.981	0.986	0.983
915	3354.927	3274.601	3436.190	3345.721	0.978	0.983	0.980
916	3326.322	3211.247	3417.553	3335.260	0.975	0.980	0.972
917	3389.003	3207.649	3555.886	3414.663	0.998	1.003	0.990
918	3428.254	3265.822	3605.850	3435.591	1.004	1.009	1.002
919	3358.343	3163.111	3524.780	3379.878	0.988	0.993	0.981
920	3380.127	3214.958	3555.684	3354.264	0.980	0.985	0.988
921	3404.566	3268.570	3534.729	3380.462	0.988	0.993	0.995
922	3432.163	3313.085	3495.955	3443.484	1.006	1.012	1.003
923	3411.344	3322.741	3481.443	3415.419	0.998	1.003	0.997
924	3363.620	3260.887	3439.198	3391.170	0.991	0.996	0.983
925	3401.249	3260.751	3709.389	3382.510	0.988	0.994	0.994
926	3395.772	3243.072	3516.349	3428.767	1.002	1.007	0.992
927	3389.885	3240.782	3549.911	3374.498	0.986	0.991	0.991
928	3422.843	3291.444	3614.651	3409.686	0.996	1.002	1.000
929	3381.909	3291.879	3458.031	3383.418	0.989	0.994	0.988
930	3398.454	3290.969	3583.997	3393.915	0.992	0.997	0.993
931	3430.876	3366.394	3531.861	3429.554	1.002	1.008	1.003
932	3385.527	3235.328	3557.994	3382.008	0.988	0.994	0.989
933	3398.391	3296.975	3556.739	3379.230	0.987	0.993	0.993
934	3373.830	3268.697	3477.550	3375.560	0.986	0.992	0.986
935	3327.359	3253.663	3402.776	3324.752	0.972	0.977	0.972
936	3360.682	3261.645	3464.941	3360.707	0.982	0.987	0.982
937	3386.112	3314.653	3542.597	3367.441	0.984	0.989	0.989
938	3386.387	3277.499	3522.129	3379.281	0.987	0.993	0.990
939	3426.576	3303.688	3548.296	3416.172	0.998	1.004	1.001
940	3413.975	3335.987	3475.331	3400.329	0.994	0.999	0.998
941	3422.745	3339.493	3578.467	3396.958	0.993	0.998	1.000
942	3427.795	3374.037	3515.869	3413.774	0.998	1.003	1.002
943	3393.726	3308.066	3430.786	3406.302	0.995	1.001	0.992
944	3374.783	3312.913	3453.200	3361.257	0.982	0.987	0.986
945	3404.394	3296.099	3626.505	3396.702	0.993	0.998	0.995
946	3439.148	3276.430	3595.074	3439.258	1.005	1.010	1.005
947	3420.678	3278.152	3693.044	3393.203	0.992	0.997	1.000
948	3429.854	3283.502	3578.735	3431.264	1.003	1.008	1.002
949	3398.046	3266.199	3501.284	3406.583	0.995	1.001	0.993
950	3379.476	3277.423	3433.700	3386.892	0.990	0.995	0.988
951	3373.418	3313.031	3458.662	3363.524	0.983	0.988	0.986
952	3371.358	3277.724	3522.911	3361.369	0.982	0.987	0.985
953	3335.099	3263.077	3395.632	3338.235	0.975	0.981	0.975
954	3318.281	3232.522	3465.550	3270.619	0.956	0.961	0.970
955	3324.449	3285.455	3381.944	3313.443	0.968	0.973	0.971
956	3355.850	3259.433	3503.581	3331.114	0.973	0.979	0.981
957	3327.786	3248.181	3545.208	3291.840	0.962	0.967	0.972
958	3325.950	3150.457	3476.398	3344.801	0.977	0.983	0.972
959	3365.291	3170.893	3530.728	3369.162	0.985	0.990	0.983
960	3409.696	3336.271	3502.638	3423.824	1.000	1.006	0.996
961	3410.103	3273.357	3554.325	3399.514	0.993	0.999	0.996
962	3314.277	3129.889	3491.505	3331.159	0.973	0.979	0.968
963	3326.159	3206.663	3464.512	3317.629	0.969	0.975	0.972
964	3382.774	3230.433	3471.266	3372.644	0.986	0.991	0.988
965	3364.446	3176.148	3497.891	3382.801	0.988	0.994	0.983
966	3356.761	3295.135	3487.012	3343.833	0.977	0.982	0.981
967	3371.936	3240.978	3524.635	3368.732	0.984	0.990	0.985
968	3411.705	3311.357	3646.459	3392.407	0.991	0.997	0.997
969	3380.143	3278.488	3454.080	3381.893	0.988	0.994	0.988
970	3406.965	3331.774	3557.892	3371.185	0.985	0.990	0.996
971	3476.499	3309.689	3582.139	3504.602	1.024	1.030	1.016
972	3442.164	3221.040	3643.212	3443.843	1.006	1.012	1.006
973	3405.198	3261.118	3568.690	3411.275	0.997	1.002	0.995
974	3394.057	3283.186	3552.037	3387.063	0.990	0.995	0.992
975	3411.093	3338.080	3538.444	3415.335	0.998	1.003	0.997
976	3426.842	3252.416	3559.444	3440.897	1.005	1.011	1.001
977	3442.434	3246.529	3665.688	3440.400	1.005	1.011	1.006
978	3407.260	3261.259	3607.664	3395.080	0.992	0.997	0.996
979	3388.875	3234.618	3488.484	3378.722	0.987	0.993	0.990
980	3393.990	3219.958	3687.193	3373.586	0.986	0.991	0.992
981	3413.401	3273.301	3555.025	3430.935	1.003	1.008	0.997
982	3419.728	3276.479	3573.219	3391.296	0.991	0.996	0.999
983	3394.389	3321.642	3514.234	3387.698	0.990	0.995	0.992
984	3383.830	3297.765	3498.898	3375.551	0.986	0.992	0.989
985	3402.224	3313.628	3623.368	3381.241	0.988	0.993	0.994
986	3496.154	3376.427	3717.760	3468.163	1.013	1.019	1.022
987	3455.722	3368.503	3546.913	3435.333	1.004	1.009	1.010
988	3387.574	3299.874	3468.579	3389.894	0.991	0.996	0.990
989	3417.072	3279.285	3505.119	3431.506	1.003	1.008	0.999
990	3417.005	3242.668	3526.848	3425.661	1.001	1.006	0.998
991	3394.370	3279.263	3520.970	3393.179	0.992	0.997	0.992
992	3426.830	3214.620	3587.133	3445.778	1.007	1.012	1.001
993	3474.259	3299.036	3745.304	3403.109	0.994	1.000	1.015
994	3449.218	3307.322	3679.890	3400.151	0.994	0.999	1.008
995	3440.441	3282.288	3613.664	3444.445	1.007	1.012	1.005
996	3407.057	3304.813	3561.636	3409.792	0.996	1.002	0.996
997	3405.183	3316.051	3456.180	3415.055	0.998	1.003	0.995
998	3424.957	3339.666	3480.023	3433.490	1.003	1.009	1.001
999	3462.373	3318.561	3578.681	3472.293	1.015	1.020	1.012
1000	3530.272	3329.752	3727.060	3535.168	1.033	1.039	1.032
1001	3501.636	3251.286	3811.174	3489.258	1.020	1.025	1.023
1002	3391.858	3214.088	3533.356	3407.742	0.996	1.001	0.991
1003	3397.496	3254.131	3496.134	3424.281	1.001	1.006	0.993
1004	3477.281	3288.158	3658.675	3528.988	1.031	1.037	1.016
1005	3601.929	3329.781	3794.500	3668.618	1.072	1.078	1.053
1006	3592.823	3410.078	3874.173	3601.656	1.052	1.058	1.050
1007	3498.794	3392.635	3627.226	3476.385	1.016	1.021	1.022
1008	3515.171	3355.167	3738.248	3524.755	1.030	1.035	1.027
1009	3574.507	3345.964	3889.487	3553.247	1.038	1.044	1.045
1010	3561.810	3344.942	3943.062	3538.268	1.034	1.039	1.041
1011	3601.866	3302.424	3879.834	3596.038	1.051	1.056	1.053
1012	3575.480	3360.424	3895.520	3535.407	1.033	1.039	1.045
1013	3487.536	3200.977	3846.949	3494.512	1.021	1.027	1.019
1014	3525.525	3299.491	3868.911	3477.433	1.016	1.022	1.030
1015	3510.321	3312.515	3798.976	3494.117	1.021	1.026	1.026
1016	3519.888	3364.792	3697.597	3518.517	1.028	1.034	1.029
1017	3545.469	3403.931	3681.840	3507.261	1.025	1.030	1.036
1018	3508.008	3297.473	3648.490	3519.039	1.028	1.034	1.025
1019	3476.194	3361.089	3661.083	3439.837	1.005	1.011	1.016
1020	3478.198	3215.895	3724.650	3472.433	1.015	1.020	1.016
1021	3430.976	3229.706	3635.170	3420.951	1.000	1.005	1.003
1022	3435.387	3355.722	3754.761	3395.904	0.992	0.998	1.004
1023	3447.072	3283.644	3737.072	3421.782	1.000	1.005	1.007
1024	3441.182	3276.348	3622.364	3431.527	1.003	1.008	1.006
1025	3472.826	3242.216	3812.071	3457.115	1.010	1.016	1.015
1026	3489.511	3233.086	3858.430	3530.658	1.032	1.037	1.020
1027	3489.355	3294.555	3592.143	3506.596	1.025	1.030	1.020
1028	3450.330	3273.429	3669.105	3428.615	1.002	1.007	1.008
1029	3466.136	3295.229	3754.546	3439.973	1.005	1.011	1.013
1030	3476.453	3344.704	3673.970	3424.695	1.001	1.006	1.016
1031	3484.296	3332.098	3650.339	3463.351	1.012	1.017	1.018
1032	3494.342	3263.484	4024.639	3418.651	0.999	1.004	1.021
1033	3417.628	3247.858	3637.654	3397.656	0.993	0.998	0.999
1034	3425.504	3270.144	3618.309	3420.694	1.000	1.005	1.001
1035	3424.869	3156.223	3554.409	3457.624	1.010	1.016	1.001
1036	3442.255	3296.616	3587.826	3428.622	1.002	1.007	1.006
1037	3404.928	3216.544	3524.072	3422.818	1.000	1.006	0.995
1038	3447.914	3325.294	3561.456	3467.366	1.013	1.019	1.008
1039	3479.757	3316.172	3619.563	3466.803	1.013	1.018	1.017
1040	3502.583	3345.906	3710.963	3495.607	1.021	1.027	1.023
1041	3471.428	3338.036	3603.868	3479.713	1.017	1.022	1.014
1042	3558.124	3414.875	3836.118	3509.612	1.026	1.031	1.040
1043	3527.825	3301.371	3940.754	3451.177	1.008	1.014	1.031
1044	3507.056	3334.790	3638.625	3547.911	1.037	1.042	1.025
1045	3543.202	3353.610	3666.991	3541.411	1.035	1.040	1.035
1046	3538.038	3298.270	3788.674	3547.188	1.037	1.042	1.034
1047	3502.587	3280.943	3846.661	3519.228	1.028	1.034	1.023
1048	3470.860	3276.231	3741.028	3442.033	1.006	1.011	1.014
1049	3492.000	3308.260	3687.598	3483.831	1.018	1.023	1.020
1050	3560.620	3352.259	3802.347	3546.104	1.036	1.042	1.040
1051	3550.136	3320.540	3741.664	3567.277	1.042	1.048	1.037
1052	3583.911	3377.522	3810.242	3562.908	1.041	1.047	1.047
1053	3613.498	3495.699	3798.320	3590.076	1.049	1.055	1.056
1054	3645.139	3398.620	3860.445	3631.656	1.061	1.067	1.065
1055	3660.134	3342.307	3827.011	3675.238	1.074	1.080	1.070
1056	3648.124	3488.880	3772.449	3645.926	1.065	1.071	1.066
1057	3711.941	3213.704	4399.028	3694.679	1.080	1.085	1.085
1058	3678.097	3269.085	4059.821	3705.891	1.083	1.089	1.075
1059	3613.080	3275.992	3868.568	3709.825	1.084	1.090	1.056
1060	3526.038	3365.359	3787.482	3483.230	1.018	1.023	1.030
1061	3521.971	3430.711	3672.018	3494.974	1.021	1.027	1.029
1062	3479.892	3275.120	3687.550	3511.052	1.026	1.031	1.017
1063	3433.968	3280.574	3593.567	3425.451	1.001	1.006	1.003
1064	3520.590	3212.906	3755.276	3499.966	1.023	1.028	1.029
1065	3586.859	3357.633	3965.141	3546.877	1.036	1.042	1.048
1066	3578.172	3323.174	3933.448	3594.075	1.050	1.056	1.046
1067	3549.523	3364.347	3728.980	3576.929	1.045	1.051	1.037
1068	3475.755	3260.196	3742.301	3461.828	1.012	1.017	1.016
1069	3456.371	3296.077	3686.172	3499.943	1.023	1.028	1.010
1070	3497.377	3340.178	3686.103	3523.491	1.030	1.035	1.022
1071	3531.005	3401.280	3698.610	3509.894	1.026	1.031	1.032
1072	3469.504	3194.968	3707.867	3452.032	1.009	1.014	1.014
1073	3453.285	3289.793	3691.768	3411.605	0.997	1.002	1.009
1074	3440.838	3242.514	3682.370	3419.636	0.999	1.005	1.005
1075	3469.781	3297.127	3628.498	3469.621	1.014	1.019	1.014
1076	3524.857	3367.692	3760.643	3475.935	1.016	1.021	1.030
1077	3568.297	3471.727	3718.808	3538.061	1.034	1.039	1.043
1078	3542.906	3383.385	3654.244	3580.904	1.046	1.052	1.035
1079	3558.437	3193.440	3828.592	3554.208	1.039	1.044	1.040
1080	3562.296	3403.472	3739.338	3561.220	1.041	1.046	1.041
1081	3432.185	3272.648	3568.124	3459.086	1.011	1.016	1.003
1082	3484.446	3354.135	3576.553	3485.705	1.019	1.024	1.018
1083	3532.303	3372.635	3684.462	3545.109	1.036	1.041	1.032
1084	3493.667	3301.925	3648.678	3489.619	1.020	1.025	1.021
1085	3520.190	3415.593	3830.974	3485.777	1.019	1.024	1.029
1086	3577.801	3476.705	3706.704	3553.246	1.038	1.044	1.045
1087	3571.984	3457.745	3787.869	3562.916	1.041	1.047	1.044
1088	3612.413	3464.232	3724.763	3620.325	1.058	1.064	1.056
1089	3634.954	3369.887	3932.543	3639.431	1.063	1.069	1.062
1090	3559.712	3420.186	3688.499	3556.487	1.039	1.045	1.040
1091	3554.553	3492.610	3638.529	3546.513	1.036	1.042	1.039
1092	3640.812	3433.947	3852.372	3660.151	1.070	1.075	1.064
1093	3561.362	3327.795	3666.510	3591.607	1.050	1.055	1.041
1094	3547.542	3373.756	3697.605	3525.028	1.030	1.036	1.037
1095	3493.575	3369.436	3621.913	3530.012	1.032	1.037	1.021
1096	3518.239	3365.942	3697.260	3532.978	1.032	1.038	1.028
1097	3480.227	3332.101	3579.776	3472.352	1.015	1.020	1.017
1098	3413.120	3317.668	3551.331	3390.910	0.991	0.996	0.997
1099	3497.576	3367.852	3676.245	3485.939	1.019	1.024	1.022
1100	3552.026	3432.787	3636.380	3565.517	1.042	1.047	1.038
1101	3475.107	3363.233	3592.335	3474.297	1.015	1.021	1.015
1102	3418.578	3238.160	3582.301	3431.742	1.003	1.008	0.999
1103	3413.330	3245.850	3577.236	3406.077	0.995	1.001	0.997
1104	3483.357	3376.609	3659.947	3431.615	1.003	1.008	1.018
1105	3474.871	3320.974	3633.582	3458.625	1.011	1.016	1.015
1106	3509.654	3379.641	3719.206	3490.121	1.020	1.025	1.026
1107	3487.967	3340.272	3583.535	3508.903	1.025	1.031	1.019
1108	3524.724	3394.184	3651.890	3513.629	1.027	1.032	1.030
1109	3506.113	3358.149	3662.641	3507.651	1.025	1.030	1.025
1110	3580.707	3398.570	3687.421	3580.211	1.046	1.052	1.046
1111	3476.886	3372.525	3656.928	3461.514	1.011	1.017	1.016
1112	3458.596	3267.863	3600.772	3454.360	1.009	1.015	1.011
1113	3464.153	3325.674	3600.907	3453.792	1.009	1.015	1.012
1114	3401.670	3334.252	3468.310	3401.390	0.994	0.999	0.994
1115	3470.865	3303.363	3651.865	3457.206	1.010	1.016	1.014
1116	3497.598	3307.517	3679.004	3480.302	1.017	1.022	1.022
1117	3487.622	3343.847	3602.488	3475.665	1.016	1.021	1.019
1118	3482.860	3325.758	3676.528	3489.180	1.020	1.025	1.018
1119	3514.226	3330.307	3670.002	3565.941	1.042	1.048	1.027
1120	3473.892	3330.554	3644.244	3461.307	1.011	1.017	1.015
1121	3452.998	3322.939	3549.718	3468.149	1.013	1.019	1.009
1122	3483.207	3378.338	3592.606	3487.294	1.019	1.024	1.018
1123	3501.998	3356.684	3586.745	3534.027	1.033	1.038	1.023
1124	3527.295	3397.179	3631.146	3524.448	1.030	1.035	1.031
1125	3507.737	3390.115	3715.199	3477.088	1.016	1.021	1.025
1126	3519.351	3324.809	3733.808	3490.443	1.020	1.025	1.028
1127	3547.459	3411.745	3619.384	3548.469	1.037	1.042	1.037
1128	3451.314	3219.284	3614.467	3500.095	1.023	1.028	1.009
1129	3418.886	3289.473	3594.254	3381.300	0.988	0.993	0.999
1130	3470.009	3363.944	3588.803	3468.013	1.013	1.019	1.014
1131	3462.339	3330.904	3632.232	3447.022	1.007	1.013	1.012
1132	3415.161	3296.326	3486.863	3424.500	1.001	1.006	0.998
1133	3385.464	3305.424	3515.020	3374.351	0.986	0.991	0.989
1134	3385.549	3204.140	3537.577	3375.615	0.986	0.992	0.989
1135	3394.898	3309.566	3546.826	3359.734	0.982	0.987	0.992
1136	3441.268	3376.249	3563.867	3421.834	1.000	1.005	1.006
1137	3425.500	3284.364	3543.214	3429.926	1.002	1.008	1.001
1138	3356.476	3182.850	3513.937	3355.247	0.980	0.986	0.981
1139	3377.206	3261.154	3546.226	3355.677	0.981	0.986	0.987
1140	3368.979	3304.463	3474.599	3363.383	0.983	0.988	0.984
1141	3396.706	3304.109	3522.400	3395.205	0.992	0.997	0.993
1142	3375.853	3186.407	3481.486	3391.191	0.991	0.996	0.986
1143	3339.422	3129.271	3505.328	3327.138	0.972	0.977	0.976
1144	3348.982	3241.486	3509.850	3329.786	0.973	0.978	0.979
1145	3400.285	3303.139	3540.906	3386.849	0.990	0.995	0.994
1146	3453.586	3293.083	3593.036	3478.950	1.017	1.022	1.009
1147	3452.470	3310.874	3624.571	3455.295	1.010	1.015	1.009
1148	3371.339	3204.239	3488.147	3383.589	0.989	0.994	0.985
1149	3334.019	3212.532	3457.244	3333.698	0.974	0.979	0.974
1150	3339.102	3175.049	3478.685	3323.197	0.971	0.976	0.976
1151	3390.412	3257.750	3528.717	3387.477	0.990	0.995	0.991
1152	3346.592	3262.186	3509.604	3313.409	0.968	0.973	0.978
1153	3352.363	3244.175	3477.910	3372.109	0.985	0.991	0.980
1154	3339.695	3190.780	3466.347	3343.511	0.977	0.982	0.976
1155	3342.478	3263.708	3475.437	3336.262	0.975	0.980	0.977
1156	3395.976	3267.456	3589.381	3363.874	0.983	0.988	0.992
1157	3396.105	3270.438	3648.392	3352.013	0.979	0.985	0.992
1158	3333.897	3228.948	3417.719	3322.593	0.971	0.976	0.974
1159	3386.845	3184.630	3593.811	3392.805	0.991	0.997	0.990
1160	3350.168	3181.887	3483.439	3380.303	0.988	0.993	0.979
1161	3308.334	3189.511	3479.256	3313.866	0.968	0.974	0.967
1162	3326.285	3250.303	3438.439	3314.673	0.969	0.974	0.972
1163	3334.552	3237.067	3461.139	3318.273	0.970	0.975	0.974
1164	3304.364	3203.961	3380.344	3304.269	0.966	0.971	0.966
1165	3325.004	3158.826	3507.702	3291.995	0.962	0.967	0.972
1166	3367.957	3259.348	3481.588	3362.385	0.983	0.988	0.984
1167	3317.696	3199.394	3411.323	3311.090	0.968	0.973	0.969
1168	3363.385	3243.960	3531.107	3336.733	0.975	0.980	0.983
1169	3347.747	3248.448	3458.712	3365.785	0.984	0.989	0.978
1170	3345.431	3289.806	3436.039	3341.664	0.976	0.982	0.978
1171	3398.232	3269.077	3486.633	3399.705	0.993	0.999	0.993
1172	3386.928	3188.715	3553.981	3400.672	0.994	0.999	0.990
1173	3370.731	3239.766	3464.084	3380.015	0.988	0.993	0.985
1174	3426.002	3294.585	3565.291	3439.605	1.005	1.010	1.001
1175	3386.637	3249.857	3489.453	3387.911	0.990	0.995	0.990
1176	3435.447	3303.119	3568.915	3451.180	1.008	1.014	1.004
1177	3392.243	3205.292	3561.062	3386.688	0.990	0.995	0.991
1178	3424.447	3243.396	3693.350	3424.399	1.001	1.006	1.001
1179	3423.402	3330.138	3506.163	3412.876	0.997	1.003	1.000
1180	3397.066	3283.645	3509.624	3413.012	0.997	1.003	0.993
1181	3412.723	3301.099	3523.531	3409.672	0.996	1.002	0.997
1182	3382.862	3262.287	3501.238	3381.393	0.988	0.993	0.989
1183	3429.411	3305.506	3605.195	3395.371	0.992	0.997	1.002
1184	3407.101	3243.533	3570.625	3394.287	0.992	0.997	0.996
1185	3371.704	3296.970	3435.705	3367.019	0.984	0.989	0.985
1186	3380.663	3281.250	3452.441	3408.769	0.996	1.001	0.988
1187	3411.419	3317.602	3542.581	3394.116	0.992	0.997	0.997
1188	3421.412	3279.915	3576.527	3394.048	0.992	0.997	1.000
1189	3379.584	3324.756	3467.926	3379.060	0.987	0.993	0.988
1190	3460.703	3310.277	3556.807	3473.588	1.015	1.020	1.011
1191	3408.953	3343.043	3528.804	3402.826	0.994	1.000	0.996
1192	3424.358	3297.570	3563.793	3401.023	0.994	0.999	1.001
1193	3375.261	3311.809	3462.413	3366.610	0.984	0.989	0.986
1194	3457.395	3330.182	3599.740	3460.795	1.011	1.017	1.010
1195	3326.258	3214.352	3475.250	3324.478	0.971	0.977	0.972
1196	3406.981	3227.801	3589.178	3414.865	0.998	1.003	0.996
1197	3357.129	3183.427	3465.521	3374.376	0.986	0.991	0.981
1198	3395.398	3225.980	3539.472	3404.355	0.995	1.000	0.992
1199	3378.894	3287.591	3558.397	3373.671	0.986	0.991	0.987
1200	3365.454	3256.497	3451.671	3357.123	0.981	0.986	0.983
1201	3346.887	3259.540	3402.344	3343.422	0.977	0.982	0.978
1202	3317.356	3270.426	3377.781	3305.007	0.966	0.971	0.969
1203	3329.027	3223.083	3477.531	3325.328	0.972	0.977	0.973
1204	3335.475	3233.484	3464.463	3334.043	0.974	0.979	0.975
1205	3352.168	3207.748	3447.209	3358.564	0.981	0.987	0.980
1206	3341.024	3241.065	3453.659	3335.698	0.975	0.980	0.976
1207	3339.689	3275.421	3466.557	3333.749	0.974	0.979	0.976
1208	3328.497	3221.685	3413.855	3337.246	0.975	0.980	0.973
1209	3351.223	3290.379	3430.443	3347.897	0.978	0.984	0.979
1210	3318.546	3190.869	3471.597	3325.164	0.972	0.977	0.970
1211	3319.781	3272.979	3434.965	3314.157	0.968	0.974	0.970
1212	3356.455	3298.866	3447.008	3353.514	0.980	0.985	0.981
1213	3348.191	3278.716	3420.720	3333.455	0.974	0.979	0.978
1214	3332.941	3285.952	3411.519	3331.784	0.974	0.979	0.974
1215	3349.447	3219.843	3495.467	3341.652	0.976	0.982	0.979
1216	3394.359	3215.864	3547.239	3411.083	0.997	1.002	0.992
1217	3322.711	3171.982	3383.137	3355.395	0.980	0.986	0.971
1218	3340.735	3226.237	3447.713	3340.612	0.976	0.981	0.976
1219	3345.991	3269.762	3467.973	3325.583	0.972	0.977	0.978
1220	3339.893	3240.314	3479.403	3320.394	0.970	0.975	0.976
1221	3304.998	3233.293	3388.508	3302.046	0.965	0.970	0.966
1222	3315.822	3231.504	3409.480	3317.038	0.969	0.974	0.969
1223	3344.972	3261.639	3431.676	3348.831	0.979	0.984	0.977
1224	3354.898	3259.700	3513.143	3347.307	0.978	0.983	0.980
1225	3365.640	3249.238	3452.547	3365.626	0.983	0.989	0.983
1226	3368.126	3270.171	3501.085	3365.647	0.983	0.989	0.984
1227	3340.468	3289.163	3390.934	3343.183	0.977	0.982	0.976
1228	3363.828	3283.103	3486.740	3353.805	0.980	0.985	0.983
1229	3366.861	3271.178	3482.023	3363.443	0.983	0.988	0.984
1230	3364.004	3296.520	3426.117	3375.794	0.986	0.992	0.983
1231	3361.157	3244.759	3432.704	3364.750	0.983	0.988	0.982
1232	3332.176	3281.716	3380.897	3328.947	0.973	0.978	0.974
1233	3337.461	3274.408	3419.754	3338.332	0.975	0.981	0.975
1234	3369.890	3313.222	3492.298	3354.587	0.980	0.985	0.985
1235	3394.581	3320.793	3480.390	3389.126	0.990	0.996	0.992
1236	3351.095	3291.711	3425.750	3355.019	0.980	0.986	0.979
1237	3326.267	3266.859	3385.177	3330.417	0.973	0.978	0.972
1238	3344.792	3307.295	3396.988	3335.424	0.975	0.980	0.977
1239	3391.741	3337.830	3467.690	3377.550	0.987	0.992	0.991
1240	3359.351	3282.077	3471.720	3352.864	0.980	0.985	0.982
1241	3347.521	3275.593	3412.732	3349.641	0.979	0.984	0.978
1242	3357.543	3266.978	3435.899	3356.297	0.981	0.986	0.981
1243	3371.533	3306.847	3423.893	3365.268	0.983	0.989	0.985
1244	3405.600	3331.812	3458.438	3411.280	0.997	1.002	0.995
1245	3428.773	3343.755	3480.052	3446.172	1.007	1.012	1.002
1246	3357.813	3279.617	3481.102	3335.642	0.975	0.980	0.981
1247	3279.374	3225.394	3370.652	3266.381	0.954	0.960	0.958
1248	3310.900	3244.357	3426.644	3287.450	0.961	0.966	0.967
1249	3305.741	3215.694	3404.819	3316.405	0.969	0.974	0.966
1250	3314.721	3203.383	3405.372	3301.417	0.965	0.970	0.969
1251	3312.749	3139.088	3449.238	3330.562	0.973	0.978	0.968
1252	3313.330	3175.548	3475.735	3320.630	0.970	0.976	0.968
1253	3339.867	3232.920	3438.324	3334.991	0.975	0.980	0.976
1254	3353.828	3197.056	3522.747	3354.921	0.980	0.986	0.980
1255	3367.444	3238.873	3454.168	3381.525	0.988	0.993	0.984
1256	3353.224	3294.606	3409.380	3367.073	0.984	0.989	0.980
1257	3349.620	3292.720	3423.188	3353.355	0.980	0.985	0.979
1258	3370.699	3194.053	3587.255	3368.448	0.984	0.990	0.985
1259	3351.683	3263.445	3453.007	3339.191	0.976	0.981	0.979
1260	3326.818	3270.033	3375.840	3328.803	0.973	0.978	0.972
1261	3284.095	3220.740	3339.463	3278.030	0.958	0.963	0.960
1262	3305.369	3251.942	3346.095	3301.412	0.965	0.970	0.966
1263	3325.989	3186.969	3458.961	3313.653	0.968	0.973	0.972
1264	3356.451	3237.619	3425.719	3358.942	0.982	0.987	0.981
1265	3341.139	3291.695	3387.285	3339.133	0.976	0.981	0.976
1266	3344.608	3248.916	3421.875	3338.650	0.976	0.981	0.977
1267	3355.037	3268.384	3644.740	3311.594	0.968	0.973	0.980
1268	3354.108	3264.066	3448.985	3328.594	0.973	0.978	0.980
1269	3312.470	3215.446	3371.800	3305.913	0.966	0.971	0.968
1270	3312.909	3192.911	3405.915	3317.492	0.969	0.975	0.968
1271	3291.516	3228.270	3356.548	3293.531	0.962	0.968	0.962
1272	3348.625	3282.202	3431.799	3356.193	0.981	0.986	0.979
1273	3367.797	3218.708	3615.025	3334.105	0.974	0.979	0.984
1274	3307.230	3193.232	3425.885	3290.005	0.961	0.967	0.966
1275	3334.452	3256.742	3379.821	3339.158	0.976	0.981	0.974
1276	3323.822	3256.319	3382.829	3326.512	0.972	0.977	0.971
1277	3345.959	3288.018	3429.313	3336.392	0.975	0.980	0.978
1278	3312.920	3202.044	3504.197	3305.606	0.966	0.971	0.968
1279	3345.840	3269.370	3493.235	3314.484	0.969	0.974	0.978
1280	3345.857	3243.556	3547.759	3323.618	0.971	0.976	0.978
1281	3334.455	3200.998	3434.838	3377.362	0.987	0.992	0.974
1282	3294.175	3216.821	3382.673	3294.674	0.963	0.968	0.963
1283	3304.619	3185.756	3424.458	3300.568	0.964	0.970	0.966
1284	3359.427	3253.703	3470.647	3362.600	0.983	0.988	0.982
1285	3371.538	3217.946	3495.976	3365.308	0.983	0.989	0.985
1286	3337.547	3264.131	3438.897	3316.264	0.969	0.974	0.975
1287	3334.995	3200.758	3576.026	3313.249	0.968	0.973	0.975
1288	3342.201	3258.604	3481.288	3322.543	0.971	0.976	0.977
1289	3350.610	3269.525	3437.570	3334.349	0.974	0.980	0.979
1290	3344.820	3249.413	3520.471	3321.183	0.970	0.976	0.977
1291	3289.031	3244.308	3397.890	3268.250	0.955	0.960	0.961
1292	3326.138	3230.421	3428.994	3327.751	0.972	0.978	0.972
1293	3299.408	3195.186	3376.143	3309.706	0.967	0.972	0.964
1294	3342.337	3252.018	3452.365	3346.283	0.978	0.983	0.977
1295	3316.768	3212.524	3459.101	3299.727	0.964	0.969	0.969
1296	3345.088	3259.139	3449.746	3338.124	0.975	0.981	0.977
1297	3391.116	3286.025	3526.429	3380.055	0.988	0.993	0.991
1298	3416.161	3301.877	3521.451	3419.519	0.999	1.005	0.998
1299	3381.114	3308.589	3455.901	3381.796	0.988	0.993	0.988
1300	3321.183	3170.138	3437.757	3333.094	0.974	0.979	0.970
1301	3357.869	3227.237	3489.087	3365.743	0.984	0.989	0.981
1302	3372.048	3297.959	3439.543	3381.087	0.988	0.993	0.985
1303	3356.515	3265.606	3436.746	3362.927	0.983	0.988	0.981
1304	3315.383	3245.076	3394.152	3321.524	0.971	0.976	0.969
1305	3295.990	3202.780	3425.561	3278.184	0.958	0.963	0.963
1306	3292.052	3195.864	3381.043	3304.398	0.966	0.971	0.962
1307	3320.217	3195.241	3496.057	3317.674	0.969	0.975	0.970
1308	3290.135	3183.814	3395.294	3283.664	0.960	0.965	0.961
1309	3301.758	3220.082	3424.242	3278.860	0.958	0.963	0.965
1310	3310.298	3245.065	3415.413	3295.639	0.963	0.968	0.967
1311	3329.469	3160.295	3458.759	3330.576	0.973	0.978	0.973
1312	3339.345	3204.609	3532.137	3323.342	0.971	0.976	0.976
1313	3329.930	3224.625	3424.507	3336.571	0.975	0.980	0.973
1314	3322.500	3214.315	3573.692	3299.291	0.964	0.969	0.971
1315	3361.438	3215.170	3478.995	3379.036	0.987	0.993	0.982
1316	3326.044	3163.489	3518.791	3326.938	0.972	0.977	0.972
1317	3334.842	3170.834	3465.104	3333.607	0.974	0.979	0.974
1318	3304.789	3178.311	3444.178	3295.044	0.963	0.968	0.966
1319	3337.055	3252.406	3418.011	3322.915	0.971	0.976	0.975
1320	3318.273	3176.920	3411.728	3326.779	0.972	0.977	0.970
1321	3328.229	3176.706	3633.979	3302.069	0.965	0.970	0.973
1322	3357.398	3286.024	3441.674	3365.098	0.983	0.989	0.981
1323	3372.233	3178.317	3564.355	3375.100	0.986	0.992	0.985
1324	3322.538	3231.432	3399.163	3329.838	0.973	0.978	0.971
1325	3323.690	3257.404	3444.082	3331.140	0.973	0.979	0.971
1326	3312.080	3229.457	3412.154	3322.860	0.971	0.976	0.968
1327	3319.290	3263.522	3389.205	3320.556	0.970	0.975	0.970
1328	3344.657	3294.114	3438.076	3329.533	0.973	0.978	0.977
1329	3334.723	3263.888	3439.872	3321.605	0.971	0.976	0.974
1330	3362.401	3242.460	3474.228	3365.789	0.984	0.989	0.983
1331	3308.816	3187.052	3382.326	3343.666	0.977	0.982	0.967
1332	3374.414	3323.494	3414.503	3377.011	0.987	0.992	0.986
1333	3358.145	3242.191	3473.703	3351.790	0.979	0.985	0.981
1334	3353.140	3268.876	3517.896	3345.942	0.978	0.983	0.980
1335	3384.533	3274.857	3493.923	3390.030	0.991	0.996	0.989
1336	3358.012	3272.274	3519.035	3332.478	0.974	0.979	0.981
1337	3368.507	3250.759	3548.549	3362.004	0.982	0.988	0.984
1338	3429.363	3350.911	3502.765	3441.574	1.006	1.011	1.002
1339	3387.998	3273.743	3458.734	3405.185	0.995	1.000	0.990
1340	3342.266	3206.599	3414.051	3356.459	0.981	0.986	0.977
1341	3333.106	3203.412	3435.977	3325.101	0.972	0.977	0.974
1342	3377.732	3249.723	3505.582	3371.484	0.985	0.990	0.987
1343	3349.787	3203.519	3501.450	3346.274	0.978	0.983	0.979
1344	3349.674	3259.667	3490.166	3357.860	0.981	0.986	0.979
1345	3391.618	3248.512	3621.352	3388.186	0.990	0.995	0.991
1346	3332.073	3232.866	3408.737	3318.596	0.970	0.975	0.974
1347	3300.554	3240.671	3437.905	3293.550	0.962	0.968	0.964
1348	3322.216	3164.347	3441.844	3341.699	0.976	0.982	0.971
1349	3296.069	3146.989	3446.987	3281.163	0.959	0.964	0.963
1350	3386.583	3283.925	3506.896	3385.308	0.989	0.995	0.990
1351	3411.565	3316.585	3544.927	3389.710	0.991	0.996	0.997
1352	3348.553	3251.082	3420.417	3359.775	0.982	0.987	0.978
1353	3375.352	3310.122	3446.373	3379.963	0.988	0.993	0.986
1354	3342.368	3253.445	3463.514	3343.026	0.977	0.982	0.977
1355	3374.233	3225.846	3459.024	3377.918	0.987	0.992	0.986
1356	3405.570	3346.724	3554.970	3397.333	0.993	0.998	0.995
1357	3334.470	3249.191	3413.528	3339.597	0.976	0.981	0.974
1358	3353.474	3238.800	3487.447	3347.833	0.978	0.983	0.980
1359	3351.450	3259.145	3443.490	3347.524	0.978	0.983	0.979
1360	3415.119	3331.264	3535.771	3416.218	0.998	1.004	0.998
1361	3400.752	3233.513	3594.782	3395.264	0.992	0.997	0.994
1362	3376.161	3233.424	3475.515	3392.098	0.991	0.997	0.987
1363	3344.883	3225.074	3511.426	3334.557	0.974	0.980	0.977
1364	3329.352	3201.558	3509.664	3308.397	0.967	0.972	0.973
1365	3378.680	3203.465	3553.223	3406.079	0.995	1.001	0.987
1366	3382.538	3254.944	3515.022	3357.888	0.981	0.986	0.988
1367	3307.100	3185.103	3428.931	3293.130	0.962	0.967	0.966
1368	3380.636	3220.345	3530.398	3364.655	0.983	0.988	0.988
1369	3354.733	3206.774	3460.477	3367.402	0.984	0.989	0.980
1370	3332.547	3244.989	3428.383	3338.673	0.976	0.981	0.974
1371	3327.594	3244.335	3415.133	3347.678	0.978	0.983	0.972
1372	3317.331	3210.594	3418.643	3317.968	0.970	0.975	0.969
1373	3356.574	3270.426	3461.303	3362.974	0.983	0.988	0.981
1374	3417.663	3285.742	3578.604	3400.150	0.994	0.999	0.999
1375	3379.255	3308.984	3444.940	3383.494	0.989	0.994	0.987
1376	3364.734	3248.996	3460.092	3377.487	0.987	0.992	0.983
1377	3383.713	3310.892	3525.477	3360.742	0.982	0.987	0.989
1378	3342.022	3237.232	3496.028	3326.176	0.972	0.977	0.977
1379	3351.030	3188.874	3509.544	3354.747	0.980	0.986	0.979
1380	3370.628	3291.387	3429.479	3366.195	0.984	0.989	0.985
1381	3369.950	3304.995	3412.662	3381.608	0.988	0.993	0.985
1382	3397.223	3283.255	3632.257	3377.600	0.987	0.992	0.993
1383	3387.016	3281.645	3432.508	3397.033	0.993	0.998	0.990
1384	3386.782	3219.526	3463.137	3414.018	0.998	1.003	0.990
1385	3386.798	3263.775	3457.422	3405.350	0.995	1.000	0.990
1386	3333.886	3290.593	3458.842	3320.875	0.970	0.976	0.974
1387	3352.267	3276.962	3425.406	3353.774	0.980	0.985	0.980
1388	3339.322	3263.226	3408.786	3357.787	0.981	0.986	0.976
1389	3316.365	3250.109	3426.656	3295.679	0.963	0.968	0.969
1390	3337.536	3232.960	3436.254	3328.799	0.973	0.978	0.975
1391	3344.642	3287.340	3404.359	3356.994	0.981	0.986	0.977
1392	3382.771	3314.428	3459.938	3378.157	0.987	0.992	0.988
1393	3430.912	3313.242	3586.181	3432.541	1.003	1.008	1.003
1394	3417.757	3343.009	3576.415	3387.411	0.990	0.995	0.999
1395	3364.853	3207.951	3528.751	3370.898	0.985	0.990	0.983
1396	3380.654	3269.985	3489.044	3374.620	0.986	0.991	0.988
1397	3428.769	3364.466	3492.877	3428.503	1.002	1.007	1.002
1398	3392.629	3289.087	3553.234	3378.189	0.987	0.992	0.991
1399	3437.668	3304.353	3578.505	3447.235	1.007	1.013	1.005
1400	3490.991	3394.064	3562.021	3496.842	1.022	1.027	1.020
1401	3432.011	3268.842	3643.533	3428.499	1.002	1.007	1.003
1402	3434.981	3293.334	3501.379	3446.091	1.007	1.012	1.004
1403	3435.486	3209.210	3491.760	3459.021	1.011	1.016	1.004
1404	3423.688	3358.406	3580.319	3412.985	0.997	1.003	1.000
1405	3414.797	3295.114	3588.740	3426.974	1.001	1.007	0.998
1406	3324.062	3256.185	3500.275	3312.446	0.968	0.973	0.971
1407	3361.407	3255.716	3424.897	3367.250	0.984	0.989	0.982
1408	3427.243	3343.673	3581.146	3416.320	0.998	1.004	1.001
1409	3405.952	3308.521	3449.124	3409.854	0.996	1.002	0.995
1410	3396.884	3279.354	3508.313	3388.484	0.990	0.995	0.993
1411	3394.903	3236.714	3575.875	3388.795	0.990	0.996	0.992
1412	3332.847	3229.941	3438.655	3325.536	0.972	0.977	0.974
1413	3394.172	3295.388	3515.016	3397.333	0.993	0.998	0.992
1414	3390.647	3292.894	3549.162	3398.511	0.993	0.998	0.991
1415	3409.684	3278.112	3586.782	3396.945	0.993	0.998	0.996
1416	3379.809	3300.364	3488.824	3359.811	0.982	0.987	0.988
1417	3376.255	3272.055	3528.110	3372.367	0.985	0.991	0.987
1418	3355.095	3212.652	3553.037	3358.009	0.981	0.986	0.980
1419	3360.989	3280.715	3439.434	3380.180	0.988	0.993	0.982
1420	3376.104	3270.915	3488.382	3390.273	0.991	0.996	0.987
1421	3386.257	3234.709	3621.414	3392.160	0.991	0.997	0.990
1422	3410.236	3303.161	3540.352	3401.490	0.994	0.999	0.997
1423	3398.093	3245.954	3476.088	3418.586	0.999	1.004	0.993
1424	3373.922	3284.378	3498.888	3361.454	0.982	0.988	0.986
1425	3427.089	3302.937	3560.290	3436.409	1.004	1.010	1.001
1426	3364.088	3283.219	3430.997	3372.467	0.985	0.991	0.983
1427	3354.768	3199.573	3438.279	3376.261	0.987	0.992	0.980
1428	3409.441	3324.690	3554.595	3408.674	0.996	1.001	0.996
1429	3353.547	3267.124	3502.181	3359.330	0.982	0.987	0.980
1430	3376.468	3246.497	3544.013	3363.536	0.983	0.988	0.987
1431	3417.171	3261.775	3595.283	3436.401	1.004	1.010	0.999
1432	3412.319	3250.420	3508.761	3417.688	0.999	1.004	0.997
1433	3391.583	3259.734	3531.533	3390.812	0.991	0.996	0.991
1434	3386.742	3216.844	3499.971	3423.753	1.000	1.006	0.990
1435	3399.862	3278.921	3506.901	3419.108	0.999	1.004	0.993
1436	3381.270	3260.185	3549.303	3368.939	0.984	0.990	0.988
1437	3394.858	3267.330	3551.487	3376.471	0.987	0.992	0.992
1438	3401.550	3250.836	3485.812	3426.913	1.001	1.007	0.994
1439	3403.563	3300.726	3481.594	3412.232	0.997	1.002	0.995
1440	3437.705	3347.713	3599.334	3414.500	0.998	1.003	1.005
1441	3467.572	3308.237	3598.785	3470.032	1.014	1.019	1.013
1442	3433.689	3160.157	3627.500	3464.150	1.012	1.018	1.003
1443	3431.123	3239.301	3589.529	3426.695	1.001	1.007	1.003
1444	3439.959	3278.759	3622.891	3430.426	1.002	1.008	1.005
1445	3442.063	3274.027	3612.418	3458.423	1.011	1.016	1.006
1446	3434.325	3266.530	3560.050	3445.473	1.007	1.012	1.004
1447	3421.589	3298.830	3546.412	3422.515	1.000	1.005	1.000
1448	3425.601	3276.771	3555.715	3439.609	1.005	1.010	1.001
1449	3422.634	3279.990	3572.356	3423.670	1.000	1.006	1.000
1450	3458.963	3285.642	3695.704	3422.390	1.000	1.005	1.011
1451	3465.026	3349.214	3619.297	3476.896	1.016	1.021	1.013
1452	3422.591	3301.742	3501.408	3459.213	1.011	1.016	1.000
1453	3500.248	3400.323	3648.347	3492.370	1.021	1.026	1.023
1454	3475.789	3335.843	3613.040	3481.938	1.017	1.023	1.016
1455	3462.701	3310.503	3688.607	3401.828	0.994	0.999	1.012
1456	3484.830	3306.538	3627.826	3484.755	1.018	1.024	1.018
1457	3444.222	3310.026	3633.189	3425.154	1.001	1.006	1.006
1458	3444.619	3337.395	3615.723	3436.374	1.004	1.010	1.007
1459	3467.365	3288.930	3660.881	3463.501	1.012	1.017	1.013
1460	3452.865	3371.890	3511.660	3461.904	1.012	1.017	1.009
1461	3406.182	3326.221	3455.247	3416.228	0.998	1.004	0.995
1462	3433.628	3347.895	3500.775	3440.276	1.005	1.011	1.003
1463	3399.335	3290.709	3558.776	3377.407	0.987	0.992	0.993
1464	3389.634	3274.932	3507.453	3385.161	0.989	0.994	0.990
1465	3401.117	3249.486	3547.085	3398.940	0.993	0.999	0.994
1466	3414.655	3304.139	3582.569	3408.577	0.996	1.001	0.998
1467	3464.651	3366.162	3550.838	3478.353	1.016	1.022	1.012
1468	3431.481	3282.902	3537.503	3429.393	1.002	1.007	1.003
1469	3417.305	3272.818	3558.366	3432.127	1.003	1.008	0.999
1470	3373.528	3173.608	3485.758	3395.000	0.992	0.997	0.986
1471	3408.347	3275.590	3507.456	3433.426	1.003	1.009	0.996
1472	3392.913	3268.901	3484.246	3394.918	0.992	0.997	0.991
1473	3426.141	3332.314	3542.752	3402.159	0.994	0.999	1.001
1474	3375.082	3203.702	3530.842	3355.483	0.981	0.986	0.986
1475	3411.339	3251.510	3635.920	3386.636	0.990	0.995	0.997
1476	3491.285	3353.846	3677.725	3473.862	1.015	1.021	1.020
1477	3565.339	3493.603	3668.071	3541.107	1.035	1.040	1.042
1478	3463.885	3269.642	3586.043	3468.704	1.014	1.019	1.012
1479	3474.970	3371.658	3578.252	3468.076	1.013	1.019	1.015
1480	3439.721	3234.320	3580.420	3435.154	1.004	1.009	1.005
1481	3422.119	3348.441	3521.279	3412.614	0.997	1.003	1.000
1482	3500.934	3261.562	3668.308	3507.078	1.025	1.030	1.023
1483	3483.948	3338.469	3687.185	3473.753	1.015	1.020	1.018
1484	3451.890	3347.101	3570.588	3430.197	1.002	1.008	1.009
1485	3486.686	3351.026	3741.170	3440.468	1.005	1.011	1.019
1486	3522.162	3408.060	3631.663	3527.083	1.031	1.036	1.029
1487	3488.035	3330.711	3594.984	3501.221	1.023	1.029	1.019
1488	3449.609	3344.533	3520.295	3470.581	1.014	1.020	1.008
1489	3467.019	3281.447	3608.725	3471.902	1.015	1.020	1.013
1490	3414.914	3234.224	3543.321	3440.481	1.005	1.011	0.998
1491	3400.388	3318.507	3608.786	3390.699	0.991	0.996	0.994
1492	3452.540	3274.251	3652.379	3450.910	1.008	1.014	1.009
1493	3523.650	3373.796	3656.207	3519.527	1.028	1.034	1.030
1494	3504.902	3365.371	3682.522	3469.728	1.014	1.019	1.024
1495	3526.614	3414.635	3649.287	3524.358	1.030	1.035	1.031
1496	3542.469	3455.536	3639.625	3541.528	1.035	1.040	1.035
1497	3523.789	3399.813	3603.132	3539.428	1.034	1.040	1.030
1498	3529.160	3356.980	3647.078	3544.147	1.036	1.041	1.031
1499	3517.107	3379.573	3757.378	3498.390	1.022	1.028	1.028
1500	3529.456	3341.581	3837.113	3526.816	1.031	1.036	1.031
1501	3543.820	3321.067	3754.962	3540.870	1.035	1.040	1.036
1502	3604.552	3484.047	3662.898	3617.963	1.057	1.063	1.053
1503	3632.754	3443.211	3726.883	3647.795	1.066	1.072	1.062
1504	3573.210	3395.714	3803.651	3512.488	1.026	1.032	1.044
1505	3617.442	3429.208	3814.680	3615.640	1.057	1.062	1.057
1506	3594.898	3438.494	3740.896	3585.892	1.048	1.053	1.050
1507	3578.168	3406.893	3807.129	3560.048	1.040	1.046	1.046
1508	3551.157	3433.672	3764.036	3529.131	1.031	1.037	1.038
1509	3495.409	3386.334	3623.848	3483.339	1.018	1.023	1.021
1510	3573.687	3475.478	3826.067	3541.379	1.035	1.040	1.044
1511	3588.408	3348.869	3741.585	3601.978	1.053	1.058	1.049
1512	3546.579	3406.656	3695.394	3517.029	1.028	1.033	1.036
1513	3470.288	3353.141	3712.522	3449.234	1.008	1.013	1.014
1514	3460.477	3318.866	3686.808	3444.573	1.007	1.012	1.011
1515	3582.519	3404.065	3744.284	3582.110	1.047	1.052	1.047
1516	3566.864	3339.850	3736.726	3563.767	1.041	1.047	1.042
1517	3596.133	3392.501	3725.056	3613.377	1.056	1.062	1.051
1518	3490.713	3377.474	3621.334	3463.434	1.012	1.017	1.020
1519	3513.984	3378.192	3703.574	3494.094	1.021	1.026	1.027
1520	3537.340	3414.808	3737.903	3529.644	1.031	1.037	1.034
1521	3566.902	3416.175	3769.236	3561.784	1.041	1.046	1.042
1522	3568.319	3461.036	3681.485	3565.631	1.042	1.047	1.043
1523	3512.906	3406.069	3579.140	3510.971	1.026	1.031	1.027
1524	3541.709	3419.829	3610.830	3547.927	1.037	1.042	1.035
1525	3553.444	3398.490	3695.991	3545.971	1.036	1.042	1.038
1526	3473.492	3334.009	3608.844	3494.020	1.021	1.026	1.015
1527	3447.362	3242.509	3664.819	3436.741	1.004	1.010	1.007
1528	3477.427	3277.515	3670.885	3448.106	1.008	1.013	1.016
1529	3512.091	3319.103	3733.799	3515.546	1.027	1.033	1.026
1530	3499.803	3403.228	3619.634	3473.534	1.015	1.020	1.023
1531	3421.392	3289.948	3576.002	3420.475	1.000	1.005	1.000
1532	3426.081	3223.259	3759.776	3376.869	0.987	0.992	1.001
1533	3474.517	3246.399	3655.606	3522.060	1.029	1.035	1.015
1534	3504.672	3290.913	3670.470	3533.113	1.032	1.038	1.024
1535	3525.987	3315.280	3776.207	3504.892	1.024	1.030	1.030
1536	3535.913	3363.832	3822.713	3528.917	1.031	1.037	1.033
1537	3503.891	3208.082	3642.108	3545.266	1.036	1.041	1.024
1538	3482.070	3225.176	3714.020	3455.943	1.010	1.015	1.018
1539	3393.731	3206.351	3740.354	3385.311	0.989	0.995	0.992
1540	3467.751	3170.505	3751.465	3465.614	1.013	1.018	1.013
1541	3495.431	3169.411	3812.868	3486.567	1.019	1.024	1.021
1542	3511.743	3277.859	3863.954	3495.061	1.021	1.027	1.026
1543	3461.564	3288.884	3669.479	3407.985	0.996	1.001	1.012
1544	3436.103	3265.219	3730.641	3434.936	1.004	1.009	1.004
1545	3379.780	3210.369	3570.252	3374.995	0.986	0.991	0.988
1546	3452.866	3224.754	3657.786	3423.666	1.000	1.006	1.009
1547	3484.733	3321.541	3759.831	3424.958	1.001	1.006	1.018
1548	3485.106	3224.386	3822.524	3475.712	1.016	1.021	1.018
1549	3444.996	3244.259	3698.844	3457.642	1.010	1.016	1.007
1550	3417.148	3200.364	3646.511	3431.535	1.003	1.008	0.999
1551	3403.282	3225.825	3714.712	3394.955	0.992	0.997	0.994
1552	3438.263	3261.172	3744.762	3421.056	1.000	1.005	1.005
1553	3396.976	3162.538	3657.748	3335.313	0.975	0.980	0.993
1554	3407.379	3215.553	3712.304	3338.242	0.975	0.981	0.996
1555	3406.779	3291.158	3562.742	3398.134	0.993	0.998	0.996
1556	3444.988	3267.640	3663.965	3425.062	1.001	1.006	1.007
1557	3461.491	3266.766	3886.874	3369.575	0.985	0.990	1.011
1558	3460.739	3254.913	3726.788	3436.633	1.004	1.010	1.011
1559	3454.684	3196.193	3707.053	3490.889	1.020	1.026	1.009
1560	3445.287	3194.697	3651.387	3471.623	1.014	1.020	1.007
1561	3447.713	3202.167	3741.604	3442.757	1.006	1.011	1.007
1562	3382.608	3238.490	3640.608	3359.188	0.982	0.987	0.988
1563	3344.814	3182.962	3491.158	3356.427	0.981	0.986	0.977
1564	3403.647	3258.119	3575.313	3410.497	0.997	1.002	0.995
1565	3387.900	3268.132	3558.078	3368.252	0.984	0.989	0.990
1566	3427.393	3332.351	3621.770	3396.803	0.993	0.998	1.002
1567	3454.067	3315.869	3578.119	3478.654	1.017	1.022	1.009
1568	3475.664	3245.115	3679.034	3518.513	1.028	1.034	1.016
1569	3462.844	3266.758	3656.533	3474.002	1.015	1.021	1.012
1570	3476.696	3351.686	3662.902	3478.370	1.016	1.022	1.016
1571	3526.792	3416.256	3803.320	3484.712	1.018	1.024	1.031
1572	3570.989	3394.520	3948.683	3490.603	1.020	1.025	1.043
1573	3524.109	3360.614	3642.022	3505.852	1.024	1.030	1.030
1574	3454.565	3227.083	3617.842	3463.411	1.012	1.017	1.009
1575	3484.722	3288.474	3690.226	3497.487	1.022	1.027	1.018
1576	3541.799	3375.310	3703.415	3529.807	1.031	1.037	1.035
1577	3430.496	3286.452	3679.710	3407.232	0.996	1.001	1.002
1578	3468.675	3359.053	3659.267	3445.477	1.007	1.012	1.014
1579	3556.925	3463.369	3632.037	3562.927	1.041	1.047	1.039
1580	3569.807	3303.191	3865.224	3564.018	1.041	1.047	1.043
1581	3529.695	3353.409	3702.845	3520.245	1.029	1.034	1.031
1582	3509.926	3407.141	3671.696	3488.064	1.019	1.025	1.026
1583	3469.080	3397.490	3591.954	3442.202	1.006	1.011	1.014
1584	3470.346	3242.014	3694.269	3458.221	1.011	1.016	1.014
1585	3498.186	3254.952	3675.109	3484.917	1.018	1.024	1.022
1586	3457.910	3320.964	3587.331	3461.747	1.012	1.017	1.010
1587	3511.132	3331.088	3655.179	3522.749	1.029	1.035	1.026
1588	3490.246	3249.603	3620.435	3546.950	1.036	1.042	1.020
1589	3532.019	3339.163	3698.099	3541.735	1.035	1.040	1.032
1590	3468.918	3330.927	3649.881	3484.241	1.018	1.024	1.014
1591	3539.814	3284.585	3731.492	3557.638	1.040	1.045	1.034
1592	3559.037	3324.049	3775.458	3580.419	1.046	1.052	1.040
1593	3534.452	3309.826	3755.237	3587.550	1.048	1.054	1.033
1594	3572.791	3318.085	3942.791	3599.107	1.052	1.057	1.044
1595	3531.418	3343.003	3779.212	3500.489	1.023	1.028	1.032
1596	3506.350	3318.119	3682.887	3491.126	1.020	1.026	1.025
1597	3432.332	3229.665	3556.214	3455.023	1.010	1.015	1.003
1598	3429.479	3311.632	3554.679	3439.778	1.005	1.011	1.002
1599	3470.131	3391.541	3608.683	3461.924	1.012	1.017	1.014
1600	3499.792	3392.120	3644.028	3468.418	1.014	1.019	1.023
1601	3528.876	3457.422	3632.554	3510.307	1.026	1.031	1.031
1602	3542.591	3423.196	3716.261	3501.943	1.023	1.029	1.035
1603	3452.123	3388.914	3538.207	3427.482	1.002	1.007	1.009
1604	3445.045	3270.493	3579.613	3463.198	1.012	1.017	1.007
1605	3479.445	3340.578	3643.216	3452.580	1.009	1.014	1.017
1606	3497.440	3413.579	3645.730	3477.944	1.016	1.022	1.022
1607	3461.091	3328.598	3564.834	3461.773	1.012	1.017	1.011
1608	3520.121	3421.351	3702.448	3507.246	1.025	1.030	1.029
1609	3468.645	3330.726	3639.883	3410.600	0.997	1.002	1.014
1610	3451.809	3328.678	3582.357	3451.061	1.008	1.014	1.009
1611	3489.219	3341.828	3617.391	3490.562	1.020	1.025	1.020
1612	3470.000	3388.569	3593.151	3464.180	1.012	1.018	1.014
1613	3486.110	3325.892	3603.631	3502.609	1.024	1.029	1.019
1614	3449.137	3352.359	3548.854	3455.767	1.010	1.015	1.008
1615	3425.018	3170.789	3673.740	3416.451	0.998	1.004	1.001
1616	3460.967	3372.970	3559.688	3464.367	1.012	1.018	1.011
1617	3542.219	3344.202	3677.302	3570.457	1.043	1.049	1.035
1618	3571.703	3402.987	3804.474	3587.278	1.048	1.054	1.044
1619	3445.552	3403.601	3568.474	3433.530	1.003	1.009	1.007
1620	3461.770	3301.383	3661.706	3458.751	1.011	1.016	1.012
1621	3472.046	3274.376	3614.413	3462.084	1.012	1.017	1.015
1622	3442.791	3295.319	3623.783	3452.458	1.009	1.014	1.006
1623	3493.953	3379.632	3694.030	3470.698	1.014	1.020	1.021
1624	3438.867	3355.048	3512.439	3434.572	1.004	1.009	1.005
1625	3456.046	3380.403	3538.946	3450.079	1.008	1.014	1.010
1626	3443.591	3352.847	3614.290	3449.000	1.008	1.013	1.006
1627	3501.254	3267.041	3719.552	3498.002	1.022	1.028	1.023
1628	3519.605	3345.070	3671.899	3501.000	1.023	1.028	1.028
1629	3546.166	3356.388	3832.511	3535.059	1.033	1.039	1.036
1630	3487.809	3288.821	3604.775	3515.081	1.027	1.033	1.019
1631	3440.531	3344.937	3518.893	3451.393	1.009	1.014	1.005
1632	3409.381	3290.489	3507.440	3411.297	0.997	1.002	0.996
1633	3441.410	3358.466	3584.562	3423.901	1.001	1.006	1.006
1634	3454.490	3265.786	3624.942	3471.073	1.014	1.020	1.009
1635	3511.573	3225.931	3844.928	3483.499	1.018	1.023	1.026
1636	3514.761	3316.865	3812.433	3467.333	1.013	1.019	1.027
1637	3492.076	3300.742	3638.991	3496.443	1.022	1.027	1.020
1638	3469.755	3279.578	3687.644	3476.646	1.016	1.021	1.014
1639	3447.235	3293.147	3543.243	3472.321	1.015	1.020	1.007
1640	3449.590	3357.223	3536.189	3446.791	1.007	1.013	1.008
1641	3455.394	3282.898	3706.276	3418.115	0.999	1.004	1.010
1642	3499.472	3317.616	3680.632	3507.246	1.025	1.030	1.023
1643	3507.101	3405.449	3680.513	3497.297	1.022	1.027	1.025
1644	3574.342	3481.871	3748.654	3551.128	1.038	1.043	1.044
1645	3539.059	3378.654	3730.171	3534.712	1.033	1.038	1.034
1646	3462.282	3364.546	3702.050	3426.603	1.001	1.007	1.012
1647	3473.662	3285.349	3793.244	3433.986	1.003	1.009	1.015
1648	3544.731	3235.020	3878.924	3497.861	1.022	1.028	1.036
1649	3558.062	3306.473	3848.703	3543.639	1.035	1.041	1.040
1650	3502.079	3328.485	3695.124	3493.832	1.021	1.026	1.023
1651	3490.604	3335.762	3654.016	3486.911	1.019	1.024	1.020
1652	3477.601	3363.604	3568.349	3476.813	1.016	1.021	1.016
1653	3426.446	3273.221	3640.914	3409.412	0.996	1.002	1.001
1654	3455.257	3325.125	3645.051	3407.810	0.996	1.001	1.010
1655	3488.394	3283.602	3675.619	3477.192	1.016	1.022	1.019
1656	3503.215	3286.420	3843.019	3452.439	1.009	1.014	1.024
1657	3457.618	3323.798	3582.587	3467.236	1.013	1.019	1.010
1658	3424.371	3283.168	3559.452	3449.590	1.008	1.013	1.001
1659	3413.371	3330.993	3538.855	3411.078	0.997	1.002	0.997
1660	3449.991	3342.731	3566.286	3447.127	1.007	1.013	1.008
1661	3456.032	3254.960	3513.114	3487.985	1.019	1.025	1.010
1662	3375.941	3234.629	3565.682	3366.596	0.984	0.989	0.986
1663	3318.649	3145.992	3480.371	3283.492	0.959	0.965	0.970
1664	3345.531	3208.341	3646.249	3293.776	0.962	0.968	0.978
1665	3363.530	3200.250	3497.127	3389.442	0.990	0.996	0.983
1666	3351.016	3169.011	3482.860	3371.058	0.985	0.990	0.979
1667	3336.951	3271.228	3474.655	3318.124	0.970	0.975	0.975
1668	3341.543	3098.295	3460.387	3382.979	0.989	0.994	0.976
1669	3333.989	3131.483	3516.046	3335.480	0.975	0.980	0.974
1670	3364.598	3239.197	3469.165	3366.417	0.984	0.989	0.983
1671	3393.765	3323.797	3459.510	3393.596	0.992	0.997	0.992
1672	3395.476	3290.729	3530.385	3374.137	0.986	0.991	0.992
1673	3386.800	3262.154	3597.299	3367.604	0.984	0.989	0.990
1674	3326.982	3142.009	3472.475	3327.457	0.972	0.978	0.972
1675	3377.276	3274.725	3475.108	3383.197	0.989	0.994	0.987
1676	3373.968	3245.835	3466.316	3385.339	0.989	0.995	0.986
1677	3369.554	3282.774	3507.537	3362.839	0.983	0.988	0.985
1678	3346.418	3223.995	3501.965	3327.573	0.972	0.978	0.978
1679	3413.997	3305.462	3591.197	3407.186	0.996	1.001	0.998
1680	3378.493	3280.561	3478.018	3376.015	0.987	0.992	0.987
1681	3342.184	3218.052	3433.169	3345.794	0.978	0.983	0.977
