 	Mean	Min	Max	Median	Max_to_bgmean	Median_to_bgmedian	Mean_to_bgmean
1	3275.693	3172.583	3409.005	3266.595	0.942	0.942	0.945
2	3291.888	3245.464	3348.801	3294.215	0.950	0.950	0.950
3	3355.171	3310.845	3398.843	3357.796	0.969	0.969	0.968
4	3334.988	3242.423	3405.793	3336.858	0.963	0.963	0.962
5	3310.931	3232.673	3424.320	3296.184	0.951	0.951	0.955
6	3332.321	3252.458	3435.745	3325.265	0.959	0.959	0.961
7	3374.295	3223.851	3456.064	3389.250	0.978	0.978	0.974
8	3339.935	3220.421	3467.552	3335.042	0.962	0.962	0.964
9	3334.787	3272.976	3430.271	3322.143	0.958	0.958	0.962
10	3326.848	3256.142	3397.002	3344.250	0.965	0.965	0.960
11	3334.550	3160.059	3515.439	3338.230	0.963	0.963	0.962
12	3331.066	3209.969	3515.229	3304.145	0.953	0.953	0.961
13	3292.662	3201.719	3386.230	3301.434	0.953	0.953	0.950
14	3312.845	3235.840	3383.231	3305.487	0.954	0.954	0.956
15	3325.884	3240.430	3411.443	3338.033	0.963	0.963	0.960
16	3309.733	3247.719	3387.768	3320.398	0.958	0.958	0.955
17	3369.341	3250.520	3486.142	3357.471	0.969	0.969	0.972
18	3332.660	3131.920	3572.711	3336.625	0.963	0.963	0.962
19	3296.672	3194.453	3377.955	3288.652	0.949	0.949	0.951
20	3307.703	3219.944	3434.114	3295.194	0.951	0.951	0.954
21	3327.362	3254.201	3399.379	3335.197	0.962	0.962	0.960
22	3285.372	3221.840	3328.982	3296.576	0.951	0.951	0.948
23	3285.402	3169.532	3482.615	3274.027	0.945	0.945	0.948
24	3325.777	3207.368	3396.509	3331.257	0.961	0.961	0.960
25	3349.247	3218.427	3480.330	3350.900	0.967	0.967	0.966
26	3335.905	3236.469	3431.253	3330.726	0.961	0.961	0.962
27	3312.044	3271.074	3373.712	3297.025	0.951	0.951	0.956
28	3286.268	3220.718	3399.968	3281.565	0.947	0.947	0.948
29	3334.292	3232.967	3517.092	3325.634	0.960	0.960	0.962
30	3320.834	3257.126	3416.184	3318.585	0.957	0.957	0.958
31	3328.566	3214.126	3433.344	3317.309	0.957	0.957	0.960
32	3302.865	3182.810	3378.641	3306.557	0.954	0.954	0.953
33	3337.367	3255.303	3443.209	3334.466	0.962	0.962	0.963
34	3295.600	3226.383	3445.242	3272.120	0.944	0.944	0.951
35	3318.716	3235.240	3410.143	3316.215	0.957	0.957	0.958
36	3332.485	3249.616	3444.174	3335.896	0.962	0.962	0.961
37	3318.132	3233.482	3432.199	3313.228	0.956	0.956	0.957
38	3321.269	3210.288	3421.217	3310.804	0.955	0.955	0.958
39	3292.902	3173.143	3424.500	3279.234	0.946	0.946	0.950
40	3292.616	3156.800	3430.281	3307.929	0.954	0.954	0.950
41	3351.365	3203.711	3428.046	3379.550	0.975	0.975	0.967
42	3316.854	3213.766	3401.743	3316.846	0.957	0.957	0.957
43	3307.372	3251.614	3387.751	3291.057	0.950	0.950	0.954
44	3303.175	3210.966	3426.485	3292.917	0.950	0.950	0.953
45	3318.557	3225.224	3450.016	3311.505	0.955	0.955	0.957
46	3322.966	3184.408	3407.875	3326.906	0.960	0.960	0.959
47	3298.154	3259.497	3347.828	3294.518	0.951	0.951	0.952
48	3318.415	3227.895	3368.635	3333.337	0.962	0.962	0.957
49	3335.708	3224.614	3456.643	3340.380	0.964	0.964	0.962
50	3342.478	3247.026	3422.578	3343.511	0.965	0.965	0.964
51	3309.037	3233.761	3413.614	3320.038	0.958	0.958	0.955
52	3329.296	3223.867	3400.459	3343.000	0.965	0.965	0.961
53	3321.823	3279.080	3383.535	3305.252	0.954	0.954	0.958
54	3301.264	3158.645	3494.156	3272.929	0.944	0.944	0.952
55	3331.217	3239.981	3438.942	3335.409	0.962	0.962	0.961
56	3345.493	3292.227	3422.983	3339.453	0.963	0.963	0.965
57	3295.795	3211.327	3375.562	3306.814	0.954	0.954	0.951
58	3298.685	3212.093	3416.965	3289.656	0.949	0.949	0.952
59	3328.455	3200.585	3397.589	3334.685	0.962	0.962	0.960
60	3307.222	3180.985	3421.984	3328.266	0.960	0.960	0.954
61	3319.941	3259.100	3423.738	3305.624	0.954	0.954	0.958
62	3375.365	3316.387	3474.643	3366.444	0.971	0.971	0.974
63	3318.996	3260.898	3372.818	3317.915	0.957	0.957	0.958
64	3344.380	3258.321	3438.937	3332.020	0.961	0.961	0.965
65	3339.343	3280.315	3375.924	3351.160	0.967	0.967	0.963
66	3297.527	3232.509	3370.187	3299.082	0.952	0.952	0.951
67	3296.195	3212.072	3366.964	3293.024	0.950	0.950	0.951
68	3296.402	3232.191	3347.046	3307.800	0.954	0.954	0.951
69	3321.331	3196.247	3392.821	3340.224	0.964	0.964	0.958
70	3309.302	3210.117	3375.453	3313.993	0.956	0.956	0.955
71	3318.574	3185.114	3423.657	3337.499	0.963	0.963	0.957
72	3343.754	3221.239	3525.220	3340.073	0.964	0.964	0.965
73	3351.628	3208.514	3404.804	3351.993	0.967	0.967	0.967
74	3373.775	3284.958	3464.328	3361.697	0.970	0.970	0.973
75	3364.600	3287.036	3442.217	3367.557	0.972	0.972	0.971
76	3324.791	3271.435	3385.904	3321.649	0.958	0.958	0.959
77	3316.003	3208.396	3425.272	3320.995	0.958	0.958	0.957
78	3376.280	3232.954	3483.322	3395.514	0.980	0.980	0.974
79	3405.978	3248.543	3506.125	3419.286	0.987	0.987	0.983
80	3360.369	3265.679	3457.187	3364.985	0.971	0.971	0.970
81	3357.699	3222.512	3533.415	3357.796	0.969	0.969	0.969
82	3345.929	3236.059	3435.533	3363.313	0.970	0.970	0.965
83	3350.619	3194.038	3487.249	3338.653	0.963	0.963	0.967
84	3314.589	3151.451	3502.504	3299.825	0.952	0.952	0.956
85	3293.873	3164.022	3438.572	3313.141	0.956	0.956	0.950
86	3355.493	3246.566	3468.380	3356.117	0.968	0.968	0.968
87	3348.592	3236.647	3479.581	3344.908	0.965	0.965	0.966
88	3343.025	3179.277	3433.246	3348.938	0.966	0.966	0.965
89	3355.521	3276.163	3431.666	3364.386	0.971	0.971	0.968
90	3297.217	3209.784	3428.256	3290.132	0.949	0.949	0.951
91	3320.105	3216.622	3424.254	3306.659	0.954	0.954	0.958
92	3344.877	3256.198	3448.990	3318.324	0.957	0.957	0.965
93	3326.933	3176.958	3522.317	3307.279	0.954	0.954	0.960
94	3297.538	3233.096	3417.223	3267.391	0.943	0.943	0.951
95	3330.994	3212.520	3445.306	3345.023	0.965	0.965	0.961
96	3344.393	3178.673	3423.356	3354.823	0.968	0.968	0.965
97	3390.566	3315.975	3483.824	3384.434	0.976	0.976	0.978
98	3360.166	3224.740	3482.027	3352.690	0.967	0.967	0.969
99	3317.128	3179.071	3482.294	3318.375	0.957	0.957	0.957
100	3371.333	3273.315	3481.107	3381.291	0.976	0.976	0.973
101	3361.088	3239.696	3450.585	3377.566	0.974	0.974	0.970
102	3380.620	3233.307	3448.660	3406.163	0.983	0.983	0.975
103	3383.192	3310.284	3440.911	3382.277	0.976	0.976	0.976
104	3352.711	3240.113	3486.961	3352.145	0.967	0.967	0.967
105	3289.790	3117.954	3410.330	3282.156	0.947	0.947	0.949
106	3320.306	3209.181	3393.895	3334.895	0.962	0.962	0.958
107	3329.415	3256.974	3412.096	3331.070	0.961	0.961	0.961
108	3326.167	3234.919	3442.126	3322.438	0.959	0.959	0.960
109	3357.804	3251.929	3474.908	3360.174	0.969	0.969	0.969
110	3356.146	3227.270	3473.070	3359.333	0.969	0.969	0.968
111	3304.139	3240.800	3386.050	3299.550	0.952	0.952	0.953
112	3337.913	3267.053	3453.676	3333.061	0.962	0.962	0.963
113	3359.850	3224.968	3438.210	3381.479	0.976	0.976	0.969
114	3349.345	3229.308	3517.597	3334.199	0.962	0.962	0.966
115	3311.616	3214.229	3388.842	3323.346	0.959	0.959	0.955
116	3355.217	3291.579	3412.844	3360.011	0.969	0.969	0.968
117	3367.725	3255.566	3527.689	3358.599	0.969	0.969	0.972
118	3312.337	3217.824	3398.721	3302.842	0.953	0.953	0.956
119	3371.095	3263.752	3519.393	3361.803	0.970	0.970	0.973
120	3373.008	3298.329	3481.871	3365.474	0.971	0.971	0.973
121	3397.226	3297.103	3528.899	3377.028	0.974	0.974	0.980
122	3351.107	3272.004	3443.018	3336.339	0.963	0.963	0.967
123	3359.578	3291.946	3473.244	3339.152	0.963	0.963	0.969
124	3370.129	3317.125	3421.570	3378.710	0.975	0.975	0.972
125	3365.116	3300.052	3458.948	3357.995	0.969	0.969	0.971
126	3317.359	3245.879	3403.921	3298.718	0.952	0.952	0.957
127	3334.044	3234.369	3445.619	3328.413	0.960	0.960	0.962
128	3323.718	3208.561	3402.071	3325.882	0.960	0.960	0.959
129	3281.318	3172.486	3369.115	3283.366	0.947	0.947	0.947
130	3347.682	3277.565	3425.203	3346.852	0.966	0.966	0.966
131	3325.119	3267.718	3383.839	3315.474	0.957	0.957	0.959
132	3322.758	3245.167	3401.982	3319.102	0.958	0.958	0.959
133	3294.554	3232.529	3397.301	3281.624	0.947	0.947	0.951
134	3330.082	3254.174	3432.507	3334.408	0.962	0.962	0.961
135	3373.378	3267.391	3500.591	3362.816	0.970	0.970	0.973
136	3351.718	3230.240	3429.817	3349.393	0.966	0.966	0.967
137	3336.917	3234.331	3453.048	3333.683	0.962	0.962	0.963
138	3320.937	3254.044	3397.744	3318.373	0.957	0.957	0.958
139	3312.298	3257.942	3377.470	3299.745	0.952	0.952	0.956
140	3313.008	3257.391	3374.421	3313.658	0.956	0.956	0.956
141	3284.711	3215.920	3352.421	3284.959	0.948	0.948	0.948
142	3318.757	3209.151	3438.237	3343.885	0.965	0.965	0.958
143	3366.394	3256.978	3492.993	3369.688	0.972	0.972	0.971
144	3318.571	3230.663	3403.636	3321.676	0.958	0.958	0.957
145	3312.191	3178.441	3494.650	3310.047	0.955	0.955	0.956
146	3330.307	3155.435	3479.109	3349.452	0.966	0.966	0.961
147	3325.329	3236.776	3439.858	3324.119	0.959	0.959	0.959
148	3339.707	3264.780	3398.132	3353.294	0.967	0.967	0.964
149	3279.371	3178.891	3351.823	3268.911	0.943	0.943	0.946
150	3328.760	3179.720	3435.815	3375.455	0.974	0.974	0.960
151	3282.420	3164.958	3447.908	3272.107	0.944	0.944	0.947
152	3264.986	3191.552	3330.771	3262.186	0.941	0.941	0.942
153	3273.973	3203.738	3346.714	3277.236	0.946	0.946	0.945
154	3281.187	3204.298	3382.176	3272.228	0.944	0.944	0.947
155	3325.167	3261.157	3432.050	3301.989	0.953	0.953	0.959
156	3309.707	3226.767	3431.288	3293.149	0.950	0.950	0.955
157	3285.447	3206.198	3358.810	3288.125	0.949	0.949	0.948
158	3269.374	3140.329	3345.594	3288.782	0.949	0.949	0.943
159	3338.698	3227.638	3441.722	3323.639	0.959	0.959	0.963
160	3278.869	3120.544	3458.299	3267.927	0.943	0.943	0.946
161	3285.095	3158.020	3400.198	3274.890	0.945	0.945	0.948
162	3261.138	3168.458	3363.195	3259.074	0.940	0.940	0.941
163	3290.275	3211.699	3436.139	3262.480	0.941	0.941	0.949
164	3268.530	3174.375	3419.267	3238.015	0.934	0.934	0.943
165	3305.183	3168.672	3486.811	3311.758	0.955	0.955	0.954
166	3288.757	3176.414	3443.872	3265.756	0.942	0.942	0.949
167	3279.069	3231.935	3334.594	3273.993	0.945	0.945	0.946
168	3300.722	3193.150	3481.440	3267.786	0.943	0.943	0.952
169	3298.435	3131.058	3410.226	3308.610	0.955	0.955	0.952
170	3281.401	3186.560	3374.443	3281.214	0.947	0.947	0.947
171	3283.493	3201.819	3392.204	3279.847	0.946	0.946	0.947
172	3280.084	3124.645	3446.047	3296.326	0.951	0.951	0.946
173	3314.421	3170.615	3514.085	3299.930	0.952	0.952	0.956
174	3281.698	3180.203	3373.184	3266.678	0.942	0.942	0.947
175	3268.983	3201.786	3363.795	3271.386	0.944	0.944	0.943
176	3252.380	3218.143	3345.243	3227.267	0.931	0.931	0.938
177	3298.570	3165.454	3440.921	3303.880	0.953	0.953	0.952
178	3266.694	3201.474	3318.558	3255.443	0.939	0.939	0.942
179	3266.376	3154.119	3330.405	3275.862	0.945	0.945	0.942
180	3342.686	3259.457	3440.092	3340.200	0.964	0.964	0.964
181	3318.762	3204.023	3423.380	3329.513	0.961	0.961	0.958
182	3315.657	3209.433	3417.097	3318.036	0.957	0.957	0.957
183	3333.209	3252.830	3405.938	3331.019	0.961	0.961	0.962
184	3290.253	3216.460	3381.383	3276.880	0.945	0.945	0.949
185	3309.056	3167.372	3412.123	3323.956	0.959	0.959	0.955
186	3287.550	3119.830	3399.336	3282.567	0.947	0.947	0.949
187	3284.475	3162.965	3375.423	3280.883	0.947	0.947	0.948
188	3377.127	3256.776	3504.878	3383.070	0.976	0.976	0.974
189	3318.654	3212.872	3409.479	3326.658	0.960	0.960	0.957
190	3327.190	3186.549	3464.166	3308.590	0.955	0.955	0.960
191	3302.638	3185.301	3406.887	3301.539	0.953	0.953	0.953
192	3295.815	3205.228	3388.062	3295.706	0.951	0.951	0.951
193	3308.683	3192.543	3429.600	3320.659	0.958	0.958	0.955
194	3321.104	3160.796	3477.005	3335.833	0.962	0.962	0.958
195	3329.947	3130.230	3506.152	3339.973	0.964	0.964	0.961
196	3301.636	3233.042	3396.668	3280.905	0.947	0.947	0.953
197	3288.610	3197.271	3344.141	3298.713	0.952	0.952	0.949
198	3291.092	3202.616	3353.029	3305.833	0.954	0.954	0.950
199	3274.772	3221.105	3385.895	3253.318	0.939	0.939	0.945
200	3299.723	3214.364	3382.146	3321.840	0.958	0.958	0.952
201	3306.406	3158.793	3412.922	3318.428	0.957	0.957	0.954
202	3312.731	3147.890	3444.597	3319.861	0.958	0.958	0.956
203	3311.406	3225.471	3380.010	3309.833	0.955	0.955	0.955
204	3321.677	3113.659	3483.267	3338.843	0.963	0.963	0.958
205	3330.562	3159.727	3524.168	3346.480	0.966	0.966	0.961
206	3317.225	3126.434	3453.353	3311.640	0.955	0.955	0.957
207	3342.493	3205.374	3422.884	3357.701	0.969	0.969	0.964
208	3272.667	3172.949	3368.250	3290.037	0.949	0.949	0.944
209	3303.932	3184.573	3420.604	3305.988	0.954	0.954	0.953
210	3280.988	3170.830	3465.241	3238.874	0.934	0.934	0.947
211	3265.954	3177.982	3402.052	3239.804	0.935	0.935	0.942
212	3289.524	3207.156	3400.075	3278.511	0.946	0.946	0.949
213	3285.103	3185.576	3410.527	3279.167	0.946	0.946	0.948
214	3318.616	3221.445	3427.667	3309.944	0.955	0.955	0.957
215	3291.062	3174.405	3403.351	3303.330	0.953	0.953	0.950
216	3298.360	3227.843	3404.314	3286.172	0.948	0.948	0.952
217	3262.521	3163.897	3342.241	3280.885	0.947	0.947	0.941
218	3270.749	3164.391	3387.658	3256.992	0.940	0.940	0.944
219	3254.627	3176.840	3410.619	3224.555	0.930	0.930	0.939
220	3261.375	3126.245	3376.930	3254.590	0.939	0.939	0.941
221	3283.508	3176.303	3379.290	3293.671	0.950	0.950	0.947
222	3251.324	3160.925	3349.317	3257.041	0.940	0.940	0.938
223	3246.214	3144.594	3365.849	3251.126	0.938	0.938	0.937
224	3272.145	3189.238	3432.459	3259.028	0.940	0.940	0.944
225	3327.030	3218.322	3496.183	3290.244	0.949	0.949	0.960
226	3278.476	3172.241	3379.117	3279.642	0.946	0.946	0.946
227	3289.491	3198.335	3404.659	3284.506	0.948	0.948	0.949
228	3277.328	3159.713	3424.169	3266.031	0.942	0.942	0.946
229	3261.399	3160.722	3375.931	3236.908	0.934	0.934	0.941
230	3300.932	3221.931	3403.452	3303.552	0.953	0.953	0.952
231	3278.467	3190.022	3390.540	3285.167	0.948	0.948	0.946
232	3276.211	3175.398	3408.464	3275.759	0.945	0.945	0.945
233	3294.960	3087.152	3622.686	3260.044	0.941	0.941	0.951
234	3263.648	3136.309	3374.839	3261.166	0.941	0.941	0.942
235	3318.496	3181.074	3494.671	3298.720	0.952	0.952	0.957
236	3332.233	3253.552	3454.638	3297.979	0.952	0.952	0.961
237	3292.154	3212.448	3339.954	3304.578	0.953	0.953	0.950
238	3280.463	3180.376	3339.915	3298.470	0.952	0.952	0.946
239	3271.969	3207.819	3389.036	3247.643	0.937	0.937	0.944
240	3269.591	3171.834	3367.273	3262.405	0.941	0.941	0.943
241	3285.387	3230.050	3324.891	3287.066	0.948	0.948	0.948
242	3292.369	3236.732	3332.868	3297.209	0.951	0.951	0.950
243	3316.928	3222.492	3522.024	3284.401	0.948	0.948	0.957
244	3339.315	3244.114	3433.995	3348.357	0.966	0.966	0.963
245	3317.550	3184.826	3409.656	3335.570	0.962	0.962	0.957
246	3298.214	3254.273	3374.608	3285.861	0.948	0.948	0.952
247	3333.458	3178.473	3431.620	3332.475	0.961	0.961	0.962
248	3285.003	3166.800	3400.213	3285.842	0.948	0.948	0.948
249	3307.090	3230.175	3361.620	3317.688	0.957	0.957	0.954
250	3312.801	3253.187	3372.299	3310.649	0.955	0.955	0.956
251	3311.032	3252.643	3372.913	3310.312	0.955	0.955	0.955
252	3292.274	3210.745	3393.750	3301.897	0.953	0.953	0.950
253	3238.451	3197.054	3300.645	3221.074	0.929	0.929	0.934
254	3290.831	3168.629	3362.961	3289.156	0.949	0.949	0.949
255	3335.645	3262.244	3425.619	3326.208	0.960	0.960	0.962
256	3297.414	3227.840	3360.693	3298.758	0.952	0.952	0.951
257	3316.119	3258.966	3356.927	3313.257	0.956	0.956	0.957
258	3263.581	3178.532	3343.486	3260.747	0.941	0.941	0.942
259	3254.454	3167.225	3315.736	3250.409	0.938	0.938	0.939
260	3262.788	3131.080	3353.399	3266.084	0.942	0.942	0.941
261	3277.422	3122.070	3399.695	3296.653	0.951	0.951	0.946
262	3331.594	3277.235	3409.913	3325.160	0.959	0.959	0.961
263	3297.994	3192.976	3393.151	3316.855	0.957	0.957	0.952
264	3325.859	3229.208	3560.821	3297.062	0.951	0.951	0.960
265	3291.039	3160.418	3430.909	3279.757	0.946	0.946	0.950
266	3285.016	3113.944	3428.539	3296.511	0.951	0.951	0.948
267	3303.276	3155.581	3395.589	3317.424	0.957	0.957	0.953
268	3338.048	3240.621	3383.143	3362.448	0.970	0.970	0.963
269	3322.747	3256.658	3428.092	3316.591	0.957	0.957	0.959
270	3285.198	3189.223	3365.573	3291.126	0.950	0.950	0.948
271	3335.813	3269.693	3437.445	3315.303	0.957	0.957	0.962
272	3336.584	3260.527	3388.958	3344.017	0.965	0.965	0.963
273	3339.396	3258.802	3438.020	3347.167	0.966	0.966	0.963
274	3329.981	3243.888	3396.649	3328.707	0.960	0.960	0.961
275	3308.901	3251.220	3340.708	3323.184	0.959	0.959	0.955
276	3296.690	3177.310	3435.667	3295.430	0.951	0.951	0.951
277	3307.227	3241.364	3497.492	3278.423	0.946	0.946	0.954
278	3328.543	3222.011	3403.197	3330.682	0.961	0.961	0.960
279	3302.762	3183.685	3464.998	3300.777	0.952	0.952	0.953
280	3320.199	3267.897	3437.402	3300.104	0.952	0.952	0.958
281	3311.095	3246.720	3411.738	3305.323	0.954	0.954	0.955
282	3322.606	3255.039	3408.366	3312.800	0.956	0.956	0.959
283	3311.078	3232.631	3403.418	3295.645	0.951	0.951	0.955
284	3339.756	3274.503	3479.042	3324.744	0.959	0.959	0.964
285	3298.969	3250.188	3332.805	3298.145	0.952	0.952	0.952
286	3308.201	3255.934	3354.824	3312.755	0.956	0.956	0.954
287	3345.738	3286.844	3397.589	3353.527	0.968	0.968	0.965
288	3325.355	3268.433	3364.711	3333.942	0.962	0.962	0.959
289	3289.781	3196.241	3376.773	3295.006	0.951	0.951	0.949
290	3360.928	3309.583	3414.930	3357.092	0.969	0.969	0.970
291	3387.295	3302.186	3471.304	3369.842	0.972	0.972	0.977
292	3325.105	3268.882	3360.479	3338.977	0.963	0.963	0.959
293	3325.439	3147.196	3435.593	3338.398	0.963	0.963	0.959
294	3324.710	3246.914	3414.304	3311.344	0.955	0.955	0.959
295	3329.277	3262.125	3439.969	3323.012	0.959	0.959	0.961
296	3321.646	3206.211	3393.362	3335.770	0.962	0.962	0.958
297	3302.992	3238.105	3367.842	3295.072	0.951	0.951	0.953
298	3306.327	3153.984	3426.571	3296.295	0.951	0.951	0.954
299	3309.284	3223.020	3400.380	3303.421	0.953	0.953	0.955
300	3331.874	3276.596	3390.599	3318.653	0.957	0.957	0.961
301	3331.340	3186.238	3436.335	3331.897	0.961	0.961	0.961
302	3340.579	3284.448	3416.854	3336.310	0.963	0.963	0.964
303	3319.437	3138.218	3459.218	3332.854	0.962	0.962	0.958
304	3325.033	3207.429	3487.709	3293.072	0.950	0.950	0.959
305	3388.358	3309.955	3486.334	3380.872	0.975	0.975	0.978
306	3324.381	3225.467	3483.102	3312.540	0.956	0.956	0.959
307	3326.752	3235.184	3444.463	3319.491	0.958	0.958	0.960
308	3375.085	3227.890	3498.665	3409.513	0.984	0.984	0.974
309	3373.552	3297.680	3473.014	3365.214	0.971	0.971	0.973
310	3325.761	3237.304	3394.741	3323.822	0.959	0.959	0.960
311	3348.010	3155.056	3450.857	3371.431	0.973	0.973	0.966
312	3356.262	3280.260	3468.127	3345.798	0.965	0.965	0.968
313	3415.114	3313.637	3544.670	3413.220	0.985	0.985	0.985
314	3367.414	3257.130	3472.957	3372.682	0.973	0.973	0.972
315	3368.717	3302.521	3502.322	3355.017	0.968	0.968	0.972
316	3349.504	3159.798	3459.802	3365.272	0.971	0.971	0.966
317	3359.124	3251.533	3435.458	3367.818	0.972	0.972	0.969
318	3384.342	3300.729	3456.630	3397.252	0.980	0.980	0.976
319	3372.590	3313.584	3452.730	3365.220	0.971	0.971	0.973
320	3384.390	3285.920	3503.146	3390.242	0.978	0.978	0.976
321	3432.513	3363.179	3576.590	3432.218	0.990	0.990	0.990
322	3371.528	3190.968	3451.899	3398.414	0.981	0.981	0.973
323	3371.224	3241.608	3524.761	3379.783	0.975	0.975	0.973
324	3353.327	3279.430	3418.619	3349.525	0.966	0.966	0.967
325	3361.163	3286.151	3413.481	3359.909	0.969	0.969	0.970
326	3356.995	3282.236	3422.907	3354.677	0.968	0.968	0.969
327	3348.983	3256.461	3458.190	3360.106	0.969	0.969	0.966
328	3382.339	3322.747	3447.903	3387.602	0.977	0.977	0.976
329	3356.482	3266.073	3477.077	3352.044	0.967	0.967	0.968
330	3364.876	3293.862	3483.854	3355.502	0.968	0.968	0.971
331	3348.073	3243.426	3409.485	3356.047	0.968	0.968	0.966
332	3352.478	3262.948	3422.569	3343.291	0.965	0.965	0.967
333	3370.747	3249.717	3470.682	3367.075	0.971	0.971	0.973
334	3386.576	3328.588	3442.907	3396.175	0.980	0.980	0.977
335	3370.752	3286.594	3450.485	3375.706	0.974	0.974	0.973
336	3347.073	3236.561	3404.694	3359.918	0.969	0.969	0.966
337	3358.485	3282.274	3466.288	3352.368	0.967	0.967	0.969
338	3389.028	3271.907	3508.932	3403.325	0.982	0.982	0.978
339	3340.807	3264.548	3472.782	3351.635	0.967	0.967	0.964
340	3388.699	3332.149	3488.427	3383.662	0.976	0.976	0.978
341	3365.162	3264.788	3448.187	3368.831	0.972	0.972	0.971
342	3322.582	3225.955	3410.402	3342.834	0.964	0.964	0.959
343	3336.544	3273.175	3416.715	3329.646	0.961	0.961	0.963
344	3390.657	3320.740	3450.963	3389.596	0.978	0.978	0.978
345	3408.330	3295.026	3524.375	3409.362	0.984	0.984	0.983
346	3388.026	3311.778	3463.458	3382.588	0.976	0.976	0.978
347	3367.796	3260.427	3463.583	3381.195	0.976	0.976	0.972
348	3363.023	3227.633	3506.496	3374.137	0.973	0.973	0.970
349	3371.760	3247.885	3471.840	3374.022	0.973	0.973	0.973
350	3386.682	3318.685	3502.098	3376.741	0.974	0.974	0.977
351	3366.384	3262.204	3487.846	3376.559	0.974	0.974	0.971
352	3370.616	3281.798	3461.052	3375.092	0.974	0.974	0.972
353	3357.223	3308.624	3417.185	3360.307	0.970	0.970	0.969
354	3346.714	3295.353	3420.622	3350.192	0.967	0.967	0.966
355	3331.618	3285.845	3397.811	3329.827	0.961	0.961	0.961
356	3402.637	3254.851	3488.467	3411.434	0.984	0.984	0.982
357	3369.141	3238.238	3472.892	3373.999	0.973	0.973	0.972
358	3385.614	3293.471	3509.971	3365.375	0.971	0.971	0.977
359	3372.197	3310.616	3460.795	3374.802	0.974	0.974	0.973
360	3400.397	3327.887	3441.253	3413.700	0.985	0.985	0.981
361	3441.599	3345.482	3542.872	3443.880	0.994	0.994	0.993
362	3414.339	3327.009	3522.233	3398.860	0.981	0.981	0.985
363	3364.431	3270.382	3460.764	3374.217	0.974	0.974	0.971
364	3397.249	3319.459	3516.924	3395.996	0.980	0.980	0.980
365	3441.783	3368.065	3530.648	3431.280	0.990	0.990	0.993
366	3406.528	3327.177	3497.837	3419.990	0.987	0.987	0.983
367	3394.723	3321.675	3503.476	3376.451	0.974	0.974	0.979
368	3404.323	3338.753	3462.326	3401.105	0.981	0.981	0.982
369	3397.057	3318.045	3586.143	3391.284	0.978	0.978	0.980
370	3411.590	3320.863	3508.860	3419.816	0.987	0.987	0.984
371	3421.213	3330.153	3525.824	3394.745	0.979	0.979	0.987
372	3396.154	3282.695	3449.380	3404.859	0.982	0.982	0.980
373	3461.415	3370.535	3575.772	3454.685	0.997	0.997	0.999
374	3444.729	3389.418	3527.624	3446.942	0.995	0.995	0.994
375	3387.300	3297.185	3491.030	3381.053	0.975	0.975	0.977
376	3354.246	3205.551	3520.872	3354.354	0.968	0.968	0.968
377	3384.606	3285.062	3492.825	3378.533	0.975	0.975	0.977
378	3418.111	3333.437	3486.999	3420.804	0.987	0.987	0.986
379	3427.495	3344.449	3486.626	3438.785	0.992	0.992	0.989
380	3401.354	3284.880	3508.708	3415.729	0.985	0.985	0.981
381	3478.888	3291.915	3610.217	3484.308	1.005	1.005	1.004
382	3362.417	3237.016	3513.404	3368.530	0.972	0.972	0.970
383	3422.480	3290.264	3554.435	3443.324	0.993	0.993	0.987
384	3400.488	3341.461	3467.853	3395.777	0.980	0.980	0.981
385	3360.302	3252.315	3431.723	3377.115	0.974	0.974	0.970
386	3426.336	3320.560	3530.121	3439.284	0.992	0.992	0.989
387	3469.389	3292.115	3612.625	3446.912	0.994	0.994	1.001
388	3452.903	3286.539	3586.843	3452.842	0.996	0.996	0.996
389	3433.376	3359.978	3526.359	3432.858	0.990	0.990	0.991
390	3431.647	3332.523	3507.242	3445.671	0.994	0.994	0.990
391	3438.822	3342.315	3558.759	3430.273	0.990	0.990	0.992
392	3444.190	3346.449	3518.828	3444.801	0.994	0.994	0.994
393	3457.972	3352.706	3554.155	3448.774	0.995	0.995	0.998
394	3439.135	3326.038	3548.770	3427.248	0.989	0.989	0.992
395	3393.410	3250.068	3507.453	3411.427	0.984	0.984	0.979
396	3447.387	3351.567	3576.284	3436.442	0.991	0.991	0.995
397	3436.662	3325.417	3547.632	3436.048	0.991	0.991	0.992
398	3448.405	3289.443	3601.824	3447.716	0.995	0.995	0.995
399	3433.919	3327.120	3541.925	3431.108	0.990	0.990	0.991
400	3427.801	3300.347	3496.737	3460.496	0.998	0.998	0.989
401	3392.160	3293.333	3475.828	3391.774	0.979	0.979	0.979
402	3442.812	3276.887	3569.651	3441.996	0.993	0.993	0.993
403	3432.800	3333.415	3545.212	3428.250	0.989	0.989	0.990
404	3457.765	3326.914	3547.042	3472.040	1.002	1.002	0.998
405	3475.853	3374.119	3624.022	3454.610	0.997	0.997	1.003
406	3486.683	3375.432	3592.719	3498.981	1.010	1.010	1.006
407	3472.748	3344.831	3594.720	3479.523	1.004	1.004	1.002
408	3450.519	3315.585	3535.094	3469.056	1.001	1.001	0.996
409	3434.662	3334.523	3518.637	3453.493	0.996	0.996	0.991
410	3412.668	3317.704	3515.244	3415.945	0.986	0.986	0.985
411	3479.669	3298.680	3593.287	3487.673	1.006	1.006	1.004
412	3496.455	3346.107	3687.172	3489.337	1.007	1.007	1.009
413	3483.201	3365.240	3587.720	3477.651	1.003	1.003	1.005
414	3453.508	3285.151	3607.573	3448.360	0.995	0.995	0.996
415	3441.125	3242.283	3571.753	3447.778	0.995	0.995	0.993
416	3487.613	3360.639	3618.668	3497.844	1.009	1.009	1.006
417	3426.397	3282.901	3532.788	3436.224	0.991	0.991	0.989
418	3457.504	3321.458	3600.278	3476.454	1.003	1.003	0.998
419	3485.512	3381.561	3577.974	3508.403	1.012	1.012	1.006
420	3468.186	3377.406	3558.227	3465.233	1.000	1.000	1.001
421	3478.680	3297.785	3677.406	3496.565	1.009	1.009	1.004
422	3460.078	3334.014	3594.836	3455.965	0.997	0.997	0.998
423	3452.860	3340.730	3566.685	3457.453	0.998	0.998	0.996
424	3468.670	3363.161	3580.100	3477.671	1.003	1.003	1.001
425	3447.218	3359.461	3531.682	3447.413	0.995	0.995	0.995
426	3411.501	3259.409	3562.801	3422.252	0.987	0.987	0.984
427	3394.531	3229.917	3631.381	3356.393	0.968	0.968	0.979
428	3385.405	3253.585	3491.761	3407.421	0.983	0.983	0.977
429	3413.617	3292.216	3601.182	3437.141	0.992	0.992	0.985
430	3402.627	3267.895	3499.740	3422.072	0.987	0.987	0.982
431	3349.278	3170.065	3574.185	3372.654	0.973	0.973	0.966
432	3441.024	3207.621	3708.800	3444.864	0.994	0.994	0.993
433	3400.557	3265.030	3624.280	3338.299	0.963	0.963	0.981
434	3356.068	3273.048	3505.247	3344.568	0.965	0.965	0.968
435	3335.813	3256.990	3467.933	3333.179	0.962	0.962	0.962
436	3374.725	3184.721	3601.546	3300.714	0.952	0.952	0.974
437	3380.261	3211.067	3648.421	3327.777	0.960	0.960	0.975
438	3395.902	3231.196	3639.515	3357.517	0.969	0.969	0.980
439	3367.701	3196.191	3527.532	3349.417	0.966	0.966	0.972
440	3412.282	3204.809	3576.031	3407.186	0.983	0.983	0.985
441	3355.822	3195.085	3510.643	3344.323	0.965	0.965	0.968
442	3355.000	3203.594	3505.167	3348.884	0.966	0.966	0.968
443	3311.441	3231.811	3462.536	3277.535	0.946	0.946	0.955
444	3310.060	3160.358	3526.317	3262.120	0.941	0.941	0.955
445	3330.825	3200.513	3409.793	3339.088	0.963	0.963	0.961
446	3378.432	3201.203	3608.366	3370.203	0.972	0.972	0.975
447	3374.959	3214.997	3573.916	3346.259	0.965	0.965	0.974
448	3344.568	3176.982	3611.402	3334.966	0.962	0.962	0.965
449	3356.093	3101.891	3599.122	3341.871	0.964	0.964	0.968
450	3373.641	3224.594	3608.175	3337.508	0.963	0.963	0.973
451	3404.823	3218.363	3743.825	3371.712	0.973	0.973	0.982
452	3376.114	3228.423	3555.910	3367.530	0.972	0.972	0.974
453	3372.883	3208.390	3589.610	3334.834	0.962	0.962	0.973
454	3424.960	3204.802	3733.184	3344.235	0.965	0.965	0.988
455	3403.661	3207.070	3768.497	3322.894	0.959	0.959	0.982
456	3433.632	3162.593	3715.190	3408.293	0.983	0.983	0.991
457	3386.244	3225.263	3677.372	3394.619	0.979	0.979	0.977
458	3412.469	3295.283	3610.758	3408.959	0.984	0.984	0.985
459	3424.802	3223.407	3664.890	3373.776	0.973	0.973	0.988
460	3442.693	3257.623	3583.016	3468.088	1.001	1.001	0.993
461	3498.267	3262.987	3722.574	3535.388	1.020	1.020	1.009
462	3476.603	3209.501	3610.457	3518.820	1.015	1.015	1.003
463	3502.713	3355.834	3672.753	3500.335	1.010	1.010	1.011
464	3485.897	3231.127	3768.913	3498.963	1.010	1.010	1.006
465	3495.393	3316.093	3651.370	3537.349	1.021	1.021	1.008
466	3504.915	3338.070	3613.680	3523.652	1.017	1.017	1.011
467	3483.995	3343.088	3588.417	3487.055	1.006	1.006	1.005
468	3481.900	3339.970	3665.704	3472.328	1.002	1.002	1.005
469	3520.408	3326.107	3746.961	3524.051	1.017	1.017	1.016
470	3548.287	3408.709	3722.834	3538.229	1.021	1.021	1.024
471	3501.199	3402.778	3649.636	3504.338	1.011	1.011	1.010
472	3583.058	3494.039	3679.560	3572.446	1.031	1.031	1.034
473	3553.000	3481.149	3601.845	3576.083	1.032	1.032	1.025
474	3572.813	3348.263	3668.209	3586.711	1.035	1.035	1.031
475	3576.537	3321.968	3783.300	3582.818	1.034	1.034	1.032
476	3583.298	3381.422	3734.568	3609.040	1.041	1.041	1.034
477	3574.931	3380.822	3669.318	3595.149	1.037	1.037	1.031
478	3540.303	3342.783	3790.417	3533.629	1.020	1.020	1.021
479	3529.797	3232.831	3797.622	3559.778	1.027	1.027	1.018
480	3555.611	3375.263	3675.447	3532.644	1.019	1.019	1.026
481	3522.587	3402.097	3668.844	3527.633	1.018	1.018	1.016
482	3566.036	3400.552	3675.062	3586.186	1.035	1.035	1.029
483	3536.223	3431.413	3628.554	3530.211	1.019	1.019	1.020
484	3499.893	3311.635	3648.677	3516.092	1.014	1.014	1.010
485	3505.124	3301.710	3702.938	3478.468	1.004	1.004	1.011
486	3495.474	3327.555	3698.993	3500.595	1.010	1.010	1.009
487	3542.442	3345.526	3764.340	3543.829	1.022	1.022	1.022
488	3463.541	3354.783	3603.448	3459.333	0.998	0.998	0.999
489	3459.621	3364.589	3566.204	3446.768	0.994	0.994	0.998
490	3442.258	3259.210	3550.215	3481.292	1.004	1.004	0.993
491	3478.040	3295.764	3633.568	3478.638	1.004	1.004	1.003
492	3457.150	3143.851	3709.681	3442.612	0.993	0.993	0.997
493	3434.650	3183.342	3611.451	3442.176	0.993	0.993	0.991
494	3428.238	3225.806	3557.357	3468.811	1.001	1.001	0.989
495	3455.127	3254.074	3704.046	3451.149	0.996	0.996	0.997
496	3507.728	3309.889	3794.275	3510.388	1.013	1.013	1.012
497	3499.747	3277.010	3779.416	3470.939	1.001	1.001	1.010
498	3439.238	3280.078	3689.413	3409.528	0.984	0.984	0.992
499	3443.736	3298.741	3603.786	3448.063	0.995	0.995	0.994
500	3442.811	3269.102	3632.778	3469.781	1.001	1.001	0.993
501	3417.765	3260.763	3627.016	3340.858	0.964	0.964	0.986
502	3446.491	3283.024	3704.897	3432.630	0.990	0.990	0.994
503	3437.833	3263.568	3612.009	3446.386	0.994	0.994	0.992
504	3489.721	3312.159	3660.738	3494.302	1.008	1.008	1.007
505	3412.318	3278.528	3608.536	3394.118	0.979	0.979	0.985
506	3417.218	3307.087	3587.578	3409.326	0.984	0.984	0.986
507	3412.183	3271.099	3622.244	3402.843	0.982	0.982	0.984
508	3386.421	3280.247	3493.531	3400.721	0.981	0.981	0.977
509	3431.776	3253.192	3582.287	3428.141	0.989	0.989	0.990
510	3405.568	3254.883	3547.658	3399.778	0.981	0.981	0.983
511	3428.416	3291.323	3566.682	3428.357	0.989	0.989	0.989
512	3400.432	3311.225	3523.546	3407.699	0.983	0.983	0.981
513	3418.242	3276.589	3568.099	3419.344	0.987	0.987	0.986
514	3525.140	3290.720	3703.457	3542.608	1.022	1.022	1.017
515	3466.079	3355.007	3615.611	3457.927	0.998	0.998	1.000
516	3449.937	3326.306	3623.599	3434.110	0.991	0.991	0.995
517	3470.268	3335.919	3601.370	3502.282	1.010	1.010	1.001
518	3457.289	3319.911	3550.363	3476.987	1.003	1.003	0.997
519	3454.595	3350.509	3584.135	3463.660	0.999	0.999	0.997
520	3462.527	3374.295	3580.356	3458.764	0.998	0.998	0.999
521	3459.436	3240.055	3594.115	3457.958	0.998	0.998	0.998
522	3511.846	3276.421	3640.662	3545.122	1.023	1.023	1.013
523	3544.111	3339.348	3662.269	3541.459	1.022	1.022	1.023
524	3574.408	3463.664	3737.684	3557.067	1.026	1.026	1.031
525	3569.868	3359.116	3728.071	3637.242	1.049	1.049	1.030
526	3580.529	3432.742	3732.804	3617.502	1.044	1.044	1.033
527	3571.962	3464.732	3834.087	3548.291	1.024	1.024	1.031
528	3533.764	3379.159	3648.697	3554.248	1.025	1.025	1.020
529	3539.935	3384.053	3664.180	3575.120	1.031	1.031	1.021
530	3609.880	3483.088	3683.322	3637.636	1.050	1.050	1.042
531	3622.731	3458.115	3744.703	3647.583	1.052	1.052	1.045
532	3555.504	3429.948	3697.094	3560.442	1.027	1.027	1.026
533	3539.273	3433.237	3658.810	3550.960	1.025	1.025	1.021
534	3602.208	3538.274	3737.142	3585.638	1.035	1.035	1.039
535	3551.254	3499.797	3629.318	3542.029	1.022	1.022	1.025
536	3569.988	3422.090	3713.527	3582.913	1.034	1.034	1.030
537	3547.956	3390.483	3688.701	3573.168	1.031	1.031	1.024
538	3584.285	3414.757	3742.706	3596.752	1.038	1.038	1.034
539	3594.588	3481.989	3680.904	3609.968	1.042	1.042	1.037
540	3620.566	3452.075	3881.904	3597.288	1.038	1.038	1.045
541	3581.513	3458.742	3702.203	3608.424	1.041	1.041	1.033
542	3538.729	3411.021	3744.407	3515.900	1.014	1.014	1.021
543	3572.095	3432.124	3695.800	3565.763	1.029	1.029	1.031
544	3666.483	3435.146	3836.495	3647.592	1.052	1.052	1.058
545	3683.384	3421.510	3769.419	3730.495	1.076	1.076	1.063
546	3576.916	3475.586	3666.658	3567.063	1.029	1.029	1.032
547	3584.327	3443.519	3739.892	3562.286	1.028	1.028	1.034
548	3611.874	3484.107	3773.365	3608.557	1.041	1.041	1.042
549	3619.643	3491.471	3779.359	3590.806	1.036	1.036	1.044
550	3607.291	3478.406	3759.758	3615.724	1.043	1.043	1.041
551	3612.590	3504.692	3719.092	3600.435	1.039	1.039	1.042
552	3558.445	3480.574	3687.643	3538.400	1.021	1.021	1.027
553	3598.049	3473.961	3704.310	3586.395	1.035	1.035	1.038
554	3559.609	3391.957	3667.226	3569.746	1.030	1.030	1.027
555	3582.725	3435.116	3680.815	3596.231	1.038	1.038	1.034
556	3570.530	3465.035	3713.895	3552.649	1.025	1.025	1.030
557	3618.834	3504.883	3719.896	3621.476	1.045	1.045	1.044
558	3561.125	3430.319	3709.563	3568.562	1.030	1.030	1.027
559	3586.096	3491.339	3675.720	3581.403	1.033	1.033	1.035
560	3536.623	3410.372	3652.273	3519.444	1.015	1.015	1.020
561	3562.712	3458.820	3703.173	3563.485	1.028	1.028	1.028
562	3539.139	3425.210	3682.821	3538.167	1.021	1.021	1.021
563	3584.276	3435.608	3712.966	3560.282	1.027	1.027	1.034
564	3606.508	3469.304	3716.810	3626.669	1.046	1.046	1.041
565	3583.997	3466.797	3683.369	3591.776	1.036	1.036	1.034
566	3591.057	3464.296	3702.351	3587.726	1.035	1.035	1.036
567	3618.762	3496.600	3723.924	3609.438	1.041	1.041	1.044
568	3607.190	3457.395	3823.849	3608.293	1.041	1.041	1.041
569	3586.288	3411.681	3712.493	3616.804	1.044	1.044	1.035
570	3615.752	3463.079	3706.876	3645.624	1.052	1.052	1.043
571	3641.088	3540.908	3769.099	3648.602	1.053	1.053	1.051
572	3619.694	3539.892	3678.257	3623.674	1.045	1.045	1.044
573	3683.456	3422.805	3775.940	3723.137	1.074	1.074	1.063
574	3684.724	3460.986	3836.639	3714.926	1.072	1.072	1.063
575	3626.012	3537.571	3758.876	3608.549	1.041	1.041	1.046
576	3626.051	3532.260	3790.468	3624.137	1.046	1.046	1.046
577	3629.094	3567.410	3830.476	3614.431	1.043	1.043	1.047
578	3632.998	3546.777	3802.151	3609.747	1.041	1.041	1.048
579	3656.990	3488.042	3786.242	3676.404	1.061	1.061	1.055
580	3642.826	3512.396	3835.519	3630.930	1.048	1.048	1.051
581	3609.623	3499.784	3818.536	3602.618	1.039	1.039	1.041
582	3656.432	3508.186	3765.894	3668.697	1.058	1.058	1.055
583	3600.025	3470.818	3687.159	3625.856	1.046	1.046	1.039
584	3605.555	3482.575	3711.293	3612.056	1.042	1.042	1.040
585	3654.605	3510.089	3794.562	3631.848	1.048	1.048	1.054
586	3622.236	3501.360	3722.660	3627.843	1.047	1.047	1.045
587	3597.982	3499.754	3721.605	3571.046	1.030	1.030	1.038
588	3589.144	3467.244	3718.872	3591.321	1.036	1.036	1.036
589	3588.787	3480.139	3777.488	3552.666	1.025	1.025	1.035
590	3624.661	3460.891	3725.202	3634.399	1.049	1.049	1.046
591	3677.979	3524.820	3869.340	3691.224	1.065	1.065	1.061
592	3632.061	3340.444	3846.002	3675.963	1.061	1.061	1.048
593	3644.385	3427.804	3800.671	3674.431	1.060	1.060	1.051
594	3639.836	3421.155	3877.026	3669.121	1.059	1.059	1.050
595	3630.437	3440.966	3847.596	3638.643	1.050	1.050	1.047
596	3636.998	3420.977	3804.035	3674.257	1.060	1.060	1.049
597	3622.611	3358.334	3890.790	3596.214	1.038	1.038	1.045
598	3630.110	3448.926	3834.580	3608.103	1.041	1.041	1.047
599	3610.320	3413.055	3798.225	3651.996	1.054	1.054	1.042
600	3621.948	3429.410	3741.729	3664.579	1.057	1.057	1.045
601	3591.092	3408.645	3693.724	3625.442	1.046	1.046	1.036
602	3572.159	3385.614	3696.879	3610.143	1.042	1.042	1.031
603	3570.717	3339.655	3755.119	3599.784	1.039	1.039	1.030
604	3515.259	3346.615	3678.927	3523.421	1.017	1.017	1.014
605	3525.909	3433.101	3621.770	3527.792	1.018	1.018	1.017
606	3498.886	3304.973	3713.798	3476.384	1.003	1.003	1.009
607	3517.329	3444.975	3611.032	3515.268	1.014	1.014	1.015
608	3555.847	3441.995	3641.839	3595.385	1.037	1.037	1.026
609	3474.713	3304.156	3647.661	3477.803	1.003	1.003	1.003
610	3525.663	3409.462	3667.519	3523.109	1.016	1.016	1.017
611	3508.654	3403.182	3608.831	3523.912	1.017	1.017	1.012
612	3454.960	3345.063	3606.051	3445.966	0.994	0.994	0.997
613	3478.586	3344.450	3582.233	3478.682	1.004	1.004	1.004
614	3517.401	3458.830	3602.444	3512.649	1.013	1.013	1.015
615	3545.083	3427.403	3631.992	3553.271	1.025	1.025	1.023
616	3513.228	3424.260	3624.068	3507.222	1.012	1.012	1.014
617	3576.166	3451.294	3679.320	3568.897	1.030	1.030	1.032
618	3513.906	3406.182	3603.396	3501.495	1.010	1.010	1.014
619	3499.569	3313.249	3648.716	3505.255	1.011	1.011	1.010
620	3524.368	3380.864	3774.313	3540.762	1.022	1.022	1.017
621	3523.618	3408.721	3654.255	3501.561	1.010	1.010	1.017
622	3528.814	3372.855	3714.983	3517.523	1.015	1.015	1.018
623	3507.489	3368.727	3660.329	3511.465	1.013	1.013	1.012
624	3515.344	3268.555	3597.799	3553.232	1.025	1.025	1.014
625	3502.947	3313.821	3618.323	3510.897	1.013	1.013	1.011
626	3519.757	3398.172	3693.158	3499.336	1.010	1.010	1.016
627	3533.963	3462.044	3690.137	3502.097	1.010	1.010	1.020
628	3572.006	3432.290	3689.850	3576.860	1.032	1.032	1.031
629	3570.105	3325.357	3786.532	3592.324	1.036	1.036	1.030
630	3540.141	3318.517	3704.863	3581.568	1.033	1.033	1.021
631	3465.795	3309.640	3580.153	3476.278	1.003	1.003	1.000
632	3534.462	3392.303	3731.551	3509.193	1.012	1.012	1.020
633	3547.640	3385.511	3711.789	3543.195	1.022	1.022	1.024
634	3496.595	3422.549	3610.385	3495.150	1.008	1.008	1.009
635	3514.915	3390.426	3610.207	3529.304	1.018	1.018	1.014
636	3540.933	3375.676	3760.567	3527.007	1.018	1.018	1.022
637	3542.513	3366.007	3672.391	3572.628	1.031	1.031	1.022
638	3543.791	3431.236	3625.464	3547.780	1.024	1.024	1.022
639	3573.097	3509.791	3633.652	3582.208	1.034	1.034	1.031
640	3529.985	3427.268	3656.727	3523.485	1.017	1.017	1.018
641	3445.066	3361.846	3557.195	3431.978	0.990	0.990	0.994
642	3505.246	3437.136	3658.808	3475.540	1.003	1.003	1.011
643	3536.538	3422.721	3624.628	3542.916	1.022	1.022	1.020
644	3498.076	3384.554	3594.960	3516.016	1.014	1.014	1.009
645	3469.019	3292.041	3567.947	3479.337	1.004	1.004	1.001
646	3490.431	3422.007	3550.942	3504.312	1.011	1.011	1.007
647	3532.364	3407.254	3759.386	3504.161	1.011	1.011	1.019
648	3514.256	3417.993	3579.428	3526.607	1.017	1.017	1.014
649	3597.315	3422.130	3845.611	3584.260	1.034	1.034	1.038
650	3540.865	3374.680	3700.500	3578.249	1.032	1.032	1.022
651	3498.497	3242.156	3628.261	3520.580	1.016	1.016	1.009
652	3461.992	3246.218	3637.721	3483.527	1.005	1.005	0.999
653	3543.286	3395.155	3712.462	3529.128	1.018	1.018	1.022
654	3547.640	3468.870	3640.348	3545.919	1.023	1.023	1.024
655	3530.714	3471.114	3657.676	3512.694	1.013	1.013	1.019
656	3513.087	3395.772	3548.215	3520.398	1.016	1.016	1.014
657	3563.342	3414.818	3766.078	3560.367	1.027	1.027	1.028
658	3548.101	3375.532	3689.369	3562.103	1.028	1.028	1.024
659	3565.581	3412.800	3737.070	3552.955	1.025	1.025	1.029
660	3592.720	3341.207	3799.668	3594.628	1.037	1.037	1.037
661	3543.035	3405.004	3666.986	3551.632	1.025	1.025	1.022
662	3500.484	3310.883	3601.644	3530.262	1.019	1.019	1.010
663	3566.308	3385.698	3737.908	3580.678	1.033	1.033	1.029
664	3580.703	3353.451	3763.687	3578.443	1.032	1.032	1.033
665	3527.639	3379.751	3762.674	3516.670	1.015	1.015	1.018
666	3486.618	3403.243	3563.132	3485.837	1.006	1.006	1.006
667	3420.782	3252.148	3600.814	3465.759	1.000	1.000	0.987
668	3486.212	3242.096	3725.285	3434.893	0.991	0.991	1.006
669	3508.491	3306.390	3672.112	3529.995	1.018	1.018	1.012
670	3518.625	3328.969	3806.672	3573.232	1.031	1.031	1.015
671	3505.204	3180.162	3754.291	3563.997	1.028	1.028	1.011
672	3483.352	3292.123	3734.459	3489.014	1.007	1.007	1.005
673	3473.671	3327.906	3697.406	3453.343	0.996	0.996	1.002
674	3499.660	3304.537	3676.987	3546.364	1.023	1.023	1.010
675	3463.010	3302.220	3749.426	3436.888	0.992	0.992	0.999
676	3496.382	3374.496	3633.450	3477.941	1.003	1.003	1.009
677	3488.408	3338.685	3645.865	3488.365	1.006	1.006	1.006
678	3530.811	3298.699	3713.773	3600.217	1.039	1.039	1.019
679	3474.443	3339.874	3697.301	3457.627	0.998	0.998	1.002
680	3453.703	3288.646	3619.271	3451.723	0.996	0.996	0.996
681	3490.955	3330.442	3710.327	3450.627	0.996	0.996	1.007
682	3477.943	3228.105	3691.634	3470.338	1.001	1.001	1.003
683	3496.878	3279.421	3734.894	3498.254	1.009	1.009	1.009
684	3490.683	3286.788	3622.364	3545.420	1.023	1.023	1.007
685	3497.214	3278.194	3728.917	3535.048	1.020	1.020	1.009
686	3484.545	3319.431	3587.925	3518.689	1.015	1.015	1.005
687	3472.634	3243.613	3691.062	3465.219	1.000	1.000	1.002
688	3485.453	3281.499	3789.774	3436.289	0.991	0.991	1.006
689	3477.624	3314.903	3639.343	3454.265	0.997	0.997	1.003
690	3401.349	3203.165	3553.948	3371.940	0.973	0.973	0.981
691	3417.720	3278.885	3547.367	3425.625	0.988	0.988	0.986
692	3420.826	3252.115	3600.871	3399.279	0.981	0.981	0.987
693	3387.403	3220.004	3568.405	3391.212	0.978	0.978	0.977
694	3406.581	3244.061	3530.930	3396.492	0.980	0.980	0.983
695	3449.037	3322.763	3622.872	3438.899	0.992	0.992	0.995
696	3452.106	3284.810	3634.608	3448.020	0.995	0.995	0.996
697	3455.269	3307.292	3624.329	3420.319	0.987	0.987	0.997
698	3471.162	3372.995	3579.621	3470.095	1.001	1.001	1.001
699	3486.513	3387.417	3667.143	3460.571	0.998	0.998	1.006
700	3448.981	3325.747	3596.429	3432.512	0.990	0.990	0.995
701	3427.665	3302.180	3582.760	3427.831	0.989	0.989	0.989
702	3452.808	3269.554	3646.667	3435.708	0.991	0.991	0.996
703	3468.531	3278.844	3692.651	3466.667	1.000	1.000	1.001
704	3422.520	3204.198	3566.067	3473.481	1.002	1.002	0.987
705	3486.132	3323.231	3671.624	3464.226	0.999	0.999	1.006
706	3416.433	3267.068	3565.890	3416.971	0.986	0.986	0.986
707	3395.692	3222.626	3592.036	3390.137	0.978	0.978	0.980
708	3413.213	3223.098	3541.723	3475.718	1.003	1.003	0.985
709	3466.069	3251.481	3601.666	3492.817	1.008	1.008	1.000
710	3504.827	3328.991	3639.465	3552.630	1.025	1.025	1.011
711	3486.953	3254.531	3746.624	3503.752	1.011	1.011	1.006
712	3517.466	3232.216	3779.494	3535.967	1.020	1.020	1.015
713	3505.347	3300.019	3701.432	3524.824	1.017	1.017	1.011
714	3549.736	3354.012	3836.979	3462.416	0.999	0.999	1.024
715	3557.425	3384.120	3739.951	3525.155	1.017	1.017	1.026
716	3526.470	3435.083	3693.482	3508.146	1.012	1.012	1.017
717	3460.496	3334.230	3545.973	3498.004	1.009	1.009	0.998
718	3501.638	3313.921	3660.527	3535.912	1.020	1.020	1.010
719	3509.478	3300.148	3653.082	3579.706	1.033	1.033	1.013
720	3482.532	3340.547	3656.152	3478.431	1.004	1.004	1.005
721	3452.856	3325.257	3578.402	3468.229	1.001	1.001	0.996
722	3496.858	3354.888	3664.670	3510.661	1.013	1.013	1.009
723	3466.105	3306.338	3611.097	3464.715	1.000	1.000	1.000
724	3455.154	3325.527	3580.289	3497.232	1.009	1.009	0.997
725	3472.854	3373.364	3601.477	3473.010	1.002	1.002	1.002
726	3410.048	3363.375	3468.828	3415.260	0.985	0.985	0.984
727	3414.906	3334.332	3560.405	3402.655	0.982	0.982	0.985
728	3388.998	3323.205	3453.733	3396.161	0.980	0.980	0.978
729	3423.675	3322.356	3522.311	3411.539	0.984	0.984	0.988
730	3435.671	3337.296	3524.710	3449.973	0.995	0.995	0.991
731	3417.514	3353.016	3515.230	3409.989	0.984	0.984	0.986
732	3429.774	3378.031	3498.056	3424.287	0.988	0.988	0.990
733	3395.203	3336.463	3466.418	3391.688	0.979	0.979	0.980
734	3359.116	3201.269	3467.072	3385.813	0.977	0.977	0.969
735	3368.266	3288.378	3432.939	3386.006	0.977	0.977	0.972
736	3384.880	3301.616	3483.429	3361.870	0.970	0.970	0.977
737	3396.147	3282.594	3506.899	3397.878	0.980	0.980	0.980
738	3372.880	3280.530	3429.486	3382.405	0.976	0.976	0.973
739	3351.425	3292.130	3441.324	3349.764	0.966	0.966	0.967
740	3368.553	3268.479	3486.041	3365.401	0.971	0.971	0.972
741	3355.763	3193.158	3471.825	3361.467	0.970	0.970	0.968
742	3374.787	3257.104	3533.550	3342.993	0.965	0.965	0.974
743	3344.502	3171.187	3539.263	3343.750	0.965	0.965	0.965
744	3343.322	3250.971	3427.915	3344.649	0.965	0.965	0.965
745	3368.221	3218.453	3453.684	3397.315	0.980	0.980	0.972
746	3389.025	3283.815	3573.863	3381.401	0.976	0.976	0.978
747	3385.396	3321.933	3485.002	3372.087	0.973	0.973	0.977
748	3390.024	3338.944	3439.964	3388.501	0.978	0.978	0.978
749	3359.383	3249.381	3470.960	3366.692	0.971	0.971	0.969
750	3370.334	3245.180	3501.642	3343.182	0.965	0.965	0.972
751	3390.236	3178.855	3549.320	3403.416	0.982	0.982	0.978
752	3387.922	3166.758	3555.644	3403.879	0.982	0.982	0.977
753	3402.891	3273.150	3504.728	3427.541	0.989	0.989	0.982
754	3380.330	3276.765	3524.523	3372.437	0.973	0.973	0.975
755	3357.852	3263.147	3492.823	3331.417	0.961	0.961	0.969
756	3411.549	3321.668	3551.744	3402.011	0.982	0.982	0.984
757	3386.104	3222.515	3553.244	3387.099	0.977	0.977	0.977
758	3389.959	3231.995	3570.129	3354.139	0.968	0.968	0.978
759	3343.531	3187.825	3549.555	3349.896	0.967	0.967	0.965
760	3356.450	3201.626	3510.987	3325.146	0.959	0.959	0.968
761	3343.325	3186.245	3489.767	3346.570	0.966	0.966	0.965
762	3388.011	3234.676	3549.953	3375.637	0.974	0.974	0.977
763	3351.947	3229.594	3476.960	3354.321	0.968	0.968	0.967
764	3342.387	3197.588	3447.459	3358.726	0.969	0.969	0.964
765	3331.395	3223.004	3583.762	3303.423	0.953	0.953	0.961
766	3327.007	3240.296	3499.222	3302.227	0.953	0.953	0.960
767	3347.408	3164.724	3500.764	3335.326	0.962	0.962	0.966
768	3410.089	3284.899	3566.116	3403.307	0.982	0.982	0.984
769	3423.465	3286.769	3637.684	3352.643	0.967	0.967	0.988
770	3353.015	3207.974	3437.689	3359.215	0.969	0.969	0.967
771	3357.373	3216.725	3520.168	3346.410	0.965	0.965	0.969
772	3288.027	3191.635	3375.947	3286.041	0.948	0.948	0.949
773	3310.706	3192.136	3494.409	3313.645	0.956	0.956	0.955
774	3308.161	3193.047	3392.110	3315.577	0.957	0.957	0.954
775	3334.312	3216.976	3443.711	3349.084	0.966	0.966	0.962
776	3284.288	3169.533	3479.888	3275.216	0.945	0.945	0.948
777	3311.336	3195.107	3486.603	3293.390	0.950	0.950	0.955
778	3329.798	3215.041	3477.232	3335.204	0.962	0.962	0.961
779	3340.609	3220.741	3501.846	3320.897	0.958	0.958	0.964
780	3307.719	3157.596	3466.537	3289.070	0.949	0.949	0.954
781	3292.822	3176.565	3369.109	3297.116	0.951	0.951	0.950
782	3362.050	3241.057	3498.601	3368.087	0.972	0.972	0.970
783	3302.334	3244.486	3361.237	3311.048	0.955	0.955	0.953
784	3296.888	3165.520	3409.329	3289.516	0.949	0.949	0.951
785	3310.066	3161.008	3487.389	3296.113	0.951	0.951	0.955
786	3304.395	3163.013	3432.705	3312.661	0.956	0.956	0.953
787	3332.074	3238.925	3445.241	3321.632	0.958	0.958	0.961
788	3322.646	3192.707	3453.653	3315.597	0.957	0.957	0.959
789	3351.594	3225.278	3475.770	3331.012	0.961	0.961	0.967
790	3343.156	3198.800	3582.866	3316.727	0.957	0.957	0.965
791	3345.076	3221.741	3524.754	3341.681	0.964	0.964	0.965
792	3286.855	3186.389	3434.858	3296.337	0.951	0.951	0.948
793	3263.244	3175.525	3420.228	3221.494	0.929	0.929	0.942
794	3300.982	3216.520	3403.907	3298.527	0.952	0.952	0.952
795	3308.936	3199.392	3457.021	3311.347	0.955	0.955	0.955
796	3350.157	3260.802	3484.193	3322.681	0.959	0.959	0.967
797	3375.459	3245.171	3588.045	3344.172	0.965	0.965	0.974
798	3359.036	3212.395	3602.181	3340.255	0.964	0.964	0.969
799	3314.746	3256.535	3411.858	3310.973	0.955	0.955	0.956
800	3310.339	3225.015	3382.432	3297.689	0.951	0.951	0.955
801	3317.478	3160.761	3473.228	3313.053	0.956	0.956	0.957
802	3340.497	3253.036	3454.166	3338.959	0.963	0.963	0.964
803	3317.772	3189.856	3417.917	3352.457	0.967	0.967	0.957
804	3314.163	3225.275	3464.530	3311.175	0.955	0.955	0.956
805	3308.040	3212.101	3450.188	3298.681	0.952	0.952	0.954
806	3309.966	3095.026	3433.521	3304.498	0.953	0.953	0.955
807	3318.163	3250.357	3506.720	3280.941	0.947	0.947	0.957
808	3310.592	3193.928	3502.806	3289.217	0.949	0.949	0.955
809	3310.796	3164.150	3434.059	3328.297	0.960	0.960	0.955
810	3290.400	3151.937	3366.998	3317.535	0.957	0.957	0.949
811	3303.948	3187.147	3428.682	3291.703	0.950	0.950	0.953
812	3290.158	3217.150	3425.663	3274.165	0.945	0.945	0.949
813	3308.126	3222.245	3397.767	3316.227	0.957	0.957	0.954
814	3293.698	3205.271	3428.040	3285.919	0.948	0.948	0.950
815	3328.011	3215.335	3461.831	3313.536	0.956	0.956	0.960
816	3300.379	3213.534	3352.716	3295.316	0.951	0.951	0.952
817	3294.548	3207.911	3377.845	3290.341	0.949	0.949	0.951
818	3295.913	3167.583	3376.266	3305.445	0.954	0.954	0.951
819	3316.625	3183.259	3450.890	3311.752	0.955	0.955	0.957
820	3318.465	3208.840	3452.881	3314.399	0.956	0.956	0.957
821	3315.600	3228.641	3485.333	3289.994	0.949	0.949	0.957
822	3287.268	3207.918	3382.625	3282.751	0.947	0.947	0.948
823	3289.539	3163.697	3405.492	3284.952	0.948	0.948	0.949
824	3296.623	3231.993	3408.995	3275.605	0.945	0.945	0.951
825	3329.145	3195.594	3523.270	3299.932	0.952	0.952	0.961
826	3342.068	3255.129	3513.063	3324.346	0.959	0.959	0.964
827	3336.525	3261.789	3414.637	3327.603	0.960	0.960	0.963
828	3335.305	3233.180	3393.209	3351.610	0.967	0.967	0.962
829	3311.213	3258.344	3417.904	3297.906	0.952	0.952	0.955
830	3343.215	3247.171	3483.076	3325.826	0.960	0.960	0.965
831	3332.494	3206.079	3464.058	3339.029	0.963	0.963	0.961
832	3319.969	3229.972	3408.448	3321.625	0.958	0.958	0.958
833	3338.801	3289.452	3389.115	3349.861	0.966	0.966	0.963
834	3310.586	3220.750	3393.950	3319.988	0.958	0.958	0.955
835	3285.119	3198.519	3374.584	3289.258	0.949	0.949	0.948
836	3308.628	3233.364	3411.745	3312.961	0.956	0.956	0.955
837	3327.315	3210.768	3448.999	3311.731	0.955	0.955	0.960
838	3302.810	3166.323	3424.620	3305.108	0.954	0.954	0.953
839	3272.511	3196.680	3442.642	3244.858	0.936	0.936	0.944
840	3266.254	3208.253	3323.025	3268.596	0.943	0.943	0.942
841	3287.144	3239.711	3334.200	3288.702	0.949	0.949	0.948
842	3316.482	3194.987	3409.557	3326.720	0.960	0.960	0.957
843	3300.542	3177.889	3368.404	3326.941	0.960	0.960	0.952
844	3304.200	3250.387	3387.642	3301.618	0.953	0.953	0.953
845	3304.756	3192.676	3423.264	3317.850	0.957	0.957	0.953
846	3261.029	3134.214	3353.088	3293.362	0.950	0.950	0.941
847	3275.319	3173.988	3405.350	3271.152	0.944	0.944	0.945
848	3280.470	3206.514	3373.519	3265.017	0.942	0.942	0.946
849	3332.268	3187.750	3518.222	3299.746	0.952	0.952	0.961
850	3306.125	3225.058	3416.126	3292.941	0.950	0.950	0.954
851	3335.140	3231.896	3463.562	3333.110	0.962	0.962	0.962
852	3300.816	3180.942	3387.354	3311.621	0.955	0.955	0.952
853	3297.541	3164.246	3437.418	3275.833	0.945	0.945	0.951
854	3269.066	3223.802	3334.251	3256.224	0.939	0.939	0.943
855	3281.758	3181.441	3409.604	3270.109	0.943	0.943	0.947
856	3303.477	3193.761	3378.382	3324.668	0.959	0.959	0.953
857	3321.858	3246.957	3428.392	3311.060	0.955	0.955	0.958
858	3327.050	3252.390	3513.721	3308.970	0.955	0.955	0.960
859	3286.336	3198.428	3413.656	3265.690	0.942	0.942	0.948
860	3279.513	3142.219	3368.263	3279.635	0.946	0.946	0.946
861	3327.589	3208.227	3451.449	3318.264	0.957	0.957	0.960
862	3333.675	3253.830	3383.104	3335.038	0.962	0.962	0.962
863	3330.200	3271.186	3428.005	3316.907	0.957	0.957	0.961
864	3275.924	3177.670	3368.782	3283.673	0.947	0.947	0.945
865	3291.792	3195.642	3487.792	3273.067	0.944	0.944	0.950
866	3302.726	3188.495	3483.409	3286.018	0.948	0.948	0.953
867	3288.975	3111.103	3483.072	3268.177	0.943	0.943	0.949
868	3299.509	3146.927	3462.711	3280.418	0.946	0.946	0.952
869	3273.571	3210.928	3334.028	3286.129	0.948	0.948	0.944
870	3276.504	3176.268	3407.278	3274.921	0.945	0.945	0.945
871	3298.637	3242.872	3368.164	3296.101	0.951	0.951	0.952
872	3302.717	3213.491	3382.658	3289.099	0.949	0.949	0.953
873	3334.604	3235.308	3388.684	3348.023	0.966	0.966	0.962
874	3306.248	3212.059	3497.536	3283.605	0.947	0.947	0.954
875	3306.492	3211.537	3417.484	3292.935	0.950	0.950	0.954
876	3284.743	3169.392	3443.187	3254.993	0.939	0.939	0.948
877	3275.616	3137.955	3406.761	3288.198	0.949	0.949	0.945
878	3335.248	3228.333	3496.473	3316.724	0.957	0.957	0.962
879	3325.296	3195.344	3433.967	3323.127	0.959	0.959	0.959
880	3300.401	3200.979	3406.993	3282.751	0.947	0.947	0.952
881	3284.322	3224.854	3356.841	3285.877	0.948	0.948	0.948
882	3304.424	3196.070	3405.128	3325.896	0.960	0.960	0.953
883	3281.989	3158.455	3414.645	3273.600	0.944	0.944	0.947
884	3297.194	3174.947	3499.510	3257.133	0.940	0.940	0.951
885	3307.759	3184.484	3440.737	3296.647	0.951	0.951	0.954
886	3309.875	3210.561	3478.890	3283.391	0.947	0.947	0.955
887	3267.531	3184.641	3378.143	3273.802	0.945	0.945	0.943
888	3267.117	3145.680	3349.298	3280.205	0.946	0.946	0.943
889	3264.752	3165.338	3365.805	3261.650	0.941	0.941	0.942
890	3260.536	3210.933	3333.210	3261.124	0.941	0.941	0.941
891	3242.698	3137.985	3351.022	3237.386	0.934	0.934	0.936
892	3254.788	3193.375	3338.277	3238.688	0.934	0.934	0.939
893	3295.015	3213.476	3393.632	3296.823	0.951	0.951	0.951
894	3313.929	3193.952	3503.879	3310.509	0.955	0.955	0.956
895	3321.531	3242.058	3416.970	3316.218	0.957	0.957	0.958
896	3257.770	3153.937	3345.792	3237.266	0.934	0.934	0.940
897	3253.452	3167.931	3374.877	3227.154	0.931	0.931	0.939
898	3270.920	3209.286	3364.574	3241.222	0.935	0.935	0.944
899	3252.564	3192.142	3328.028	3245.720	0.936	0.936	0.938
900	3303.119	3167.471	3500.007	3289.348	0.949	0.949	0.953
901	3283.792	3153.786	3412.812	3270.354	0.944	0.944	0.947
902	3315.504	3167.627	3441.736	3322.062	0.958	0.958	0.957
903	3290.716	3181.451	3429.575	3254.589	0.939	0.939	0.949
904	3227.350	3145.288	3326.816	3231.748	0.932	0.932	0.931
905	3275.448	3132.371	3401.560	3272.982	0.944	0.944	0.945
906	3291.375	3220.241	3362.100	3282.195	0.947	0.947	0.950
907	3292.867	3181.137	3380.658	3311.600	0.955	0.955	0.950
908	3264.175	3183.550	3357.529	3265.663	0.942	0.942	0.942
909	3264.688	3138.681	3378.768	3273.801	0.945	0.945	0.942
910	3256.845	3176.573	3415.481	3226.378	0.931	0.931	0.940
911	3266.542	3177.169	3402.162	3250.588	0.938	0.938	0.942
912	3270.037	3177.380	3356.858	3283.647	0.947	0.947	0.943
913	3257.781	3198.038	3357.770	3251.474	0.938	0.938	0.940
914	3242.200	3149.973	3329.783	3222.789	0.930	0.930	0.935
915	3288.158	3222.342	3387.887	3275.843	0.945	0.945	0.949
916	3276.147	3205.519	3445.559	3238.566	0.934	0.934	0.945
917	3273.817	3196.449	3401.744	3255.428	0.939	0.939	0.945
918	3290.103	3209.621	3450.018	3272.656	0.944	0.944	0.949
919	3297.707	3203.789	3406.373	3283.444	0.947	0.947	0.951
920	3307.571	3221.861	3433.833	3285.700	0.948	0.948	0.954
921	3304.058	3224.532	3477.165	3275.849	0.945	0.945	0.953
922	3241.077	3169.376	3417.511	3198.355	0.923	0.923	0.935
923	3279.181	3192.277	3378.541	3281.123	0.947	0.947	0.946
924	3301.544	3235.434	3398.694	3294.852	0.951	0.951	0.953
925	3271.287	3168.371	3394.963	3270.268	0.944	0.944	0.944
926	3283.932	3220.628	3341.348	3286.508	0.948	0.948	0.947
927	3252.187	3210.783	3283.394	3256.299	0.939	0.939	0.938
928	3264.767	3223.545	3298.752	3263.253	0.942	0.942	0.942
929	3296.703	3242.312	3331.005	3288.737	0.949	0.949	0.951
930	3312.285	3236.708	3386.470	3306.282	0.954	0.954	0.956
931	3250.994	3138.985	3343.538	3256.289	0.939	0.939	0.938
932	3256.208	3193.554	3357.700	3244.698	0.936	0.936	0.939
933	3230.217	3177.625	3272.978	3236.066	0.934	0.934	0.932
934	3237.976	3162.232	3325.961	3239.808	0.935	0.935	0.934
935	3265.355	3163.334	3430.818	3261.156	0.941	0.941	0.942
936	3291.013	3208.992	3369.299	3284.720	0.948	0.948	0.950
937	3253.694	3058.363	3357.152	3281.094	0.947	0.947	0.939
938	3264.946	3138.378	3364.144	3276.560	0.945	0.945	0.942
939	3265.125	3182.708	3380.635	3254.108	0.939	0.939	0.942
940	3275.342	3200.713	3369.519	3270.804	0.944	0.944	0.945
941	3267.160	3164.224	3335.862	3305.829	0.954	0.954	0.943
942	3284.445	3224.001	3389.762	3270.646	0.944	0.944	0.948
943	3259.367	3204.125	3355.080	3259.679	0.940	0.940	0.940
944	3285.826	3165.561	3427.921	3310.692	0.955	0.955	0.948
945	3302.046	3194.173	3369.543	3321.944	0.958	0.958	0.953
946	3263.486	3124.936	3340.674	3279.181	0.946	0.946	0.942
947	3262.473	3150.232	3382.362	3249.322	0.937	0.937	0.941
948	3271.082	3202.109	3343.533	3272.340	0.944	0.944	0.944
949	3319.107	3239.859	3463.088	3325.572	0.959	0.959	0.958
950	3318.526	3178.685	3459.673	3327.795	0.960	0.960	0.957
951	3295.900	3150.800	3503.896	3251.592	0.938	0.938	0.951
952	3287.807	3222.828	3355.514	3290.136	0.949	0.949	0.949
953	3283.440	3182.711	3419.774	3273.290	0.944	0.944	0.947
954	3279.479	3128.604	3340.804	3314.976	0.956	0.956	0.946
955	3291.030	3139.070	3409.580	3281.471	0.947	0.947	0.950
956	3283.063	3162.976	3425.965	3286.664	0.948	0.948	0.947
957	3289.785	3240.407	3365.646	3276.429	0.945	0.945	0.949
958	3319.330	3229.862	3443.112	3323.187	0.959	0.959	0.958
959	3310.216	3203.848	3411.759	3291.723	0.950	0.950	0.955
960	3302.040	3152.249	3511.163	3289.914	0.949	0.949	0.953
961	3306.295	3232.776	3360.762	3305.469	0.954	0.954	0.954
962	3296.803	3207.900	3440.352	3292.146	0.950	0.950	0.951
963	3260.763	3180.806	3367.534	3253.878	0.939	0.939	0.941
964	3309.201	3201.932	3560.009	3284.617	0.948	0.948	0.955
965	3290.587	3182.253	3384.749	3314.675	0.956	0.956	0.949
966	3311.133	3261.448	3465.686	3280.063	0.946	0.946	0.955
967	3288.732	3130.354	3406.943	3275.543	0.945	0.945	0.949
968	3291.168	3186.385	3420.711	3277.834	0.946	0.946	0.950
969	3272.113	3021.748	3485.267	3256.617	0.940	0.940	0.944
970	3253.301	3114.859	3416.602	3240.094	0.935	0.935	0.939
971	3273.820	3178.663	3353.336	3279.656	0.946	0.946	0.945
972	3307.974	3225.823	3423.854	3294.576	0.951	0.951	0.954
973	3300.696	3176.221	3431.279	3299.238	0.952	0.952	0.952
974	3289.120	3190.615	3378.463	3286.276	0.948	0.948	0.949
975	3304.522	3238.667	3412.326	3285.787	0.948	0.948	0.953
976	3335.899	3257.600	3540.142	3315.241	0.957	0.957	0.962
977	3332.721	3225.106	3426.711	3344.854	0.965	0.965	0.962
978	3315.851	3178.001	3405.138	3311.399	0.955	0.955	0.957
979	3324.830	3262.183	3438.787	3307.313	0.954	0.954	0.959
980	3303.895	3220.913	3499.238	3285.597	0.948	0.948	0.953
981	3300.118	3245.591	3346.086	3308.936	0.955	0.955	0.952
982	3298.638	3182.972	3391.490	3315.760	0.957	0.957	0.952
983	3316.850	3277.632	3412.198	3297.141	0.951	0.951	0.957
984	3303.236	3256.875	3353.413	3302.000	0.953	0.953	0.953
985	3290.295	3220.120	3360.223	3280.823	0.947	0.947	0.949
986	3310.070	3207.452	3367.147	3324.809	0.959	0.959	0.955
987	3314.501	3221.841	3371.437	3334.730	0.962	0.962	0.956
988	3301.774	3163.039	3377.206	3312.327	0.956	0.956	0.953
989	3314.664	3228.848	3382.059	3311.998	0.956	0.956	0.956
990	3303.495	3192.404	3403.416	3326.764	0.960	0.960	0.953
991	3342.883	3199.318	3503.879	3335.605	0.962	0.962	0.964
992	3340.825	3289.031	3426.565	3337.945	0.963	0.963	0.964
993	3356.578	3271.926	3442.584	3364.920	0.971	0.971	0.968
994	3323.936	3234.351	3423.449	3320.525	0.958	0.958	0.959
995	3328.664	3210.031	3399.753	3339.079	0.963	0.963	0.960
996	3351.555	3238.329	3464.839	3329.712	0.961	0.961	0.967
997	3332.463	3246.514	3444.546	3340.461	0.964	0.964	0.961
998	3356.027	3265.215	3449.145	3345.292	0.965	0.965	0.968
999	3336.251	3223.700	3420.302	3347.753	0.966	0.966	0.963
1000	3292.632	3219.050	3346.525	3301.509	0.953	0.953	0.950
1001	3315.415	3249.576	3382.013	3306.387	0.954	0.954	0.957
1002	3330.111	3230.277	3444.860	3329.381	0.961	0.961	0.961
1003	3334.430	3251.392	3430.901	3340.853	0.964	0.964	0.962
1004	3338.448	3261.354	3412.622	3332.769	0.962	0.962	0.963
1005	3338.804	3294.551	3414.766	3326.725	0.960	0.960	0.963
1006	3348.168	3262.956	3469.005	3347.146	0.966	0.966	0.966
1007	3341.227	3207.522	3427.001	3358.939	0.969	0.969	0.964
1008	3293.405	3203.803	3364.144	3298.506	0.952	0.952	0.950
1009	3328.311	3167.255	3454.966	3331.587	0.961	0.961	0.960
1010	3344.587	3257.228	3455.327	3343.890	0.965	0.965	0.965
1011	3329.925	3213.110	3409.732	3341.434	0.964	0.964	0.961
1012	3356.543	3245.426	3422.623	3368.930	0.972	0.972	0.968
1013	3309.788	3230.057	3381.219	3319.518	0.958	0.958	0.955
1014	3313.238	3254.278	3389.621	3310.333	0.955	0.955	0.956
1015	3318.797	3232.202	3411.215	3326.526	0.960	0.960	0.958
1016	3351.609	3267.815	3523.938	3343.981	0.965	0.965	0.967
1017	3338.295	3216.900	3436.048	3338.854	0.963	0.963	0.963
1018	3365.157	3293.773	3467.132	3354.318	0.968	0.968	0.971
1019	3353.153	3242.081	3422.012	3363.651	0.970	0.970	0.967
1020	3341.026	3265.506	3410.930	3360.105	0.969	0.969	0.964
1021	3345.992	3262.664	3399.045	3350.062	0.967	0.967	0.965
1022	3386.747	3326.767	3482.728	3376.305	0.974	0.974	0.977
1023	3357.682	3306.841	3448.792	3340.854	0.964	0.964	0.969
1024	3374.740	3277.287	3464.521	3381.952	0.976	0.976	0.974
1025	3378.951	3243.951	3533.799	3379.157	0.975	0.975	0.975
1026	3376.254	3266.395	3511.553	3409.599	0.984	0.984	0.974
1027	3374.251	3295.766	3430.369	3373.142	0.973	0.973	0.974
1028	3360.057	3259.455	3439.435	3366.265	0.971	0.971	0.969
1029	3379.315	3313.611	3502.337	3355.454	0.968	0.968	0.975
1030	3390.448	3249.151	3508.481	3393.568	0.979	0.979	0.978
1031	3386.849	3340.483	3433.337	3390.320	0.978	0.978	0.977
1032	3345.551	3308.259	3391.255	3342.283	0.964	0.964	0.965
1033	3334.870	3262.560	3421.003	3345.413	0.965	0.965	0.962
1034	3357.961	3307.892	3409.901	3358.291	0.969	0.969	0.969
1035	3357.815	3273.648	3439.218	3358.494	0.969	0.969	0.969
1036	3391.494	3315.646	3473.545	3388.414	0.978	0.978	0.979
1037	3413.276	3336.786	3480.626	3436.400	0.991	0.991	0.985
1038	3380.567	3324.840	3474.021	3387.501	0.977	0.977	0.975
1039	3386.311	3324.574	3428.839	3398.032	0.980	0.980	0.977
1040	3340.729	3240.424	3406.071	3352.085	0.967	0.967	0.964
1041	3302.441	3219.866	3360.141	3325.996	0.960	0.960	0.953
1042	3374.468	3278.625	3506.387	3379.204	0.975	0.975	0.974
1043	3371.472	3276.003	3453.849	3378.473	0.975	0.975	0.973
1044	3376.585	3315.459	3461.500	3373.267	0.973	0.973	0.974
1045	3375.134	3245.777	3474.247	3379.712	0.975	0.975	0.974
1046	3386.989	3277.452	3465.696	3407.228	0.983	0.983	0.977
1047	3364.488	3276.411	3457.776	3355.910	0.968	0.968	0.971
1048	3418.853	3289.509	3483.283	3434.337	0.991	0.991	0.986
1049	3378.523	3243.938	3453.969	3403.092	0.982	0.982	0.975
1050	3393.660	3292.300	3545.905	3382.340	0.976	0.976	0.979
1051	3367.989	3286.510	3440.724	3363.827	0.971	0.971	0.972
1052	3370.182	3300.814	3482.401	3347.420	0.966	0.966	0.972
1053	3379.334	3303.154	3435.802	3387.049	0.977	0.977	0.975
1054	3385.629	3318.743	3451.673	3409.219	0.984	0.984	0.977
1055	3370.719	3246.022	3423.316	3399.843	0.981	0.981	0.973
1056	3401.285	3201.330	3481.330	3428.565	0.989	0.989	0.981
1057	3368.240	3253.861	3497.211	3372.250	0.973	0.973	0.972
1058	3356.865	3263.977	3505.159	3362.906	0.970	0.970	0.969
1059	3362.887	3253.150	3416.729	3368.938	0.972	0.972	0.970
1060	3401.114	3347.476	3498.066	3393.117	0.979	0.979	0.981
1061	3389.316	3297.082	3463.959	3397.460	0.980	0.980	0.978
1062	3404.115	3322.083	3447.760	3417.099	0.986	0.986	0.982
1063	3407.334	3308.596	3654.262	3384.047	0.976	0.976	0.983
1064	3398.666	3324.937	3535.231	3376.227	0.974	0.974	0.981
1065	3365.567	3258.395	3427.380	3377.416	0.974	0.974	0.971
1066	3385.631	3206.859	3469.145	3413.026	0.985	0.985	0.977
1067	3394.975	3328.822	3443.665	3393.345	0.979	0.979	0.980
1068	3375.042	3311.207	3430.788	3377.967	0.975	0.975	0.974
1069	3387.678	3270.322	3459.986	3396.366	0.980	0.980	0.977
1070	3383.849	3292.167	3448.608	3403.551	0.982	0.982	0.976
1071	3364.865	3275.365	3519.220	3345.612	0.965	0.965	0.971
1072	3328.833	3244.485	3374.605	3352.207	0.967	0.967	0.960
1073	3378.030	3207.692	3486.285	3385.774	0.977	0.977	0.975
1074	3365.553	3299.460	3458.432	3354.251	0.968	0.968	0.971
1075	3389.555	3280.508	3531.974	3371.443	0.973	0.973	0.978
1076	3396.066	3317.123	3441.097	3410.177	0.984	0.984	0.980
1077	3377.181	3223.202	3449.030	3402.941	0.982	0.982	0.974
1078	3422.044	3340.940	3494.469	3418.502	0.986	0.986	0.987
1079	3378.352	3274.789	3526.784	3381.209	0.976	0.976	0.975
1080	3347.112	3271.127	3397.780	3365.689	0.971	0.971	0.966
1081	3329.963	3234.311	3400.793	3334.185	0.962	0.962	0.961
1082	3339.611	3237.119	3519.350	3336.827	0.963	0.963	0.964
1083	3314.844	3237.981	3416.583	3313.934	0.956	0.956	0.956
1084	3400.867	3352.888	3465.680	3400.744	0.981	0.981	0.981
1085	3402.378	3250.881	3555.520	3396.952	0.980	0.980	0.982
1086	3412.859	3319.195	3501.040	3415.982	0.986	0.986	0.985
1087	3384.204	3260.695	3459.682	3393.853	0.979	0.979	0.976
1088	3376.411	3304.290	3434.900	3372.305	0.973	0.973	0.974
1089	3389.183	3242.479	3505.591	3406.077	0.983	0.983	0.978
1090	3370.828	3245.024	3451.955	3393.961	0.979	0.979	0.973
1091	3381.464	3314.107	3453.401	3394.669	0.979	0.979	0.976
1092	3357.892	3306.132	3426.997	3359.496	0.969	0.969	0.969
1093	3357.795	3241.511	3428.744	3368.667	0.972	0.972	0.969
1094	3364.234	3283.002	3502.344	3364.416	0.971	0.971	0.971
1095	3362.548	3221.665	3441.477	3395.641	0.980	0.980	0.970
1096	3373.920	3300.695	3472.001	3377.250	0.974	0.974	0.973
1097	3371.795	3149.868	3566.980	3396.320	0.980	0.980	0.973
1098	3333.834	3185.367	3401.838	3361.494	0.970	0.970	0.962
1099	3321.390	3209.196	3404.920	3332.643	0.962	0.962	0.958
1100	3345.575	3228.713	3499.222	3357.923	0.969	0.969	0.965
1101	3342.462	3247.440	3442.790	3352.827	0.967	0.967	0.964
1102	3355.125	3228.681	3419.646	3366.850	0.971	0.971	0.968
1103	3356.043	3281.429	3483.442	3348.777	0.966	0.966	0.968
1104	3310.499	3268.184	3382.016	3301.858	0.953	0.953	0.955
1105	3327.787	3219.163	3440.300	3321.991	0.958	0.958	0.960
1106	3319.021	3221.658	3426.588	3317.669	0.957	0.957	0.958
1107	3331.628	3237.999	3422.508	3324.326	0.959	0.959	0.961
1108	3355.365	3262.485	3464.556	3328.082	0.960	0.960	0.968
1109	3337.392	3220.218	3417.555	3336.961	0.963	0.963	0.963
1110	3335.642	3270.426	3396.100	3330.533	0.961	0.961	0.962
1111	3316.212	3209.089	3401.856	3334.767	0.962	0.962	0.957
1112	3317.848	3159.157	3407.415	3311.536	0.955	0.955	0.957
1113	3376.874	3260.856	3519.997	3350.889	0.967	0.967	0.974
1114	3353.476	3280.654	3431.128	3355.872	0.968	0.968	0.968
1115	3341.421	3274.452	3401.765	3346.466	0.966	0.966	0.964
1116	3329.022	3225.275	3380.375	3342.680	0.964	0.964	0.960
1117	3339.580	3219.150	3413.765	3342.425	0.964	0.964	0.964
1118	3348.518	3274.969	3383.322	3360.313	0.970	0.970	0.966
1119	3323.397	3193.463	3397.727	3328.761	0.960	0.960	0.959
1120	3341.617	3298.940	3419.154	3333.894	0.962	0.962	0.964
1121	3397.366	3258.591	3556.615	3396.746	0.980	0.980	0.980
1122	3374.391	3300.733	3434.825	3368.908	0.972	0.972	0.974
1123	3323.482	3187.292	3411.895	3338.296	0.963	0.963	0.959
1124	3294.632	3228.508	3428.454	3284.285	0.948	0.948	0.951
1125	3341.033	3259.653	3402.762	3338.948	0.963	0.963	0.964
1126	3349.931	3259.875	3508.901	3334.859	0.962	0.962	0.967
1127	3379.862	3311.823	3533.936	3369.711	0.972	0.972	0.975
1128	3381.232	3288.437	3475.779	3394.123	0.979	0.979	0.976
1129	3351.229	3267.084	3411.240	3361.043	0.970	0.970	0.967
1130	3337.081	3206.846	3445.008	3341.500	0.964	0.964	0.963
1131	3324.485	3265.421	3413.076	3306.996	0.954	0.954	0.959
1132	3359.519	3271.058	3434.351	3353.976	0.968	0.968	0.969
1133	3591.057	3464.296	3702.351	3587.726	1.035	1.035	1.036
1134	3591.057	3464.296	3702.351	3587.726	1.035	1.035	1.036
