 	Mean	Min	Max	Median	Max_to_bgmean	Median_to_bgmedian	Mean_to_bgmean
1	3340.540	3303.959	3418.849	3333.615	1.071	1.074	1.074
2	3317.108	3158.373	3459.814	3317.519	1.066	1.069	1.066
3	3331.259	3233.271	3421.354	3338.531	1.073	1.076	1.071
4	3318.485	3217.167	3415.113	3311.697	1.064	1.067	1.066
5	3387.631	3271.105	3507.141	3400.901	1.093	1.096	1.089
6	3353.811	3191.022	3418.710	3371.877	1.084	1.087	1.078
7	3350.468	3266.408	3463.191	3354.745	1.078	1.081	1.077
8	3334.703	3286.937	3427.395	3309.678	1.064	1.067	1.072
9	3302.068	3208.385	3417.674	3292.275	1.058	1.061	1.061
10	3338.962	3257.979	3437.943	3329.236	1.070	1.073	1.073
11	3325.093	3251.935	3415.685	3325.105	1.069	1.072	1.069
12	3296.372	3247.900	3377.032	3291.106	1.058	1.061	1.059
13	3331.022	3276.466	3455.761	3322.189	1.068	1.071	1.070
14	3371.851	3211.601	3479.020	3377.303	1.085	1.089	1.084
15	3300.057	3201.953	3384.914	3317.914	1.066	1.069	1.060
16	3311.863	3175.342	3415.600	3323.690	1.068	1.071	1.064
17	3301.036	3219.163	3430.659	3271.105	1.051	1.054	1.061
18	3294.341	3207.094	3441.819	3291.281	1.058	1.061	1.059
19	3313.582	3190.230	3412.572	3329.709	1.070	1.073	1.065
20	3338.155	3222.614	3516.945	3334.028	1.071	1.075	1.073
21	3342.040	3257.891	3468.402	3339.175	1.073	1.076	1.074
22	3332.694	3216.579	3401.543	3337.811	1.073	1.076	1.071
23	3329.844	3212.229	3459.387	3344.106	1.075	1.078	1.070
24	3345.491	3278.137	3444.592	3333.062	1.071	1.074	1.075
25	3347.559	3225.744	3474.303	3355.814	1.078	1.082	1.076
26	3339.944	3184.627	3469.946	3355.586	1.078	1.082	1.073
27	3325.596	3262.665	3452.529	3312.003	1.064	1.068	1.069
28	3322.859	3228.164	3432.971	3320.162	1.067	1.070	1.068
29	3323.383	3260.417	3443.746	3316.063	1.066	1.069	1.068
30	3296.114	3202.486	3361.104	3285.436	1.056	1.059	1.059
31	3292.371	3247.919	3351.736	3282.923	1.055	1.058	1.058
32	3273.434	3214.150	3317.516	3276.210	1.053	1.056	1.052
33	3281.780	3233.714	3354.420	3269.340	1.051	1.054	1.055
34	3336.102	3265.289	3409.608	3326.926	1.069	1.072	1.072
35	3332.607	3233.624	3469.926	3333.610	1.071	1.074	1.071
36	3329.439	3259.740	3440.033	3302.554	1.061	1.064	1.070
37	3317.083	3253.659	3420.877	3298.963	1.060	1.063	1.066
38	3347.247	3202.744	3455.941	3352.921	1.077	1.081	1.076
39	3348.772	3146.191	3501.709	3368.806	1.083	1.086	1.076
40	3357.426	3169.478	3545.333	3359.017	1.079	1.083	1.079
41	3345.590	3234.886	3461.203	3358.383	1.079	1.082	1.075
42	3337.637	3259.736	3427.716	3331.905	1.071	1.074	1.073
43	3368.341	3299.948	3490.580	3343.610	1.074	1.078	1.082
44	3331.628	3289.342	3359.988	3341.873	1.074	1.077	1.071
45	3307.252	3230.993	3395.620	3301.694	1.061	1.064	1.063
46	3358.765	3295.984	3420.647	3358.581	1.079	1.083	1.079
47	3334.173	3242.657	3412.186	3340.386	1.073	1.077	1.071
48	3312.760	3221.119	3380.695	3320.155	1.067	1.070	1.065
49	3330.655	3213.052	3431.498	3321.192	1.067	1.070	1.070
50	3356.711	3248.536	3465.013	3397.598	1.092	1.095	1.079
51	3315.353	3166.269	3483.127	3305.146	1.062	1.065	1.065
52	3343.130	3211.853	3531.180	3330.701	1.070	1.074	1.074
53	3347.597	3242.783	3432.914	3370.242	1.083	1.086	1.076
54	3293.755	3205.817	3384.277	3291.973	1.058	1.061	1.058
55	3309.119	3196.630	3503.726	3315.775	1.066	1.069	1.063
56	3331.010	3234.914	3476.212	3314.229	1.065	1.068	1.070
57	3333.674	3237.540	3387.207	3339.519	1.073	1.076	1.071
58	3360.861	3266.913	3454.325	3338.455	1.073	1.076	1.080
59	3359.568	3237.728	3445.229	3379.974	1.086	1.089	1.080
60	3346.577	3192.404	3450.509	3365.349	1.081	1.085	1.075
61	3340.928	3234.607	3403.290	3344.255	1.075	1.078	1.074
62	3349.176	3252.927	3416.489	3358.758	1.079	1.083	1.076
63	3376.007	3300.244	3521.521	3361.602	1.080	1.084	1.085
64	3346.175	3239.078	3426.024	3359.947	1.080	1.083	1.075
65	3390.782	3269.903	3562.119	3366.340	1.082	1.085	1.090
66	3349.251	3220.195	3433.648	3352.268	1.077	1.081	1.076
67	3351.665	3272.651	3470.675	3345.848	1.075	1.078	1.077
68	3373.055	3263.827	3480.088	3381.109	1.087	1.090	1.084
69	3333.940	3198.935	3438.522	3333.656	1.071	1.075	1.071
70	3318.724	3214.228	3450.174	3310.395	1.064	1.067	1.066
71	3335.528	3263.880	3446.469	3333.483	1.071	1.074	1.072
72	3332.398	3270.040	3435.492	3335.527	1.072	1.075	1.071
73	3340.670	3203.625	3410.606	3367.572	1.082	1.085	1.074
74	3356.040	3216.642	3470.006	3377.091	1.085	1.089	1.078
75	3308.284	3242.335	3406.246	3278.200	1.053	1.057	1.063
76	3332.911	3252.420	3424.982	3331.087	1.070	1.074	1.071
77	3328.038	3245.578	3448.338	3323.383	1.068	1.071	1.069
78	3309.922	3233.542	3454.038	3293.515	1.058	1.062	1.064
79	3291.013	3191.943	3418.340	3287.056	1.056	1.059	1.058
80	3323.496	3224.868	3386.283	3342.618	1.074	1.077	1.068
81	3314.423	3200.356	3402.488	3316.473	1.066	1.069	1.065
82	3348.826	3189.218	3465.830	3374.729	1.084	1.088	1.076
83	3323.951	3246.169	3486.270	3310.904	1.064	1.067	1.068
84	3342.739	3259.891	3414.639	3350.108	1.077	1.080	1.074
85	3338.993	3222.065	3455.513	3340.028	1.073	1.077	1.073
86	3315.486	3116.715	3475.622	3348.067	1.076	1.079	1.065
87	3317.513	3155.786	3476.663	3334.510	1.072	1.075	1.066
88	3361.001	3263.123	3580.835	3353.038	1.078	1.081	1.080
89	3318.113	3182.924	3447.789	3306.692	1.063	1.066	1.066
90	3307.859	3232.299	3426.233	3296.374	1.059	1.062	1.063
91	3349.064	3202.805	3513.505	3349.624	1.076	1.080	1.076
92	3321.774	3225.654	3380.475	3332.949	1.071	1.074	1.067
93	3306.677	3196.102	3411.612	3309.898	1.064	1.067	1.063
94	3293.788	3199.295	3397.039	3287.209	1.056	1.060	1.058
95	3310.010	3220.923	3426.421	3302.215	1.061	1.064	1.064
96	3294.087	3203.262	3365.637	3291.285	1.058	1.061	1.059
97	3295.605	3202.217	3401.902	3296.652	1.059	1.063	1.059
98	3311.847	3222.205	3406.252	3311.698	1.064	1.067	1.064
99	3311.744	3223.735	3402.726	3302.534	1.061	1.064	1.064
100	3312.148	3225.589	3409.941	3317.597	1.066	1.069	1.064
101	3300.899	3192.669	3358.351	3313.833	1.065	1.068	1.061
102	3294.601	3176.345	3374.198	3318.916	1.067	1.070	1.059
103	3303.705	3176.624	3417.000	3294.856	1.059	1.062	1.062
104	3319.715	3181.699	3427.588	3320.112	1.067	1.070	1.067
105	3359.234	3243.579	3498.561	3341.660	1.074	1.077	1.080
106	3319.263	3236.154	3459.649	3298.414	1.060	1.063	1.067
107	3362.915	3238.564	3487.477	3376.543	1.085	1.088	1.081
108	3316.963	3236.771	3375.758	3319.654	1.067	1.070	1.066
109	3302.819	3204.586	3388.904	3315.684	1.066	1.069	1.061
110	3415.866	3243.196	3525.736	3420.431	1.099	1.102	1.098
111	3315.602	3233.613	3464.586	3311.866	1.064	1.067	1.065
112	3363.428	3286.348	3529.015	3352.214	1.077	1.080	1.081
113	3319.186	3228.195	3424.443	3299.510	1.060	1.064	1.067
114	3343.907	3273.757	3473.351	3319.191	1.067	1.070	1.075
115	3394.485	3354.143	3453.103	3389.167	1.089	1.092	1.091
116	3385.397	3331.074	3451.861	3392.655	1.090	1.094	1.088
117	3365.613	3260.385	3474.192	3350.827	1.077	1.080	1.082
118	3335.272	3281.128	3395.515	3327.768	1.069	1.073	1.072
119	3341.997	3254.790	3430.944	3341.044	1.074	1.077	1.074
120	3380.524	3279.253	3439.418	3382.733	1.087	1.090	1.086
121	3355.779	3266.617	3429.847	3360.060	1.080	1.083	1.078
122	3348.921	3261.638	3438.252	3329.121	1.070	1.073	1.076
123	3375.655	3286.970	3484.735	3359.259	1.080	1.083	1.085
124	3357.943	3243.830	3547.223	3332.103	1.071	1.074	1.079
125	3302.967	3199.764	3433.705	3300.285	1.061	1.064	1.061
126	3301.091	3202.411	3366.013	3306.832	1.063	1.066	1.061
127	3365.153	3271.177	3469.804	3367.975	1.082	1.086	1.081
128	3371.960	3328.962	3412.386	3370.850	1.083	1.086	1.084
129	3374.254	3299.170	3425.457	3378.229	1.086	1.089	1.084
130	3411.214	3326.197	3470.929	3416.502	1.098	1.101	1.096
131	3415.765	3340.409	3475.557	3424.165	1.100	1.104	1.098
132	3373.268	3305.359	3444.764	3378.427	1.086	1.089	1.084
133	3361.429	3275.461	3476.180	3349.562	1.076	1.080	1.080
134	3372.296	3234.582	3516.058	3368.311	1.082	1.086	1.084
135	3408.554	3242.407	3492.000	3417.908	1.098	1.102	1.095
136	3423.873	3296.373	3565.371	3428.533	1.102	1.105	1.100
137	3380.143	3296.236	3461.175	3378.249	1.086	1.089	1.086
138	3403.378	3349.533	3487.198	3390.945	1.090	1.093	1.094
139	3332.076	3260.149	3395.111	3336.042	1.072	1.075	1.071
140	3342.693	3267.669	3414.355	3347.125	1.076	1.079	1.074
141	3386.067	3332.408	3449.076	3375.843	1.085	1.088	1.088
142	3399.243	3318.782	3459.052	3395.679	1.091	1.094	1.092
143	3349.091	3267.819	3514.411	3330.370	1.070	1.073	1.076
144	3358.698	3284.551	3558.450	3348.439	1.076	1.079	1.079
145	3336.560	3306.093	3422.343	3321.931	1.068	1.071	1.072
146	3376.019	3219.937	3472.849	3396.250	1.091	1.095	1.085
147	3386.373	3230.228	3515.963	3397.366	1.092	1.095	1.088
148	3393.268	3258.236	3490.341	3395.509	1.091	1.094	1.090
149	3382.013	3290.794	3459.588	3372.459	1.084	1.087	1.087
150	3378.890	3259.993	3462.486	3383.463	1.087	1.091	1.086
151	3380.353	3270.534	3528.229	3391.497	1.090	1.093	1.086
152	3367.903	3205.839	3473.330	3400.072	1.093	1.096	1.082
153	3369.477	3296.493	3470.406	3382.776	1.087	1.090	1.083
154	3424.616	3211.330	3655.546	3431.621	1.103	1.106	1.101
155	3396.420	3267.486	3485.236	3408.485	1.095	1.099	1.091
156	3406.040	3321.682	3535.802	3403.115	1.094	1.097	1.095
157	3391.976	3218.993	3493.313	3418.002	1.098	1.102	1.090
158	3347.923	3199.758	3502.079	3312.385	1.064	1.068	1.076
159	3358.020	3263.973	3443.579	3396.542	1.092	1.095	1.079
160	3342.686	3252.549	3433.652	3314.542	1.065	1.068	1.074
161	3329.187	3249.225	3414.843	3322.119	1.068	1.071	1.070
162	3362.892	3270.815	3421.743	3362.133	1.080	1.084	1.081
163	3376.539	3269.927	3509.784	3362.058	1.080	1.084	1.085
164	3297.989	3221.997	3438.200	3278.774	1.054	1.057	1.060
165	3354.966	3283.264	3416.744	3362.180	1.080	1.084	1.078
166	3361.941	3317.570	3420.547	3354.135	1.078	1.081	1.080
167	3349.896	3217.528	3443.686	3357.061	1.079	1.082	1.077
168	3395.217	3264.135	3460.765	3401.049	1.093	1.096	1.091
169	3360.361	3291.946	3435.048	3354.582	1.078	1.081	1.080
170	3374.647	3245.627	3478.848	3383.857	1.087	1.091	1.084
171	3370.847	3302.218	3455.445	3364.759	1.081	1.085	1.083
172	3366.294	3320.240	3415.482	3377.822	1.085	1.089	1.082
173	3358.328	3221.741	3530.038	3332.518	1.071	1.074	1.079
174	3375.380	3298.731	3510.620	3369.382	1.083	1.086	1.085
175	3385.771	3288.980	3454.608	3411.015	1.096	1.099	1.088
176	3361.042	3219.208	3436.695	3378.139	1.086	1.089	1.080
177	3321.675	3204.548	3448.216	3302.279	1.061	1.064	1.067
178	3332.232	3217.824	3539.772	3312.438	1.064	1.068	1.071
179	3365.704	3215.013	3495.262	3362.070	1.080	1.084	1.082
180	3370.140	3295.899	3483.089	3357.448	1.079	1.082	1.083
181	3424.860	3279.924	3570.382	3403.256	1.094	1.097	1.101
182	3397.721	3251.997	3489.750	3400.471	1.093	1.096	1.092
183	3372.176	3320.411	3479.747	3361.173	1.080	1.083	1.084
184	3379.689	3312.475	3466.175	3372.989	1.084	1.087	1.086
185	3363.402	3268.617	3497.914	3335.358	1.072	1.075	1.081
186	3404.725	3307.049	3527.014	3404.679	1.094	1.097	1.094
187	3437.432	3267.805	3539.274	3466.038	1.114	1.117	1.105
188	3389.469	3280.779	3557.510	3378.888	1.086	1.089	1.089
189	3420.937	3328.910	3480.163	3428.683	1.102	1.105	1.099
190	3387.031	3220.008	3455.801	3378.801	1.086	1.089	1.088
191	3312.852	3246.886	3424.844	3296.587	1.059	1.063	1.065
192	3339.179	3292.186	3415.595	3333.735	1.071	1.075	1.073
193	3340.428	3228.722	3407.821	3363.389	1.081	1.084	1.073
194	3352.842	3214.390	3469.536	3335.179	1.072	1.075	1.077
195	3372.555	3290.238	3448.519	3377.786	1.085	1.089	1.084
196	3388.772	3328.302	3524.320	3373.019	1.084	1.087	1.089
197	3369.273	3259.672	3423.995	3376.772	1.085	1.088	1.083
198	3399.760	3295.372	3546.862	3384.382	1.088	1.091	1.093
199	3365.518	3261.351	3488.393	3341.523	1.074	1.077	1.082
200	3340.659	3264.092	3429.054	3321.077	1.067	1.070	1.074
201	3345.335	3281.869	3422.011	3333.252	1.071	1.074	1.075
202	3361.126	3182.255	3486.644	3363.584	1.081	1.084	1.080
203	3352.359	3273.563	3450.829	3341.386	1.074	1.077	1.077
204	3390.336	3308.487	3492.978	3381.736	1.087	1.090	1.090
205	3397.212	3280.505	3496.050	3392.300	1.090	1.093	1.092
206	3380.733	3203.712	3482.910	3389.482	1.089	1.093	1.086
207	3438.268	3307.601	3607.230	3438.976	1.105	1.108	1.105
208	3443.466	3292.884	3550.959	3451.672	1.109	1.113	1.107
209	3346.631	3187.484	3475.713	3369.254	1.083	1.086	1.075
210	3354.319	3287.288	3474.294	3351.909	1.077	1.080	1.078
211	3344.218	3257.028	3402.135	3348.432	1.076	1.079	1.075
212	3356.120	3209.512	3447.661	3367.359	1.082	1.085	1.079
213	3392.135	3285.236	3546.601	3378.577	1.086	1.089	1.090
214	3392.019	3301.619	3446.745	3398.727	1.092	1.095	1.090
215	3401.088	3319.167	3492.797	3414.032	1.097	1.100	1.093
216	3403.387	3261.156	3496.899	3411.007	1.096	1.099	1.094
217	3413.443	3323.596	3474.154	3432.210	1.103	1.106	1.097
218	3430.893	3351.443	3513.212	3428.035	1.102	1.105	1.103
219	3394.256	3294.324	3473.246	3384.743	1.088	1.091	1.091
220	3383.511	3273.771	3496.588	3385.608	1.088	1.091	1.087
221	3449.137	3304.510	3550.757	3464.474	1.113	1.117	1.108
222	3363.398	3198.981	3508.360	3382.820	1.087	1.090	1.081
223	3370.608	3286.642	3616.511	3322.493	1.068	1.071	1.083
224	3383.401	3196.693	3564.497	3369.861	1.083	1.086	1.087
225	3404.406	3302.350	3505.398	3403.399	1.094	1.097	1.094
226	3413.920	3351.020	3516.694	3409.391	1.096	1.099	1.097
227	3385.009	3283.026	3490.673	3380.825	1.086	1.090	1.088
228	3380.895	3249.792	3503.549	3365.587	1.082	1.085	1.086
229	3407.481	3285.640	3480.818	3429.030	1.102	1.105	1.095
230	3445.850	3300.240	3589.759	3435.488	1.104	1.107	1.107
231	3444.867	3311.419	3615.902	3433.936	1.104	1.107	1.107
232	3432.436	3295.202	3502.669	3457.854	1.111	1.115	1.103
233	3411.265	3316.779	3510.876	3408.298	1.095	1.099	1.096
234	3403.706	3344.326	3515.569	3399.908	1.093	1.096	1.094
235	3394.907	3294.681	3488.520	3396.108	1.091	1.095	1.091
236	3371.941	3313.565	3439.120	3365.448	1.082	1.085	1.084
237	3369.424	3261.463	3436.232	3366.221	1.082	1.085	1.083
238	3339.296	3240.619	3437.000	3348.102	1.076	1.079	1.073
239	3366.946	3225.422	3497.142	3360.803	1.080	1.083	1.082
240	3381.614	3228.867	3461.875	3402.045	1.093	1.097	1.087
241	3394.399	3292.127	3503.016	3387.896	1.089	1.092	1.091
242	3370.476	3326.607	3431.089	3356.223	1.079	1.082	1.083
243	3381.949	3267.167	3497.825	3385.881	1.088	1.091	1.087
244	3367.404	3239.319	3471.361	3376.974	1.085	1.088	1.082
245	3407.748	3280.219	3612.416	3385.863	1.088	1.091	1.095
246	3364.807	3329.440	3429.413	3357.932	1.079	1.082	1.081
247	3380.126	3323.793	3505.355	3357.889	1.079	1.082	1.086
248	3347.701	3289.676	3410.177	3352.796	1.077	1.081	1.076
249	3321.204	3253.526	3378.868	3329.321	1.070	1.073	1.067
250	3319.738	3236.148	3394.680	3322.729	1.068	1.071	1.067
251	3351.645	3256.915	3460.882	3355.104	1.078	1.081	1.077
252	3343.420	3293.385	3425.188	3335.792	1.072	1.075	1.074
253	3368.271	3270.733	3416.436	3396.009	1.091	1.095	1.082
254	3384.018	3321.297	3421.482	3392.656	1.090	1.094	1.087
255	3362.365	3263.913	3394.334	3382.066	1.087	1.090	1.081
256	3371.742	3285.568	3474.778	3362.807	1.081	1.084	1.084
257	3371.845	3289.585	3476.477	3355.521	1.078	1.082	1.084
258	3369.876	3315.733	3427.597	3370.708	1.083	1.086	1.083
259	3386.507	3318.241	3460.714	3380.793	1.086	1.090	1.088
260	3375.838	3300.229	3488.161	3383.464	1.087	1.091	1.085
261	3374.218	3231.154	3470.430	3399.462	1.092	1.096	1.084
262	3373.281	3308.834	3449.636	3377.044	1.085	1.088	1.084
263	3373.896	3284.673	3455.129	3381.682	1.087	1.090	1.084
264	3356.738	3243.645	3485.017	3354.117	1.078	1.081	1.079
265	3391.197	3329.146	3528.644	3355.733	1.078	1.082	1.090
266	3395.945	3325.659	3501.537	3390.062	1.089	1.093	1.091
267	3349.327	3257.062	3427.788	3345.915	1.075	1.078	1.076
268	3342.194	3232.085	3414.943	3351.985	1.077	1.080	1.074
269	3431.592	3235.405	3654.606	3433.168	1.103	1.107	1.103
270	3375.674	3211.823	3521.156	3386.558	1.088	1.092	1.085
271	3400.805	3300.634	3506.470	3401.466	1.093	1.096	1.093
272	3353.908	3264.084	3480.219	3343.811	1.075	1.078	1.078
273	3323.296	3245.492	3367.180	3332.188	1.071	1.074	1.068
274	3337.969	3252.646	3432.469	3327.620	1.069	1.073	1.073
275	3353.574	3185.816	3536.273	3370.483	1.083	1.086	1.078
276	3344.400	3237.179	3447.312	3338.254	1.073	1.076	1.075
277	3348.906	3222.412	3500.690	3338.993	1.073	1.076	1.076
278	3398.843	3277.013	3606.958	3401.180	1.093	1.096	1.092
279	3420.962	3207.937	3550.259	3470.092	1.115	1.118	1.099
280	3364.150	3193.439	3459.661	3406.630	1.095	1.098	1.081
281	3331.158	3179.966	3493.028	3333.000	1.071	1.074	1.070
282	3397.745	3263.615	3551.678	3396.810	1.092	1.095	1.092
283	3354.854	3238.245	3518.997	3347.588	1.076	1.079	1.078
284	3328.412	3196.872	3448.886	3348.115	1.076	1.079	1.070
285	3328.264	3108.537	3485.542	3348.982	1.076	1.079	1.070
286	3340.323	3200.912	3504.477	3320.221	1.067	1.070	1.073
287	3343.509	3212.448	3465.529	3339.940	1.073	1.077	1.074
288	3348.204	3234.164	3498.574	3345.067	1.075	1.078	1.076
289	3374.181	3220.908	3564.273	3364.177	1.081	1.084	1.084
290	3306.373	3191.311	3431.247	3300.292	1.061	1.064	1.063
291	3305.930	3200.598	3455.925	3295.105	1.059	1.062	1.062
292	3341.598	3256.729	3406.471	3355.315	1.078	1.081	1.074
293	3374.599	3240.548	3467.202	3393.848	1.091	1.094	1.084
294	3375.278	3255.395	3508.613	3348.479	1.076	1.079	1.085
295	3334.060	3147.036	3547.121	3316.980	1.066	1.069	1.071
296	3376.705	3195.855	3532.190	3385.046	1.088	1.091	1.085
297	3423.192	3222.364	3510.947	3458.205	1.111	1.115	1.100
298	3352.551	3192.083	3574.645	3356.639	1.079	1.082	1.077
299	3320.893	3226.199	3444.342	3298.433	1.060	1.063	1.067
300	3307.769	3193.607	3408.814	3311.218	1.064	1.067	1.063
301	3319.344	3252.261	3448.197	3294.262	1.059	1.062	1.067
302	3337.815	3260.746	3444.768	3323.218	1.068	1.071	1.073
303	3371.237	3287.116	3445.398	3378.097	1.086	1.089	1.083
304	3380.144	3256.931	3533.756	3366.604	1.082	1.085	1.086
305	3329.598	3201.455	3537.625	3316.005	1.066	1.069	1.070
306	3314.889	3109.277	3487.226	3319.734	1.067	1.070	1.065
307	3335.027	3218.438	3526.684	3290.621	1.057	1.061	1.072
308	3308.158	3205.876	3414.036	3297.901	1.060	1.063	1.063
309	3303.303	3210.570	3446.278	3285.919	1.056	1.059	1.062
310	3295.076	3180.508	3432.227	3276.775	1.053	1.056	1.059
311	3309.036	3201.287	3429.234	3304.751	1.062	1.065	1.063
312	3327.412	3224.597	3405.663	3318.019	1.066	1.069	1.069
313	3347.002	3289.545	3392.573	3355.915	1.078	1.082	1.076
314	3324.503	3228.541	3424.607	3318.235	1.066	1.070	1.068
315	3326.692	3220.706	3491.397	3313.139	1.065	1.068	1.069
316	3353.487	3275.687	3529.551	3344.194	1.075	1.078	1.078
317	3326.333	3212.809	3576.464	3281.216	1.054	1.058	1.069
318	3350.984	3227.164	3470.698	3346.289	1.075	1.079	1.077
319	3304.741	3236.175	3388.097	3286.933	1.056	1.059	1.062
320	3327.526	3169.380	3460.107	3329.574	1.070	1.073	1.069
321	3322.916	3163.646	3423.554	3335.700	1.072	1.075	1.068
322	3309.132	3198.872	3425.724	3324.557	1.068	1.072	1.063
323	3324.560	3187.090	3712.759	3306.314	1.063	1.066	1.068
324	3326.670	3167.006	3458.116	3321.343	1.067	1.071	1.069
325	3347.475	3254.085	3475.560	3343.982	1.075	1.078	1.076
326	3345.428	3210.701	3456.224	3350.941	1.077	1.080	1.075
327	3372.798	3211.442	3466.159	3397.596	1.092	1.095	1.084
328	3326.865	3182.717	3422.693	3352.685	1.077	1.081	1.069
329	3311.721	3149.872	3389.027	3356.808	1.079	1.082	1.064
330	3319.491	3188.190	3515.016	3329.953	1.070	1.073	1.067
331	3343.720	3236.311	3409.489	3361.727	1.080	1.084	1.075
332	3348.783	3212.765	3493.055	3326.723	1.069	1.072	1.076
333	3334.366	3248.792	3433.493	3323.629	1.068	1.071	1.072
334	3340.412	3250.639	3501.360	3299.150	1.060	1.063	1.073
335	3350.780	3267.250	3391.860	3364.511	1.081	1.084	1.077
336	3340.697	3243.460	3452.314	3340.000	1.073	1.077	1.074
337	3367.782	3256.719	3535.765	3332.056	1.071	1.074	1.082
338	3323.252	3218.827	3493.512	3299.937	1.060	1.064	1.068
339	3335.765	3167.811	3616.323	3299.918	1.060	1.064	1.072
340	3385.347	3283.419	3522.806	3374.907	1.085	1.088	1.088
341	3298.483	3189.104	3462.238	3252.771	1.045	1.048	1.060
342	3324.492	3246.086	3481.362	3314.768	1.065	1.068	1.068
343	3329.136	3202.775	3457.264	3296.171	1.059	1.062	1.070
344	3338.826	3191.275	3547.898	3319.310	1.067	1.070	1.073
345	3346.380	3226.893	3484.175	3344.007	1.075	1.078	1.075
346	3317.843	3215.520	3454.005	3320.992	1.067	1.070	1.066
347	3278.091	3177.548	3390.577	3276.491	1.053	1.056	1.053
348	3273.769	3194.217	3384.799	3276.327	1.053	1.056	1.052
349	3280.571	3161.886	3400.169	3269.721	1.051	1.054	1.054
350	3298.940	3173.797	3446.480	3287.566	1.056	1.060	1.060
351	3299.027	3153.133	3461.631	3261.101	1.048	1.051	1.060
352	3308.085	3202.595	3430.093	3297.349	1.060	1.063	1.063
353	3255.328	3145.964	3375.758	3230.459	1.038	1.041	1.046
354	3278.406	3129.720	3460.003	3240.052	1.041	1.044	1.054
355	3382.086	3279.857	3546.626	3370.464	1.083	1.086	1.087
356	3358.964	3262.176	3446.849	3349.280	1.076	1.080	1.079
357	3293.806	3172.236	3425.141	3273.280	1.052	1.055	1.058
358	3339.278	3264.624	3417.451	3331.612	1.071	1.074	1.073
359	3322.884	3186.101	3424.327	3309.898	1.064	1.067	1.068
360	3355.048	3202.395	3537.252	3353.775	1.078	1.081	1.078
361	3354.863	3224.501	3476.759	3355.985	1.078	1.082	1.078
362	3313.046	3181.583	3519.107	3308.738	1.063	1.066	1.065
363	3348.408	3214.780	3573.233	3319.656	1.067	1.070	1.076
364	3329.884	3233.515	3463.453	3301.741	1.061	1.064	1.070
365	3315.021	3184.784	3431.502	3323.523	1.068	1.071	1.065
366	3334.067	3173.783	3469.132	3326.562	1.069	1.072	1.071
367	3368.344	3269.967	3577.648	3358.570	1.079	1.083	1.082
368	3341.869	3253.903	3485.030	3333.806	1.071	1.075	1.074
369	3324.694	3146.637	3477.740	3340.431	1.073	1.077	1.068
370	3369.099	3242.363	3471.646	3357.788	1.079	1.082	1.083
371	3340.146	3219.196	3470.464	3347.840	1.076	1.079	1.073
372	3335.689	3178.572	3515.128	3351.779	1.077	1.080	1.072
373	3378.165	3253.603	3578.341	3351.873	1.077	1.080	1.086
374	3363.418	3247.122	3565.437	3316.395	1.066	1.069	1.081
375	3333.647	3229.028	3418.557	3331.575	1.071	1.074	1.071
376	3341.403	3199.518	3469.697	3348.822	1.076	1.079	1.074
377	3342.096	3280.694	3503.656	3327.100	1.069	1.072	1.074
378	3332.888	3207.574	3514.962	3321.553	1.067	1.071	1.071
379	3339.874	3179.742	3463.326	3339.851	1.073	1.077	1.073
380	3377.855	3249.684	3441.350	3402.860	1.094	1.097	1.085
381	3381.882	3257.663	3561.635	3388.802	1.089	1.092	1.087
382	3327.104	3137.031	3482.507	3359.378	1.080	1.083	1.069
383	3349.537	3169.775	3466.525	3339.071	1.073	1.076	1.076
384	3376.660	3245.711	3519.604	3379.513	1.086	1.089	1.085
385	3349.041	3233.971	3546.369	3331.392	1.071	1.074	1.076
386	3351.203	3178.649	3528.047	3311.638	1.064	1.067	1.077
387	3373.118	3182.050	3523.325	3396.117	1.091	1.095	1.084
388	3352.175	3155.683	3511.351	3362.896	1.081	1.084	1.077
389	3375.564	3192.940	3603.839	3369.659	1.083	1.086	1.085
390	3369.956	3223.826	3466.943	3380.821	1.086	1.090	1.083
391	3359.597	3306.859	3506.688	3352.684	1.077	1.081	1.080
392	3357.341	3281.343	3439.903	3358.280	1.079	1.082	1.079
393	3348.742	3233.241	3439.935	3365.137	1.081	1.085	1.076
394	3328.862	3268.295	3392.902	3324.282	1.068	1.071	1.070
395	3363.966	3208.289	3506.405	3377.208	1.085	1.089	1.081
396	3376.153	3233.281	3473.594	3395.078	1.091	1.094	1.085
397	3360.896	3262.545	3446.715	3375.941	1.085	1.088	1.080
398	3352.073	3231.835	3454.066	3344.263	1.075	1.078	1.077
399	3351.475	3242.861	3423.992	3355.101	1.078	1.081	1.077
400	3369.895	3284.963	3472.866	3364.269	1.081	1.084	1.083
401	3389.053	3268.971	3496.061	3384.198	1.088	1.091	1.089
402	3412.628	3291.899	3566.704	3394.075	1.091	1.094	1.097
403	3415.266	3263.895	3510.413	3420.169	1.099	1.102	1.098
404	3379.817	3190.297	3505.659	3399.580	1.092	1.096	1.086
405	3374.398	3271.403	3479.723	3369.402	1.083	1.086	1.084
406	3379.066	3266.540	3514.869	3365.834	1.082	1.085	1.086
407	3373.234	3329.932	3441.760	3372.823	1.084	1.087	1.084
408	3366.770	3301.592	3427.756	3370.084	1.083	1.086	1.082
409	3361.785	3267.133	3407.900	3373.045	1.084	1.087	1.080
410	3332.599	3226.987	3400.562	3343.829	1.075	1.078	1.071
411	3332.115	3185.522	3459.022	3350.604	1.077	1.080	1.071
412	3343.406	3224.949	3435.091	3351.436	1.077	1.080	1.074
413	3341.134	3188.238	3408.686	3359.863	1.080	1.083	1.074
414	3377.917	3253.958	3539.495	3384.282	1.088	1.091	1.086
415	3361.030	3235.431	3480.233	3349.658	1.076	1.080	1.080
416	3370.916	3210.649	3594.043	3339.808	1.073	1.076	1.083
417	3357.496	3188.416	3529.661	3390.555	1.090	1.093	1.079
418	3359.644	3256.188	3438.862	3363.614	1.081	1.084	1.080
419	3367.290	3276.380	3584.327	3336.958	1.072	1.076	1.082
420	3361.901	3243.613	3539.131	3333.557	1.071	1.074	1.080
421	3350.483	3212.591	3520.354	3335.535	1.072	1.075	1.077
422	3429.974	3314.645	3682.972	3398.025	1.092	1.095	1.102
423	3396.038	3258.348	3483.428	3414.529	1.097	1.101	1.091
424	3373.820	3301.515	3567.942	3348.863	1.076	1.079	1.084
425	3392.834	3275.471	3471.552	3394.624	1.091	1.094	1.090
426	3386.363	3274.905	3564.912	3386.259	1.088	1.091	1.088
427	3357.995	3232.934	3480.522	3358.335	1.079	1.082	1.079
428	3353.660	3236.186	3475.954	3339.593	1.073	1.076	1.078
429	3346.033	3224.919	3523.437	3327.593	1.069	1.073	1.075
430	3363.948	3201.080	3460.112	3381.448	1.087	1.090	1.081
431	3353.166	3279.011	3447.812	3338.087	1.073	1.076	1.078
432	3361.400	3302.175	3427.851	3361.307	1.080	1.083	1.080
433	3407.042	3314.897	3465.181	3415.227	1.098	1.101	1.095
434	3418.208	3312.616	3524.703	3419.949	1.099	1.102	1.098
435	3432.527	3330.221	3512.120	3427.793	1.102	1.105	1.103
436	3401.051	3306.065	3482.054	3395.224	1.091	1.094	1.093
437	3407.645	3337.698	3533.535	3410.524	1.096	1.099	1.095
438	3408.834	3375.491	3443.024	3402.971	1.094	1.097	1.095
439	3408.271	3295.054	3475.117	3410.854	1.096	1.099	1.095
440	3396.431	3317.765	3511.682	3410.071	1.096	1.099	1.091
441	3352.424	3291.364	3406.778	3352.292	1.077	1.081	1.077
442	3340.477	3265.649	3433.361	3348.537	1.076	1.079	1.073
443	3403.520	3242.872	3536.354	3403.252	1.094	1.097	1.094
444	3366.877	3245.210	3492.384	3358.312	1.079	1.082	1.082
445	3392.932	3300.614	3454.429	3398.551	1.092	1.095	1.090
446	3433.027	3282.954	3565.351	3429.297	1.102	1.105	1.103
447	3389.051	3285.376	3485.896	3386.365	1.088	1.091	1.089
448	3427.909	3335.327	3509.099	3424.497	1.100	1.104	1.102
449	3402.178	3307.487	3527.005	3403.593	1.094	1.097	1.093
450	3368.266	3325.043	3396.243	3381.453	1.087	1.090	1.082
451	3392.206	3292.689	3487.529	3400.742	1.093	1.096	1.090
452	3406.826	3288.424	3581.015	3387.686	1.089	1.092	1.095
453	3344.366	3190.922	3431.238	3355.892	1.078	1.082	1.075
454	3414.443	3364.935	3489.481	3405.651	1.094	1.098	1.097
455	3415.443	3374.859	3456.677	3415.309	1.098	1.101	1.098
456	3396.761	3227.855	3556.228	3399.162	1.092	1.096	1.092
457	3425.645	3284.472	3528.983	3434.221	1.104	1.107	1.101
458	3438.262	3295.063	3592.697	3428.943	1.102	1.105	1.105
459	3379.252	3319.368	3429.774	3382.137	1.087	1.090	1.086
460	3387.160	3299.691	3486.509	3377.710	1.085	1.089	1.088
461	3415.551	3268.524	3539.619	3428.020	1.102	1.105	1.098
462	3355.944	3242.386	3462.976	3346.996	1.076	1.079	1.078
463	3434.197	3253.241	3593.149	3462.017	1.113	1.116	1.104
464	3429.144	3208.506	3545.758	3445.483	1.107	1.111	1.102
465	3438.905	3286.440	3540.072	3459.698	1.112	1.115	1.105
466	3435.581	3315.792	3542.416	3474.078	1.116	1.120	1.104
467	3431.713	3330.988	3507.245	3433.460	1.103	1.107	1.103
468	3397.206	3318.109	3520.389	3383.987	1.087	1.091	1.092
469	3379.715	3280.056	3503.165	3389.965	1.089	1.093	1.086
470	3405.058	3264.238	3542.726	3416.589	1.098	1.101	1.094
471	3388.310	3270.601	3475.036	3385.479	1.088	1.091	1.089
472	3410.281	3209.598	3544.165	3441.236	1.106	1.109	1.096
473	3404.807	3229.731	3560.894	3410.617	1.096	1.099	1.094
474	3393.699	3256.263	3490.887	3390.981	1.090	1.093	1.091
475	3377.069	3258.178	3594.055	3333.575	1.071	1.074	1.085
476	3345.570	3250.384	3459.452	3329.088	1.070	1.073	1.075
477	3374.272	3248.143	3571.440	3328.113	1.070	1.073	1.084
478	3398.790	3343.395	3578.819	3383.100	1.087	1.090	1.092
479	3384.731	3265.141	3501.026	3396.978	1.092	1.095	1.088
480	3341.510	3238.837	3446.887	3352.861	1.077	1.081	1.074
481	3357.186	3287.997	3484.665	3336.409	1.072	1.075	1.079
482	3367.852	3284.993	3467.570	3363.654	1.081	1.084	1.082
483	3344.351	3277.410	3444.405	3325.279	1.069	1.072	1.075
484	3335.079	3245.598	3435.600	3326.503	1.069	1.072	1.072
485	3384.385	3208.159	3548.958	3367.449	1.082	1.085	1.088
486	3376.836	3228.789	3571.111	3382.498	1.087	1.090	1.085
487	3395.453	3250.260	3527.396	3380.282	1.086	1.090	1.091
488	3343.433	3197.745	3436.435	3360.931	1.080	1.083	1.074
489	3303.278	3214.332	3366.687	3304.986	1.062	1.065	1.062
490	3329.005	3214.650	3468.707	3305.161	1.062	1.065	1.070
491	3333.711	3141.629	3455.692	3360.886	1.080	1.083	1.071
492	3341.670	3180.742	3446.919	3342.230	1.074	1.077	1.074
493	3357.973	3237.656	3528.750	3338.281	1.073	1.076	1.079
494	3315.665	3226.529	3422.100	3319.802	1.067	1.070	1.066
495	3358.454	3253.669	3543.013	3342.707	1.074	1.077	1.079
496	3314.252	3212.804	3386.949	3324.870	1.068	1.072	1.065
497	3322.806	3223.904	3396.131	3312.301	1.064	1.068	1.068
498	3345.913	3237.271	3468.754	3324.302	1.068	1.071	1.075
499	3341.873	3176.113	3498.812	3361.341	1.080	1.083	1.074
500	3332.822	3229.702	3430.336	3330.107	1.070	1.073	1.071
501	3343.344	3197.861	3497.514	3344.583	1.075	1.078	1.074
502	3336.995	3128.062	3515.589	3320.961	1.067	1.070	1.072
503	3303.473	3179.347	3446.738	3311.758	1.064	1.067	1.062
504	3316.233	3245.932	3421.485	3293.371	1.058	1.062	1.066
505	3310.043	3236.719	3494.563	3282.863	1.055	1.058	1.064
506	3385.111	3301.621	3460.055	3392.542	1.090	1.093	1.088
507	3345.847	3255.159	3491.257	3333.187	1.071	1.074	1.075
508	3340.311	3189.177	3418.544	3353.947	1.078	1.081	1.073
509	3398.652	3200.577	3533.259	3422.271	1.100	1.103	1.092
510	3372.794	3242.458	3491.862	3395.059	1.091	1.094	1.084
511	3318.797	3120.915	3450.949	3290.386	1.057	1.061	1.067
512	3366.016	3270.679	3473.176	3357.030	1.079	1.082	1.082
513	3361.917	3241.268	3478.018	3350.070	1.077	1.080	1.080
514	3381.723	3288.577	3501.422	3365.869	1.082	1.085	1.087
515	3370.846	3159.757	3491.648	3400.210	1.093	1.096	1.083
516	3322.074	3218.805	3402.845	3321.751	1.067	1.071	1.068
517	3338.651	3259.522	3446.621	3327.010	1.069	1.072	1.073
518	3353.101	3201.342	3463.401	3344.353	1.075	1.078	1.078
519	3357.243	3189.828	3492.747	3377.535	1.085	1.089	1.079
520	3390.365	3243.399	3518.616	3379.616	1.086	1.089	1.090
521	3355.212	3213.174	3433.585	3369.806	1.083	1.086	1.078
522	3419.762	3256.704	3600.294	3438.448	1.105	1.108	1.099
523	3413.729	3332.335	3551.081	3381.250	1.087	1.090	1.097
524	3345.436	3213.814	3492.214	3328.693	1.070	1.073	1.075
525	3352.160	3213.575	3498.618	3353.354	1.078	1.081	1.077
526	3441.291	3241.343	3606.073	3483.520	1.119	1.123	1.106
527	3406.949	3263.899	3571.976	3435.225	1.104	1.107	1.095
528	3360.808	3247.770	3484.786	3330.101	1.070	1.073	1.080
529	3447.925	3292.847	3603.995	3463.986	1.113	1.117	1.108
530	3409.835	3244.836	3606.021	3405.038	1.094	1.098	1.096
531	3402.762	3225.580	3608.734	3419.531	1.099	1.102	1.094
532	3411.968	3250.193	3633.889	3370.716	1.083	1.086	1.096
533	3419.847	3301.886	3530.293	3432.435	1.103	1.106	1.099
534	3415.366	3315.534	3499.959	3417.116	1.098	1.101	1.098
535	3380.200	3292.445	3549.336	3356.579	1.079	1.082	1.086
536	3426.339	3295.517	3511.566	3432.876	1.103	1.106	1.101
537	3440.953	3317.878	3551.633	3453.667	1.110	1.113	1.106
538	3472.941	3340.576	3716.827	3448.144	1.108	1.111	1.116
539	3430.116	3223.483	3630.274	3451.093	1.109	1.112	1.102
540	3391.757	3243.570	3504.110	3424.609	1.101	1.104	1.090
541	3379.080	3239.517	3517.572	3410.243	1.096	1.099	1.086
542	3433.163	3240.725	3576.318	3471.614	1.116	1.119	1.103
543	3446.306	3296.917	3578.607	3471.574	1.116	1.119	1.107
544	3422.720	3297.844	3545.450	3434.026	1.104	1.107	1.100
545	3496.270	3398.627	3578.857	3515.423	1.130	1.133	1.124
546	3475.525	3412.237	3593.221	3476.439	1.117	1.121	1.117
547	3447.573	3350.215	3573.398	3448.477	1.108	1.112	1.108
548	3445.237	3335.215	3579.621	3422.013	1.100	1.103	1.107
549	3433.827	3336.341	3552.380	3433.109	1.103	1.107	1.103
550	3447.006	3337.280	3531.643	3449.139	1.108	1.112	1.108
551	3457.139	3391.391	3568.497	3444.224	1.107	1.110	1.111
552	3464.527	3348.406	3549.684	3454.421	1.110	1.113	1.113
553	3443.051	3291.117	3613.833	3429.407	1.102	1.105	1.106
554	3481.093	3314.287	3692.708	3466.117	1.114	1.117	1.119
555	3422.949	3259.173	3490.450	3452.764	1.110	1.113	1.100
556	3439.147	3258.873	3587.091	3468.203	1.115	1.118	1.105
557	3486.664	3335.166	3653.329	3460.879	1.112	1.116	1.120
558	3434.335	3240.240	3575.159	3465.314	1.114	1.117	1.104
559	3444.467	3289.024	3636.428	3435.563	1.104	1.107	1.107
560	3420.141	3341.935	3496.743	3418.130	1.098	1.102	1.099
561	3425.873	3302.875	3518.042	3424.177	1.100	1.104	1.101
562	3396.609	3178.957	3579.617	3418.280	1.098	1.102	1.092
563	3435.849	3272.720	3592.644	3439.889	1.105	1.109	1.104
564	3442.234	3306.304	3555.711	3431.920	1.103	1.106	1.106
565	3467.153	3380.474	3618.657	3452.466	1.109	1.113	1.114
566	3430.841	3209.142	3587.691	3417.387	1.098	1.101	1.103
567	3485.651	3223.129	3690.384	3474.704	1.117	1.120	1.120
568	3454.285	3346.143	3573.522	3463.569	1.113	1.116	1.110
569	3445.881	3262.229	3542.885	3479.600	1.118	1.122	1.107
570	3477.955	3299.427	3653.221	3496.508	1.124	1.127	1.118
571	3483.932	3249.395	3626.961	3490.858	1.122	1.125	1.120
572	3536.737	3397.376	3667.782	3550.413	1.141	1.144	1.137
573	3515.812	3344.107	3787.052	3512.401	1.129	1.132	1.130
574	3549.085	3388.879	3703.958	3594.074	1.155	1.158	1.141
575	3523.209	3385.947	3758.033	3517.752	1.130	1.134	1.132
576	3488.891	3341.268	3667.447	3467.611	1.114	1.118	1.121
577	3492.343	3357.696	3727.643	3454.936	1.110	1.114	1.122
578	3504.713	3347.106	3736.884	3472.020	1.116	1.119	1.126
579	3525.884	3168.650	3809.912	3528.857	1.134	1.137	1.133
580	3482.172	3246.494	3649.546	3479.655	1.118	1.122	1.119
581	3450.734	3372.484	3490.592	3457.337	1.111	1.114	1.109
582	3430.897	3328.647	3563.186	3430.876	1.103	1.106	1.103
583	3473.829	3270.889	3619.327	3507.666	1.127	1.131	1.116
584	3551.815	3361.623	3668.962	3555.022	1.142	1.146	1.141
585	3526.222	3404.042	3672.638	3516.768	1.130	1.134	1.133
586	3531.818	3422.608	3622.905	3556.143	1.143	1.146	1.135
587	3505.125	3392.360	3603.564	3510.631	1.128	1.132	1.126
588	3456.964	3372.674	3540.209	3469.162	1.115	1.118	1.111
589	3506.436	3410.483	3610.386	3494.074	1.123	1.126	1.127
590	3490.594	3392.523	3575.491	3503.081	1.126	1.129	1.122
591	3505.349	3410.381	3626.175	3482.390	1.119	1.122	1.126
592	3559.869	3373.670	3662.759	3594.080	1.155	1.158	1.144
593	3599.140	3465.560	3721.473	3610.340	1.160	1.164	1.157
594	3559.139	3436.870	3668.877	3561.107	1.144	1.148	1.144
595	3529.697	3451.185	3682.595	3516.032	1.130	1.133	1.134
596	3474.392	3364.931	3574.594	3464.634	1.113	1.117	1.117
597	3502.679	3438.527	3571.866	3500.077	1.125	1.128	1.126
598	3495.591	3387.099	3631.049	3488.038	1.121	1.124	1.123
599	3476.551	3303.038	3663.249	3495.492	1.123	1.127	1.117
600	3447.249	3304.079	3693.705	3427.964	1.102	1.105	1.108
601	3467.965	3355.436	3667.202	3452.084	1.109	1.113	1.114
602	3486.717	3393.450	3642.756	3464.083	1.113	1.117	1.120
603	3510.501	3422.633	3641.121	3492.521	1.122	1.126	1.128
604	3482.657	3359.503	3608.153	3488.849	1.121	1.125	1.119
605	3489.175	3324.892	3657.650	3459.658	1.112	1.115	1.121
606	3465.647	3317.905	3569.340	3461.721	1.112	1.116	1.114
607	3475.387	3349.555	3587.024	3476.976	1.117	1.121	1.117
608	3464.607	3335.489	3544.556	3468.190	1.115	1.118	1.113
609	3491.318	3381.723	3625.803	3488.353	1.121	1.124	1.122
610	3549.359	3415.093	3614.974	3554.354	1.142	1.146	1.141
611	3470.426	3349.889	3639.591	3471.088	1.115	1.119	1.115
612	3490.528	3372.661	3602.832	3497.438	1.124	1.127	1.122
613	3484.784	3386.554	3589.662	3478.071	1.118	1.121	1.120
614	3508.313	3353.442	3632.224	3496.405	1.124	1.127	1.127
615	3510.980	3416.152	3616.793	3525.617	1.133	1.136	1.128
616	3509.458	3427.129	3610.719	3494.266	1.123	1.126	1.128
617	3477.958	3327.630	3566.899	3467.021	1.114	1.117	1.118
618	3508.512	3371.908	3619.414	3513.447	1.129	1.132	1.127
619	3430.500	3318.629	3559.876	3422.335	1.100	1.103	1.102
620	3458.785	3341.722	3629.245	3443.344	1.107	1.110	1.112
621	3520.860	3375.915	3745.016	3500.579	1.125	1.128	1.131
622	3522.084	3376.924	3669.110	3520.268	1.131	1.135	1.132
623	3475.054	3383.276	3611.206	3461.326	1.112	1.116	1.117
624	3406.223	3307.680	3536.117	3399.512	1.092	1.096	1.095
625	3425.095	3369.626	3540.070	3402.544	1.093	1.097	1.101
626	3449.967	3277.273	3645.069	3433.477	1.103	1.107	1.109
627	3464.270	3332.652	3560.929	3457.986	1.111	1.115	1.113
628	3372.208	3259.554	3452.487	3383.609	1.087	1.091	1.084
629	3423.041	3298.058	3486.200	3456.729	1.111	1.114	1.100
630	3407.055	3291.738	3534.164	3432.235	1.103	1.106	1.095
631	3418.656	3303.537	3528.278	3419.437	1.099	1.102	1.099
632	3401.374	3320.576	3486.580	3406.577	1.095	1.098	1.093
633	3360.322	3283.804	3452.178	3353.516	1.078	1.081	1.080
634	3384.777	3208.247	3489.382	3398.482	1.092	1.095	1.088
635	3400.832	3302.187	3553.276	3401.812	1.093	1.096	1.093
636	3423.341	3276.576	3554.323	3416.654	1.098	1.101	1.100
637	3421.726	3325.742	3518.326	3413.606	1.097	1.100	1.100
638	3369.850	3293.401	3504.738	3361.721	1.080	1.084	1.083
639	3344.807	3182.434	3420.703	3342.382	1.074	1.077	1.075
640	3363.765	3256.964	3429.430	3371.152	1.083	1.087	1.081
641	3388.652	3322.694	3501.197	3381.724	1.087	1.090	1.089
642	3372.532	3296.404	3491.485	3375.097	1.085	1.088	1.084
643	3380.587	3343.685	3430.276	3378.837	1.086	1.089	1.086
644	3384.586	3317.054	3456.082	3375.765	1.085	1.088	1.088
645	3394.817	3265.248	3495.321	3403.907	1.094	1.097	1.091
646	3413.899	3262.416	3467.501	3434.310	1.104	1.107	1.097
647	3435.493	3281.760	3551.732	3424.674	1.101	1.104	1.104
648	3449.311	3290.152	3530.486	3475.546	1.117	1.120	1.108
649	3418.522	3274.489	3524.157	3421.095	1.099	1.103	1.099
650	3436.705	3284.424	3733.170	3435.147	1.104	1.107	1.104
651	3471.007	3381.033	3572.896	3459.436	1.112	1.115	1.115
652	3510.147	3437.073	3607.986	3511.003	1.128	1.132	1.128
653	3471.465	3302.901	3600.277	3482.732	1.119	1.123	1.116
654	3421.779	3348.163	3552.354	3408.900	1.095	1.099	1.100
655	3401.785	3327.016	3448.119	3406.523	1.095	1.098	1.093
656	3414.926	3341.587	3536.646	3396.899	1.092	1.095	1.097
657	3394.536	3306.379	3479.968	3393.801	1.091	1.094	1.091
658	3411.457	3327.196	3512.828	3412.040	1.096	1.100	1.096
659	3391.231	3269.618	3497.687	3394.746	1.091	1.094	1.090
660	3388.657	3292.716	3460.241	3394.233	1.091	1.094	1.089
661	3373.025	3328.596	3432.574	3372.770	1.084	1.087	1.084
662	3393.254	3278.158	3466.181	3408.589	1.095	1.099	1.090
663	3390.744	3317.434	3560.963	3383.300	1.087	1.091	1.090
664	3398.938	3278.192	3497.012	3410.480	1.096	1.099	1.092
665	3409.662	3276.994	3546.837	3426.380	1.101	1.104	1.096
666	3422.690	3326.514	3573.994	3406.971	1.095	1.098	1.100
667	3383.748	3239.785	3458.651	3398.593	1.092	1.095	1.087
668	3424.308	3286.215	3575.016	3444.790	1.107	1.110	1.100
669	3411.972	3319.264	3549.138	3394.989	1.091	1.094	1.096
670	3406.490	3287.392	3570.970	3396.678	1.092	1.095	1.095
671	3387.027	3279.490	3502.649	3381.620	1.087	1.090	1.088
672	3452.668	3319.750	3576.018	3466.286	1.114	1.117	1.110
673	3428.490	3350.380	3513.821	3421.644	1.100	1.103	1.102
674	3390.107	3313.055	3491.865	3393.723	1.091	1.094	1.089
675	3388.434	3273.460	3498.583	3382.017	1.087	1.090	1.089
676	3391.146	3258.884	3506.902	3396.742	1.092	1.095	1.090
677	3395.862	3295.904	3526.261	3382.296	1.087	1.090	1.091
678	3457.882	3356.774	3598.488	3448.662	1.108	1.112	1.111
679	3439.817	3264.714	3586.620	3434.903	1.104	1.107	1.105
680	3443.792	3331.779	3573.439	3449.253	1.108	1.112	1.107
681	3409.110	3325.827	3496.371	3409.913	1.096	1.099	1.096
682	3415.381	3325.121	3478.758	3401.440	1.093	1.096	1.098
683	3433.791	3312.522	3550.873	3420.969	1.099	1.103	1.103
684	3387.504	3306.274	3587.582	3380.238	1.086	1.090	1.089
685	3461.781	3343.321	3738.530	3440.822	1.106	1.109	1.112
686	3435.810	3316.132	3644.826	3411.554	1.096	1.100	1.104
687	3415.015	3360.592	3503.975	3407.627	1.095	1.098	1.097
688	3461.376	3293.885	3509.105	3481.895	1.119	1.122	1.112
689	3445.718	3369.169	3528.340	3447.968	1.108	1.111	1.107
690	3470.004	3388.659	3532.916	3466.265	1.114	1.117	1.115
691	3459.994	3388.091	3622.851	3431.303	1.103	1.106	1.112
692	3466.419	3352.782	3610.393	3461.128	1.112	1.116	1.114
693	3461.479	3328.756	3572.112	3460.025	1.112	1.115	1.112
694	3441.970	3304.832	3572.251	3448.240	1.108	1.111	1.106
695	3420.272	3330.806	3525.612	3434.533	1.104	1.107	1.099
696	3483.981	3388.109	3587.582	3492.174	1.122	1.126	1.120
697	3497.580	3375.432	3578.218	3516.152	1.130	1.133	1.124
698	3470.053	3417.118	3528.530	3480.646	1.119	1.122	1.115
699	3476.365	3380.123	3620.573	3464.230	1.113	1.117	1.117
700	3469.511	3390.474	3531.505	3480.867	1.119	1.122	1.115
701	3457.197	3394.953	3600.777	3432.418	1.103	1.106	1.111
702	3456.893	3317.358	3576.324	3453.523	1.110	1.113	1.111
703	3456.002	3353.135	3569.613	3454.144	1.110	1.113	1.111
704	3444.058	3385.346	3621.453	3430.176	1.102	1.106	1.107
705	3447.820	3347.401	3554.439	3440.734	1.106	1.109	1.108
706	3405.222	3356.741	3495.357	3393.193	1.090	1.094	1.094
707	3383.191	3273.886	3521.933	3382.662	1.087	1.090	1.087
708	3419.929	3329.941	3545.408	3405.649	1.094	1.098	1.099
709	3435.689	3327.703	3563.355	3439.102	1.105	1.108	1.104
710	3388.590	3256.592	3488.586	3394.739	1.091	1.094	1.089
711	3393.689	3294.480	3579.556	3395.551	1.091	1.094	1.091
712	3383.199	3280.589	3454.071	3396.955	1.092	1.095	1.087
713	3373.179	3284.207	3503.272	3381.767	1.087	1.090	1.084
714	3341.247	3207.117	3541.955	3316.951	1.066	1.069	1.074
715	3353.868	3244.890	3498.763	3365.271	1.081	1.085	1.078
716	3386.433	3296.655	3463.694	3382.968	1.087	1.090	1.088
717	3396.951	3269.259	3583.115	3379.571	1.086	1.089	1.092
718	3402.315	3273.267	3602.121	3396.656	1.092	1.095	1.093
719	3393.220	3262.096	3514.566	3385.102	1.088	1.091	1.090
720	3394.540	3195.148	3582.389	3406.306	1.095	1.098	1.091
721	3412.295	3267.995	3493.958	3437.152	1.105	1.108	1.097
722	3448.548	3373.097	3567.714	3446.490	1.108	1.111	1.108
723	3443.074	3351.599	3547.789	3442.168	1.106	1.109	1.106
724	3403.300	3341.487	3483.238	3381.148	1.087	1.090	1.094
725	3454.051	3297.337	3622.342	3436.146	1.104	1.108	1.110
726	3410.160	3338.644	3508.478	3417.218	1.098	1.101	1.096
727	3353.962	3218.052	3495.094	3359.792	1.080	1.083	1.078
728	3360.176	3240.932	3477.617	3365.846	1.082	1.085	1.080
729	3384.591	3311.003	3436.862	3397.037	1.092	1.095	1.088
730	3382.006	3316.646	3561.417	3373.321	1.084	1.087	1.087
731	3419.403	3320.314	3496.398	3439.091	1.105	1.108	1.099
732	3444.035	3366.073	3518.102	3444.837	1.107	1.110	1.107
733	3454.072	3351.619	3547.313	3452.515	1.109	1.113	1.110
734	3386.428	3259.081	3527.869	3386.084	1.088	1.091	1.088
735	3398.232	3312.560	3505.802	3415.932	1.098	1.101	1.092
736	3356.908	3283.592	3441.356	3357.036	1.079	1.082	1.079
737	3384.054	3323.756	3505.372	3360.362	1.080	1.083	1.087
738	3386.444	3265.964	3486.769	3378.364	1.086	1.089	1.088
739	3362.713	3275.308	3485.982	3359.830	1.080	1.083	1.081
740	3392.258	3295.912	3459.077	3401.483	1.093	1.096	1.090
741	3451.880	3331.158	3644.137	3402.181	1.093	1.097	1.109
742	3428.773	3332.909	3536.443	3417.994	1.098	1.102	1.102
743	3385.066	3229.497	3466.290	3405.668	1.094	1.098	1.088
744	3378.780	3285.955	3464.836	3383.090	1.087	1.090	1.086
745	3423.624	3282.593	3570.567	3419.210	1.099	1.102	1.100
746	3499.238	3333.653	3686.670	3473.605	1.116	1.120	1.125
747	3464.862	3371.365	3635.175	3435.213	1.104	1.107	1.113
748	3410.152	3315.246	3509.062	3407.093	1.095	1.098	1.096
749	3475.764	3326.935	3705.411	3451.334	1.109	1.112	1.117
750	3501.401	3268.811	3664.151	3504.838	1.126	1.130	1.125
751	3452.196	3304.972	3568.266	3464.375	1.113	1.117	1.109
752	3475.335	3294.710	3566.880	3489.436	1.121	1.125	1.117
753	3454.917	3285.322	3612.460	3478.289	1.118	1.121	1.110
754	3501.543	3373.691	3785.696	3477.127	1.117	1.121	1.125
755	3483.939	3305.218	3666.829	3481.037	1.119	1.122	1.120
756	3541.094	3348.471	3696.457	3526.363	1.133	1.137	1.138
757	3524.140	3356.976	3638.543	3564.943	1.146	1.149	1.133
758	3519.997	3339.537	3637.639	3521.147	1.132	1.135	1.131
759	3506.739	3314.164	3641.398	3562.004	1.145	1.148	1.127
760	3504.333	3397.287	3657.203	3485.790	1.120	1.124	1.126
761	3500.842	3352.110	3688.793	3493.346	1.123	1.126	1.125
762	3517.063	3295.281	3682.684	3508.546	1.127	1.131	1.130
763	3495.490	3338.086	3618.802	3517.792	1.130	1.134	1.123
764	3458.784	3343.592	3684.597	3425.721	1.101	1.104	1.112
765	3498.939	3272.793	3652.669	3518.160	1.131	1.134	1.124
766	3450.896	3273.412	3544.682	3523.849	1.132	1.136	1.109
767	3403.187	3290.609	3489.445	3414.280	1.097	1.100	1.094
768	3451.750	3270.666	3658.015	3428.514	1.102	1.105	1.109
769	3449.282	3243.508	3691.804	3418.632	1.099	1.102	1.108
770	3460.235	3291.390	3720.158	3389.773	1.089	1.093	1.112
771	3469.084	3284.939	3674.120	3437.311	1.105	1.108	1.115
772	3468.412	3293.390	3678.802	3456.764	1.111	1.114	1.115
773	3440.990	3240.188	3657.485	3467.763	1.114	1.118	1.106
774	3486.954	3175.579	3682.995	3540.633	1.138	1.141	1.121
775	3472.754	3196.165	3829.605	3470.718	1.115	1.119	1.116
776	3472.481	3229.674	3679.118	3469.938	1.115	1.118	1.116
777	3506.877	3340.151	3674.274	3502.076	1.125	1.129	1.127
778	3482.737	3355.412	3578.854	3502.868	1.126	1.129	1.119
779	3474.504	3315.659	3644.271	3441.787	1.106	1.109	1.117
780	3503.638	3324.691	3756.638	3468.585	1.115	1.118	1.126
781	3547.290	3357.449	3841.616	3510.937	1.128	1.132	1.140
782	3517.828	3318.518	3657.290	3541.025	1.138	1.141	1.130
783	3471.432	3365.095	3616.606	3436.348	1.104	1.108	1.116
784	3456.084	3360.286	3619.416	3405.163	1.094	1.098	1.111
785	3486.834	3280.603	3627.150	3501.212	1.125	1.129	1.121
786	3508.641	3204.172	3677.678	3566.901	1.146	1.150	1.128
787	3453.705	3256.139	3587.946	3475.000	1.117	1.120	1.110
788	3471.589	3393.993	3592.048	3460.618	1.112	1.115	1.116
789	3454.630	3267.682	3641.021	3446.276	1.107	1.111	1.110
790	3466.541	3265.223	3592.464	3501.836	1.125	1.129	1.114
791	3493.628	3328.045	3675.146	3522.113	1.132	1.135	1.123
792	3548.647	3309.797	3762.141	3583.607	1.152	1.155	1.140
793	3569.617	3305.397	3703.259	3642.372	1.171	1.174	1.147
794	3565.369	3398.153	3740.380	3577.676	1.150	1.153	1.146
795	3575.498	3444.445	3728.421	3556.445	1.143	1.146	1.149
796	3556.968	3391.015	3665.555	3567.026	1.146	1.150	1.143
797	3527.516	3336.653	3717.517	3527.879	1.134	1.137	1.134
798	3568.678	3349.480	3739.030	3583.277	1.152	1.155	1.147
799	3502.035	3397.519	3585.334	3499.735	1.125	1.128	1.125
800	3577.393	3474.691	3768.799	3561.582	1.145	1.148	1.150
801	3592.671	3441.082	3712.672	3604.387	1.158	1.162	1.155
802	3567.904	3419.856	3652.969	3571.411	1.148	1.151	1.147
803	3595.251	3527.496	3700.273	3577.493	1.150	1.153	1.155
804	3605.622	3487.666	3716.086	3602.606	1.158	1.161	1.159
805	3584.176	3397.766	3758.185	3582.366	1.151	1.155	1.152
806	3601.898	3469.797	3706.824	3615.019	1.162	1.165	1.157
807	3602.052	3401.502	3734.959	3606.178	1.159	1.162	1.158
808	3613.529	3391.717	3784.435	3640.729	1.170	1.173	1.161
809	3672.698	3487.591	3847.360	3701.709	1.190	1.193	1.180
810	3668.870	3409.240	3793.270	3666.901	1.178	1.182	1.179
811	3646.037	3461.631	3759.123	3659.368	1.176	1.179	1.172
812	3608.737	3464.249	3782.555	3591.321	1.154	1.158	1.160
813	3645.137	3503.374	3882.515	3645.203	1.171	1.175	1.171
814	3634.363	3500.119	3715.149	3648.956	1.173	1.176	1.168
815	3639.314	3550.340	3736.290	3646.480	1.172	1.175	1.170
816	3618.159	3469.595	3751.132	3628.801	1.166	1.170	1.163
817	3613.170	3475.427	3773.972	3611.806	1.161	1.164	1.161
818	3607.164	3479.802	3746.730	3606.896	1.159	1.163	1.159
819	3635.981	3543.908	3760.023	3605.412	1.159	1.162	1.168
820	3680.417	3537.171	3971.436	3633.938	1.168	1.171	1.183
821	3580.208	3406.559	3740.099	3594.664	1.155	1.159	1.151
822	3579.072	3482.487	3695.246	3580.754	1.151	1.154	1.150
823	3607.394	3459.251	3790.696	3606.238	1.159	1.162	1.159
824	3640.735	3488.585	3870.635	3594.972	1.155	1.159	1.170
825	3590.819	3446.323	3720.589	3598.605	1.156	1.160	1.154
826	3635.121	3523.848	3800.078	3610.713	1.160	1.164	1.168
827	3629.962	3514.990	3759.392	3602.919	1.158	1.161	1.167
828	3630.579	3481.922	3699.236	3649.410	1.173	1.176	1.167
829	3628.200	3456.900	3748.623	3647.321	1.172	1.176	1.166
830	3625.906	3506.431	3815.264	3629.710	1.166	1.170	1.165
831	3652.313	3501.345	3763.139	3654.617	1.174	1.178	1.174
832	3614.126	3444.340	3740.864	3618.848	1.163	1.166	1.161
833	3602.478	3462.505	3697.084	3607.199	1.159	1.163	1.158
834	3618.861	3468.310	3770.484	3580.813	1.151	1.154	1.163
835	3645.614	3449.637	3849.816	3605.922	1.159	1.162	1.172
836	3602.517	3483.645	3767.760	3607.852	1.159	1.163	1.158
837	3644.570	3503.877	3929.352	3619.628	1.163	1.167	1.171
838	3603.541	3485.737	3776.266	3593.999	1.155	1.158	1.158
839	3599.530	3496.332	3802.179	3585.448	1.152	1.156	1.157
840	3564.335	3417.769	3661.396	3557.032	1.143	1.147	1.145
841	3552.543	3368.694	3682.628	3583.082	1.151	1.155	1.142
842	3538.582	3383.004	3651.533	3517.974	1.131	1.134	1.137
843	3658.149	3489.428	3850.546	3637.625	1.169	1.172	1.176
844	3699.272	3523.237	3943.493	3658.198	1.176	1.179	1.189
845	3637.583	3427.294	3865.780	3628.344	1.166	1.169	1.169
846	3626.726	3483.313	3718.692	3634.537	1.168	1.171	1.165
847	3638.843	3481.189	3782.344	3665.549	1.178	1.181	1.169
848	3586.016	3445.814	3696.904	3579.902	1.150	1.154	1.152
849	3583.332	3359.733	3722.076	3597.019	1.156	1.159	1.152
850	3618.470	3460.825	3828.780	3637.587	1.169	1.172	1.163
851	3597.098	3409.943	3868.049	3612.448	1.161	1.164	1.156
852	3594.175	3428.001	3777.539	3582.317	1.151	1.155	1.155
853	3592.643	3502.758	3677.849	3589.240	1.153	1.157	1.155
854	3579.307	3476.466	3677.002	3588.888	1.153	1.157	1.150
855	3671.642	3581.488	3772.122	3655.210	1.175	1.178	1.180
856	3574.320	3486.820	3684.145	3577.309	1.150	1.153	1.149
857	3608.766	3507.602	3815.993	3584.287	1.152	1.155	1.160
858	3603.714	3507.237	3742.736	3579.258	1.150	1.154	1.158
859	3606.417	3478.959	3763.303	3594.850	1.155	1.159	1.159
860	3580.203	3492.196	3673.377	3595.242	1.155	1.159	1.151
861	3593.940	3425.076	3704.740	3650.750	1.173	1.177	1.155
862	3566.353	3458.297	3677.456	3589.905	1.154	1.157	1.146
863	3609.187	3419.058	3762.895	3606.544	1.159	1.162	1.160
864	3576.820	3454.579	3711.702	3550.167	1.141	1.144	1.149
865	3584.054	3518.979	3752.618	3566.077	1.146	1.149	1.152
866	3552.105	3413.665	3730.684	3551.673	1.141	1.145	1.141
867	3507.742	3414.050	3677.667	3487.693	1.121	1.124	1.127
868	3563.127	3380.567	3659.865	3613.048	1.161	1.165	1.145
869	3550.946	3427.519	3665.699	3550.534	1.141	1.144	1.141
870	3526.457	3431.294	3649.742	3530.967	1.135	1.138	1.133
871	3576.634	3491.161	3658.558	3603.050	1.158	1.161	1.149
872	3556.205	3451.184	3700.429	3534.766	1.136	1.139	1.143
873	3541.707	3389.281	3673.811	3528.004	1.134	1.137	1.138
874	3563.466	3452.445	3726.178	3524.247	1.133	1.136	1.145
875	3553.461	3508.955	3600.804	3547.198	1.140	1.143	1.142
876	3554.048	3412.422	3798.715	3542.625	1.138	1.142	1.142
877	3519.042	3372.045	3634.627	3534.909	1.136	1.139	1.131
878	3532.496	3377.681	3632.211	3548.767	1.140	1.144	1.135
879	3558.523	3465.578	3634.602	3568.718	1.147	1.150	1.144
880	3507.683	3398.899	3663.154	3487.057	1.121	1.124	1.127
881	3513.804	3381.770	3696.162	3491.695	1.122	1.125	1.129
882	3540.381	3449.923	3656.436	3553.665	1.142	1.145	1.138
883	3524.633	3448.783	3639.304	3508.849	1.128	1.131	1.133
884	3427.161	3318.059	3530.774	3417.478	1.098	1.102	1.101
885	3522.289	3409.755	3649.624	3509.943	1.128	1.131	1.132
886	3509.862	3397.454	3665.370	3508.745	1.128	1.131	1.128
887	3524.071	3351.199	3661.888	3517.658	1.130	1.134	1.132
888	3474.339	3371.345	3580.649	3478.783	1.118	1.121	1.117
889	3463.387	3365.800	3525.521	3454.482	1.110	1.113	1.113
890	3455.580	3332.587	3571.178	3450.520	1.109	1.112	1.110
891	3454.040	3393.134	3536.535	3443.939	1.107	1.110	1.110
892	3507.255	3419.803	3572.908	3522.031	1.132	1.135	1.127
893	3521.041	3408.251	3649.486	3523.106	1.132	1.136	1.132
894	3486.424	3404.980	3581.199	3479.804	1.118	1.122	1.120
895	3506.884	3438.485	3654.158	3479.958	1.118	1.122	1.127
896	3469.693	3387.499	3556.441	3459.843	1.112	1.115	1.115
897	3449.368	3366.945	3548.437	3449.523	1.109	1.112	1.108
898	3472.870	3303.269	3588.451	3499.686	1.125	1.128	1.116
899	3498.701	3382.304	3659.822	3488.419	1.121	1.124	1.124
900	3488.877	3328.310	3625.240	3468.158	1.115	1.118	1.121
901	3453.437	3322.521	3617.140	3433.988	1.104	1.107	1.110
902	3452.373	3327.016	3700.534	3433.677	1.103	1.107	1.109
903	3451.040	3349.200	3582.454	3459.335	1.112	1.115	1.109
904	3484.723	3406.641	3575.262	3485.142	1.120	1.123	1.120
905	3457.385	3379.191	3554.394	3475.698	1.117	1.120	1.111
906	3417.434	3275.146	3588.071	3411.992	1.096	1.100	1.098
907	3419.503	3311.600	3555.122	3402.252	1.093	1.097	1.099
908	3468.361	3333.071	3691.855	3455.994	1.111	1.114	1.115
909	3449.004	3278.071	3592.316	3436.123	1.104	1.108	1.108
910	3416.383	3308.736	3531.833	3406.074	1.095	1.098	1.098
911	3474.378	3372.550	3612.172	3460.598	1.112	1.115	1.117
912	3493.960	3378.901	3646.502	3481.669	1.119	1.122	1.123
913	3445.206	3331.390	3529.555	3445.850	1.107	1.111	1.107
914	3459.834	3328.667	3581.089	3463.195	1.113	1.116	1.112
915	3421.645	3291.890	3495.227	3434.512	1.104	1.107	1.100
916	3427.159	3282.471	3577.928	3442.917	1.106	1.110	1.101
917	3396.203	3229.528	3597.828	3370.011	1.083	1.086	1.091
918	3460.205	3311.781	3617.573	3445.484	1.107	1.111	1.112
919	3405.818	3317.809	3484.115	3420.690	1.099	1.103	1.094
920	3417.874	3271.713	3602.530	3414.335	1.097	1.101	1.098
921	3448.830	3265.967	3554.066	3484.165	1.120	1.123	1.108
922	3432.688	3266.985	3551.181	3486.518	1.120	1.124	1.103
923	3457.830	3262.747	3594.265	3478.598	1.118	1.121	1.111
924	3450.714	3215.388	3607.024	3489.887	1.122	1.125	1.109
925	3461.095	3265.926	3601.534	3467.466	1.114	1.118	1.112
926	3419.910	3203.175	3539.983	3453.875	1.110	1.113	1.099
927	3447.833	3298.483	3541.282	3466.677	1.114	1.117	1.108
928	3459.668	3305.133	3623.759	3471.211	1.115	1.119	1.112
929	3463.856	3271.153	3724.976	3449.992	1.109	1.112	1.113
930	3393.616	3262.015	3611.656	3387.509	1.089	1.092	1.091
931	3379.615	3234.614	3524.859	3402.230	1.093	1.097	1.086
932	3406.032	3287.240	3569.065	3372.530	1.084	1.087	1.095
933	3384.959	3278.496	3486.386	3385.289	1.088	1.091	1.088
934	3389.966	3191.807	3531.968	3406.128	1.095	1.098	1.089
935	3412.898	3280.499	3542.226	3413.961	1.097	1.100	1.097
936	3422.383	3250.948	3559.012	3449.895	1.109	1.112	1.100
937	3396.168	3235.853	3549.868	3419.862	1.099	1.102	1.091
938	3410.727	3288.183	3722.581	3372.151	1.084	1.087	1.096
939	3433.012	3212.272	3624.979	3438.291	1.105	1.108	1.103
940	3437.876	3288.183	3653.352	3420.497	1.099	1.102	1.105
941	3413.201	3295.802	3604.081	3405.157	1.094	1.098	1.097
942	3413.349	3284.752	3637.621	3363.932	1.081	1.084	1.097
943	3381.509	3234.935	3509.826	3396.999	1.092	1.095	1.087
944	3421.780	3260.508	3550.135	3441.627	1.106	1.109	1.100
945	3426.217	3282.554	3535.488	3436.985	1.105	1.108	1.101
946	3391.939	3266.645	3534.119	3377.360	1.085	1.089	1.090
947	3390.575	3240.294	3539.457	3403.052	1.094	1.097	1.090
948	3406.760	3286.093	3516.026	3415.325	1.098	1.101	1.095
949	3382.104	3258.483	3464.008	3396.285	1.091	1.095	1.087
950	3400.826	3232.094	3498.069	3419.359	1.099	1.102	1.093
951	3419.606	3262.900	3534.729	3431.737	1.103	1.106	1.099
952	3414.209	3292.781	3476.456	3434.832	1.104	1.107	1.097
953	3411.107	3252.400	3524.812	3441.474	1.106	1.109	1.096
954	3392.592	3231.874	3562.083	3415.187	1.097	1.101	1.090
955	3368.690	3237.973	3475.482	3406.082	1.095	1.098	1.083
956	3371.135	3178.514	3526.672	3389.458	1.089	1.092	1.083
957	3417.572	3270.564	3513.498	3427.635	1.101	1.105	1.098
958	3395.743	3267.519	3510.867	3385.593	1.088	1.091	1.091
959	3379.193	3277.723	3494.696	3368.556	1.083	1.086	1.086
960	3378.683	3195.574	3471.018	3402.947	1.094	1.097	1.086
961	3400.769	3263.077	3474.944	3398.625	1.092	1.095	1.093
962	3383.592	3203.843	3487.998	3404.432	1.094	1.097	1.087
963	3395.435	3261.818	3530.374	3392.360	1.090	1.093	1.091
964	3359.384	3219.923	3464.439	3366.942	1.082	1.085	1.080
965	3346.015	3248.585	3470.956	3335.592	1.072	1.075	1.075
966	3375.387	3280.306	3475.347	3366.375	1.082	1.085	1.085
967	3393.309	3200.818	3629.072	3389.156	1.089	1.092	1.090
968	3421.359	3253.313	3611.634	3449.691	1.109	1.112	1.099
969	3419.156	3305.447	3541.131	3407.728	1.095	1.098	1.099
970	3367.270	3237.061	3458.584	3381.793	1.087	1.090	1.082
971	3350.765	3205.164	3497.874	3369.237	1.083	1.086	1.077
972	3363.305	3251.314	3455.087	3355.872	1.078	1.082	1.081
973	3400.747	3282.303	3505.072	3396.679	1.092	1.095	1.093
974	3403.964	3311.861	3529.467	3380.092	1.086	1.089	1.094
975	3388.159	3242.907	3553.473	3371.613	1.083	1.087	1.089
976	3380.946	3255.454	3459.545	3392.247	1.090	1.093	1.086
977	3419.842	3253.884	3555.618	3449.303	1.108	1.112	1.099
978	3389.599	3246.673	3540.182	3379.701	1.086	1.089	1.089
979	3411.643	3218.928	3630.665	3427.486	1.101	1.105	1.096
980	3385.069	3279.856	3505.406	3375.719	1.085	1.088	1.088
981	3375.641	3250.926	3459.778	3382.139	1.087	1.090	1.085
982	3415.542	3246.232	3507.613	3418.565	1.099	1.102	1.098
983	3387.097	3286.277	3528.693	3387.619	1.089	1.092	1.088
984	3376.763	3143.212	3565.774	3377.234	1.085	1.089	1.085
985	3402.085	3264.922	3577.801	3369.050	1.083	1.086	1.093
986	3357.446	3269.494	3515.084	3343.489	1.074	1.078	1.079
987	3354.206	3270.917	3520.684	3327.044	1.069	1.072	1.078
988	3359.568	3303.246	3422.192	3358.533	1.079	1.083	1.080
989	3371.644	3220.716	3522.797	3383.296	1.087	1.091	1.084
990	3372.071	3273.296	3429.275	3376.897	1.085	1.088	1.084
991	3426.053	3295.547	3520.397	3430.173	1.102	1.106	1.101
992	3455.256	3292.894	3614.406	3441.607	1.106	1.109	1.110
993	3386.783	3281.843	3465.761	3401.674	1.093	1.096	1.088
994	3410.648	3297.712	3531.969	3426.174	1.101	1.104	1.096
995	3395.503	3308.740	3519.759	3380.682	1.086	1.090	1.091
996	3362.293	3222.195	3467.716	3376.874	1.085	1.088	1.080
997	3329.524	3204.293	3404.810	3351.757	1.077	1.080	1.070
998	3379.443	3289.699	3432.876	3383.811	1.087	1.091	1.086
999	3368.660	3214.700	3503.376	3377.839	1.085	1.089	1.083
1000	3347.247	3209.675	3530.500	3341.932	1.074	1.077	1.076
1001	3361.599	3193.714	3565.640	3337.299	1.072	1.076	1.080
1002	3342.650	3149.294	3455.970	3358.919	1.079	1.083	1.074
1003	3364.004	3168.764	3499.845	3366.400	1.082	1.085	1.081
1004	3357.075	3193.221	3504.835	3398.984	1.092	1.096	1.079
1005	3379.564	3255.458	3524.232	3408.284	1.095	1.099	1.086
1006	3395.137	3323.868	3515.922	3374.448	1.084	1.088	1.091
1007	3374.028	3227.766	3519.676	3364.596	1.081	1.084	1.084
1008	3351.957	3185.614	3504.568	3371.104	1.083	1.087	1.077
1009	3369.262	3216.349	3530.291	3376.282	1.085	1.088	1.083
1010	3357.099	3185.263	3484.116	3370.497	1.083	1.086	1.079
1011	3390.144	3210.482	3527.457	3403.654	1.094	1.097	1.089
1012	3394.756	3274.884	3525.202	3391.931	1.090	1.093	1.091
1013	3401.610	3335.216	3472.739	3399.448	1.092	1.096	1.093
1014	3362.463	3230.271	3552.625	3342.142	1.074	1.077	1.081
1015	3377.994	3211.210	3621.401	3390.525	1.090	1.093	1.086
1016	3375.238	3248.174	3511.150	3395.570	1.091	1.094	1.085
1017	3327.452	3211.439	3425.893	3359.333	1.080	1.083	1.069
1018	3324.678	3171.217	3474.223	3326.469	1.069	1.072	1.068
1019	3348.562	3252.548	3440.607	3360.901	1.080	1.083	1.076
1020	3356.519	3277.496	3481.512	3359.142	1.079	1.083	1.079
1021	3336.023	3273.698	3442.375	3327.217	1.069	1.072	1.072
1022	3336.116	3214.866	3404.167	3346.690	1.075	1.079	1.072
1023	3374.793	3310.836	3479.583	3355.109	1.078	1.081	1.085
1024	3360.155	3301.050	3420.927	3365.242	1.081	1.085	1.080
1025	3339.587	3260.542	3419.651	3350.416	1.077	1.080	1.073
1026	3374.111	3248.240	3516.573	3359.874	1.080	1.083	1.084
1027	3388.022	3271.602	3503.332	3383.051	1.087	1.090	1.089
1028	3330.294	3190.512	3433.322	3339.573	1.073	1.076	1.070
1029	3367.016	3187.818	3490.011	3414.161	1.097	1.100	1.082
1030	3389.890	3181.469	3579.417	3452.791	1.110	1.113	1.089
1031	3357.170	3204.316	3501.243	3357.830	1.079	1.082	1.079
1032	3348.216	3208.033	3414.866	3380.431	1.086	1.090	1.076
1033	3322.173	3228.611	3401.040	3337.581	1.073	1.076	1.068
1034	3364.345	3257.529	3604.687	3354.912	1.078	1.081	1.081
1035	3326.128	3210.184	3437.605	3329.281	1.070	1.073	1.069
1036	3320.934	3179.278	3453.275	3327.764	1.069	1.073	1.067
1037	3341.674	3203.549	3538.493	3364.641	1.081	1.084	1.074
1038	3354.026	3205.000	3477.038	3325.225	1.069	1.072	1.078
1039	3340.534	3251.871	3428.208	3332.032	1.071	1.074	1.074
1040	3323.571	3240.959	3395.517	3321.565	1.067	1.071	1.068
1041	3335.654	3245.233	3447.725	3328.145	1.070	1.073	1.072
1042	3301.155	3192.072	3436.889	3277.364	1.053	1.056	1.061
1043	3295.797	3195.769	3422.813	3293.805	1.058	1.062	1.059
1044	3322.842	3225.991	3380.728	3329.062	1.070	1.073	1.068
1045	3336.005	3225.536	3408.109	3343.181	1.074	1.078	1.072
1046	3357.862	3234.837	3540.896	3377.522	1.085	1.089	1.079
1047	3333.593	3223.563	3421.500	3330.959	1.070	1.074	1.071
1048	3304.131	3203.076	3433.237	3305.217	1.062	1.065	1.062
1049	3331.299	3237.009	3471.308	3321.022	1.067	1.070	1.071
1050	3334.342	3182.309	3471.906	3333.037	1.071	1.074	1.072
1051	3329.518	3194.388	3425.670	3334.275	1.071	1.075	1.070
1052	3358.175	3274.138	3524.541	3349.342	1.076	1.080	1.079
1053	3373.015	3204.480	3484.062	3412.212	1.097	1.100	1.084
1054	3337.728	3226.512	3464.021	3347.317	1.076	1.079	1.073
1055	3348.434	3261.921	3457.621	3348.657	1.076	1.079	1.076
1056	3334.158	3269.439	3440.208	3318.373	1.066	1.070	1.071
1057	3325.134	3242.389	3435.637	3312.831	1.065	1.068	1.069
1058	3343.071	3245.232	3439.343	3344.459	1.075	1.078	1.074
1059	3363.168	3280.662	3441.663	3356.063	1.078	1.082	1.081
1060	3315.686	3247.723	3390.980	3321.393	1.067	1.071	1.066
1061	3371.523	3292.483	3434.391	3365.435	1.082	1.085	1.083
1062	3349.394	3262.157	3472.415	3326.758	1.069	1.072	1.076
1063	3331.797	3220.373	3428.527	3334.604	1.072	1.075	1.071
1064	3346.318	3198.669	3479.446	3370.715	1.083	1.086	1.075
1065	3364.884	3251.435	3435.643	3371.155	1.083	1.087	1.081
1066	3349.011	3263.069	3415.633	3367.042	1.082	1.085	1.076
1067	3331.754	3230.767	3436.725	3309.314	1.063	1.067	1.071
1068	3339.133	3270.633	3416.727	3318.516	1.066	1.070	1.073
1069	3323.693	3160.494	3426.944	3324.311	1.068	1.071	1.068
1070	3350.601	3271.886	3406.219	3384.647	1.088	1.091	1.077
1071	3361.899	3273.961	3447.580	3358.461	1.079	1.083	1.080
1072	3375.354	3234.784	3487.315	3368.544	1.083	1.086	1.085
1073	3333.593	3230.975	3432.256	3322.270	1.068	1.071	1.071
1074	3352.951	3247.966	3469.522	3372.909	1.084	1.087	1.077
1075	3323.272	3236.483	3402.920	3346.365	1.075	1.079	1.068
1076	3351.448	3263.988	3452.581	3346.732	1.075	1.079	1.077
1077	3332.560	3248.532	3363.925	3338.019	1.073	1.076	1.071
1078	3324.379	3252.517	3371.016	3324.265	1.068	1.071	1.068
1079	3353.598	3227.148	3429.898	3357.889	1.079	1.082	1.078
1080	3366.547	3244.936	3511.421	3352.405	1.077	1.081	1.082
1081	3373.295	3226.173	3482.470	3406.063	1.095	1.098	1.084
1082	3363.574	3252.302	3482.667	3366.327	1.082	1.085	1.081
1083	3316.772	3178.782	3458.259	3306.369	1.063	1.066	1.066
1084	3311.393	3259.612	3352.746	3311.256	1.064	1.067	1.064
1085	3350.122	3228.878	3464.106	3356.614	1.079	1.082	1.077
1086	3339.853	3183.418	3457.254	3359.484	1.080	1.083	1.073
1087	3321.365	3263.983	3378.144	3336.855	1.072	1.076	1.067
1088	3336.508	3216.075	3471.139	3330.529	1.070	1.073	1.072
1089	3335.348	3275.528	3442.671	3328.411	1.070	1.073	1.072
1090	3319.869	3171.167	3458.854	3310.424	1.064	1.067	1.067
1091	3327.418	3215.657	3441.873	3317.910	1.066	1.069	1.069
1092	3297.901	3188.748	3385.273	3294.986	1.059	1.062	1.060
1093	3317.568	3211.986	3422.150	3328.531	1.070	1.073	1.066
1094	3319.831	3243.414	3383.342	3332.718	1.071	1.074	1.067
1095	3358.458	3292.661	3456.229	3347.231	1.076	1.079	1.079
1096	3298.766	3247.927	3373.760	3297.173	1.060	1.063	1.060
1097	3319.560	3200.937	3407.116	3328.128	1.070	1.073	1.067
1098	3320.211	3230.635	3417.698	3310.446	1.064	1.067	1.067
1099	3292.438	3246.242	3386.896	3276.460	1.053	1.056	1.058
1100	3307.896	3166.376	3377.512	3329.467	1.070	1.073	1.063
1101	3321.481	3252.901	3382.595	3325.796	1.069	1.072	1.067
1102	3324.767	3189.433	3562.592	3282.110	1.055	1.058	1.068
1103	3328.644	3203.133	3445.586	3362.262	1.080	1.084	1.070
1104	3343.085	3248.451	3530.308	3317.103	1.066	1.069	1.074
1105	3351.167	3179.559	3502.732	3359.883	1.080	1.083	1.077
1106	3316.640	3235.510	3391.073	3312.266	1.064	1.068	1.066
1107	3369.186	3277.899	3497.104	3383.021	1.087	1.090	1.083
1108	3375.373	3328.599	3441.334	3359.958	1.080	1.083	1.085
1109	3376.267	3228.939	3517.174	3410.025	1.096	1.099	1.085
1110	3347.851	3247.961	3485.547	3332.136	1.071	1.074	1.076
1111	3347.005	3201.965	3482.823	3351.154	1.077	1.080	1.076
1112	3320.578	3207.873	3469.887	3322.179	1.068	1.071	1.067
1113	3335.910	3260.697	3415.484	3337.396	1.072	1.076	1.072
1114	3335.448	3251.668	3486.032	3300.289	1.061	1.064	1.072
1115	3332.044	3231.842	3402.939	3334.508	1.072	1.075	1.071
1116	3310.282	3254.600	3393.559	3298.241	1.060	1.063	1.064
1117	3350.108	3274.838	3438.867	3364.902	1.081	1.085	1.077
1118	3387.582	3272.346	3528.401	3406.051	1.095	1.098	1.089
1119	3351.141	3280.285	3408.768	3339.048	1.073	1.076	1.077
1120	3328.913	3260.952	3401.462	3319.320	1.067	1.070	1.070
1121	3329.773	3258.260	3398.367	3333.221	1.071	1.074	1.070
1122	3350.550	3197.180	3457.578	3351.041	1.077	1.080	1.077
1123	3358.590	3163.627	3506.301	3357.979	1.079	1.082	1.079
1124	3355.626	3149.436	3477.101	3392.433	1.090	1.093	1.078
1125	3331.340	3238.725	3431.594	3316.619	1.066	1.069	1.071
1126	3330.951	3220.453	3398.673	3351.094	1.077	1.080	1.070
1127	3353.047	3206.217	3550.694	3348.199	1.076	1.079	1.078
1128	3302.501	3193.928	3393.672	3319.086	1.067	1.070	1.061
1129	3328.204	3185.240	3466.582	3347.614	1.076	1.079	1.070
1130	3326.494	3268.659	3418.037	3310.511	1.064	1.067	1.069
1131	3332.243	3244.713	3443.536	3333.569	1.071	1.074	1.071
1132	3344.043	3233.816	3473.006	3314.500	1.065	1.068	1.075
1133	3334.941	3205.070	3430.264	3367.154	1.082	1.085	1.072
1134	3339.184	3175.856	3458.761	3337.165	1.072	1.076	1.073
1135	3327.921	3211.017	3414.630	3329.801	1.070	1.073	1.069
1136	3349.610	3273.721	3443.010	3345.457	1.075	1.078	1.076
1137	3373.181	3308.187	3495.287	3366.178	1.082	1.085	1.084
1138	3351.344	3268.336	3435.890	3336.695	1.072	1.075	1.077
1139	3325.459	3234.876	3463.860	3279.367	1.054	1.057	1.069
1140	3331.545	3211.850	3450.049	3329.696	1.070	1.073	1.071
1141	3364.106	3178.584	3472.299	3387.807	1.089	1.092	1.081
1142	3339.244	3192.001	3390.706	3369.126	1.083	1.086	1.073
1143	3328.695	3240.004	3478.877	3306.480	1.063	1.066	1.070
1144	3319.800	3206.782	3429.999	3319.881	1.067	1.070	1.067
1145	3339.061	3286.872	3429.183	3330.565	1.070	1.074	1.073
1146	3313.012	3235.032	3433.498	3305.400	1.062	1.065	1.065
1147	3330.630	3102.504	3461.066	3354.080	1.078	1.081	1.070
1148	3342.764	3204.200	3488.725	3340.016	1.073	1.077	1.074
1149	3365.414	3201.776	3553.927	3371.697	1.084	1.087	1.082
1150	3302.142	3174.828	3396.989	3299.508	1.060	1.063	1.061
1151	3330.524	3219.057	3493.496	3304.040	1.062	1.065	1.070
1152	3358.168	3262.488	3487.430	3356.527	1.079	1.082	1.079
1153	3361.179	3281.615	3447.875	3359.055	1.079	1.083	1.080
1154	3345.220	3246.758	3414.437	3345.150	1.075	1.078	1.075
1155	3342.285	3209.405	3473.338	3345.039	1.075	1.078	1.074
1156	3344.603	3258.062	3423.225	3351.596	1.077	1.080	1.075
1157	3344.481	3251.803	3405.014	3352.423	1.077	1.081	1.075
1158	3356.405	3279.689	3427.056	3346.210	1.075	1.079	1.079
1159	3365.079	3269.092	3512.039	3362.273	1.080	1.084	1.081
1160	3335.714	3257.258	3448.472	3323.020	1.068	1.071	1.072
1161	3366.007	3242.094	3488.469	3342.820	1.074	1.077	1.082
1162	3365.981	3221.605	3497.431	3374.089	1.084	1.088	1.082
1163	3335.765	3138.223	3458.271	3348.365	1.076	1.079	1.072
1164	3337.184	3211.606	3476.885	3341.988	1.074	1.077	1.072
1165	3309.456	3211.127	3363.458	3322.458	1.068	1.071	1.064
1166	3335.533	3241.264	3422.664	3331.163	1.070	1.074	1.072
1167	3354.720	3308.607	3444.937	3343.529	1.074	1.078	1.078
1168	3353.569	3232.870	3432.129	3360.890	1.080	1.083	1.078
1169	3360.333	3240.112	3468.909	3368.581	1.083	1.086	1.080
1170	3335.671	3189.272	3457.891	3354.722	1.078	1.081	1.072
1171	3348.536	3202.004	3486.016	3346.261	1.075	1.079	1.076
1172	3347.541	3269.290	3455.453	3350.901	1.077	1.080	1.076
1173	3359.166	3264.220	3468.047	3346.736	1.075	1.079	1.079
1174	3323.534	3191.448	3434.323	3329.662	1.070	1.073	1.068
1175	3330.086	3239.073	3404.547	3322.842	1.068	1.071	1.070
1176	3327.683	3281.218	3386.136	3323.289	1.068	1.071	1.069
1177	3335.834	3248.744	3396.133	3341.398	1.074	1.077	1.072
1178	3349.636	3315.701	3420.935	3332.424	1.071	1.074	1.076
1179	3410.690	3316.937	3607.519	3384.549	1.088	1.091	1.096
1180	3380.364	3292.160	3441.949	3392.457	1.090	1.093	1.086
1181	3367.852	3268.383	3476.023	3339.149	1.073	1.076	1.082
1182	3357.106	3315.729	3516.400	3336.434	1.072	1.075	1.079
1183	3346.702	3282.697	3499.759	3333.858	1.071	1.075	1.075
1184	3396.097	3264.908	3537.580	3419.513	1.099	1.102	1.091
1185	3389.015	3254.793	3517.008	3405.465	1.094	1.098	1.089
1186	3340.566	3225.253	3466.052	3347.857	1.076	1.079	1.074
1187	3357.144	3294.971	3459.740	3358.627	1.079	1.083	1.079
1188	3379.547	3309.984	3510.967	3377.761	1.085	1.089	1.086
1189	3344.843	3258.415	3399.174	3358.313	1.079	1.082	1.075
1190	3378.842	3305.857	3467.389	3376.259	1.085	1.088	1.086
1191	3344.014	3316.381	3423.989	3326.577	1.069	1.072	1.075
1192	3333.366	3204.691	3411.827	3352.844	1.077	1.081	1.071
1193	3331.690	3217.242	3434.189	3327.446	1.069	1.073	1.071
1194	3346.203	3245.254	3419.182	3348.609	1.076	1.079	1.075
1195	3366.516	3253.507	3517.540	3336.921	1.072	1.076	1.082
1196	3340.170	3218.226	3461.829	3336.066	1.072	1.075	1.073
1197	3365.432	3210.881	3449.295	3367.370	1.082	1.085	1.082
1198	3378.962	3234.526	3572.530	3374.853	1.085	1.088	1.086
1199	3341.098	3184.661	3437.854	3331.056	1.070	1.074	1.074
1200	3344.493	3191.160	3497.725	3357.008	1.079	1.082	1.075
1201	3377.007	3308.341	3417.971	3388.476	1.089	1.092	1.085
1202	3370.408	3256.950	3466.545	3401.089	1.093	1.096	1.083
1203	3403.017	3269.212	3606.035	3396.490	1.091	1.095	1.094
1204	3384.414	3285.827	3469.840	3412.395	1.097	1.100	1.088
1205	3391.773	3323.149	3503.754	3383.071	1.087	1.090	1.090
1206	3453.585	3378.406	3550.156	3452.142	1.109	1.113	1.110
1207	3432.142	3317.191	3586.023	3434.527	1.104	1.107	1.103
1208	3354.314	3219.768	3455.612	3365.422	1.082	1.085	1.078
1209	3339.307	3303.870	3376.671	3334.968	1.072	1.075	1.073
1210	3396.577	3304.801	3490.101	3405.833	1.094	1.098	1.092
1211	3364.884	3245.806	3423.662	3389.058	1.089	1.092	1.081
1212	3367.411	3204.770	3490.456	3371.213	1.083	1.087	1.082
1213	3349.998	3266.513	3495.304	3333.081	1.071	1.074	1.077
1214	3360.037	3210.004	3499.837	3358.717	1.079	1.083	1.080
1215	3386.697	3313.839	3525.334	3370.904	1.083	1.087	1.088
1216	3377.033	3287.843	3464.213	3378.819	1.086	1.089	1.085
1217	3373.525	3310.456	3440.480	3382.734	1.087	1.090	1.084
1218	3383.968	3244.898	3508.300	3368.749	1.083	1.086	1.087
1219	3376.906	3298.010	3537.084	3367.203	1.082	1.085	1.085
1220	3359.946	3289.159	3476.200	3350.799	1.077	1.080	1.080
1221	3400.937	3301.344	3513.311	3396.289	1.091	1.095	1.093
1222	3399.217	3325.576	3455.106	3390.817	1.090	1.093	1.092
1223	3357.438	3294.956	3424.534	3356.332	1.079	1.082	1.079
1224	3343.328	3287.591	3375.006	3347.792	1.076	1.079	1.074
1225	3388.520	3302.995	3476.738	3378.743	1.086	1.089	1.089
1226	3362.290	3226.264	3455.680	3361.070	1.080	1.083	1.080
1227	3357.616	3269.517	3532.782	3331.526	1.071	1.074	1.079
1228	3324.825	3212.875	3459.420	3319.484	1.067	1.070	1.068
1229	3345.547	3267.366	3518.077	3306.668	1.063	1.066	1.075
1230	3324.159	3257.648	3418.431	3313.280	1.065	1.068	1.068
1231	3365.427	3284.749	3418.645	3379.073	1.086	1.089	1.082
1232	3295.346	3135.237	3378.026	3323.153	1.068	1.071	1.059
1233	3361.268	3227.156	3515.102	3366.473	1.082	1.085	1.080
1234	3387.377	3305.859	3441.136	3387.812	1.089	1.092	1.089
1235	3353.097	3273.954	3444.030	3338.880	1.073	1.076	1.078
1236	3381.361	3291.823	3452.566	3394.262	1.091	1.094	1.087
1237	3358.936	3292.722	3482.935	3354.436	1.078	1.081	1.079
1238	3373.609	3309.228	3476.541	3368.344	1.082	1.086	1.084
1239	3343.637	3272.398	3450.844	3328.242	1.070	1.073	1.075
1240	3322.078	3221.927	3407.913	3303.608	1.062	1.065	1.068
1241	3364.995	3256.150	3507.119	3377.965	1.086	1.089	1.081
1242	3373.120	3274.194	3491.971	3377.017	1.085	1.088	1.084
1243	3377.098	3328.754	3421.762	3382.059	1.087	1.090	1.085
1244	3343.920	3289.573	3380.170	3347.694	1.076	1.079	1.075
1245	3323.726	3212.211	3368.221	3333.291	1.071	1.074	1.068
1246	3363.027	3288.280	3445.253	3360.233	1.080	1.083	1.081
1247	3365.488	3258.140	3545.257	3360.975	1.080	1.083	1.082
1248	3371.458	3272.464	3416.087	3387.715	1.089	1.092	1.083
1249	3324.966	3272.677	3371.608	3327.239	1.069	1.072	1.069
1250	3322.349	3242.852	3352.092	3333.887	1.071	1.075	1.068
1251	3345.368	3315.993	3377.903	3347.224	1.076	1.079	1.075
1252	3330.220	3235.450	3437.366	3319.439	1.067	1.070	1.070
1253	3332.422	3283.941	3399.068	3327.094	1.069	1.072	1.071
1254	3342.217	3203.472	3412.536	3355.986	1.078	1.082	1.074
1255	3351.549	3224.910	3428.231	3377.397	1.085	1.089	1.077
1256	3311.269	3233.018	3440.800	3311.111	1.064	1.067	1.064
1257	3316.688	3122.231	3470.686	3313.325	1.065	1.068	1.066
1258	3305.525	3202.868	3411.193	3283.593	1.055	1.058	1.062
1259	3318.199	3243.080	3416.053	3299.994	1.060	1.064	1.066
1260	3333.193	3265.753	3390.155	3333.906	1.071	1.075	1.071
1261	3312.359	3224.195	3389.340	3316.413	1.066	1.069	1.064
1262	3354.470	3230.791	3483.750	3332.294	1.071	1.074	1.078
1263	3340.062	3193.173	3479.144	3344.620	1.075	1.078	1.073
1264	3373.413	3294.078	3617.784	3327.662	1.069	1.073	1.084
1265	3301.727	3201.638	3443.214	3275.061	1.052	1.056	1.061
1266	3322.395	3274.615	3366.000	3327.677	1.069	1.073	1.068
1267	3337.936	3279.932	3387.215	3344.798	1.075	1.078	1.073
1268	3333.945	3168.451	3477.150	3340.175	1.073	1.077	1.071
1269	3329.386	3182.994	3478.741	3326.529	1.069	1.072	1.070
1270	3339.890	3265.852	3416.327	3338.107	1.073	1.076	1.073
1271	3325.895	3234.967	3500.779	3318.991	1.067	1.070	1.069
1272	3331.979	3260.032	3422.330	3319.854	1.067	1.070	1.071
1273	3383.925	3265.617	3456.175	3387.560	1.089	1.092	1.087
1274	3355.418	3285.859	3418.913	3366.581	1.082	1.085	1.078
1275	3374.468	3306.201	3441.197	3365.177	1.081	1.085	1.084
1276	3308.821	3233.604	3376.467	3312.971	1.065	1.068	1.063
1277	3329.617	3215.467	3464.680	3301.050	1.061	1.064	1.070
1278	3315.739	3243.950	3510.620	3280.270	1.054	1.057	1.066
1279	3328.341	3224.411	3534.342	3295.539	1.059	1.062	1.070
1280	3358.576	3247.443	3503.078	3337.813	1.073	1.076	1.079
1281	3312.806	3197.983	3413.389	3327.274	1.069	1.072	1.065
1282	3352.696	3262.181	3469.732	3366.819	1.082	1.085	1.077
1283	3333.059	3258.799	3407.093	3335.424	1.072	1.075	1.071
1284	3342.027	3247.838	3423.222	3348.152	1.076	1.079	1.074
1285	3302.530	3257.693	3344.188	3298.602	1.060	1.063	1.061
1286	3341.646	3267.225	3444.049	3343.669	1.075	1.078	1.074
1287	3327.163	3243.485	3469.653	3295.131	1.059	1.062	1.069
1288	3358.279	3298.855	3425.157	3357.803	1.079	1.082	1.079
1289	3316.214	3246.482	3416.929	3307.361	1.063	1.066	1.066
1290	3325.434	3212.415	3379.321	3351.235	1.077	1.080	1.069
1291	3345.814	3265.918	3436.816	3345.314	1.075	1.078	1.075
1292	3343.578	3204.687	3514.959	3349.660	1.076	1.080	1.074
1293	3347.336	3268.163	3414.427	3355.079	1.078	1.081	1.076
1294	3394.632	3354.338	3462.233	3384.303	1.088	1.091	1.091
1295	3358.745	3249.304	3427.021	3379.612	1.086	1.089	1.079
1296	3347.870	3259.458	3447.506	3347.043	1.076	1.079	1.076
1297	3319.591	3256.272	3424.500	3302.723	1.061	1.065	1.067
1298	3315.326	3201.926	3434.078	3348.590	1.076	1.079	1.065
1299	3339.423	3201.670	3462.908	3350.368	1.077	1.080	1.073
1300	3350.475	3213.669	3473.857	3357.951	1.079	1.082	1.077
1301	3345.751	3225.842	3467.188	3339.644	1.073	1.076	1.075
1302	3319.361	3241.105	3441.254	3311.322	1.064	1.067	1.067
1303	3337.824	3221.067	3484.233	3325.735	1.069	1.072	1.073
1304	3361.073	3269.552	3489.475	3339.335	1.073	1.076	1.080
1305	3369.473	3289.728	3530.760	3353.670	1.078	1.081	1.083
1306	3395.344	3301.143	3507.167	3370.616	1.083	1.086	1.091
1307	3396.944	3213.051	3523.048	3396.994	1.092	1.095	1.092
1308	3377.892	3334.883	3468.715	3365.730	1.082	1.085	1.086
1309	3337.594	3194.423	3421.371	3367.502	1.082	1.085	1.073
1310	3366.580	3241.092	3465.769	3381.332	1.087	1.090	1.082
1311	3372.626	3321.440	3486.607	3355.057	1.078	1.081	1.084
1312	3367.522	3287.094	3432.911	3378.276	1.086	1.089	1.082
1313	3358.944	3288.287	3415.805	3367.790	1.082	1.086	1.079
1314	3346.541	3250.110	3474.276	3349.156	1.076	1.080	1.075
1315	3381.062	3302.862	3457.236	3382.119	1.087	1.090	1.087
1316	3391.449	3276.952	3573.669	3384.566	1.088	1.091	1.090
1317	3365.854	3246.128	3473.783	3363.078	1.081	1.084	1.082
1318	3361.667	3255.834	3516.081	3336.970	1.072	1.076	1.080
1319	3381.144	3282.408	3440.276	3404.191	1.094	1.097	1.087
1320	3354.771	3283.741	3439.822	3354.164	1.078	1.081	1.078
1321	3358.336	3261.471	3449.545	3358.168	1.079	1.082	1.079
1322	3364.470	3203.600	3478.343	3367.471	1.082	1.085	1.081
1323	3331.615	3216.184	3447.798	3317.907	1.066	1.069	1.071
1324	3326.541	3207.479	3497.578	3302.100	1.061	1.064	1.069
1325	3315.996	3215.534	3469.313	3323.663	1.068	1.071	1.066
1326	3310.751	3232.666	3386.803	3307.080	1.063	1.066	1.064
1327	3319.902	3267.639	3395.719	3328.609	1.070	1.073	1.067
1328	3344.717	3235.934	3461.189	3340.671	1.074	1.077	1.075
1329	3367.427	3277.053	3474.528	3355.303	1.078	1.081	1.082
1330	3340.771	3252.899	3482.697	3335.909	1.072	1.075	1.074
1331	3357.603	3184.399	3484.036	3341.180	1.074	1.077	1.079
1332	3357.732	3261.593	3467.051	3365.709	1.082	1.085	1.079
1333	3313.729	3214.291	3367.722	3322.158	1.068	1.071	1.065
1334	3307.100	3220.132	3354.130	3319.617	1.067	1.070	1.063
1335	3345.655	3243.539	3417.004	3357.146	1.079	1.082	1.075
1336	3350.719	3321.720	3410.984	3332.788	1.071	1.074	1.077
1337	3329.192	3274.080	3401.613	3325.747	1.069	1.072	1.070
1338	3339.633	3300.660	3406.972	3331.867	1.071	1.074	1.073
1339	3332.300	3267.885	3381.835	3332.901	1.071	1.074	1.071
1340	3334.529	3275.190	3420.021	3331.776	1.071	1.074	1.072
1341	3317.060	3241.412	3444.124	3320.944	1.067	1.070	1.066
1342	3343.331	3264.061	3408.993	3349.979	1.077	1.080	1.074
1343	3347.364	3284.261	3426.817	3335.455	1.072	1.075	1.076
1344	3308.507	3167.807	3389.636	3307.619	1.063	1.066	1.063
1345	3365.016	3263.906	3446.658	3362.559	1.081	1.084	1.081
1346	3335.673	3252.218	3429.223	3331.560	1.071	1.074	1.072
1347	3329.683	3183.329	3384.748	3327.908	1.069	1.073	1.070
1348	3373.501	3252.688	3454.776	3386.871	1.088	1.092	1.084
1349	3398.433	3289.196	3527.880	3396.244	1.091	1.095	1.092
1350	3379.432	3254.612	3433.467	3383.472	1.087	1.091	1.086
1351	3379.837	3330.662	3438.409	3388.344	1.089	1.092	1.086
1352	3349.809	3226.103	3481.141	3355.911	1.078	1.082	1.076
1353	3360.310	3279.658	3429.124	3371.442	1.083	1.087	1.080
1354	3322.917	3196.701	3373.108	3329.797	1.070	1.073	1.068
1355	3382.551	3293.330	3481.296	3377.543	1.085	1.089	1.087
1356	3358.630	3232.898	3508.141	3348.853	1.076	1.079	1.079
1357	3331.815	3203.071	3415.683	3326.324	1.069	1.072	1.071
1358	3316.250	3242.867	3370.985	3319.473	1.067	1.070	1.066
1359	3299.036	3203.492	3432.498	3281.961	1.055	1.058	1.060
1360	3280.024	3133.350	3381.451	3287.737	1.057	1.060	1.054
1361	3286.716	3221.500	3353.581	3280.268	1.054	1.057	1.056
1362	3297.075	3233.044	3388.746	3299.655	1.060	1.064	1.060
1363	3289.030	3196.896	3367.763	3297.126	1.060	1.063	1.057
1364	3301.798	3253.485	3380.013	3298.742	1.060	1.063	1.061
1365	3288.732	3199.002	3450.002	3269.447	1.051	1.054	1.057
1366	3334.490	3234.778	3415.561	3331.866	1.071	1.074	1.072
1367	3341.186	3260.574	3413.678	3334.707	1.072	1.075	1.074
1368	3310.135	3196.049	3425.449	3317.765	1.066	1.069	1.064
1369	3316.790	3260.941	3396.779	3304.217	1.062	1.065	1.066
1370	3314.124	3200.770	3384.947	3328.732	1.070	1.073	1.065
1371	3319.456	3242.389	3376.678	3322.871	1.068	1.071	1.067
1372	3345.505	3293.545	3431.369	3345.125	1.075	1.078	1.075
1373	3374.844	3290.620	3444.441	3379.004	1.086	1.089	1.085
1374	3329.838	3264.345	3403.948	3323.276	1.068	1.071	1.070
1375	3334.413	3264.028	3409.625	3332.784	1.071	1.074	1.072
1376	3367.082	3294.920	3443.194	3364.351	1.081	1.084	1.082
1377	3328.969	3247.502	3417.725	3342.072	1.074	1.077	1.070
1378	3325.359	3278.816	3436.320	3321.319	1.067	1.071	1.069
1379	3361.290	3290.121	3431.221	3355.250	1.078	1.081	1.080
1380	3363.069	3284.268	3437.085	3374.530	1.084	1.088	1.081
1381	3366.284	3276.155	3436.299	3389.604	1.089	1.093	1.082
1382	3341.624	3253.510	3417.591	3344.045	1.075	1.078	1.074
1383	3360.700	3265.206	3452.897	3358.730	1.079	1.083	1.080
1384	3327.527	3274.691	3416.681	3317.127	1.066	1.069	1.069
1385	3360.285	3273.742	3488.656	3354.617	1.078	1.081	1.080
1386	3355.344	3302.147	3471.910	3328.922	1.070	1.073	1.078
1387	3356.215	3289.613	3533.254	3347.846	1.076	1.079	1.079
1388	3349.217	3229.769	3473.816	3344.979	1.075	1.078	1.076
1389	3367.535	3277.119	3460.743	3367.656	1.082	1.085	1.082
1390	3377.870	3239.403	3546.793	3375.454	1.085	1.088	1.086
1391	3391.300	3285.852	3498.054	3392.978	1.090	1.094	1.090
1392	3383.311	3311.962	3453.516	3369.322	1.083	1.086	1.087
1393	3423.670	3375.276	3518.165	3427.638	1.101	1.105	1.100
1394	3387.429	3289.375	3507.854	3380.505	1.086	1.090	1.089
1395	3319.694	3200.018	3441.816	3324.960	1.069	1.072	1.067
1396	3310.708	3209.027	3416.323	3301.475	1.061	1.064	1.064
1397	3357.094	3278.024	3440.898	3344.886	1.075	1.078	1.079
1398	3367.392	3282.476	3528.689	3357.882	1.079	1.082	1.082
1399	3361.585	3229.812	3501.386	3341.817	1.074	1.077	1.080
1400	3328.457	3279.671	3386.160	3315.351	1.065	1.069	1.070
1401	3346.581	3287.068	3434.948	3337.243	1.072	1.076	1.075
1402	3359.002	3295.755	3455.927	3354.904	1.078	1.081	1.079
1403	3355.590	3209.799	3499.636	3349.093	1.076	1.079	1.078
1404	3313.247	3234.262	3398.940	3304.049	1.062	1.065	1.065
1405	3329.768	3270.298	3408.065	3319.003	1.067	1.070	1.070
1406	3358.930	3239.008	3426.696	3363.877	1.081	1.084	1.079
1407	3398.405	3288.672	3521.538	3391.605	1.090	1.093	1.092
1408	3323.755	3177.832	3433.679	3322.315	1.068	1.071	1.068
1409	3322.641	3243.602	3493.434	3304.991	1.062	1.065	1.068
1410	3360.352	3148.436	3485.832	3369.702	1.083	1.086	1.080
1411	3330.365	3129.597	3393.637	3343.725	1.075	1.078	1.070
1412	3318.003	3201.611	3502.581	3310.443	1.064	1.067	1.066
1413	3330.189	3254.423	3453.623	3310.304	1.064	1.067	1.070
1414	3347.641	3262.784	3512.243	3326.451	1.069	1.072	1.076
1415	3343.749	3273.918	3412.921	3351.370	1.077	1.080	1.075
1416	3327.333	3281.331	3411.860	3317.467	1.066	1.069	1.069
1417	3356.002	3301.478	3406.270	3356.518	1.079	1.082	1.078
1418	3334.933	3242.488	3379.538	3353.057	1.078	1.081	1.072
1419	3326.828	3254.247	3424.241	3317.769	1.066	1.069	1.069
1420	3346.545	3259.884	3420.602	3375.040	1.085	1.088	1.075
1421	3359.367	3306.748	3450.549	3344.788	1.075	1.078	1.080
1422	3327.426	3258.885	3431.118	3296.605	1.059	1.063	1.069
1423	3343.892	3212.754	3468.733	3335.721	1.072	1.075	1.075
1424	3310.732	3212.054	3365.079	3325.968	1.069	1.072	1.064
1425	3325.869	3279.351	3414.635	3315.999	1.066	1.069	1.069
1426	3333.191	3275.270	3410.745	3313.991	1.065	1.068	1.071
1427	3348.871	3245.011	3457.104	3346.076	1.075	1.079	1.076
1428	3334.802	3248.859	3461.187	3335.384	1.072	1.075	1.072
1429	3371.515	3299.092	3494.712	3354.395	1.078	1.081	1.083
1430	3307.689	3222.304	3399.377	3307.261	1.063	1.066	1.063
1431	3332.610	3237.820	3449.569	3307.483	1.063	1.066	1.071
1432	3302.825	3180.560	3381.285	3294.271	1.059	1.062	1.061
1433	3334.621	3252.109	3476.217	3329.026	1.070	1.073	1.072
1434	3308.097	3219.596	3366.999	3317.276	1.066	1.069	1.063
1435	3348.971	3231.358	3447.877	3341.498	1.074	1.077	1.076
1436	3402.315	3273.267	3602.121	3396.656	1.092	1.095	1.093
1437	3402.315	3273.267	3602.121	3396.656	1.092	1.095	1.093
1438	3402.315	3273.267	3602.121	3396.656	1.092	1.095	1.093
