 	Mean	Min	Max	Median	Max_to_bgmean	Median_to_bgmedian	Mean_to_bgmean
1	3369.083	3281.544	3455.787	3364.564	0.920	0.920	0.921
2	3383.422	3236.090	3529.842	3386.246	0.926	0.926	0.925
3	3417.348	3262.144	3536.599	3423.106	0.936	0.936	0.934
4	3409.107	3238.149	3569.743	3407.948	0.932	0.932	0.932
5	3403.228	3288.097	3490.739	3417.330	0.934	0.934	0.931
6	3378.287	3296.326	3602.820	3338.782	0.913	0.913	0.924
7	3433.085	3294.181	3565.135	3426.552	0.937	0.937	0.939
8	3402.555	3295.302	3479.721	3405.348	0.931	0.931	0.930
9	3472.949	3349.634	3654.227	3435.501	0.939	0.939	0.950
10	3415.080	3274.622	3659.514	3398.398	0.929	0.929	0.934
11	3444.747	3273.031	3633.261	3441.610	0.941	0.941	0.942
12	3417.073	3226.583	3627.220	3394.975	0.928	0.928	0.934
13	3415.988	3292.772	3506.980	3422.230	0.936	0.936	0.934
14	3422.281	3342.243	3521.446	3403.657	0.931	0.931	0.936
15	3492.315	3390.815	3699.151	3482.701	0.952	0.952	0.955
16	3492.509	3413.347	3549.432	3504.470	0.958	0.958	0.955
17	3479.565	3432.206	3529.146	3485.456	0.953	0.953	0.951
18	3439.988	3393.981	3527.609	3424.873	0.937	0.937	0.941
19	3495.459	3351.215	3597.135	3497.939	0.957	0.957	0.956
20	3504.144	3383.007	3597.322	3500.864	0.957	0.957	0.958
21	3496.857	3416.234	3661.602	3474.548	0.950	0.950	0.956
22	3447.253	3386.216	3492.173	3451.372	0.944	0.944	0.943
23	3444.158	3373.100	3530.141	3447.081	0.943	0.943	0.942
24	3484.548	3367.841	3595.951	3496.211	0.956	0.956	0.953
25	3506.416	3444.995	3615.677	3491.723	0.955	0.955	0.959
26	3495.517	3412.438	3555.701	3500.436	0.957	0.957	0.956
27	3503.577	3278.015	3650.524	3517.879	0.962	0.962	0.958
28	3531.871	3354.627	3685.473	3529.840	0.965	0.965	0.966
29	3460.494	3336.616	3584.181	3454.611	0.945	0.945	0.946
30	3438.901	3329.605	3571.724	3436.230	0.940	0.940	0.940
31	3433.671	3291.149	3528.889	3463.504	0.947	0.947	0.939
32	3468.407	3211.286	3587.794	3501.837	0.958	0.958	0.948
33	3422.754	3282.410	3511.281	3438.438	0.940	0.940	0.936
34	3457.290	3367.721	3572.598	3455.606	0.945	0.945	0.945
35	3459.264	3305.211	3565.519	3488.860	0.954	0.954	0.946
36	3420.017	3356.761	3534.612	3399.789	0.930	0.930	0.935
37	3443.368	3371.630	3547.434	3449.461	0.943	0.943	0.942
38	3507.260	3438.155	3602.183	3497.854	0.956	0.956	0.959
39	3454.974	3389.976	3524.131	3449.734	0.943	0.943	0.945
40	3421.819	3299.027	3528.815	3433.088	0.939	0.939	0.936
41	3487.710	3415.746	3607.002	3468.710	0.949	0.949	0.954
42	3445.049	3400.930	3531.285	3443.004	0.941	0.941	0.942
43	3449.241	3372.899	3611.265	3453.507	0.944	0.944	0.943
44	3411.358	3333.855	3528.369	3405.016	0.931	0.931	0.933
45	3416.987	3271.433	3483.003	3428.183	0.937	0.937	0.934
46	3450.931	3355.329	3496.464	3454.788	0.945	0.945	0.944
47	3456.717	3311.318	3611.751	3463.829	0.947	0.947	0.945
48	3461.591	3366.549	3539.062	3468.390	0.948	0.948	0.947
49	3482.292	3363.722	3608.035	3483.286	0.952	0.952	0.952
50	3436.258	3262.906	3518.825	3451.829	0.944	0.944	0.940
51	3431.255	3326.874	3560.986	3425.726	0.937	0.937	0.938
52	3393.461	3345.882	3503.579	3379.253	0.924	0.924	0.928
53	3473.176	3407.157	3539.240	3456.112	0.945	0.945	0.950
54	3426.891	3336.927	3513.227	3434.982	0.939	0.939	0.937
55	3422.908	3278.759	3554.957	3441.417	0.941	0.941	0.936
56	3429.771	3291.841	3566.600	3429.948	0.938	0.938	0.938
57	3458.068	3359.316	3563.658	3460.909	0.946	0.946	0.946
58	3452.891	3346.211	3538.598	3470.922	0.949	0.949	0.944
59	3506.495	3383.988	3617.011	3523.545	0.964	0.964	0.959
60	3520.071	3362.229	3700.617	3526.594	0.964	0.964	0.963
61	3457.449	3322.783	3631.343	3447.074	0.943	0.943	0.945
62	3517.312	3465.673	3584.882	3513.806	0.961	0.961	0.962
63	3498.135	3346.172	3607.843	3509.734	0.960	0.960	0.957
64	3507.788	3345.859	3644.315	3534.603	0.967	0.967	0.959
65	3536.711	3459.143	3619.387	3516.356	0.962	0.962	0.967
66	3498.908	3399.944	3566.899	3519.263	0.962	0.962	0.957
67	3524.563	3437.676	3635.208	3488.842	0.954	0.954	0.964
68	3517.722	3387.380	3625.824	3542.078	0.969	0.969	0.962
69	3467.210	3358.306	3567.485	3467.773	0.948	0.948	0.948
70	3438.053	3340.255	3547.831	3436.954	0.940	0.940	0.940
71	3404.701	3315.094	3474.701	3428.844	0.938	0.938	0.931
72	3434.676	3320.617	3637.592	3402.153	0.930	0.930	0.939
73	3438.755	3358.080	3544.946	3424.566	0.936	0.936	0.940
74	3425.618	3261.715	3543.195	3449.511	0.943	0.943	0.937
75	3435.495	3347.230	3611.783	3413.936	0.934	0.934	0.939
76	3393.999	3227.369	3568.438	3392.646	0.928	0.928	0.928
77	3385.842	3196.154	3561.156	3432.904	0.939	0.939	0.926
78	3408.081	3267.155	3548.327	3437.750	0.940	0.940	0.932
79	3413.173	3165.380	3574.593	3459.725	0.946	0.946	0.933
80	3428.549	3269.599	3595.667	3475.415	0.950	0.950	0.938
81	3420.643	3219.370	3619.058	3442.645	0.941	0.941	0.935
82	3406.855	3305.945	3578.148	3334.050	0.912	0.912	0.932
83	3466.769	3265.015	3638.778	3475.079	0.950	0.950	0.948
84	3431.435	3283.658	3535.925	3440.127	0.941	0.941	0.938
85	3429.282	3306.216	3570.847	3417.057	0.934	0.934	0.938
86	3385.733	3211.798	3483.449	3419.260	0.935	0.935	0.926
87	3376.350	3294.991	3463.577	3380.125	0.924	0.924	0.923
88	3347.413	3201.436	3464.753	3336.257	0.912	0.912	0.915
89	3401.920	3214.626	3615.899	3390.049	0.927	0.927	0.930
90	3401.710	3196.700	3633.340	3355.807	0.918	0.918	0.930
91	3462.793	3277.623	3743.566	3390.688	0.927	0.927	0.947
92	3410.945	3295.714	3537.502	3431.456	0.938	0.938	0.933
93	3461.152	3285.344	3700.500	3451.816	0.944	0.944	0.946
94	3452.580	3272.070	3635.727	3436.752	0.940	0.940	0.944
95	3454.388	3280.083	3607.495	3450.554	0.944	0.944	0.945
96	3438.290	3241.433	3542.969	3490.650	0.955	0.955	0.940
97	3436.398	3226.523	3611.906	3472.219	0.949	0.949	0.940
98	3511.152	3288.181	3818.709	3552.294	0.971	0.971	0.960
99	3479.719	3359.478	3591.761	3486.157	0.953	0.953	0.952
100	3464.035	3372.490	3625.836	3455.479	0.945	0.945	0.947
101	3482.755	3344.233	3597.410	3498.563	0.957	0.957	0.952
102	3485.288	3319.077	3566.313	3504.148	0.958	0.958	0.953
103	3509.000	3277.299	3715.145	3518.763	0.962	0.962	0.960
104	3517.842	3302.809	3710.282	3543.913	0.969	0.969	0.962
105	3492.427	3339.360	3590.174	3527.056	0.964	0.964	0.955
106	3534.744	3437.406	3695.531	3503.112	0.958	0.958	0.967
107	3507.707	3429.258	3639.080	3500.807	0.957	0.957	0.959
108	3518.114	3428.052	3633.567	3484.272	0.953	0.953	0.962
109	3546.792	3418.299	3713.150	3546.723	0.970	0.970	0.970
110	3580.508	3470.271	3673.261	3586.771	0.981	0.981	0.979
111	3618.078	3488.416	3767.746	3605.429	0.986	0.986	0.989
112	3552.634	3464.593	3654.802	3555.987	0.972	0.972	0.971
113	3552.969	3448.155	3707.064	3540.662	0.968	0.968	0.972
114	3635.721	3464.623	3793.135	3652.323	0.999	0.999	0.994
115	3582.492	3439.205	3694.597	3547.251	0.970	0.970	0.980
116	3567.031	3461.878	3669.777	3561.069	0.974	0.974	0.975
117	3560.094	3432.793	3661.491	3565.269	0.975	0.975	0.974
118	3564.393	3406.063	3726.115	3551.009	0.971	0.971	0.975
119	3552.091	3435.889	3808.571	3516.768	0.962	0.962	0.971
120	3490.204	3418.856	3578.979	3490.207	0.954	0.954	0.954
121	3571.756	3510.503	3640.032	3563.699	0.974	0.974	0.977
122	3539.542	3285.625	3661.287	3555.697	0.972	0.972	0.968
123	3542.074	3434.848	3667.554	3531.243	0.966	0.966	0.969
124	3544.795	3385.223	3680.357	3548.358	0.970	0.970	0.969
125	3531.943	3379.728	3643.657	3545.580	0.970	0.970	0.966
126	3469.163	3344.198	3566.220	3468.760	0.949	0.949	0.949
127	3466.585	3332.351	3575.125	3481.630	0.952	0.952	0.948
128	3506.330	3341.355	3657.035	3511.448	0.960	0.960	0.959
129	3477.095	3221.894	3597.742	3508.727	0.959	0.959	0.951
130	3481.398	3351.856	3610.387	3481.843	0.952	0.952	0.952
131	3452.071	3221.432	3574.370	3465.057	0.948	0.948	0.944
132	3473.011	3388.953	3546.293	3483.898	0.953	0.953	0.950
133	3488.477	3284.406	3650.680	3476.786	0.951	0.951	0.954
134	3560.652	3353.161	3631.199	3590.232	0.982	0.982	0.974
135	3533.449	3382.138	3616.229	3538.729	0.968	0.968	0.966
136	3519.097	3381.872	3707.542	3519.875	0.963	0.963	0.962
137	3474.555	3347.920	3576.657	3493.334	0.955	0.955	0.950
138	3487.538	3388.987	3628.290	3483.984	0.953	0.953	0.954
139	3510.045	3422.741	3577.276	3518.316	0.962	0.962	0.960
140	3468.303	3347.896	3553.957	3464.001	0.947	0.947	0.948
141	3498.470	3347.227	3595.516	3534.312	0.966	0.966	0.957
142	3526.096	3394.110	3619.150	3553.366	0.972	0.972	0.964
143	3574.972	3477.480	3736.715	3567.689	0.976	0.976	0.978
144	3557.139	3453.117	3640.884	3577.685	0.978	0.978	0.973
145	3572.312	3343.096	3685.135	3605.067	0.986	0.986	0.977
146	3559.125	3363.186	3655.675	3611.359	0.988	0.988	0.973
147	3555.258	3423.999	3713.130	3569.520	0.976	0.976	0.972
148	3540.180	3467.955	3624.042	3542.730	0.969	0.969	0.968
149	3490.198	3421.916	3600.845	3488.677	0.954	0.954	0.954
150	3521.410	3443.444	3650.466	3520.351	0.963	0.963	0.963
151	3482.914	3416.540	3536.550	3486.451	0.953	0.953	0.952
152	3537.215	3456.245	3632.107	3541.398	0.968	0.968	0.967
153	3554.870	3388.201	3658.961	3567.003	0.975	0.975	0.972
154	3542.781	3441.928	3753.646	3508.214	0.959	0.959	0.969
155	3600.255	3457.537	3765.789	3593.725	0.983	0.983	0.984
156	3582.303	3392.690	3722.741	3566.159	0.975	0.975	0.980
157	3601.999	3476.687	3729.836	3581.153	0.979	0.979	0.985
158	3587.589	3430.781	3751.406	3609.856	0.987	0.987	0.981
159	3550.742	3460.518	3609.646	3569.127	0.976	0.976	0.971
160	3619.479	3513.537	3744.998	3607.510	0.986	0.986	0.990
161	3617.917	3492.341	3765.507	3607.840	0.987	0.987	0.989
162	3546.009	3487.548	3587.891	3546.796	0.970	0.970	0.970
163	3588.602	3523.573	3688.371	3577.830	0.978	0.978	0.981
164	3602.778	3496.456	3682.875	3604.131	0.986	0.986	0.985
165	3534.476	3355.061	3688.613	3526.753	0.964	0.964	0.966
166	3543.085	3421.802	3689.811	3516.954	0.962	0.962	0.969
167	3570.464	3425.471	3715.827	3596.673	0.984	0.984	0.976
168	3582.415	3465.888	3724.031	3573.745	0.977	0.977	0.980
169	3542.768	3457.465	3656.942	3531.939	0.966	0.966	0.969
170	3529.924	3378.160	3619.802	3521.779	0.963	0.963	0.965
171	3565.257	3400.339	3777.814	3570.927	0.976	0.976	0.975
172	3534.974	3404.024	3687.115	3519.146	0.962	0.962	0.967
173	3537.936	3390.081	3670.784	3529.726	0.965	0.965	0.967
174	3535.863	3354.541	3788.627	3529.240	0.965	0.965	0.967
175	3562.725	3474.281	3649.401	3571.001	0.976	0.976	0.974
176	3552.327	3463.941	3635.912	3535.060	0.967	0.967	0.971
177	3556.354	3396.662	3721.650	3583.519	0.980	0.980	0.972
178	3557.901	3327.990	3774.007	3567.821	0.976	0.976	0.973
179	3508.662	3343.775	3696.010	3561.383	0.974	0.974	0.959
180	3514.005	3349.521	3656.563	3531.602	0.966	0.966	0.961
181	3501.546	3326.669	3656.943	3544.871	0.969	0.969	0.957
182	3553.692	3359.100	3701.564	3595.949	0.983	0.983	0.972
183	3524.507	3276.413	3800.454	3556.165	0.972	0.972	0.964
184	3515.685	3324.673	3727.213	3504.512	0.958	0.958	0.961
185	3500.837	3238.830	3699.181	3532.661	0.966	0.966	0.957
186	3472.623	3303.107	3653.247	3462.586	0.947	0.947	0.950
187	3550.893	3268.296	3690.810	3609.802	0.987	0.987	0.971
188	3546.470	3356.003	3766.136	3489.017	0.954	0.954	0.970
189	3596.264	3462.315	3859.751	3536.208	0.967	0.967	0.983
190	3557.606	3393.608	3731.740	3550.038	0.971	0.971	0.973
191	3613.885	3443.799	3711.698	3685.548	1.008	1.008	0.988
192	3542.734	3334.321	3697.401	3562.717	0.974	0.974	0.969
193	3624.084	3430.984	3763.710	3656.911	1.000	1.000	0.991
194	3616.940	3312.126	3929.738	3654.443	0.999	0.999	0.989
195	3633.440	3283.466	3918.919	3695.238	1.010	1.010	0.994
196	3657.689	3400.385	3803.629	3676.057	1.005	1.005	1.000
197	3618.270	3321.366	3815.700	3647.768	0.997	0.997	0.989
198	3604.802	3439.676	3780.887	3598.655	0.984	0.984	0.986
199	3664.911	3559.006	3792.710	3658.989	1.001	1.001	1.002
200	3649.561	3500.196	3811.798	3647.080	0.997	0.997	0.998
201	3651.579	3473.016	3770.728	3693.484	1.010	1.010	0.999
202	3615.594	3428.390	3827.164	3620.948	0.990	0.990	0.989
203	3578.340	3418.178	3696.468	3593.929	0.983	0.983	0.978
204	3554.890	3400.939	3708.286	3555.556	0.972	0.972	0.972
205	3608.132	3532.322	3724.333	3594.883	0.983	0.983	0.987
206	3585.667	3481.916	3668.906	3591.650	0.982	0.982	0.980
207	3629.224	3550.411	3677.277	3629.790	0.993	0.993	0.992
208	3588.713	3495.231	3722.961	3596.693	0.984	0.984	0.981
209	3582.359	3435.696	3754.770	3587.236	0.981	0.981	0.980
210	3638.815	3431.425	3833.086	3647.970	0.998	0.998	0.995
211	3586.329	3394.553	3847.901	3559.083	0.973	0.973	0.981
212	3551.994	3465.709	3632.584	3549.172	0.971	0.971	0.971
213	3596.437	3504.197	3747.635	3573.248	0.977	0.977	0.983
214	3586.760	3521.546	3700.706	3566.299	0.975	0.975	0.981
215	3593.165	3531.527	3670.725	3596.403	0.983	0.983	0.983
216	3562.817	3498.051	3659.380	3552.872	0.972	0.972	0.974
217	3600.543	3480.660	3738.593	3600.249	0.984	0.984	0.985
218	3629.544	3519.845	3711.863	3642.867	0.996	0.996	0.992
219	3593.977	3438.079	3885.623	3581.342	0.979	0.979	0.983
220	3600.107	3501.002	3739.034	3606.680	0.986	0.986	0.984
221	3585.770	3517.253	3716.901	3575.150	0.978	0.978	0.981
222	3596.357	3486.897	3725.352	3592.702	0.982	0.982	0.983
223	3547.703	3476.363	3609.797	3553.529	0.972	0.972	0.970
224	3543.705	3446.676	3729.893	3534.993	0.967	0.967	0.969
225	3550.172	3382.055	3658.961	3554.872	0.972	0.972	0.971
226	3526.697	3406.113	3626.571	3544.034	0.969	0.969	0.964
227	3540.954	3376.348	3633.882	3533.634	0.966	0.966	0.968
228	3572.000	3447.750	3635.776	3591.706	0.982	0.982	0.977
229	3590.829	3523.157	3670.027	3585.619	0.980	0.980	0.982
230	3556.282	3455.163	3630.072	3565.732	0.975	0.975	0.972
231	3538.499	3382.710	3789.563	3504.920	0.958	0.958	0.968
232	3611.745	3363.940	3890.015	3585.661	0.980	0.980	0.988
233	3585.896	3370.062	3720.669	3598.079	0.984	0.984	0.981
234	3628.682	3472.272	3813.849	3633.159	0.993	0.993	0.992
235	3646.127	3447.376	3843.526	3657.577	1.000	1.000	0.997
236	3609.832	3389.730	3821.389	3606.377	0.986	0.986	0.987
237	3604.804	3418.787	3764.921	3612.830	0.988	0.988	0.986
238	3656.404	3459.954	3781.070	3667.888	1.003	1.003	1.000
239	3709.252	3504.861	3809.512	3730.955	1.020	1.020	1.014
240	3697.027	3466.812	3851.120	3712.348	1.015	1.015	1.011
241	3675.219	3453.268	3812.895	3667.031	1.003	1.003	1.005
242	3667.472	3339.844	3854.745	3673.590	1.005	1.005	1.003
243	3698.344	3361.032	3912.183	3722.495	1.018	1.018	1.011
244	3600.401	3483.924	3735.122	3601.427	0.985	0.985	0.985
245	3620.126	3498.927	3789.922	3578.647	0.979	0.979	0.990
246	3637.128	3461.429	3839.328	3629.251	0.992	0.992	0.995
247	3659.583	3495.175	3907.677	3632.767	0.993	0.993	1.001
248	3668.723	3550.740	3786.022	3681.153	1.007	1.007	1.003
249	3603.178	3509.300	3733.812	3590.154	0.982	0.982	0.985
250	3643.722	3521.741	3808.480	3631.272	0.993	0.993	0.996
251	3622.078	3505.645	3777.959	3582.041	0.980	0.980	0.990
252	3613.423	3423.089	3746.013	3622.723	0.991	0.991	0.988
253	3613.115	3508.085	3750.767	3578.076	0.978	0.978	0.988
254	3614.182	3345.336	3804.353	3590.722	0.982	0.982	0.988
255	3634.804	3425.090	3840.252	3643.415	0.996	0.996	0.994
256	3670.743	3492.079	3878.767	3661.510	1.001	1.001	1.004
257	3623.537	3411.621	3823.014	3643.796	0.996	0.996	0.991
258	3649.449	3445.611	4100.140	3579.820	0.979	0.979	0.998
259	3639.597	3438.173	3737.383	3658.997	1.001	1.001	0.995
260	3674.147	3518.654	3837.997	3692.979	1.010	1.010	1.005
261	3646.737	3534.681	3736.681	3643.494	0.996	0.996	0.997
262	3588.301	3449.562	3764.498	3604.384	0.986	0.986	0.981
263	3580.751	3401.031	3750.421	3592.243	0.982	0.982	0.979
264	3545.165	3420.833	3663.389	3538.640	0.968	0.968	0.969
265	3560.843	3441.212	3706.603	3569.980	0.976	0.976	0.974
266	3568.857	3435.427	3750.760	3577.882	0.978	0.978	0.976
267	3544.262	3436.212	3677.208	3542.507	0.969	0.969	0.969
268	3565.923	3451.723	3787.121	3546.448	0.970	0.970	0.975
269	3573.898	3460.639	3716.948	3546.791	0.970	0.970	0.977
270	3611.209	3424.646	3712.169	3618.834	0.990	0.990	0.987
271	3567.240	3470.014	3708.836	3563.210	0.974	0.974	0.975
272	3543.219	3378.251	3713.471	3531.189	0.966	0.966	0.969
273	3513.011	3400.156	3697.569	3515.221	0.961	0.961	0.961
274	3560.024	3456.016	3737.611	3542.934	0.969	0.969	0.973
275	3605.177	3521.522	3721.327	3603.512	0.985	0.985	0.986
276	3564.392	3490.214	3653.357	3538.533	0.968	0.968	0.975
277	3520.413	3375.167	3599.194	3521.165	0.963	0.963	0.963
278	3592.227	3464.905	3690.605	3611.840	0.988	0.988	0.982
279	3588.552	3394.406	3710.123	3599.118	0.984	0.984	0.981
280	3600.450	3477.293	3712.357	3602.793	0.985	0.985	0.985
281	3592.662	3499.575	3748.280	3597.409	0.984	0.984	0.982
282	3632.284	3468.133	3706.684	3648.076	0.998	0.998	0.993
283	3672.277	3588.435	3784.012	3667.746	1.003	1.003	1.004
284	3627.560	3524.715	3725.302	3606.269	0.986	0.986	0.992
285	3625.905	3538.970	3699.851	3632.688	0.993	0.993	0.991
286	3612.217	3514.656	3760.245	3579.668	0.979	0.979	0.988
287	3647.897	3446.833	3764.802	3690.984	1.009	1.009	0.998
288	3646.661	3394.074	3973.842	3648.143	0.998	0.998	0.997
289	3720.315	3480.833	3914.056	3681.425	1.007	1.007	1.017
290	3687.154	3457.801	3779.633	3707.167	1.014	1.014	1.008
291	3695.076	3325.006	3880.444	3696.487	1.011	1.011	1.010
292	3670.937	3403.985	3860.376	3695.137	1.010	1.010	1.004
293	3646.136	3415.255	3838.225	3658.944	1.001	1.001	0.997
294	3640.484	3369.773	3798.430	3662.053	1.001	1.001	0.995
295	3653.148	3496.893	3756.863	3681.451	1.007	1.007	0.999
296	3658.423	3443.501	3946.198	3659.629	1.001	1.001	1.000
297	3587.413	3366.574	3738.978	3599.169	0.984	0.984	0.981
298	3650.331	3411.507	3786.319	3662.396	1.001	1.001	0.998
299	3660.805	3452.643	3831.860	3677.337	1.006	1.006	1.001
300	3666.304	3399.435	3801.717	3682.858	1.007	1.007	1.003
301	3656.546	3463.724	3760.927	3684.683	1.008	1.008	1.000
302	3705.654	3592.649	3792.087	3729.727	1.020	1.020	1.013
303	3702.456	3566.589	3791.129	3708.062	1.014	1.014	1.012
304	3730.823	3525.926	3828.991	3745.450	1.024	1.024	1.020
305	3727.675	3613.769	3905.023	3720.877	1.017	1.017	1.019
306	3662.448	3571.269	3887.923	3638.822	0.995	0.995	1.001
307	3698.724	3480.513	3902.329	3682.828	1.007	1.007	1.011
308	3701.150	3585.465	3786.697	3716.941	1.016	1.016	1.012
309	3648.131	3498.755	3805.228	3655.709	1.000	1.000	0.998
310	3635.268	3449.023	3786.319	3655.522	1.000	1.000	0.994
311	3652.443	3555.317	3737.600	3656.043	1.000	1.000	0.999
312	3683.587	3575.985	3829.253	3649.498	0.998	0.998	1.007
313	3656.155	3495.577	3786.110	3692.720	1.010	1.010	1.000
314	3657.713	3534.512	3719.413	3675.840	1.005	1.005	1.000
315	3668.182	3579.160	3758.782	3663.266	1.002	1.002	1.003
316	3649.667	3460.624	3787.867	3640.351	0.995	0.995	0.998
317	3679.722	3602.060	3792.677	3672.552	1.004	1.004	1.006
318	3675.841	3524.598	3815.443	3715.735	1.016	1.016	1.005
319	3586.733	3407.582	3759.812	3588.139	0.981	0.981	0.981
320	3634.686	3515.764	3743.366	3634.575	0.994	0.994	0.994
321	3597.709	3503.430	3791.321	3566.844	0.975	0.975	0.984
322	3623.462	3510.481	3711.189	3618.695	0.990	0.990	0.991
323	3571.640	3461.976	3707.654	3570.110	0.976	0.976	0.977
324	3594.261	3423.065	3773.144	3635.568	0.994	0.994	0.983
325	3571.759	3331.554	3741.666	3594.623	0.983	0.983	0.977
326	3559.353	3357.967	3681.479	3585.439	0.980	0.980	0.973
327	3651.527	3480.922	3780.769	3703.604	1.013	1.013	0.999
328	3719.834	3585.929	3900.706	3676.439	1.005	1.005	1.017
329	3646.089	3501.440	3845.430	3617.462	0.989	0.989	0.997
330	3651.903	3488.348	3791.407	3679.743	1.006	1.006	0.999
331	3611.876	3501.544	3722.378	3600.300	0.984	0.984	0.988
332	3574.053	3421.246	3812.247	3539.861	0.968	0.968	0.977
333	3607.077	3477.428	3778.043	3619.544	0.990	0.990	0.986
334	3596.728	3420.400	3730.119	3612.424	0.988	0.988	0.984
335	3578.326	3447.866	3731.530	3576.608	0.978	0.978	0.978
336	3657.625	3526.320	3963.592	3605.445	0.986	0.986	1.000
337	3636.573	3545.000	3730.698	3643.194	0.996	0.996	0.994
338	3544.860	3449.687	3736.723	3520.299	0.963	0.963	0.969
339	3580.648	3463.206	3744.671	3558.361	0.973	0.973	0.979
340	3630.561	3470.043	3747.178	3648.442	0.998	0.998	0.993
341	3603.842	3429.884	3783.672	3620.593	0.990	0.990	0.985
342	3617.252	3506.136	3747.698	3628.902	0.992	0.992	0.989
343	3562.945	3422.252	3656.113	3566.844	0.975	0.975	0.974
344	3599.850	3467.012	3701.675	3622.238	0.990	0.990	0.984
345	3614.052	3551.092	3685.791	3601.559	0.985	0.985	0.988
346	3648.816	3477.898	3783.649	3635.619	0.994	0.994	0.998
347	3738.979	3671.075	3797.225	3744.465	1.024	1.024	1.022
348	3662.560	3561.728	3724.359	3674.678	1.005	1.005	1.002
349	3665.195	3600.216	3739.974	3674.639	1.005	1.005	1.002
350	3669.861	3615.015	3821.305	3623.356	0.991	0.991	1.004
351	3616.000	3479.471	3717.370	3633.800	0.994	0.994	0.989
352	3588.775	3517.174	3693.442	3593.476	0.983	0.983	0.981
353	3622.404	3531.328	3747.347	3633.867	0.994	0.994	0.991
354	3582.658	3513.358	3806.577	3571.270	0.977	0.977	0.980
355	3615.937	3483.261	3789.245	3602.271	0.985	0.985	0.989
356	3646.929	3426.140	3783.236	3654.220	0.999	0.999	0.997
357	3624.795	3514.623	3722.091	3651.725	0.999	0.999	0.991
358	3567.520	3488.141	3684.726	3554.833	0.972	0.972	0.976
359	3511.580	3376.424	3661.068	3538.672	0.968	0.968	0.960
360	3574.274	3446.600	3680.079	3613.076	0.988	0.988	0.977
361	3636.131	3518.411	3726.384	3640.068	0.995	0.995	0.994
362	3644.477	3533.538	3723.267	3651.470	0.998	0.998	0.997
363	3644.073	3517.516	3776.983	3638.265	0.995	0.995	0.996
364	3612.376	3482.826	3782.600	3592.809	0.982	0.982	0.988
365	3645.361	3487.347	3828.364	3645.796	0.997	0.997	0.997
366	3665.453	3507.781	3774.069	3691.304	1.009	1.009	1.002
367	3646.374	3547.562	3810.035	3631.543	0.993	0.993	0.997
368	3615.790	3463.357	3868.622	3547.812	0.970	0.970	0.989
369	3556.957	3447.498	3667.102	3549.344	0.971	0.971	0.973
370	3609.718	3444.144	3720.670	3639.864	0.995	0.995	0.987
371	3655.250	3544.886	3770.859	3676.373	1.005	1.005	1.000
372	3677.394	3582.865	3805.410	3668.622	1.003	1.003	1.006
373	3671.074	3512.603	3794.068	3691.001	1.009	1.009	1.004
374	3659.433	3504.378	3755.201	3660.936	1.001	1.001	1.001
375	3648.566	3524.062	3748.591	3674.666	1.005	1.005	0.998
376	3623.551	3457.827	3808.968	3624.354	0.991	0.991	0.991
377	3656.550	3387.865	3820.176	3648.303	0.998	0.998	1.000
378	3639.343	3459.405	3856.545	3641.909	0.996	0.996	0.995
379	3605.760	3504.479	3808.762	3562.081	0.974	0.974	0.986
380	3613.660	3464.744	3876.261	3586.347	0.981	0.981	0.988
381	3640.180	3474.349	3903.136	3598.218	0.984	0.984	0.995
382	3581.493	3364.196	3754.472	3579.952	0.979	0.979	0.979
383	3654.707	3533.508	3757.107	3658.515	1.000	1.000	0.999
384	3702.613	3646.498	3754.748	3690.379	1.009	1.009	1.012
385	3638.643	3500.223	3786.673	3652.658	0.999	0.999	0.995
386	3649.000	3491.606	3822.707	3619.140	0.990	0.990	0.998
387	3593.457	3456.695	3757.705	3576.905	0.978	0.978	0.983
388	3592.278	3479.344	3714.455	3574.335	0.977	0.977	0.982
389	3626.172	3511.638	3808.108	3599.795	0.984	0.984	0.992
390	3630.994	3483.923	3719.718	3640.879	0.996	0.996	0.993
391	3723.153	3613.143	3926.759	3716.469	1.016	1.016	1.018
392	3681.382	3523.677	3809.405	3678.391	1.006	1.006	1.007
393	3736.448	3592.430	3849.180	3722.040	1.018	1.018	1.022
394	3706.340	3548.103	3918.664	3711.780	1.015	1.015	1.013
395	3663.811	3511.915	3814.602	3653.224	0.999	0.999	1.002
396	3793.332	3651.428	3947.916	3794.737	1.038	1.038	1.037
397	3723.758	3592.740	3891.745	3726.508	1.019	1.019	1.018
398	3759.824	3578.080	3975.646	3747.463	1.025	1.025	1.028
399	3792.159	3540.240	3995.892	3755.379	1.027	1.027	1.037
400	3848.836	3649.979	4061.027	3852.858	1.054	1.054	1.052
401	3833.969	3629.872	4101.634	3786.434	1.035	1.035	1.048
402	3826.082	3641.513	3978.086	3823.234	1.045	1.045	1.046
403	3823.708	3643.689	4052.968	3812.145	1.042	1.042	1.046
404	3839.178	3711.910	3957.556	3834.122	1.048	1.048	1.050
405	3903.353	3810.006	4015.549	3887.032	1.063	1.063	1.067
406	3924.569	3816.961	4018.729	3932.833	1.075	1.075	1.073
407	3972.910	3804.514	4189.177	3954.469	1.081	1.081	1.086
408	3951.432	3711.819	4154.665	3932.844	1.075	1.075	1.081
409	3873.249	3676.690	4386.730	3805.045	1.040	1.040	1.059
410	3905.546	3702.883	4092.356	3900.875	1.067	1.067	1.068
411	3837.492	3573.570	3957.772	3847.386	1.052	1.052	1.049
412	3812.545	3523.428	3963.320	3848.671	1.052	1.052	1.043
413	3815.551	3578.605	4024.488	3806.503	1.041	1.041	1.043
414	3762.777	3511.712	4000.223	3773.577	1.032	1.032	1.029
415	3784.274	3529.964	4039.206	3780.659	1.034	1.034	1.035
416	3726.120	3504.366	3905.538	3739.114	1.022	1.022	1.019
417	3682.103	3510.427	3863.135	3687.943	1.008	1.008	1.007
418	3700.988	3558.320	3892.265	3656.115	1.000	1.000	1.012
419	3686.727	3557.244	3977.899	3634.484	0.994	0.994	1.008
420	3699.513	3513.290	3839.232	3732.588	1.021	1.021	1.012
421	3709.602	3546.302	3924.610	3679.027	1.006	1.006	1.014
422	3712.699	3538.656	3918.146	3725.769	1.019	1.019	1.015
423	3715.358	3504.138	3928.115	3742.211	1.023	1.023	1.016
424	3706.927	3442.986	3891.340	3773.746	1.032	1.032	1.014
425	3659.678	3518.430	3859.541	3634.349	0.994	0.994	1.001
426	3646.448	3423.283	3813.982	3654.959	0.999	0.999	0.997
427	3654.350	3360.505	3782.899	3725.845	1.019	1.019	0.999
428	3590.569	3414.424	3720.704	3606.299	0.986	0.986	0.982
429	3642.097	3466.350	3769.437	3661.896	1.001	1.001	0.996
430	3708.582	3508.504	4020.639	3717.796	1.017	1.017	1.014
431	3657.960	3513.758	3785.090	3667.712	1.003	1.003	1.000
432	3692.571	3613.712	3793.738	3679.924	1.006	1.006	1.010
433	3757.273	3557.266	3958.666	3744.908	1.024	1.024	1.027
434	3700.119	3585.105	3818.800	3709.927	1.014	1.014	1.012
435	3675.606	3455.682	3805.182	3673.801	1.005	1.005	1.005
436	3719.555	3522.061	3928.641	3721.797	1.018	1.018	1.017
437	3702.785	3511.924	3846.218	3718.516	1.017	1.017	1.013
438	3621.136	3493.246	3852.066	3616.747	0.989	0.989	0.990
439	3571.880	3419.081	3732.319	3598.447	0.984	0.984	0.977
440	3606.863	3346.938	3778.195	3647.164	0.997	0.997	0.986
441	3591.761	3428.667	3703.141	3589.983	0.982	0.982	0.982
442	3663.526	3381.012	3921.972	3630.167	0.993	0.993	1.002
443	3591.496	3374.319	3810.019	3544.424	0.969	0.969	0.982
444	3603.975	3440.503	3851.829	3557.024	0.973	0.973	0.986
445	3646.611	3440.518	3890.055	3665.744	1.002	1.002	0.997
446	3730.553	3490.911	4013.597	3731.069	1.020	1.020	1.020
447	3687.094	3447.947	3933.934	3677.775	1.006	1.006	1.008
448	3678.397	3555.036	3806.955	3657.774	1.000	1.000	1.006
449	3629.178	3451.837	3838.240	3612.091	0.988	0.988	0.992
450	3707.743	3591.803	3919.946	3681.168	1.007	1.007	1.014
451	3702.600	3562.469	3870.373	3675.109	1.005	1.005	1.012
452	3682.392	3384.227	3949.587	3656.252	1.000	1.000	1.007
453	3772.436	3442.549	4102.961	3713.120	1.015	1.015	1.032
454	3693.179	3501.340	3891.300	3673.006	1.004	1.004	1.010
455	3729.978	3564.904	4066.207	3689.022	1.009	1.009	1.020
456	3769.047	3611.574	3870.167	3801.371	1.039	1.039	1.031
457	3846.518	3517.492	4029.517	3884.206	1.062	1.062	1.052
458	3769.342	3564.987	3898.302	3797.977	1.039	1.039	1.031
459	3692.336	3459.604	3868.189	3709.650	1.014	1.014	1.010
460	3701.006	3469.183	3847.870	3744.061	1.024	1.024	1.012
461	3761.628	3456.480	3921.174	3796.573	1.038	1.038	1.029
462	3658.235	3365.741	3851.467	3665.623	1.002	1.002	1.000
463	3672.202	3391.282	3955.638	3656.447	1.000	1.000	1.004
464	3636.946	3327.125	3870.146	3630.119	0.993	0.993	0.995
465	3654.507	3367.289	3870.618	3678.392	1.006	1.006	0.999
466	3573.208	3396.648	3802.989	3551.274	0.971	0.971	0.977
467	3551.827	3407.584	3752.703	3566.612	0.975	0.975	0.971
468	3477.847	3308.970	3717.573	3478.754	0.951	0.951	0.951
469	3488.841	3324.054	3705.378	3484.134	0.953	0.953	0.954
470	3508.742	3329.980	3776.910	3435.632	0.939	0.939	0.959
471	3529.201	3227.478	3847.992	3438.814	0.940	0.940	0.965
472	3499.097	3349.666	3752.710	3448.951	0.943	0.943	0.957
473	3526.745	3322.845	3698.096	3554.005	0.972	0.972	0.964
474	3558.948	3329.097	3778.188	3537.146	0.967	0.967	0.973
475	3535.993	3283.177	3640.839	3568.283	0.976	0.976	0.967
476	3524.425	3401.609	3655.055	3513.347	0.961	0.961	0.964
477	3522.551	3425.260	3642.556	3515.042	0.961	0.961	0.963
478	3582.598	3441.177	3761.792	3565.318	0.975	0.975	0.980
479	3556.755	3361.599	3849.522	3556.657	0.973	0.973	0.973
480	3541.395	3280.977	3826.910	3554.564	0.972	0.972	0.968
481	3593.185	3439.522	3881.492	3592.587	0.982	0.982	0.983
482	3620.251	3509.219	3760.472	3606.802	0.986	0.986	0.990
483	3589.832	3453.474	3727.802	3605.346	0.986	0.986	0.982
484	3597.894	3436.606	3806.091	3549.325	0.971	0.971	0.984
485	3652.741	3538.653	3902.201	3653.663	0.999	0.999	0.999
486	3663.045	3481.754	3914.175	3628.860	0.992	0.992	1.002
487	3712.732	3531.716	3868.023	3703.444	1.013	1.013	1.015
488	3702.399	3607.055	3780.260	3710.958	1.015	1.015	1.012
489	3639.910	3433.726	3870.304	3589.180	0.981	0.981	0.995
490	3708.877	3548.902	4004.346	3700.500	1.012	1.012	1.014
491	3659.440	3510.172	3803.100	3652.856	0.999	0.999	1.001
492	3589.226	3451.692	3704.250	3590.881	0.982	0.982	0.981
493	3670.069	3515.591	3907.171	3631.188	0.993	0.993	1.004
494	3626.033	3510.977	3775.514	3599.897	0.984	0.984	0.992
495	3657.148	3469.219	3765.292	3683.292	1.007	1.007	1.000
496	3680.704	3568.574	3809.007	3690.771	1.009	1.009	1.006
497	3632.068	3522.200	3745.082	3625.852	0.991	0.991	0.993
498	3697.178	3557.259	3773.945	3702.645	1.012	1.012	1.011
499	3654.702	3551.095	3841.527	3630.984	0.993	0.993	0.999
500	3691.505	3612.177	3749.616	3702.323	1.012	1.012	1.009
501	3691.046	3535.875	3879.342	3696.179	1.011	1.011	1.009
502	3721.169	3459.812	3942.109	3726.086	1.019	1.019	1.018
503	3731.136	3535.778	3890.783	3780.020	1.034	1.034	1.020
504	3662.415	3520.914	3819.638	3634.818	0.994	0.994	1.001
505	3623.842	3506.868	3808.003	3607.106	0.986	0.986	0.991
506	3586.636	3335.972	3791.021	3578.304	0.978	0.978	0.981
507	3573.971	3442.842	3881.175	3517.913	0.962	0.962	0.977
508	3607.921	3518.666	3709.637	3605.517	0.986	0.986	0.987
509	3694.925	3508.522	3885.820	3710.590	1.015	1.015	1.010
510	3628.556	3478.672	3761.162	3617.168	0.989	0.989	0.992
511	3661.203	3474.697	3851.361	3659.001	1.001	1.001	1.001
512	3706.150	3510.219	3867.620	3720.660	1.017	1.017	1.013
513	3759.704	3666.505	3885.139	3741.932	1.023	1.023	1.028
514	3776.497	3691.155	3946.120	3754.419	1.027	1.027	1.033
515	3722.340	3620.033	3824.961	3707.261	1.014	1.014	1.018
516	3773.886	3673.779	3972.973	3741.666	1.023	1.023	1.032
517	3832.814	3713.360	4149.582	3791.287	1.037	1.037	1.048
518	3862.370	3774.442	4022.573	3846.694	1.052	1.052	1.056
519	3909.337	3739.824	4116.331	3928.028	1.074	1.074	1.069
520	3915.028	3780.557	4137.241	3914.745	1.070	1.070	1.071
521	3896.958	3823.796	4014.427	3890.206	1.064	1.064	1.066
522	3818.882	3722.109	3961.749	3799.356	1.039	1.039	1.044
523	3770.170	3651.011	3873.032	3784.648	1.035	1.035	1.031
524	3710.558	3640.007	3880.819	3663.895	1.002	1.002	1.015
525	3695.794	3585.066	3790.895	3689.577	1.009	1.009	1.011
526	3709.593	3570.681	3830.088	3720.089	1.017	1.017	1.014
527	3703.599	3614.833	3861.115	3662.603	1.002	1.002	1.013
528	3667.375	3528.126	3827.805	3653.994	0.999	0.999	1.003
529	3619.222	3527.551	3774.501	3601.274	0.985	0.985	0.990
530	3625.787	3556.748	3756.073	3621.812	0.990	0.990	0.991
531	3625.547	3493.108	3895.266	3598.986	0.984	0.984	0.991
532	3629.962	3385.187	3803.597	3627.985	0.992	0.992	0.993
533	3633.576	3421.383	3928.002	3607.894	0.987	0.987	0.994
534	3659.795	3419.134	3860.522	3643.761	0.996	0.996	1.001
535	3630.506	3447.226	3737.163	3639.224	0.995	0.995	0.993
536	3573.453	3454.006	3661.495	3562.812	0.974	0.974	0.977
537	3575.336	3497.677	3727.715	3538.564	0.968	0.968	0.978
538	3577.310	3430.814	3717.483	3561.464	0.974	0.974	0.978
539	3567.217	3454.505	3724.440	3521.937	0.963	0.963	0.975
540	3668.447	3536.503	3788.601	3684.423	1.007	1.007	1.003
541	3671.516	3499.691	3822.215	3658.125	1.000	1.000	1.004
542	3630.003	3472.399	3775.702	3615.942	0.989	0.989	0.993
543	3568.637	3440.842	3737.845	3562.184	0.974	0.974	0.976
544	3565.319	3373.018	3686.712	3577.605	0.978	0.978	0.975
545	3555.333	3444.699	3641.330	3570.715	0.976	0.976	0.972
546	3531.286	3396.187	3645.829	3538.160	0.968	0.968	0.966
547	3592.900	3440.381	3678.245	3609.731	0.987	0.987	0.982
548	3531.437	3373.976	3605.390	3566.430	0.975	0.975	0.966
549	3566.848	3354.946	3710.328	3571.755	0.977	0.977	0.975
550	3595.424	3469.708	3730.680	3596.575	0.983	0.983	0.983
551	3571.171	3439.579	3639.769	3581.699	0.979	0.979	0.977
552	3584.360	3478.418	3658.848	3604.199	0.986	0.986	0.980
553	3600.943	3523.399	3667.001	3598.952	0.984	0.984	0.985
554	3624.154	3565.012	3690.689	3624.940	0.991	0.991	0.991
555	3596.432	3425.425	3785.120	3586.374	0.981	0.981	0.983
556	3646.513	3507.939	3767.240	3657.404	1.000	1.000	0.997
557	3561.723	3330.496	3668.234	3594.062	0.983	0.983	0.974
558	3611.653	3455.347	3798.189	3584.779	0.980	0.980	0.988
559	3697.584	3586.095	3785.563	3694.106	1.010	1.010	1.011
560	3721.894	3605.705	3836.661	3737.005	1.022	1.022	1.018
561	3717.213	3590.655	3875.582	3691.515	1.009	1.009	1.016
562	3696.786	3604.571	3864.364	3672.438	1.004	1.004	1.011
563	3657.363	3613.812	3729.192	3641.885	0.996	0.996	1.000
564	3713.139	3609.091	3825.159	3714.310	1.016	1.016	1.015
565	3721.701	3562.552	3870.178	3719.114	1.017	1.017	1.018
566	3724.051	3567.149	3868.625	3711.649	1.015	1.015	1.018
567	3701.406	3546.638	3784.881	3712.153	1.015	1.015	1.012
568	3739.679	3643.599	3870.816	3731.161	1.020	1.020	1.023
569	3729.944	3524.918	3917.884	3731.321	1.020	1.020	1.020
570	3717.392	3587.597	3845.320	3711.410	1.015	1.015	1.017
571	3700.328	3585.015	3870.340	3678.186	1.006	1.006	1.012
572	3650.481	3502.120	3807.782	3645.635	0.997	0.997	0.998
573	3630.856	3515.388	3745.135	3633.972	0.994	0.994	0.993
574	3657.523	3580.567	3757.340	3646.790	0.997	0.997	1.000
575	3722.854	3462.425	3865.195	3733.688	1.021	1.021	1.018
576	3695.449	3608.412	3807.233	3671.193	1.004	1.004	1.011
577	3718.870	3611.099	3870.486	3703.605	1.013	1.013	1.017
578	3748.322	3640.529	3874.664	3735.288	1.021	1.021	1.025
579	3722.129	3608.693	3879.015	3691.331	1.009	1.009	1.018
580	3785.678	3564.147	3903.581	3801.319	1.039	1.039	1.035
581	3792.197	3545.826	3938.115	3827.078	1.047	1.047	1.037
582	3712.272	3564.569	3937.162	3678.515	1.006	1.006	1.015
583	3761.382	3562.434	3913.487	3740.489	1.023	1.023	1.029
584	3666.790	3544.443	3792.501	3648.912	0.998	0.998	1.003
585	3637.084	3554.162	3763.335	3640.416	0.995	0.995	0.995
586	3674.279	3450.595	3883.779	3671.863	1.004	1.004	1.005
587	3638.999	3513.456	3858.872	3618.110	0.989	0.989	0.995
588	3629.684	3513.273	3829.553	3603.099	0.985	0.985	0.993
589	3638.762	3546.773	3753.963	3635.430	0.994	0.994	0.995
590	3608.734	3422.473	3768.684	3594.691	0.983	0.983	0.987
591	3565.579	3479.647	3677.896	3553.776	0.972	0.972	0.975
592	3548.436	3437.831	3731.572	3538.147	0.967	0.967	0.970
593	3569.850	3497.609	3690.866	3546.817	0.970	0.970	0.976
594	3581.140	3479.122	3758.976	3556.418	0.972	0.972	0.979
595	3640.353	3500.249	3786.331	3628.432	0.992	0.992	0.995
596	3698.356	3399.911	4035.886	3683.190	1.007	1.007	1.011
597	3698.811	3563.705	3827.935	3711.664	1.015	1.015	1.011
598	3692.862	3394.589	3805.400	3739.438	1.023	1.023	1.010
599	3715.257	3638.786	3789.067	3719.760	1.017	1.017	1.016
600	3677.688	3573.468	3725.306	3700.145	1.012	1.012	1.006
601	3716.526	3517.469	3832.783	3701.225	1.012	1.012	1.016
602	3729.237	3525.949	3861.546	3730.353	1.020	1.020	1.020
603	3652.513	3439.543	3762.393	3677.874	1.006	1.006	0.999
604	3646.029	3530.182	3800.502	3649.888	0.998	0.998	0.997
605	3612.745	3495.080	3738.745	3608.239	0.987	0.987	0.988
606	3601.820	3451.698	3814.286	3592.373	0.982	0.982	0.985
607	3621.422	3415.388	3724.718	3662.231	1.001	1.001	0.990
608	3553.389	3404.694	3703.043	3551.177	0.971	0.971	0.972
609	3536.039	3426.018	3630.040	3554.084	0.972	0.972	0.967
610	3541.536	3409.347	3657.594	3528.915	0.965	0.965	0.968
611	3493.330	3435.645	3522.555	3509.472	0.960	0.960	0.955
612	3510.460	3436.022	3629.586	3497.751	0.956	0.956	0.960
613	3485.580	3326.937	3604.093	3493.220	0.955	0.955	0.953
614	3507.277	3448.797	3573.396	3504.505	0.958	0.958	0.959
615	3468.280	3348.289	3630.850	3449.601	0.943	0.943	0.948
616	3445.779	3410.820	3517.777	3433.693	0.939	0.939	0.942
617	3470.860	3354.698	3629.874	3454.415	0.945	0.945	0.949
618	3426.782	3319.281	3534.864	3434.581	0.939	0.939	0.937
619	3471.079	3351.901	3550.222	3477.936	0.951	0.951	0.949
620	3471.316	3358.485	3556.046	3461.861	0.947	0.947	0.949
621	3453.302	3385.712	3516.521	3470.187	0.949	0.949	0.944
622	3515.686	3373.663	3705.817	3477.784	0.951	0.951	0.961
623	3489.060	3438.715	3558.365	3487.129	0.954	0.954	0.954
624	3499.254	3378.302	3601.932	3494.967	0.956	0.956	0.957
625	3533.213	3445.839	3611.768	3530.314	0.965	0.965	0.966
626	3486.481	3326.268	3617.606	3493.818	0.955	0.955	0.953
627	3494.117	3347.969	3618.807	3480.819	0.952	0.952	0.955
628	3450.565	3377.589	3590.321	3447.521	0.943	0.943	0.944
629	3415.171	3324.393	3533.156	3397.703	0.929	0.929	0.934
630	3519.238	3346.326	3641.363	3516.886	0.962	0.962	0.962
631	3458.255	3357.580	3557.227	3461.888	0.947	0.947	0.946
632	3481.737	3397.052	3557.108	3468.596	0.948	0.948	0.952
633	3525.561	3425.421	3635.679	3545.603	0.970	0.970	0.964
634	3534.457	3387.733	3677.692	3527.451	0.965	0.965	0.966
635	3529.594	3384.061	3646.510	3550.957	0.971	0.971	0.965
636	3548.973	3467.245	3670.766	3541.291	0.968	0.968	0.970
637	3537.202	3407.817	3651.133	3548.392	0.970	0.970	0.967
638	3559.712	3393.041	3667.583	3600.293	0.984	0.984	0.973
639	3543.056	3294.344	3786.981	3563.429	0.974	0.974	0.969
640	3545.222	3351.181	3647.514	3564.595	0.975	0.975	0.969
641	3566.056	3460.296	3727.750	3545.649	0.970	0.970	0.975
642	3537.396	3395.471	3622.738	3552.321	0.971	0.971	0.967
643	3601.087	3425.536	3735.075	3612.864	0.988	0.988	0.985
644	3555.199	3322.989	3688.322	3589.482	0.982	0.982	0.972
645	3512.222	3412.861	3637.020	3483.102	0.952	0.952	0.960
646	3489.020	3283.200	3661.655	3508.751	0.959	0.959	0.954
647	3542.055	3372.876	3730.614	3498.675	0.957	0.957	0.969
648	3537.076	3348.242	3676.996	3535.150	0.967	0.967	0.967
649	3599.561	3341.699	3734.560	3591.172	0.982	0.982	0.984
650	3580.831	3435.725	3835.613	3528.599	0.965	0.965	0.979
651	3535.671	3421.096	3722.865	3516.320	0.962	0.962	0.967
652	3506.947	3379.200	3761.507	3508.167	0.959	0.959	0.959
653	3488.867	3147.737	3662.258	3495.374	0.956	0.956	0.954
654	3482.620	3286.346	3687.862	3482.802	0.952	0.952	0.952
655	3481.159	3234.638	3666.651	3505.417	0.959	0.959	0.952
656	3474.555	3404.151	3562.340	3471.849	0.949	0.949	0.950
657	3446.076	3349.594	3531.630	3430.931	0.938	0.938	0.942
658	3420.848	3247.649	3532.654	3456.678	0.945	0.945	0.935
659	3372.781	3222.833	3531.952	3394.129	0.928	0.928	0.922
660	3378.845	3129.902	3531.099	3427.269	0.937	0.937	0.924
661	3417.013	3256.429	3526.895	3443.355	0.942	0.942	0.934
662	3407.674	3280.338	3605.056	3386.231	0.926	0.926	0.932
663	3397.277	3232.554	3620.884	3343.079	0.914	0.914	0.929
664	3318.731	3204.056	3412.011	3333.402	0.912	0.912	0.908
665	3351.469	3226.601	3486.125	3360.087	0.919	0.919	0.916
666	3344.527	3258.161	3431.545	3343.563	0.914	0.914	0.915
667	3336.002	3223.289	3435.145	3339.236	0.913	0.913	0.912
668	3345.325	3277.728	3432.136	3348.754	0.916	0.916	0.915
669	3382.401	3298.930	3475.130	3389.462	0.927	0.927	0.925
670	3374.804	3224.736	3468.316	3409.972	0.932	0.932	0.923
671	3388.519	3292.814	3457.983	3384.167	0.925	0.925	0.927
672	3399.257	3286.827	3485.117	3414.113	0.934	0.934	0.930
673	3401.703	3237.265	3490.177	3433.418	0.939	0.939	0.930
674	3399.593	3315.786	3466.225	3405.576	0.931	0.931	0.930
675	3357.029	3297.171	3424.990	3349.350	0.916	0.916	0.918
676	3369.742	3288.439	3433.037	3384.636	0.926	0.926	0.921
677	3409.084	3333.680	3515.678	3413.494	0.933	0.933	0.932
678	3414.779	3316.579	3563.074	3399.100	0.929	0.929	0.934
679	3434.149	3317.247	3541.820	3444.085	0.942	0.942	0.939
680	3456.620	3279.333	3612.463	3442.666	0.941	0.941	0.945
681	3418.432	3209.021	3561.863	3432.473	0.939	0.939	0.935
682	3431.877	3308.255	3611.847	3427.899	0.937	0.937	0.938
683	3394.692	3254.903	3496.476	3402.091	0.930	0.930	0.928
684	3363.750	3264.610	3539.517	3342.229	0.914	0.914	0.920
685	3401.393	3257.062	3591.543	3389.699	0.927	0.927	0.930
686	3446.471	3272.672	3643.345	3425.588	0.937	0.937	0.942
687	3461.465	3260.427	3659.154	3482.076	0.952	0.952	0.947
688	3448.752	3304.349	3547.204	3445.785	0.942	0.942	0.943
689	3428.988	3340.711	3573.314	3419.831	0.935	0.935	0.938
690	3436.751	3351.721	3561.150	3412.702	0.933	0.933	0.940
691	3457.123	3310.457	3605.375	3464.249	0.947	0.947	0.945
692	3471.801	3393.497	3571.362	3488.736	0.954	0.954	0.949
693	3444.775	3357.884	3507.120	3461.495	0.947	0.947	0.942
694	3431.282	3351.466	3546.052	3436.671	0.940	0.940	0.938
695	3454.436	3335.029	3585.322	3451.385	0.944	0.944	0.945
696	3461.982	3394.010	3527.724	3463.348	0.947	0.947	0.947
697	3455.035	3305.657	3583.487	3448.214	0.943	0.943	0.945
698	3480.687	3341.900	3579.664	3499.354	0.957	0.957	0.952
699	3486.486	3329.125	3593.413	3508.195	0.959	0.959	0.953
700	3479.495	3409.574	3533.609	3477.286	0.951	0.951	0.951
701	3462.121	3396.834	3542.485	3466.496	0.948	0.948	0.947
702	3510.636	3457.638	3620.358	3485.982	0.953	0.953	0.960
703	3544.185	3425.415	3673.866	3546.979	0.970	0.970	0.969
704	3500.518	3423.463	3560.627	3502.570	0.958	0.958	0.957
705	3495.528	3403.364	3556.475	3500.485	0.957	0.957	0.956
706	3527.641	3357.509	3647.516	3520.212	0.963	0.963	0.965
707	3501.655	3388.531	3625.694	3513.905	0.961	0.961	0.958
708	3461.484	3357.777	3533.561	3466.159	0.948	0.948	0.947
709	3437.500	3358.093	3558.521	3434.270	0.939	0.939	0.940
710	3421.363	3267.283	3574.860	3392.050	0.928	0.928	0.936
711	3416.386	3302.908	3508.130	3415.112	0.934	0.934	0.934
712	3432.571	3247.647	3562.789	3457.046	0.945	0.945	0.939
713	3404.001	3222.682	3520.701	3392.329	0.928	0.928	0.931
714	3415.087	3270.025	3498.240	3432.314	0.939	0.939	0.934
715	3442.840	3350.247	3593.295	3424.702	0.936	0.936	0.941
716	3402.098	3310.059	3483.900	3403.103	0.931	0.931	0.930
717	3386.359	3298.586	3465.261	3388.937	0.927	0.927	0.926
718	3429.172	3322.132	3507.351	3434.782	0.939	0.939	0.938
719	3445.832	3304.339	3565.204	3448.540	0.943	0.943	0.942
720	3435.887	3362.322	3562.301	3418.078	0.935	0.935	0.940
721	3382.340	3265.758	3513.938	3360.597	0.919	0.919	0.925
722	3391.663	3284.119	3498.448	3376.625	0.923	0.923	0.927
723	3409.887	3271.664	3608.844	3405.246	0.931	0.931	0.932
724	3381.521	3196.165	3587.612	3384.796	0.926	0.926	0.925
725	3380.477	3249.895	3586.491	3388.115	0.926	0.926	0.924
726	3403.802	3300.711	3489.545	3401.241	0.930	0.930	0.931
727	3441.765	3363.952	3523.157	3453.007	0.944	0.944	0.941
728	3430.363	3324.902	3506.163	3434.935	0.939	0.939	0.938
729	3454.818	3305.325	3598.753	3454.986	0.945	0.945	0.945
730	3443.112	3305.465	3556.646	3445.936	0.942	0.942	0.942
731	3430.772	3287.974	3582.682	3429.482	0.938	0.938	0.938
732	3451.851	3294.995	3625.527	3462.618	0.947	0.947	0.944
733	3440.007	3297.943	3573.555	3470.525	0.949	0.949	0.941
734	3414.299	3273.973	3594.482	3406.301	0.931	0.931	0.934
735	3453.944	3244.580	3726.212	3463.474	0.947	0.947	0.944
736	3401.330	3237.672	3513.764	3423.700	0.936	0.936	0.930
737	3465.966	3285.314	3623.296	3493.773	0.955	0.955	0.948
738	3472.794	3334.857	3611.539	3458.334	0.946	0.946	0.950
739	3464.794	3317.834	3608.197	3478.710	0.951	0.951	0.947
740	3458.261	3307.453	3585.604	3470.074	0.949	0.949	0.946
741	3480.066	3331.571	3628.423	3483.738	0.953	0.953	0.952
742	3487.643	3295.250	3592.057	3479.349	0.951	0.951	0.954
743	3444.675	3349.535	3582.446	3428.730	0.938	0.938	0.942
744	3458.883	3316.120	3600.247	3472.283	0.949	0.949	0.946
745	3440.228	3320.345	3530.395	3441.208	0.941	0.941	0.941
746	3444.872	3334.600	3514.586	3458.680	0.946	0.946	0.942
747	3486.933	3342.447	3595.205	3509.655	0.960	0.960	0.953
748	3462.867	3308.725	3542.696	3484.636	0.953	0.953	0.947
749	3474.209	3280.869	3545.937	3504.479	0.958	0.958	0.950
750	3459.330	3350.498	3569.295	3454.606	0.945	0.945	0.946
751	3491.914	3372.958	3581.312	3501.012	0.957	0.957	0.955
752	3494.721	3355.629	3582.260	3515.525	0.961	0.961	0.956
753	3508.511	3265.272	3641.274	3563.605	0.974	0.974	0.959
754	3481.950	3277.362	3683.349	3443.822	0.942	0.942	0.952
755	3429.688	3320.811	3625.103	3402.980	0.931	0.931	0.938
756	3423.913	3258.980	3655.688	3431.544	0.938	0.938	0.936
757	3416.027	3315.590	3535.124	3410.683	0.933	0.933	0.934
758	3364.057	3284.245	3433.555	3379.910	0.924	0.924	0.920
759	3453.509	3283.513	3567.797	3459.569	0.946	0.946	0.944
760	3433.418	3361.278	3494.343	3437.677	0.940	0.940	0.939
761	3449.132	3334.780	3572.080	3445.584	0.942	0.942	0.943
762	3417.445	3353.329	3513.621	3414.524	0.934	0.934	0.934
763	3395.879	3271.676	3505.088	3424.789	0.937	0.937	0.929
764	3354.308	3211.107	3602.221	3308.783	0.905	0.905	0.917
765	3340.796	3243.566	3425.272	3327.536	0.910	0.910	0.914
766	3342.024	3232.541	3523.530	3308.908	0.905	0.905	0.914
767	3343.284	3231.978	3582.483	3308.031	0.905	0.905	0.914
768	3381.407	3262.221	3567.352	3378.916	0.924	0.924	0.925
769	3394.938	3245.419	3604.140	3366.965	0.921	0.921	0.928
770	3413.114	3207.948	3631.746	3393.238	0.928	0.928	0.933
771	3379.109	3222.810	3582.436	3365.815	0.920	0.920	0.924
772	3378.569	3232.627	3495.261	3397.355	0.929	0.929	0.924
773	3435.108	3331.360	3512.541	3440.749	0.941	0.941	0.939
774	3391.163	3300.339	3451.450	3421.188	0.936	0.936	0.927
775	3388.714	3318.165	3513.846	3354.554	0.917	0.917	0.927
776	3416.479	3198.147	3557.361	3443.273	0.942	0.942	0.934
777	3442.809	3264.026	3590.170	3463.467	0.947	0.947	0.941
778	3427.274	3317.911	3540.309	3437.913	0.940	0.940	0.937
779	3431.101	3275.300	3550.663	3466.550	0.948	0.948	0.938
780	3407.081	3221.779	3509.367	3416.583	0.934	0.934	0.932
781	3494.380	3289.936	3601.350	3512.157	0.960	0.960	0.956
782	3551.472	3329.156	3808.203	3530.586	0.965	0.965	0.971
783	3481.805	3413.108	3561.216	3477.355	0.951	0.951	0.952
784	3516.486	3398.372	3729.869	3523.321	0.963	0.963	0.962
785	3531.441	3345.040	3751.475	3532.882	0.966	0.966	0.966
786	3533.477	3302.728	3638.894	3571.984	0.977	0.977	0.966
787	3541.786	3277.671	3675.063	3583.535	0.980	0.980	0.968
788	3538.739	3338.748	3644.951	3544.559	0.969	0.969	0.968
789	3502.759	3414.833	3595.363	3513.845	0.961	0.961	0.958
790	3485.802	3331.153	3610.818	3480.457	0.952	0.952	0.953
791	3551.340	3453.177	3608.511	3555.124	0.972	0.972	0.971
792	3564.931	3395.096	3646.280	3561.991	0.974	0.974	0.975
793	3536.428	3383.706	3685.078	3535.473	0.967	0.967	0.967
794	3538.300	3482.302	3593.825	3540.808	0.968	0.968	0.968
795	3531.512	3444.424	3597.615	3531.964	0.966	0.966	0.966
796	3534.512	3427.189	3591.124	3555.414	0.972	0.972	0.967
797	3472.523	3363.343	3603.445	3454.613	0.945	0.945	0.950
798	3483.128	3370.814	3564.156	3499.832	0.957	0.957	0.952
799	3561.831	3480.465	3685.433	3543.214	0.969	0.969	0.974
800	3527.774	3401.728	3653.861	3521.314	0.963	0.963	0.965
801	3514.734	3441.452	3570.797	3518.387	0.962	0.962	0.961
802	3538.787	3430.207	3683.443	3529.114	0.965	0.965	0.968
803	3626.068	3406.841	3793.756	3642.456	0.996	0.996	0.992
804	3547.091	3470.262	3653.958	3560.391	0.974	0.974	0.970
805	3526.938	3449.731	3621.552	3514.788	0.961	0.961	0.964
806	3546.024	3391.587	3664.635	3564.335	0.975	0.975	0.970
807	3541.373	3389.110	3707.504	3551.296	0.971	0.971	0.968
808	3479.966	3403.172	3597.894	3488.542	0.954	0.954	0.952
809	3470.508	3290.141	3633.021	3475.356	0.950	0.950	0.949
810	3477.424	3382.123	3589.951	3456.074	0.945	0.945	0.951
811	3491.975	3379.547	3584.612	3488.671	0.954	0.954	0.955
812	3476.341	3360.455	3551.118	3474.902	0.950	0.950	0.951
813	3492.443	3398.598	3633.453	3490.026	0.954	0.954	0.955
814	3465.231	3369.000	3534.114	3473.853	0.950	0.950	0.948
815	3432.843	3305.748	3573.550	3399.361	0.930	0.930	0.939
816	3392.947	3265.368	3581.140	3376.476	0.923	0.923	0.928
817	3436.441	3328.080	3527.637	3419.687	0.935	0.935	0.940
818	3434.656	3337.306	3532.381	3451.880	0.944	0.944	0.939
819	3452.958	3296.653	3555.809	3462.285	0.947	0.947	0.944
820	3413.659	3189.706	3613.165	3392.104	0.928	0.928	0.933
821	3394.757	3328.520	3449.813	3397.835	0.929	0.929	0.928
822	3414.298	3282.041	3506.931	3417.091	0.934	0.934	0.934
823	3412.174	3342.979	3511.180	3404.584	0.931	0.931	0.933
824	3412.380	3298.031	3519.848	3434.429	0.939	0.939	0.933
825	3403.469	3365.062	3494.897	3391.812	0.927	0.927	0.931
826	3401.974	3300.550	3485.809	3404.971	0.931	0.931	0.930
827	3386.227	3304.958	3476.720	3391.908	0.928	0.928	0.926
828	3397.731	3276.539	3463.714	3412.344	0.933	0.933	0.929
829	3423.321	3285.587	3520.585	3436.875	0.940	0.940	0.936
830	3454.449	3385.091	3626.306	3434.643	0.939	0.939	0.945
831	3442.972	3347.918	3577.316	3444.367	0.942	0.942	0.941
832	3390.391	3323.166	3495.551	3389.836	0.927	0.927	0.927
833	3403.347	3322.298	3486.587	3409.272	0.932	0.932	0.931
834	3431.281	3375.973	3632.111	3408.922	0.932	0.932	0.938
835	3428.122	3293.882	3540.623	3416.689	0.934	0.934	0.937
836	3441.735	3320.144	3492.252	3447.563	0.943	0.943	0.941
837	3483.028	3399.090	3581.833	3485.579	0.953	0.953	0.952
838	3458.637	3340.094	3601.658	3426.879	0.937	0.937	0.946
839	3448.376	3338.333	3565.553	3441.737	0.941	0.941	0.943
840	3464.663	3305.349	3544.908	3475.855	0.950	0.950	0.947
841	3467.168	3359.737	3555.533	3456.838	0.945	0.945	0.948
842	3462.579	3356.964	3620.504	3463.821	0.947	0.947	0.947
843	3459.863	3390.678	3513.045	3461.530	0.947	0.947	0.946
844	3444.032	3371.252	3547.331	3434.584	0.939	0.939	0.942
845	3429.528	3376.899	3480.374	3430.449	0.938	0.938	0.938
846	3438.625	3320.023	3555.443	3452.383	0.944	0.944	0.940
847	3474.803	3362.978	3564.318	3478.330	0.951	0.951	0.950
848	3474.373	3379.966	3626.585	3455.546	0.945	0.945	0.950
849	3455.422	3304.530	3702.572	3451.348	0.944	0.944	0.945
850	3410.256	3348.642	3544.823	3395.109	0.928	0.928	0.933
851	3410.492	3251.035	3526.560	3421.609	0.936	0.936	0.933
852	3428.051	3261.945	3620.129	3417.378	0.934	0.934	0.937
853	3410.500	3277.173	3631.456	3379.812	0.924	0.924	0.933
854	3393.026	3230.663	3650.582	3351.931	0.917	0.917	0.928
855	3436.382	3284.573	3609.563	3434.761	0.939	0.939	0.940
856	3410.753	3241.394	3564.903	3386.601	0.926	0.926	0.933
857	3382.093	3274.208	3509.885	3356.916	0.918	0.918	0.925
858	3405.290	3259.952	3539.359	3398.407	0.929	0.929	0.931
859	3390.286	3261.967	3505.786	3379.755	0.924	0.924	0.927
860	3416.549	3306.802	3569.150	3422.190	0.936	0.936	0.934
861	3428.169	3341.467	3533.100	3432.759	0.939	0.939	0.937
862	3424.400	3303.556	3520.954	3447.829	0.943	0.943	0.936
863	3426.673	3287.412	3500.705	3458.638	0.946	0.946	0.937
864	3394.987	3286.916	3538.679	3409.546	0.932	0.932	0.928
865	3390.811	3261.738	3514.984	3390.471	0.927	0.927	0.927
866	3451.270	3299.035	3617.847	3427.320	0.937	0.937	0.944
867	3440.105	3295.920	3668.781	3397.389	0.929	0.929	0.941
868	3396.457	3241.877	3564.919	3375.354	0.923	0.923	0.929
869	3381.920	3305.079	3439.002	3396.106	0.929	0.929	0.925
870	3415.111	3286.271	3522.179	3434.609	0.939	0.939	0.934
871	3423.569	3286.570	3606.239	3425.357	0.937	0.937	0.936
872	3388.783	3255.835	3520.794	3389.683	0.927	0.927	0.927
873	3382.722	3309.607	3515.894	3342.749	0.914	0.914	0.925
874	3381.504	3323.520	3465.350	3378.719	0.924	0.924	0.925
875	3401.891	3253.241	3465.484	3419.852	0.935	0.935	0.930
876	3391.393	3319.977	3456.816	3407.511	0.932	0.932	0.927
877	3415.427	3197.589	3527.851	3424.183	0.936	0.936	0.934
878	3412.049	3304.718	3506.568	3413.477	0.933	0.933	0.933
879	3383.786	3305.306	3511.786	3358.405	0.918	0.918	0.925
880	3407.114	3324.136	3501.539	3416.988	0.934	0.934	0.932
881	3403.860	3293.084	3514.823	3403.058	0.931	0.931	0.931
882	3411.590	3311.982	3599.470	3374.076	0.923	0.923	0.933
883	3410.540	3339.810	3546.955	3393.833	0.928	0.928	0.933
884	3430.201	3279.583	3518.695	3437.898	0.940	0.940	0.938
885	3378.282	3315.342	3408.357	3390.492	0.927	0.927	0.924
886	3385.783	3279.201	3499.424	3392.415	0.928	0.928	0.926
887	3419.068	3341.844	3523.593	3412.083	0.933	0.933	0.935
888	3374.843	3319.784	3428.758	3374.968	0.923	0.923	0.923
889	3437.649	3371.194	3493.641	3424.920	0.937	0.937	0.940
890	3447.624	3356.922	3540.460	3461.190	0.946	0.946	0.943
891	3372.286	3230.355	3477.830	3361.783	0.919	0.919	0.922
892	3376.909	3296.380	3472.738	3370.527	0.922	0.922	0.923
893	3377.862	3234.535	3452.022	3401.138	0.930	0.930	0.924
894	3421.575	3314.754	3502.030	3425.741	0.937	0.937	0.936
895	3431.241	3289.876	3500.469	3431.716	0.938	0.938	0.938
896	3452.338	3406.615	3520.663	3443.542	0.942	0.942	0.944
897	3428.443	3270.205	3528.719	3435.854	0.940	0.940	0.938
898	3482.853	3354.226	3584.171	3470.404	0.949	0.949	0.952
899	3486.577	3355.885	3605.187	3491.422	0.955	0.955	0.953
900	3479.938	3389.644	3618.400	3464.661	0.947	0.947	0.952
901	3495.803	3427.841	3598.429	3479.121	0.951	0.951	0.956
902	3465.879	3307.656	3594.174	3461.856	0.947	0.947	0.948
903	3486.020	3399.364	3646.774	3483.014	0.952	0.952	0.953
904	3489.402	3412.377	3590.349	3488.989	0.954	0.954	0.954
905	3453.322	3325.674	3584.536	3457.710	0.946	0.946	0.944
906	3485.296	3321.563	3626.637	3474.001	0.950	0.950	0.953
907	3505.576	3362.594	3602.992	3510.805	0.960	0.960	0.959
908	3485.484	3367.051	3658.618	3483.163	0.952	0.952	0.953
909	3496.784	3357.315	3743.740	3494.049	0.955	0.955	0.956
910	3449.007	3373.856	3575.170	3453.303	0.944	0.944	0.943
911	3437.310	3394.802	3481.521	3440.227	0.941	0.941	0.940
912	3409.334	3335.053	3538.171	3384.090	0.925	0.925	0.932
913	3394.142	3240.123	3553.376	3391.905	0.928	0.928	0.928
914	3428.265	3305.029	3635.780	3391.708	0.927	0.927	0.937
915	3427.312	3292.729	3503.659	3435.260	0.939	0.939	0.937
916	3454.818	3369.592	3574.156	3445.068	0.942	0.942	0.945
917	3451.208	3338.570	3545.181	3453.648	0.944	0.944	0.944
918	3461.812	3364.751	3551.714	3467.656	0.948	0.948	0.947
919	3403.068	3283.402	3460.567	3410.027	0.932	0.932	0.931
920	3393.082	3306.950	3462.921	3409.007	0.932	0.932	0.928
921	3432.486	3354.852	3522.877	3431.821	0.938	0.938	0.939
922	3445.825	3306.903	3564.765	3470.581	0.949	0.949	0.942
923	3411.360	3278.134	3515.456	3419.696	0.935	0.935	0.933
924	3437.325	3348.835	3544.160	3436.639	0.940	0.940	0.940
925	3451.296	3302.090	3560.252	3458.159	0.946	0.946	0.944
926	3463.864	3275.842	3570.667	3467.964	0.948	0.948	0.947
927	3526.193	3446.598	3610.529	3537.242	0.967	0.967	0.964
928	3435.590	3388.764	3589.005	3413.127	0.933	0.933	0.939
929	3463.300	3375.450	3534.043	3456.290	0.945	0.945	0.947
930	3442.138	3343.120	3638.683	3425.180	0.937	0.937	0.941
931	3445.856	3350.037	3519.019	3448.355	0.943	0.943	0.942
932	3503.593	3411.107	3650.932	3488.729	0.954	0.954	0.958
933	3456.579	3383.333	3542.386	3452.566	0.944	0.944	0.945
934	3403.631	3281.808	3508.315	3400.081	0.930	0.930	0.931
935	3407.424	3302.422	3591.723	3394.733	0.928	0.928	0.932
936	3452.895	3311.959	3565.010	3459.459	0.946	0.946	0.944
937	3501.683	3409.309	3593.227	3492.061	0.955	0.955	0.958
938	3472.586	3383.426	3574.159	3475.519	0.950	0.950	0.950
939	3416.518	3317.102	3571.956	3397.540	0.929	0.929	0.934
940	3503.938	3419.567	3595.751	3499.794	0.957	0.957	0.958
941	3485.609	3397.691	3585.997	3473.120	0.950	0.950	0.953
942	3468.429	3368.659	3628.900	3460.155	0.946	0.946	0.948
943	3500.768	3352.206	3593.779	3511.582	0.960	0.960	0.957
944	3484.130	3373.966	3601.366	3499.249	0.957	0.957	0.953
945	3499.116	3395.723	3585.555	3497.542	0.956	0.956	0.957
946	3483.825	3399.727	3554.150	3510.662	0.960	0.960	0.953
947	3499.076	3370.290	3591.392	3515.430	0.961	0.961	0.957
948	3493.097	3354.606	3604.653	3478.394	0.951	0.951	0.955
949	3506.419	3403.541	3612.134	3500.351	0.957	0.957	0.959
950	3500.358	3372.768	3580.781	3500.677	0.957	0.957	0.957
951	3558.463	3467.250	3647.231	3543.865	0.969	0.969	0.973
952	3515.394	3395.071	3663.558	3519.378	0.962	0.962	0.961
953	3527.667	3349.873	3674.174	3533.814	0.966	0.966	0.965
954	3539.347	3443.069	3653.341	3511.920	0.960	0.960	0.968
955	3524.379	3384.526	3717.356	3520.732	0.963	0.963	0.964
956	3582.598	3441.177	3761.792	3565.318	0.975	0.975	0.980
957	3582.598	3441.177	3761.792	3565.318	0.975	0.975	0.980
