 	Mean	Min	Max	Median	Max_to_bgmean	Median_to_bgmedian	Mean_to_bgmean
1	4169.384	3779.078	4569.294	4186.222	1.175	1.182	1.171
2	4032.057	3739.072	4434.577	4048.461	1.137	1.143	1.132
3	3906.499	3605.534	4572.639	3843.268	1.079	1.085	1.097
4	3859.400	3580.727	4245.706	3818.117	1.072	1.078	1.083
5	3826.341	3578.335	4064.799	3815.773	1.071	1.077	1.074
6	3672.067	3481.587	3876.341	3661.213	1.028	1.034	1.031
7	3522.439	3398.102	3734.876	3512.846	0.986	0.992	0.989
8	3553.309	3468.027	3678.152	3538.669	0.993	0.999	0.998
9	3554.484	3318.134	3768.189	3533.378	0.992	0.998	0.998
10	3684.657	3500.697	3924.397	3635.043	1.021	1.026	1.034
11	3686.179	3406.629	4124.937	3640.871	1.022	1.028	1.035
12	3781.222	3488.161	4136.683	3737.843	1.049	1.055	1.062
13	3899.186	3645.409	4320.625	3778.249	1.061	1.067	1.095
14	3948.092	3639.678	4584.499	3808.345	1.069	1.075	1.108
15	3911.538	3618.111	4125.337	3909.488	1.098	1.104	1.098
16	4024.386	3655.848	4497.324	4018.871	1.128	1.135	1.130
17	3955.347	3648.825	4363.397	3965.069	1.113	1.119	1.110
18	3980.977	3642.175	4407.912	3913.461	1.099	1.105	1.118
19	3954.876	3567.788	4457.286	3777.355	1.060	1.066	1.110
20	3969.905	3484.594	4666.267	3810.329	1.070	1.076	1.115
21	3960.929	3523.759	4632.945	3811.305	1.070	1.076	1.112
22	4088.157	3646.630	4998.371	3884.160	1.090	1.097	1.148
23	4153.735	3643.381	4738.612	4083.657	1.146	1.153	1.166
24	4104.944	3613.855	4774.834	4006.085	1.125	1.131	1.152
25	3937.285	3579.621	4553.825	3816.248	1.071	1.077	1.105
26	3923.011	3510.822	4541.684	3824.784	1.074	1.080	1.101
27	4057.937	3662.709	5019.798	3919.532	1.100	1.107	1.139
28	4026.466	3644.221	4650.069	3892.721	1.093	1.099	1.130
29	4045.584	3686.361	4564.128	3984.352	1.119	1.125	1.136
30	4028.102	3655.973	4663.026	3911.590	1.098	1.104	1.131
31	4032.572	3669.826	4152.883	4058.879	1.139	1.146	1.132
32	4022.698	3818.367	4223.869	4008.604	1.125	1.132	1.129
33	4115.726	3740.444	4478.137	4159.590	1.168	1.174	1.155
34	4041.331	3675.770	4290.233	4039.142	1.134	1.140	1.135
35	3930.543	3588.628	4192.042	3950.974	1.109	1.115	1.103
36	3825.122	3599.563	4039.360	3858.272	1.083	1.089	1.074
37	3826.391	3642.758	3970.055	3820.666	1.073	1.079	1.074
38	3871.593	3534.269	4237.349	3834.743	1.077	1.083	1.087
39	4013.766	3437.400	4390.522	4139.753	1.162	1.169	1.127
40	4138.356	3590.369	4571.126	4198.425	1.179	1.185	1.162
41	4189.752	3831.866	4571.894	4093.748	1.149	1.156	1.176
42	4101.742	3860.522	4358.007	4065.825	1.141	1.148	1.152
43	4165.913	3864.354	4597.702	4127.663	1.159	1.165	1.170
44	4350.628	3891.088	4762.917	4367.225	1.226	1.233	1.221
45	4375.006	3903.543	4576.516	4474.446	1.256	1.263	1.228
46	4248.479	4009.188	4455.566	4332.097	1.216	1.223	1.193
47	4175.788	3788.016	4520.618	4214.091	1.183	1.190	1.172
48	4015.559	3590.396	4383.814	3972.968	1.115	1.122	1.127
49	3970.148	3354.615	4562.894	3890.342	1.092	1.098	1.115
50	4096.900	3712.083	4748.645	4014.422	1.127	1.133	1.150
51	4334.972	3807.744	4976.997	4202.449	1.180	1.186	1.217
52	4507.480	3523.799	5537.719	4385.430	1.231	1.238	1.265
53	4724.295	3582.750	5778.197	4831.054	1.356	1.364	1.326
54	4878.132	3840.164	6150.762	4887.651	1.372	1.380	1.369
55	4811.799	3806.620	5999.651	4807.718	1.350	1.357	1.351
56	4561.345	3797.629	5536.169	4558.615	1.280	1.287	1.281
57	4377.034	3897.270	5212.793	4288.240	1.204	1.211	1.229
58	4411.265	3727.980	5060.870	4429.505	1.244	1.251	1.238
59	4507.064	3837.696	5041.076	4584.412	1.287	1.294	1.265
60	4647.759	3831.707	5448.147	4637.526	1.302	1.309	1.305
61	5095.261	3928.543	6595.392	5039.118	1.415	1.423	1.430
62	5273.004	4066.685	6723.871	5203.989	1.461	1.469	1.480
63	5200.446	3870.104	6199.418	5414.996	1.520	1.529	1.460
64	4761.870	3639.345	5691.872	5060.191	1.421	1.429	1.337
65	4373.235	3627.221	5058.632	4440.362	1.247	1.254	1.228
66	4043.880	3596.568	4710.333	3960.144	1.112	1.118	1.135
67	3870.550	3524.990	4403.536	3762.958	1.056	1.062	1.087
68	3705.357	3417.873	4220.865	3666.282	1.029	1.035	1.040
69	3705.212	3547.729	3968.439	3676.544	1.032	1.038	1.040
70	3700.475	3471.399	3926.863	3649.988	1.025	1.030	1.039
71	3689.040	3425.449	4113.914	3658.960	1.027	1.033	1.036
72	3666.187	3488.370	3839.328	3670.400	1.030	1.036	1.029
73	3690.567	3530.144	3890.861	3657.774	1.027	1.033	1.036
74	3743.231	3496.314	3945.305	3757.849	1.055	1.061	1.051
75	3827.366	3495.231	4378.545	3820.060	1.072	1.079	1.074
76	3901.355	3491.985	4921.816	3750.213	1.053	1.059	1.095
77	4020.223	3445.791	5050.631	3783.882	1.062	1.068	1.129
78	4223.590	3560.658	5734.568	3926.825	1.102	1.109	1.186
79	4278.632	3487.376	6241.429	4099.787	1.151	1.157	1.201
80	4089.094	3492.267	5330.553	3990.793	1.120	1.127	1.148
81	4112.077	3618.421	4784.748	4051.804	1.138	1.144	1.154
82	4168.267	3716.920	4494.490	4213.177	1.183	1.189	1.170
83	4221.030	3778.707	4523.197	4258.715	1.196	1.202	1.185
84	4352.746	3907.167	5048.324	4298.717	1.207	1.214	1.222
85	4590.128	3734.604	5592.938	4509.811	1.266	1.273	1.289
86	4645.553	3766.017	5898.829	4421.069	1.241	1.248	1.304
87	4579.560	3782.570	5512.403	4374.011	1.228	1.235	1.286
88	4411.905	3705.668	5180.042	4237.132	1.190	1.196	1.239
89	4302.639	3840.910	4549.419	4332.673	1.216	1.223	1.208
90	4260.255	3872.172	4649.427	4310.971	1.210	1.217	1.196
91	4334.035	3924.821	4673.694	4362.234	1.225	1.232	1.217
92	4542.915	3978.696	4898.741	4562.365	1.281	1.288	1.275
93	4667.632	4120.353	5374.125	4681.443	1.314	1.322	1.310
94	4695.736	4113.688	5792.236	4410.996	1.238	1.245	1.318
95	4598.588	3904.155	5701.292	4430.292	1.244	1.251	1.291
96	4279.232	3825.828	4784.217	4308.346	1.210	1.216	1.201
97	4176.261	3922.166	4413.181	4183.589	1.175	1.181	1.172
98	4046.807	3823.268	4395.297	3986.720	1.119	1.126	1.136
99	4076.961	3752.844	4553.214	4020.078	1.129	1.135	1.145
100	4072.695	3808.079	4545.972	4014.365	1.127	1.133	1.143
101	4361.966	3687.951	4898.698	4411.765	1.239	1.246	1.225
102	4599.391	3984.178	5502.194	4449.130	1.249	1.256	1.291
103	4945.990	4255.153	5983.096	4833.481	1.357	1.365	1.389
104	4699.269	4275.598	5333.867	4605.268	1.293	1.300	1.319
105	4280.401	3926.716	4523.140	4397.575	1.235	1.242	1.202
106	4021.254	3601.326	4492.408	3994.839	1.122	1.128	1.129
107	3931.852	3609.427	4277.273	3930.306	1.103	1.110	1.104
108	3879.642	3546.198	4168.407	3923.593	1.102	1.108	1.089
109	3859.396	3326.063	4293.766	3942.602	1.107	1.113	1.083
110	3949.899	3543.886	4430.951	3949.763	1.109	1.115	1.109
111	4105.504	3595.760	4819.940	3944.477	1.107	1.114	1.153
112	4155.130	3460.336	4855.686	4232.453	1.188	1.195	1.167
113	4176.821	3383.529	4827.194	4244.885	1.192	1.198	1.173
114	4012.456	3455.607	4541.479	4087.523	1.148	1.154	1.126
115	4211.274	3434.228	5117.806	4137.065	1.161	1.168	1.182
116	4327.849	3502.865	5270.634	4138.941	1.162	1.169	1.215
117	4419.039	3468.941	5615.822	4297.273	1.206	1.213	1.241
118	4395.572	3461.169	6028.329	4219.531	1.185	1.191	1.234
119	4355.104	3677.428	5563.281	4139.814	1.162	1.169	1.223
120	4189.925	3380.804	5178.401	4185.396	1.175	1.182	1.176
121	4038.419	3435.941	4645.110	4043.232	1.135	1.142	1.134
122	4045.636	3483.740	4611.643	4057.647	1.139	1.146	1.136
123	3985.328	3574.734	4637.756	3828.314	1.075	1.081	1.119
124	4054.576	3419.208	4862.926	3918.984	1.100	1.106	1.138
125	4072.729	3378.621	5120.696	3877.514	1.089	1.095	1.143
126	4081.315	3374.178	5585.050	3736.585	1.049	1.055	1.146
127	4341.013	3293.432	6642.842	3770.995	1.059	1.065	1.219
128	4207.749	3356.838	6041.929	3768.537	1.058	1.064	1.181
129	4267.615	3291.067	6149.910	3971.815	1.115	1.121	1.198
130	4168.945	3501.295	5335.520	3830.889	1.075	1.082	1.170
131	4098.008	3414.390	5345.386	3822.481	1.073	1.079	1.150
132	4016.552	3404.803	4767.563	3859.068	1.083	1.090	1.128
133	4119.372	3303.314	4886.333	4118.066	1.156	1.163	1.156
134	4388.044	3401.110	5435.599	4442.700	1.247	1.254	1.232
135	4327.258	3499.487	5258.557	4406.401	1.237	1.244	1.215
136	4299.916	3547.940	5119.706	4441.917	1.247	1.254	1.207
137	4281.756	3621.413	4900.110	4292.391	1.205	1.212	1.202
138	4140.262	3571.305	4936.335	4189.950	1.176	1.183	1.162
139	4114.525	3561.494	4684.679	4175.350	1.172	1.179	1.155
140	4119.732	3594.038	4773.118	4097.343	1.150	1.157	1.157
141	4184.043	3479.497	4917.940	4248.359	1.193	1.199	1.175
142	4203.733	3464.492	4772.332	4319.039	1.213	1.219	1.180
143	4234.808	3397.471	4912.721	4454.472	1.251	1.258	1.189
144	4547.309	3594.300	5544.508	4598.298	1.291	1.298	1.277
145	4738.290	3647.478	5790.882	4782.775	1.343	1.350	1.330
146	4657.107	3705.366	5330.937	4760.387	1.336	1.344	1.307
147	4523.991	3928.224	4990.062	4506.885	1.265	1.272	1.270
148	4306.739	3928.812	4765.770	4255.573	1.195	1.201	1.209
149	4188.604	3792.251	4777.343	4176.584	1.173	1.179	1.176
150	4124.041	3698.296	4691.833	4137.028	1.161	1.168	1.158
151	4232.927	3814.122	4677.998	4178.717	1.173	1.180	1.188
152	4210.527	3835.399	4460.236	4226.183	1.186	1.193	1.182
153	4206.980	3782.211	4685.357	4294.990	1.206	1.213	1.181
154	4144.073	3461.583	4773.255	4275.617	1.200	1.207	1.163
155	4082.811	3611.923	4782.624	4088.365	1.148	1.154	1.146
156	3926.453	3632.931	4285.530	3973.995	1.116	1.122	1.102
157	3820.867	3542.321	4170.715	3783.918	1.062	1.068	1.073
158	3842.489	3499.610	4224.700	3825.684	1.074	1.080	1.079
159	4083.449	3744.933	4362.187	4078.931	1.145	1.152	1.146
160	4106.890	3561.331	4588.985	4128.594	1.159	1.166	1.153
161	4200.743	3839.833	4617.948	4194.011	1.177	1.184	1.179
162	4466.765	3935.711	4831.604	4534.773	1.273	1.280	1.254
163	4262.065	3898.814	4720.412	4221.116	1.185	1.192	1.197
164	4103.265	3833.756	4404.618	4081.667	1.146	1.152	1.152
165	3821.380	3687.365	3964.217	3801.645	1.067	1.073	1.073
166	3713.670	3524.349	3947.432	3718.771	1.044	1.050	1.043
167	3720.588	3510.709	3946.635	3735.696	1.049	1.055	1.045
168	3776.963	3605.775	3998.963	3769.881	1.058	1.064	1.060
169	3767.720	3639.456	3991.162	3735.314	1.049	1.055	1.058
170	4027.554	3760.761	4253.686	4072.363	1.143	1.150	1.131
171	4207.925	3818.942	4664.444	4167.217	1.170	1.177	1.181
172	4427.230	3946.495	4975.306	4394.921	1.234	1.241	1.243
173	4557.659	3890.563	5077.451	4563.933	1.281	1.289	1.280
174	4487.183	3866.380	4870.302	4491.769	1.261	1.268	1.260
175	4339.987	3825.419	4905.017	4227.609	1.187	1.194	1.218
176	4102.864	3620.250	4629.484	4090.667	1.148	1.155	1.152
177	3909.368	3360.156	4349.222	3906.591	1.097	1.103	1.098
178	3882.102	3613.394	4271.921	3876.830	1.088	1.095	1.090
179	3868.506	3550.808	4080.660	3908.202	1.097	1.103	1.086
180	3914.029	3709.444	4102.602	3951.915	1.109	1.116	1.099
181	4001.570	3735.333	4402.668	3967.744	1.114	1.120	1.123
182	4071.931	3713.226	4550.499	4132.723	1.160	1.167	1.143
183	4296.407	3774.007	4960.966	4193.543	1.177	1.184	1.206
184	4404.890	3665.112	5297.473	4408.446	1.238	1.245	1.237
185	4521.899	3639.241	5527.694	4462.107	1.253	1.260	1.269
186	4620.852	3857.597	5430.125	4565.974	1.282	1.289	1.297
187	4662.312	3844.699	5546.600	4691.318	1.317	1.324	1.309
188	4778.383	3970.151	5812.263	4650.091	1.305	1.313	1.341
189	4894.445	3988.073	6725.128	4511.098	1.266	1.274	1.374
190	5048.486	3930.000	6569.264	4823.138	1.354	1.362	1.417
191	4901.041	3868.214	6191.375	4746.242	1.332	1.340	1.376
192	4714.062	3875.166	5552.346	4720.344	1.325	1.333	1.323
193	4491.723	3589.222	5416.197	4466.233	1.254	1.261	1.261
194	4332.516	3653.250	5001.723	4231.575	1.188	1.195	1.216
195	4374.144	3707.058	4937.344	4421.087	1.241	1.248	1.228
196	4417.370	3486.328	5338.973	4434.640	1.245	1.252	1.240
197	4637.281	3747.975	5528.198	4706.648	1.321	1.329	1.302
198	4681.315	3693.909	5630.948	4753.274	1.334	1.342	1.314
199	4607.786	3680.610	5432.593	4660.839	1.308	1.316	1.294
200	4509.492	3784.589	5283.639	4597.082	1.291	1.298	1.266
201	4371.594	3733.787	4897.487	4385.994	1.231	1.238	1.227
202	4302.644	3671.931	5168.089	4173.162	1.172	1.178	1.208
203	4361.181	3915.187	5171.087	4188.378	1.176	1.182	1.224
204	4308.312	3957.611	4502.888	4352.318	1.222	1.229	1.210
205	4467.250	4001.308	4739.783	4576.158	1.285	1.292	1.254
206	4522.055	4062.708	4751.612	4608.390	1.294	1.301	1.270
207	4395.330	4092.456	4680.135	4407.823	1.237	1.244	1.234
208	4270.870	3850.759	4632.715	4321.987	1.213	1.220	1.199
209	4167.631	3831.919	4562.401	4123.587	1.158	1.164	1.170
210	4101.606	3847.768	4578.798	4012.325	1.126	1.133	1.151
211	3933.408	3627.416	4548.459	3883.062	1.090	1.096	1.104
212	3849.767	3642.962	4333.873	3751.098	1.053	1.059	1.081
213	3883.623	3708.654	4225.556	3864.098	1.085	1.091	1.090
214	3949.978	3655.235	4342.426	3884.550	1.091	1.097	1.109
215	3860.683	3545.729	4323.899	3839.661	1.078	1.084	1.084
216	3889.384	3578.278	4440.119	3832.065	1.076	1.082	1.092
217	3874.531	3579.509	4202.524	3892.776	1.093	1.099	1.088
218	3968.476	3623.726	4396.275	3958.594	1.111	1.118	1.114
219	4037.087	3645.369	4551.215	4035.780	1.133	1.139	1.133
220	4011.622	3761.356	4332.666	3948.303	1.108	1.115	1.126
221	3918.425	3688.085	4193.732	3914.207	1.099	1.105	1.100
222	3997.835	3750.479	4273.289	3948.548	1.109	1.115	1.122
223	4141.136	3665.722	4690.913	4059.744	1.140	1.146	1.163
224	4199.374	3691.590	4682.283	4144.859	1.164	1.170	1.179
225	4374.721	3959.075	4765.337	4385.386	1.231	1.238	1.228
226	4578.652	3900.240	5028.485	4775.703	1.341	1.348	1.285
227	4404.977	3854.053	4918.862	4328.615	1.215	1.222	1.237
228	4133.436	3519.652	4645.103	4188.404	1.176	1.182	1.160
229	3987.515	3748.204	4248.040	4002.081	1.124	1.130	1.119
230	4116.160	3635.684	4586.354	4114.469	1.155	1.162	1.156
231	4110.660	3658.791	4569.472	4174.427	1.172	1.179	1.154
232	4191.514	3826.416	4583.199	4257.487	1.195	1.202	1.177
233	4175.567	3886.690	4581.403	4163.155	1.169	1.175	1.172
234	4386.193	4012.857	4737.324	4435.318	1.245	1.252	1.231
235	4339.640	3962.239	4763.544	4265.072	1.197	1.204	1.218
236	4492.842	3957.233	5277.110	4401.574	1.236	1.243	1.261
237	4472.648	4077.689	4833.266	4419.033	1.241	1.248	1.256
238	4473.623	4287.295	4654.388	4493.292	1.261	1.269	1.256
239	4253.509	3921.972	4436.302	4303.364	1.208	1.215	1.194
240	4228.074	4050.329	4449.247	4251.780	1.194	1.200	1.187
241	4178.877	3931.438	4367.114	4210.553	1.182	1.189	1.173
242	4246.927	3942.263	4681.851	4133.537	1.160	1.167	1.192
243	4270.213	3865.958	4825.544	4187.362	1.176	1.182	1.199
244	4501.902	3803.392	5390.158	4432.729	1.244	1.251	1.264
245	4617.697	3806.027	6135.378	4419.374	1.241	1.248	1.296
246	4687.702	3777.594	6119.146	4216.174	1.184	1.190	1.316
247	4693.182	3880.747	5939.532	4417.221	1.240	1.247	1.318
248	4370.376	3859.666	5266.722	4116.440	1.156	1.162	1.227
249	4202.582	3895.575	4553.577	4092.933	1.149	1.156	1.180
250	4183.873	3883.853	4463.452	4180.943	1.174	1.180	1.175
251	4090.463	3689.589	4370.240	4090.505	1.148	1.155	1.148
252	4024.085	3725.092	4474.824	3948.902	1.109	1.115	1.130
253	4018.843	3659.171	4235.968	4064.643	1.141	1.148	1.128
254	4105.027	3452.365	4593.903	4128.949	1.159	1.166	1.152
255	4181.236	3630.908	4589.049	4217.750	1.184	1.191	1.174
256	4293.046	3761.268	5000.274	4332.052	1.216	1.223	1.205
257	4250.492	3881.940	4897.860	4135.311	1.161	1.168	1.193
258	4189.472	3894.549	4715.427	4123.470	1.158	1.164	1.176
259	4247.364	3830.176	4664.773	4300.873	1.207	1.214	1.192
260	4186.921	3789.320	4549.980	4184.834	1.175	1.181	1.175
261	4204.655	3812.293	4377.212	4279.293	1.201	1.208	1.180
262	4231.765	3938.959	4713.458	4080.283	1.145	1.152	1.188
263	4012.835	3690.361	4704.309	3940.992	1.106	1.113	1.127
264	3952.931	3580.595	4227.000	3970.945	1.115	1.121	1.110
265	4082.133	3567.509	4431.833	4171.857	1.171	1.178	1.146
266	4072.208	3640.211	4619.158	4021.318	1.129	1.135	1.143
267	4206.595	3834.196	4544.671	4195.246	1.178	1.184	1.181
268	4171.542	3746.274	4470.937	4231.781	1.188	1.195	1.171
269	4033.879	3822.391	4347.812	3978.217	1.117	1.123	1.132
270	3855.045	3570.717	4239.941	3733.866	1.048	1.054	1.082
271	3733.178	3462.575	4038.067	3684.798	1.034	1.040	1.048
272	3840.168	3550.444	4220.299	3764.822	1.057	1.063	1.078
273	3967.498	3470.518	4484.423	4018.985	1.128	1.135	1.114
274	3882.631	3407.851	4442.614	3845.001	1.079	1.086	1.090
275	3979.450	3387.914	4484.019	4109.207	1.154	1.160	1.117
276	4066.417	3462.744	4602.391	4104.214	1.152	1.159	1.142
277	3932.980	3598.910	4298.377	3901.153	1.095	1.101	1.104
278	3946.992	3474.997	4381.036	3982.384	1.118	1.124	1.108
279	4030.663	3486.660	4729.609	3960.486	1.112	1.118	1.132
280	4251.844	3624.586	5381.856	4074.220	1.144	1.150	1.194
281	4185.535	3737.068	4888.954	4098.453	1.151	1.157	1.175
282	4174.520	3727.439	4962.402	4031.628	1.132	1.138	1.172
283	4225.839	3728.723	5103.599	4077.105	1.145	1.151	1.186
284	4150.014	3576.199	5058.409	3974.266	1.116	1.122	1.165
285	4313.438	3692.007	5338.847	4160.658	1.168	1.175	1.211
286	4248.665	3547.375	5154.093	4249.469	1.193	1.200	1.193
287	4187.009	3611.310	4836.089	4171.654	1.171	1.178	1.175
288	4250.047	3559.603	4711.233	4308.159	1.209	1.216	1.193
289	4253.103	3589.035	4973.802	4228.847	1.187	1.194	1.194
290	4446.761	3476.590	5401.208	4448.008	1.249	1.256	1.248
291	4356.346	3455.998	5156.483	4411.021	1.238	1.245	1.223
292	4175.639	3402.687	4687.556	4234.231	1.189	1.195	1.172
293	4133.832	3349.857	4871.882	4027.792	1.131	1.137	1.161
294	4258.527	3384.456	5273.218	4152.410	1.166	1.172	1.196
295	4068.981	3346.383	4589.246	4047.611	1.136	1.143	1.142
296	4105.622	3505.917	4726.180	4136.740	1.161	1.168	1.153
297	4172.589	3492.616	4740.804	4153.491	1.166	1.173	1.171
298	4493.106	3440.606	5709.854	4380.011	1.230	1.237	1.261
299	4750.199	3635.365	6101.139	4701.609	1.320	1.327	1.334
300	4680.098	3405.364	5830.470	4834.541	1.357	1.365	1.314
301	4494.204	3399.140	5451.703	4631.064	1.300	1.307	1.262
302	4181.950	3478.731	4978.465	4216.113	1.184	1.190	1.174
303	4034.986	3394.495	4945.349	3989.990	1.120	1.126	1.133
304	4001.050	3270.239	4730.677	4120.363	1.157	1.163	1.123
305	3903.706	3297.574	4433.807	3989.641	1.120	1.126	1.096
306	3676.382	3264.524	3975.710	3785.177	1.063	1.069	1.032
307	3722.858	3231.428	4312.194	3705.395	1.040	1.046	1.045
308	3781.857	3325.213	4554.751	3711.894	1.042	1.048	1.062
309	3779.125	3427.701	4245.854	3750.321	1.053	1.059	1.061
310	3877.262	3392.921	4442.312	3806.630	1.069	1.075	1.089
311	3996.895	3389.247	4797.056	3864.337	1.085	1.091	1.122
312	3991.486	3371.906	4616.129	4015.172	1.127	1.134	1.121
313	4113.064	3313.264	4813.319	4107.086	1.153	1.160	1.155
314	4323.508	3459.710	5378.288	4226.170	1.186	1.193	1.214
315	4265.087	3286.896	5455.800	4264.580	1.197	1.204	1.197
316	4157.533	3299.500	5186.254	4138.885	1.162	1.169	1.167
317	3966.779	3345.635	4464.660	4107.936	1.153	1.160	1.114
318	4190.486	3567.936	4680.268	4319.356	1.213	1.219	1.176
319	4332.749	3521.530	5114.940	4405.594	1.237	1.244	1.216
320	4097.150	3441.010	4651.708	4230.945	1.188	1.195	1.150
321	3972.832	3477.670	4481.380	4059.217	1.140	1.146	1.115
322	4081.337	3425.233	4862.310	4158.814	1.168	1.174	1.146
323	4201.778	3410.759	5242.879	4196.140	1.178	1.185	1.180
324	4167.935	3341.059	4885.677	4297.229	1.206	1.213	1.170
325	4194.451	3405.402	4712.934	4320.357	1.213	1.220	1.178
326	4144.751	3351.378	4976.517	4164.817	1.169	1.176	1.164
327	4023.854	3371.392	4598.022	4086.889	1.147	1.154	1.130
328	3990.422	3449.221	4431.789	3895.573	1.094	1.100	1.120
329	3935.918	3450.863	4246.496	4001.741	1.123	1.130	1.105
330	3840.609	3506.788	4187.192	3850.353	1.081	1.087	1.078
331	3848.722	3386.701	4193.812	3826.296	1.074	1.080	1.080
332	3911.661	3557.852	4222.939	3952.016	1.109	1.116	1.098
333	3974.642	3508.209	4380.086	3961.663	1.112	1.118	1.116
334	3881.379	3438.596	4269.037	3906.389	1.097	1.103	1.090
335	3911.606	3452.557	4236.625	3933.251	1.104	1.110	1.098
336	3974.252	3480.803	4749.197	3834.476	1.076	1.083	1.116
337	3847.584	3528.750	4270.771	3850.786	1.081	1.087	1.080
338	3828.931	3540.830	4112.266	3878.620	1.089	1.095	1.075
339	3654.366	3226.772	4020.046	3742.244	1.051	1.057	1.026
340	3649.031	3299.981	3955.753	3665.779	1.029	1.035	1.024
341	3732.347	3307.657	4119.071	3703.454	1.040	1.046	1.048
342	3887.884	3323.662	4413.785	3834.683	1.077	1.083	1.091
343	3854.358	3276.903	4426.458	3891.648	1.093	1.099	1.082
344	3863.400	3299.650	4213.465	3974.776	1.116	1.122	1.085
345	3858.087	3396.649	4316.467	3831.171	1.076	1.082	1.083
346	3861.990	3473.998	4413.921	3879.018	1.089	1.095	1.084
347	3760.993	3316.385	3982.019	3833.671	1.076	1.082	1.056
348	3763.348	3356.416	4169.344	3794.972	1.065	1.071	1.057
349	3908.967	3297.787	4185.438	4025.363	1.130	1.136	1.097
350	3918.864	3240.237	4353.508	4038.545	1.134	1.140	1.100
351	3827.825	3290.436	4160.971	3910.130	1.098	1.104	1.075
352	3759.381	3359.820	4019.015	3821.348	1.073	1.079	1.055
353	3691.394	3383.320	3946.661	3709.384	1.041	1.047	1.036
354	3766.179	3319.104	4044.494	3861.592	1.084	1.090	1.057
355	3799.384	3315.926	4070.805	3846.583	1.080	1.086	1.067
356	3786.692	3437.410	4150.272	3704.305	1.040	1.046	1.063
357	3898.272	3512.952	4196.013	3916.667	1.100	1.106	1.094
358	3876.607	3572.498	4056.052	3909.839	1.098	1.104	1.088
359	4009.682	3699.822	4223.638	4013.465	1.127	1.133	1.126
360	4074.137	3454.540	4597.108	4042.698	1.135	1.141	1.144
361	4017.823	3584.334	4533.988	4034.388	1.133	1.139	1.128
362	3986.932	3462.067	4617.620	4027.853	1.131	1.137	1.119
363	3855.164	3483.370	4208.843	3835.928	1.077	1.083	1.082
364	3833.801	3401.723	4189.207	3800.556	1.067	1.073	1.076
365	3801.528	3370.649	4133.524	3779.127	1.061	1.067	1.067
366	3885.773	3594.210	4164.760	3881.960	1.090	1.096	1.091
367	3891.227	3662.750	4029.130	3904.471	1.096	1.102	1.092
368	3801.708	3551.100	4018.702	3827.167	1.074	1.081	1.067
369	3882.823	3447.570	4311.784	3914.893	1.099	1.105	1.090
370	3921.661	3486.498	4409.489	3959.645	1.112	1.118	1.101
371	3998.011	3612.600	4483.628	3907.606	1.097	1.103	1.122
372	3953.980	3492.098	4238.264	3968.777	1.114	1.120	1.110
373	3978.180	3695.250	4324.585	3971.919	1.115	1.121	1.117
374	4028.881	3766.010	4352.271	4029.374	1.131	1.138	1.131
375	3998.607	3655.956	4348.584	4074.315	1.144	1.150	1.123
376	3958.310	3756.539	4095.305	3983.541	1.118	1.125	1.111
377	3853.237	3703.855	4147.742	3836.378	1.077	1.083	1.082
378	3687.862	3524.282	3780.459	3730.004	1.047	1.053	1.035
379	3702.476	3415.504	3962.998	3720.628	1.045	1.050	1.039
380	3760.360	3599.211	3992.086	3748.017	1.052	1.058	1.056
381	3693.293	3371.468	3958.876	3696.924	1.038	1.044	1.037
382	3738.893	3422.241	4164.925	3614.339	1.015	1.020	1.050
383	3762.065	3397.858	4202.253	3677.068	1.032	1.038	1.056
384	3768.259	3454.139	4259.498	3676.087	1.032	1.038	1.058
385	3742.488	3473.383	4130.544	3732.287	1.048	1.054	1.051
386	3679.309	3461.369	3996.991	3662.269	1.028	1.034	1.033
387	3717.545	3527.900	3963.751	3744.820	1.051	1.057	1.044
388	3706.842	3585.910	3834.573	3683.416	1.034	1.040	1.041
389	3758.709	3542.531	4001.429	3763.188	1.056	1.062	1.055
390	3800.311	3530.878	4138.094	3796.500	1.066	1.072	1.067
391	3812.158	3562.499	4366.431	3739.139	1.050	1.056	1.070
392	3680.098	3415.452	4090.186	3579.833	1.005	1.011	1.033
393	3841.520	3449.045	4256.811	3883.130	1.090	1.096	1.078
394	3767.033	3464.614	4124.988	3772.687	1.059	1.065	1.058
395	3829.170	3523.604	4095.812	3932.008	1.104	1.110	1.075
396	3779.490	3458.316	4061.142	3820.782	1.073	1.079	1.061
397	3802.718	3516.058	4109.471	3859.105	1.083	1.090	1.068
398	3909.866	3646.541	4396.445	3904.081	1.096	1.102	1.098
399	3958.373	3569.684	4389.811	3979.944	1.117	1.124	1.111
400	3923.760	3524.214	4174.121	3940.432	1.106	1.112	1.102
401	3843.968	3441.917	4270.230	3773.834	1.059	1.065	1.079
402	3766.208	3518.416	4042.328	3743.096	1.051	1.057	1.057
403	3636.069	3390.717	3868.616	3676.290	1.032	1.038	1.021
404	3737.832	3431.103	3908.707	3764.764	1.057	1.063	1.049
405	3696.826	3510.165	3870.820	3702.887	1.040	1.045	1.038
406	3636.595	3558.953	3722.835	3619.896	1.016	1.022	1.021
407	3600.651	3480.861	3720.328	3589.936	1.008	1.014	1.011
408	3597.294	3434.816	3765.808	3599.124	1.010	1.016	1.010
409	3588.050	3486.388	3731.960	3560.715	1.000	1.005	1.007
410	3663.035	3455.501	3804.729	3681.795	1.034	1.039	1.028
411	3668.404	3435.221	4074.629	3659.507	1.027	1.033	1.030
412	3739.678	3318.487	4121.996	3709.244	1.041	1.047	1.050
413	3646.410	3512.588	3815.652	3622.721	1.017	1.023	1.024
414	3668.023	3515.489	3880.443	3695.806	1.038	1.043	1.030
415	3660.131	3412.495	3884.875	3669.582	1.030	1.036	1.028
416	3612.174	3407.830	3933.442	3598.779	1.010	1.016	1.014
417	3616.939	3358.102	4094.946	3533.171	0.992	0.998	1.015
418	3512.419	3284.535	3728.268	3542.575	0.995	1.000	0.986
419	3463.398	3320.916	3578.058	3488.487	0.979	0.985	0.972
420	3526.635	3303.032	3832.938	3482.987	0.978	0.983	0.990
421	3546.968	3362.505	3711.931	3531.832	0.992	0.997	0.996
422	3505.910	3399.509	3640.747	3493.927	0.981	0.986	0.984
423	3504.498	3283.742	3655.459	3516.767	0.987	0.993	0.984
424	3512.743	3400.411	3688.873	3462.668	0.972	0.978	0.986
425	3495.745	3353.820	3689.775	3491.235	0.980	0.986	0.981
426	3535.915	3381.842	3703.114	3542.255	0.994	1.000	0.993
427	3611.451	3500.619	3806.985	3589.938	1.008	1.014	1.014
428	3697.650	3409.472	3920.722	3731.716	1.048	1.054	1.038
429	3741.152	3420.405	3910.967	3774.243	1.060	1.066	1.050
430	3763.208	3558.339	4072.734	3752.869	1.054	1.060	1.056
431	3748.919	3569.477	4105.898	3713.039	1.042	1.048	1.052
432	3647.019	3499.273	3775.872	3637.036	1.021	1.027	1.024
433	3538.030	3472.275	3585.262	3559.511	0.999	1.005	0.993
434	3514.318	3421.405	3727.992	3500.694	0.983	0.988	0.987
435	3471.478	3338.152	3710.108	3435.298	0.964	0.970	0.975
436	3547.605	3393.054	3818.109	3511.409	0.986	0.991	0.996
437	3528.847	3287.239	3890.893	3541.206	0.994	1.000	0.991
438	3513.164	3344.733	3666.679	3529.088	0.991	0.996	0.986
439	3510.426	3303.399	3680.605	3550.679	0.997	1.002	0.986
440	3528.500	3303.017	3707.395	3558.570	0.999	1.005	0.991
441	3542.058	3248.330	3735.555	3584.868	1.006	1.012	0.994
442	3536.154	3343.486	3707.812	3553.688	0.998	1.003	0.993
443	3527.925	3402.204	3695.828	3515.370	0.987	0.992	0.990
444	3612.163	3514.618	3811.282	3541.781	0.994	1.000	1.014
445	3713.983	3441.753	4008.844	3663.490	1.028	1.034	1.043
446	3715.128	3487.821	4094.880	3683.557	1.034	1.040	1.043
447	3612.318	3420.759	3933.904	3555.717	0.998	1.004	1.014
448	3575.070	3345.521	3728.810	3578.266	1.005	1.010	1.004
449	3524.980	3387.959	3632.833	3539.159	0.994	0.999	0.990
450	3504.028	3358.553	3683.352	3500.770	0.983	0.988	0.984
451	3521.974	3278.834	3791.593	3577.005	1.004	1.010	0.989
452	3578.971	3329.517	3783.875	3606.472	1.012	1.018	1.005
453	3558.170	3413.935	3733.172	3550.830	0.997	1.002	0.999
454	3602.646	3363.534	3971.138	3561.320	1.000	1.005	1.011
455	3583.914	3369.752	3861.327	3547.029	0.996	1.001	1.006
456	3586.239	3439.852	3846.099	3552.401	0.997	1.003	1.007
457	3521.208	3274.787	3710.344	3539.227	0.994	0.999	0.989
458	3604.533	3416.389	3899.817	3529.033	0.991	0.996	1.012
459	3549.277	3404.688	3663.138	3528.792	0.991	0.996	0.996
460	3422.382	3262.003	3575.952	3432.023	0.964	0.969	0.961
461	3522.711	3391.170	3663.203	3518.188	0.988	0.993	0.989
462	3460.666	3328.271	3613.043	3432.434	0.964	0.969	0.972
463	3385.650	3279.487	3525.497	3381.621	0.949	0.955	0.950
464	3371.644	3223.699	3487.812	3368.477	0.946	0.951	0.947
465	3443.329	3317.273	3717.511	3358.479	0.943	0.948	0.967
466	3398.856	3275.211	3504.089	3375.344	0.948	0.953	0.954
467	3434.225	3295.552	3522.676	3441.291	0.966	0.972	0.964
468	3401.153	3258.116	3610.879	3374.085	0.947	0.953	0.955
469	3445.534	3351.948	3508.405	3458.043	0.971	0.976	0.967
470	3433.978	3312.526	3499.852	3448.718	0.968	0.974	0.964
471	3500.746	3293.062	3755.484	3508.607	0.985	0.991	0.983
472	3524.913	3346.134	3693.589	3518.380	0.988	0.993	0.990
473	3419.822	3295.259	3588.007	3401.813	0.955	0.960	0.960
474	3422.080	3283.475	3529.208	3447.355	0.968	0.973	0.961
475	3451.861	3345.415	3539.087	3459.681	0.971	0.977	0.969
476	3417.031	3279.775	3601.189	3412.158	0.958	0.963	0.959
477	3398.263	3247.346	3560.751	3421.779	0.961	0.966	0.954
478	3426.911	3321.871	3546.429	3431.583	0.963	0.969	0.962
479	3542.013	3391.210	3744.770	3543.781	0.995	1.001	0.994
480	3565.727	3481.513	3693.443	3570.381	1.002	1.008	1.001
481	3566.728	3430.026	3747.046	3583.536	1.006	1.012	1.001
482	3475.661	3318.189	3698.966	3432.227	0.964	0.969	0.976
483	3531.224	3235.020	3873.216	3488.281	0.979	0.985	0.991
484	3578.329	3422.849	3720.841	3585.564	1.007	1.012	1.005
485	3597.815	3488.644	3711.535	3565.990	1.001	1.007	1.010
486	3602.878	3407.752	3817.456	3597.624	1.010	1.016	1.011
487	3553.896	3366.904	3895.863	3493.006	0.981	0.986	0.998
488	3470.758	3274.657	3633.244	3451.931	0.969	0.975	0.974
489	3436.823	3314.040	3591.661	3418.891	0.960	0.965	0.965
490	3464.888	3341.133	3563.355	3483.827	0.978	0.984	0.973
491	3467.240	3341.152	3650.359	3453.965	0.970	0.975	0.973
492	3435.203	3298.845	3531.836	3426.699	0.962	0.967	0.964
493	3427.154	3302.802	3516.705	3465.774	0.973	0.978	0.962
494	3387.564	3318.983	3471.913	3388.220	0.951	0.957	0.951
495	3382.766	3307.738	3503.030	3366.544	0.945	0.950	0.950
496	3442.326	3339.118	3597.874	3430.260	0.963	0.968	0.966
497	3423.058	3342.948	3518.063	3424.188	0.961	0.967	0.961
498	3406.101	3315.594	3530.990	3395.895	0.953	0.959	0.956
499	3400.042	3249.743	3573.927	3378.758	0.949	0.954	0.955
500	3407.917	3259.040	3569.609	3384.924	0.950	0.956	0.957
501	3367.374	3211.677	3457.321	3372.166	0.947	0.952	0.945
502	3492.098	3346.122	3629.257	3505.709	0.984	0.990	0.980
503	3568.452	3446.381	3804.846	3538.033	0.993	0.999	1.002
504	3516.805	3368.032	3655.733	3522.632	0.989	0.995	0.987
505	3466.516	3391.189	3536.967	3471.151	0.974	0.980	0.973
506	3447.388	3235.305	3651.181	3430.241	0.963	0.968	0.968
507	3430.087	3260.653	3502.646	3445.732	0.967	0.973	0.963
508	3414.997	3339.386	3495.986	3423.685	0.961	0.967	0.959
509	3370.148	3300.685	3449.426	3366.786	0.945	0.951	0.946
510	3393.080	3288.500	3527.547	3366.744	0.945	0.951	0.953
511	3338.168	3240.748	3454.403	3342.002	0.938	0.944	0.937
512	3389.412	3273.207	3589.421	3381.058	0.949	0.955	0.952
513	3386.152	3307.823	3507.181	3374.953	0.947	0.953	0.951
514	3417.662	3310.169	3566.702	3429.066	0.963	0.968	0.959
515	3484.202	3291.997	3761.637	3440.874	0.966	0.971	0.978
516	3458.566	3293.548	3583.511	3478.886	0.977	0.982	0.971
517	3509.085	3296.771	3755.673	3514.219	0.987	0.992	0.985
518	3437.909	3213.249	3631.490	3448.817	0.968	0.974	0.965
519	3571.556	3343.215	3855.986	3574.493	1.004	1.009	1.003
520	3440.186	3282.294	3805.791	3394.179	0.953	0.958	0.966
521	3421.651	3279.216	3720.750	3370.114	0.946	0.951	0.961
522	3355.309	3207.071	3469.075	3372.667	0.947	0.952	0.942
523	3409.076	3322.272	3511.289	3398.766	0.954	0.960	0.957
524	3367.210	3220.342	3499.231	3368.304	0.946	0.951	0.945
525	3393.315	3252.949	3689.279	3359.688	0.943	0.949	0.953
526	3364.420	3304.394	3436.138	3361.665	0.944	0.949	0.945
527	3367.418	3220.148	3505.178	3367.013	0.945	0.951	0.945
528	3342.374	3254.854	3415.513	3352.106	0.941	0.946	0.938
529	3336.223	3199.334	3470.814	3318.184	0.932	0.937	0.937
530	3329.841	3124.385	3439.940	3337.732	0.937	0.942	0.935
531	3351.906	3289.631	3448.552	3353.023	0.941	0.947	0.941
532	3376.885	3303.811	3552.708	3355.153	0.942	0.947	0.948
533	3426.092	3368.783	3490.808	3423.846	0.961	0.967	0.962
534	3399.191	3282.862	3661.572	3376.628	0.948	0.953	0.954
535	3393.419	3187.913	3571.056	3401.120	0.955	0.960	0.953
536	3420.424	3243.900	3535.393	3433.291	0.964	0.969	0.960
537	3437.674	3295.965	3543.351	3473.220	0.975	0.981	0.965
538	3465.166	3341.557	3673.133	3435.087	0.964	0.970	0.973
539	3432.070	3333.940	3555.018	3434.440	0.964	0.970	0.964
540	3445.700	3251.647	3677.712	3452.082	0.969	0.975	0.967
541	3395.623	3269.136	3613.316	3389.766	0.952	0.957	0.953
542	3400.266	3318.698	3481.462	3377.246	0.948	0.953	0.955
543	3407.386	3284.665	3567.522	3407.376	0.957	0.962	0.957
544	3403.944	3301.380	3476.748	3413.250	0.958	0.964	0.956
545	3443.725	3312.044	3766.450	3399.159	0.954	0.960	0.967
546	3460.837	3276.058	3737.233	3408.445	0.957	0.962	0.972
547	3451.463	3302.544	3528.801	3462.113	0.972	0.977	0.969
548	3500.319	3400.374	3670.743	3443.650	0.967	0.972	0.983
549	3490.451	3432.357	3618.535	3475.460	0.976	0.981	0.980
550	3433.002	3235.798	3586.945	3427.767	0.962	0.968	0.964
551	3551.919	3383.156	3878.689	3500.115	0.983	0.988	0.997
552	3495.370	3345.287	3690.134	3484.833	0.978	0.984	0.981
553	3446.528	3348.225	3625.364	3436.265	0.965	0.970	0.968
554	3428.276	3275.568	3638.403	3438.389	0.965	0.971	0.962
555	3375.504	3211.615	3479.268	3387.731	0.951	0.956	0.948
556	3382.527	3162.829	3572.983	3373.220	0.947	0.952	0.950
557	3428.421	3309.866	3571.330	3420.413	0.960	0.966	0.962
558	3414.644	3308.150	3542.133	3404.057	0.956	0.961	0.959
559	3393.273	3282.321	3528.860	3376.620	0.948	0.953	0.953
560	3419.620	3265.237	3529.936	3419.405	0.960	0.965	0.960
561	3432.809	3269.617	3622.384	3441.208	0.966	0.972	0.964
562	3410.388	3137.436	3681.665	3443.459	0.967	0.972	0.957
563	3435.508	3223.880	3632.901	3492.490	0.980	0.986	0.964
564	3503.806	3366.260	3561.430	3511.284	0.986	0.991	0.984
565	3445.997	3323.677	3597.896	3463.762	0.972	0.978	0.967
566	3424.447	3294.107	3604.132	3439.853	0.966	0.971	0.961
567	3425.294	3321.145	3700.367	3384.969	0.950	0.956	0.962
568	3454.610	3267.154	3695.795	3416.255	0.959	0.964	0.970
569	3417.862	3284.463	3585.851	3425.872	0.962	0.967	0.960
570	3442.943	3216.036	3651.849	3487.199	0.979	0.985	0.967
571	3385.801	3224.788	3499.372	3388.717	0.951	0.957	0.951
572	3460.290	3310.137	3741.391	3375.178	0.948	0.953	0.971
573	3476.560	3243.534	3777.157	3394.346	0.953	0.958	0.976
574	3527.735	3358.330	3781.745	3472.201	0.975	0.980	0.990
575	3578.556	3247.821	3998.092	3519.602	0.988	0.994	1.005
576	3500.378	3218.988	3912.929	3492.021	0.980	0.986	0.983
577	3503.007	3267.989	3793.661	3466.750	0.973	0.979	0.983
578	3486.232	3312.615	3564.401	3523.728	0.989	0.995	0.979
579	3429.941	3278.249	3543.948	3419.541	0.960	0.965	0.963
580	3465.877	3259.390	3703.057	3419.202	0.960	0.965	0.973
581	3386.582	3264.200	3514.277	3396.417	0.954	0.959	0.951
582	3406.037	3296.786	3518.613	3404.710	0.956	0.961	0.956
583	3426.255	3333.372	3546.455	3429.480	0.963	0.968	0.962
584	3390.739	3279.568	3546.885	3394.410	0.953	0.958	0.952
585	3388.237	3269.402	3536.640	3390.457	0.952	0.957	0.951
586	3389.060	3263.226	3517.906	3386.678	0.951	0.956	0.951
587	3450.385	3399.094	3530.438	3433.413	0.964	0.969	0.969
588	3496.187	3380.327	3588.054	3494.465	0.981	0.987	0.982
589	3526.073	3309.755	3827.028	3507.734	0.985	0.990	0.990
590	3522.036	3200.360	3723.437	3611.972	1.014	1.020	0.989
591	3554.270	3304.780	3727.696	3613.145	1.014	1.020	0.998
592	3587.341	3333.319	3824.305	3607.710	1.013	1.019	1.007
593	3527.872	3250.509	3775.034	3545.366	0.995	1.001	0.990
594	3488.228	3276.195	3862.254	3411.199	0.958	0.963	0.979
595	3451.461	3284.580	3600.121	3464.189	0.973	0.978	0.969
596	3458.925	3330.128	3617.695	3457.325	0.971	0.976	0.971
597	3467.186	3332.767	3617.427	3482.124	0.978	0.983	0.973
598	3517.224	3295.585	3794.200	3487.280	0.979	0.985	0.987
599	3492.006	3402.331	3648.283	3474.312	0.975	0.981	0.980
600	3479.792	3410.117	3615.611	3467.381	0.973	0.979	0.977
601	3473.398	3282.963	3561.780	3484.400	0.978	0.984	0.975
602	3434.459	3227.873	3697.168	3415.967	0.959	0.964	0.964
603	3495.674	3267.103	3923.019	3461.873	0.972	0.977	0.981
604	3566.026	3396.519	3858.766	3539.531	0.994	0.999	1.001
605	3578.487	3480.330	3644.973	3582.689	1.006	1.011	1.005
606	3632.017	3483.242	3781.484	3618.302	1.016	1.022	1.020
607	3670.370	3504.650	3927.849	3655.169	1.026	1.032	1.030
608	3680.331	3418.009	4018.421	3609.291	1.013	1.019	1.033
609	3766.077	3519.539	4064.593	3746.061	1.052	1.058	1.057
610	3697.071	3544.220	4034.971	3675.043	1.032	1.038	1.038
611	3570.181	3296.581	3743.271	3600.485	1.011	1.017	1.002
612	3516.683	3286.330	3874.961	3468.212	0.974	0.979	0.987
613	3386.941	3306.863	3491.896	3388.411	0.951	0.957	0.951
614	3404.918	3302.853	3493.410	3394.824	0.953	0.958	0.956
615	3492.768	3345.065	3673.358	3459.492	0.971	0.977	0.981
616	3491.257	3298.972	3667.263	3460.667	0.972	0.977	0.980
617	3456.723	3244.708	3641.996	3451.591	0.969	0.974	0.970
618	3439.839	3293.314	3651.983	3426.902	0.962	0.968	0.966
619	3429.654	3344.414	3550.310	3445.690	0.967	0.973	0.963
620	3393.682	3333.155	3526.422	3374.479	0.947	0.953	0.953
621	3397.253	3339.595	3636.504	3364.424	0.945	0.950	0.954
622	3445.708	3293.346	3595.971	3445.144	0.967	0.973	0.967
623	3490.787	3414.724	3566.911	3492.086	0.980	0.986	0.980
624	3431.720	3157.314	3613.894	3447.004	0.968	0.973	0.963
625	3526.815	3226.467	3740.791	3499.120	0.982	0.988	0.990
626	3523.150	3400.505	3708.696	3503.359	0.984	0.989	0.989
627	3466.031	3312.402	3638.253	3465.114	0.973	0.978	0.973
628	3385.479	3288.758	3504.710	3376.453	0.948	0.953	0.950
629	3477.581	3331.062	3617.774	3491.248	0.980	0.986	0.976
630	3457.280	3373.875	3519.402	3462.769	0.972	0.978	0.971
631	3416.335	3276.102	3581.090	3395.329	0.953	0.959	0.959
632	3380.236	3236.596	3531.097	3351.268	0.941	0.946	0.949
633	3387.231	3223.090	3558.215	3368.047	0.946	0.951	0.951
634	3380.617	3270.912	3518.192	3361.136	0.944	0.949	0.949
635	3357.640	3259.603	3432.000	3356.461	0.942	0.948	0.943
636	3344.181	3255.835	3423.002	3340.004	0.938	0.943	0.939
637	3412.533	3309.287	3532.586	3420.008	0.960	0.966	0.958
638	3465.639	3215.926	3744.441	3434.333	0.964	0.970	0.973
639	3553.203	3318.901	3853.064	3496.799	0.982	0.987	0.998
640	3494.007	3343.116	3697.646	3461.414	0.972	0.977	0.981
641	3415.594	3196.919	3558.480	3449.058	0.968	0.974	0.959
642	3430.451	3328.314	3585.802	3443.510	0.967	0.972	0.963
643	3470.566	3333.309	3809.820	3459.207	0.971	0.977	0.974
644	3455.287	3352.425	3646.428	3435.362	0.964	0.970	0.970
645	3414.267	3231.906	3518.924	3417.452	0.959	0.965	0.959
646	3476.600	3279.511	3764.936	3444.716	0.967	0.973	0.976
647	3486.390	3326.033	3698.188	3470.415	0.974	0.980	0.979
648	3492.673	3331.714	3733.399	3490.104	0.980	0.985	0.981
649	3421.849	3254.208	3541.953	3428.957	0.963	0.968	0.961
650	3452.287	3324.162	3546.145	3460.829	0.972	0.977	0.969
651	3496.279	3287.385	3739.514	3465.403	0.973	0.978	0.982
652	3426.852	3321.631	3575.993	3424.383	0.961	0.967	0.962
653	3444.031	3277.431	3632.632	3459.679	0.971	0.977	0.967
654	3459.251	3308.167	3635.581	3457.271	0.971	0.976	0.971
655	3510.230	3372.043	3618.798	3512.801	0.986	0.992	0.985
656	3551.247	3453.366	3740.129	3534.509	0.992	0.998	0.997
657	3534.318	3383.583	3828.490	3509.967	0.985	0.991	0.992
658	3420.623	3267.791	3550.446	3436.501	0.965	0.970	0.960
659	3472.902	3325.649	3642.263	3472.413	0.975	0.980	0.975
660	3464.019	3320.255	3572.695	3483.416	0.978	0.983	0.972
661	3522.242	3390.379	3623.562	3536.585	0.993	0.998	0.989
662	3526.816	3424.034	3690.561	3510.297	0.985	0.991	0.990
663	3497.241	3405.336	3629.325	3502.785	0.983	0.989	0.982
664	3464.135	3327.734	3739.033	3424.033	0.961	0.967	0.973
665	3419.840	3279.401	3726.081	3392.680	0.952	0.958	0.960
666	3442.114	3354.767	3645.663	3424.966	0.962	0.967	0.966
667	3444.420	3336.696	3593.091	3419.476	0.960	0.965	0.967
668	3536.375	3314.313	3829.180	3545.069	0.995	1.001	0.993
669	3571.843	3331.706	4015.466	3532.075	0.992	0.997	1.003
670	3567.722	3305.914	3957.471	3536.149	0.993	0.998	1.002
671	3510.738	3315.626	3706.229	3508.951	0.985	0.991	0.986
672	3568.983	3354.504	3852.532	3568.767	1.002	1.008	1.002
673	3556.031	3420.276	3757.583	3535.338	0.993	0.998	0.998
674	3571.050	3346.369	3839.077	3597.039	1.010	1.016	1.003
675	3643.051	3437.760	3820.978	3665.876	1.029	1.035	1.023
676	3650.767	3521.109	3748.471	3641.766	1.022	1.028	1.025
677	3633.894	3439.347	3799.761	3674.458	1.032	1.037	1.020
678	3617.770	3357.137	4000.427	3645.717	1.023	1.029	1.016
679	3601.429	3438.837	3884.354	3550.623	0.997	1.002	1.011
680	3570.384	3277.207	3779.790	3584.423	1.006	1.012	1.002
681	3553.918	3364.531	3811.003	3506.384	0.984	0.990	0.998
682	3665.863	3416.904	3877.861	3685.654	1.035	1.041	1.029
683	3658.352	3412.995	3941.179	3588.447	1.007	1.013	1.027
684	3617.924	3400.883	3824.434	3575.897	1.004	1.010	1.016
685	3553.031	3316.207	3644.228	3614.299	1.015	1.020	0.997
686	3575.129	3393.506	3713.015	3572.336	1.003	1.009	1.004
687	3568.025	3431.660	3761.706	3550.219	0.997	1.002	1.002
688	3535.175	3351.329	3808.980	3523.117	0.989	0.995	0.992
689	3545.488	3359.750	3659.963	3572.482	1.003	1.009	0.995
690	3585.924	3481.155	3674.241	3585.194	1.007	1.012	1.007
691	3550.590	3381.188	3693.788	3541.196	0.994	1.000	0.997
692	3478.522	3278.922	3615.662	3492.558	0.981	0.986	0.977
693	3556.266	3398.092	3679.980	3555.791	0.998	1.004	0.998
694	3656.761	3513.299	3997.655	3605.016	1.012	1.018	1.027
695	3719.363	3399.847	4127.093	3656.999	1.027	1.032	1.044
696	3714.955	3418.813	4243.776	3627.534	1.018	1.024	1.043
697	3677.275	3498.144	3946.327	3655.057	1.026	1.032	1.032
698	3831.108	3512.261	4181.645	3876.501	1.088	1.094	1.076
699	3893.624	3527.508	4309.596	3924.248	1.102	1.108	1.093
700	3919.149	3543.533	4134.746	3986.292	1.119	1.125	1.100
701	3885.628	3578.326	4236.225	3898.782	1.095	1.101	1.091
702	3914.884	3572.726	4161.991	3980.045	1.117	1.124	1.099
703	3947.406	3567.321	4414.862	3931.118	1.104	1.110	1.108
704	3854.441	3451.582	4190.625	3983.463	1.118	1.125	1.082
705	3854.509	3422.635	4258.220	3869.831	1.086	1.093	1.082
706	3861.648	3396.418	4341.326	3790.246	1.064	1.070	1.084
707	3951.001	3404.730	4540.090	3873.568	1.087	1.094	1.109
708	3978.439	3490.696	4427.243	4046.817	1.136	1.143	1.117
709	3839.154	3423.292	4144.784	3881.891	1.090	1.096	1.078
710	3837.677	3416.372	4183.235	3863.912	1.085	1.091	1.077
711	3905.824	3573.828	4302.328	3887.052	1.091	1.097	1.097
712	3922.692	3579.959	4223.111	3965.346	1.113	1.120	1.101
713	4072.948	3473.305	4748.938	4079.648	1.145	1.152	1.143
714	4313.566	3626.684	5160.054	4362.803	1.225	1.232	1.211
715	4619.160	3743.286	5496.300	4563.641	1.281	1.288	1.297
716	4301.608	3475.293	4991.011	4422.776	1.242	1.249	1.208
717	3950.245	3471.954	4284.612	4054.054	1.138	1.145	1.109
718	3834.171	3651.457	4038.823	3777.810	1.061	1.067	1.076
719	3688.123	3528.028	3853.825	3655.682	1.026	1.032	1.035
720	3530.176	3376.537	3717.760	3528.186	0.991	0.996	0.991
721	3545.441	3456.713	3621.165	3556.070	0.998	1.004	0.995
722	3646.513	3477.923	3821.340	3629.177	1.019	1.025	1.024
723	3767.195	3585.151	3977.702	3720.992	1.045	1.051	1.058
724	3758.363	3529.026	4225.005	3689.065	1.036	1.042	1.055
725	3798.421	3607.095	4011.547	3795.518	1.066	1.072	1.066
726	3871.449	3636.670	4227.798	3795.186	1.065	1.071	1.087
727	3795.756	3538.115	4085.957	3861.110	1.084	1.090	1.066
728	3886.474	3571.729	4197.141	3901.562	1.095	1.102	1.091
729	3969.453	3647.105	4640.920	3926.457	1.102	1.109	1.114
730	3979.339	3502.035	4498.758	3979.461	1.117	1.124	1.117
731	3936.154	3528.380	4430.926	3860.487	1.084	1.090	1.105
732	3857.970	3440.279	4151.800	3848.005	1.080	1.086	1.083
733	3939.568	3563.005	4418.614	3976.445	1.116	1.123	1.106
734	3860.693	3577.191	4221.386	3811.692	1.070	1.076	1.084
735	3954.678	3578.385	4476.851	3850.600	1.081	1.087	1.110
736	3929.673	3454.871	4243.818	3992.339	1.121	1.127	1.103
737	3948.211	3493.278	4482.753	4023.686	1.130	1.136	1.108
738	4027.972	3686.472	4722.550	3933.049	1.104	1.110	1.131
739	3862.358	3624.174	4279.021	3857.688	1.083	1.089	1.084
740	4068.778	3569.381	4408.381	4039.095	1.134	1.140	1.142
741	4360.010	3754.565	5102.629	4298.069	1.207	1.213	1.224
742	4592.379	3805.939	5342.787	4621.127	1.297	1.305	1.289
743	4476.571	3654.546	5240.732	4523.486	1.270	1.277	1.257
744	4374.187	3696.776	4997.319	4416.345	1.240	1.247	1.228
745	4196.022	3666.683	4621.717	4220.812	1.185	1.192	1.178
746	4046.632	3722.075	4319.542	4099.091	1.151	1.157	1.136
747	4027.944	3598.349	4475.627	3969.639	1.114	1.121	1.131
748	4194.027	3634.431	5103.532	4096.143	1.150	1.156	1.177
749	4238.112	3763.507	5240.712	4034.661	1.133	1.139	1.190
750	4253.932	3486.605	5084.021	4199.711	1.179	1.186	1.194
751	4350.722	3586.773	4935.525	4361.284	1.224	1.231	1.221
752	4184.485	3597.851	5023.018	4158.439	1.167	1.174	1.175
753	4050.737	3639.313	4486.265	3958.171	1.111	1.117	1.137
754	3908.849	3591.698	4155.082	3931.495	1.104	1.110	1.097
755	3981.047	3680.887	4390.615	3968.828	1.114	1.121	1.118
756	3928.681	3767.178	4147.206	3948.976	1.109	1.115	1.103
757	4109.681	3793.941	4332.894	4152.313	1.166	1.172	1.154
758	4380.116	4181.689	4620.525	4406.439	1.237	1.244	1.230
759	4544.261	4379.263	4763.509	4536.118	1.273	1.281	1.276
760	4684.687	4509.284	4879.542	4670.192	1.311	1.319	1.315
761	4692.446	4146.466	5265.329	4738.238	1.330	1.338	1.317
762	4545.875	3829.448	5338.567	4380.031	1.230	1.237	1.276
763	4560.692	3929.157	5482.752	4576.340	1.285	1.292	1.280
764	4298.596	3811.977	5018.412	4185.678	1.175	1.182	1.207
765	4075.428	3752.259	4569.993	4013.018	1.127	1.133	1.144
766	3855.493	3565.012	4158.053	3845.903	1.080	1.086	1.082
767	3696.805	3409.770	4079.527	3666.831	1.029	1.035	1.038
768	3778.474	3469.496	4301.277	3623.226	1.017	1.023	1.061
769	3918.100	3598.240	4136.025	3956.399	1.111	1.117	1.100
770	3937.626	3515.774	4506.800	3882.009	1.090	1.096	1.105
771	4123.178	3448.106	4574.978	4230.344	1.188	1.194	1.158
772	4118.569	3489.652	4658.370	4229.539	1.187	1.194	1.156
773	4230.317	3671.690	4681.394	4306.487	1.209	1.216	1.188
774	4445.182	3983.277	4898.640	4518.213	1.268	1.276	1.248
775	4685.334	4024.277	5420.503	4689.845	1.317	1.324	1.315
776	4625.749	3994.658	5319.322	4527.129	1.271	1.278	1.299
777	4433.883	3929.496	5213.732	4375.948	1.229	1.235	1.245
778	4356.623	4039.189	4802.572	4320.277	1.213	1.220	1.223
779	4270.998	4090.329	4817.342	4224.609	1.186	1.193	1.199
780	4259.534	3878.540	4704.502	4239.958	1.190	1.197	1.196
781	4289.630	3819.534	4898.931	4161.559	1.168	1.175	1.204
782	4200.938	3692.322	4838.337	4073.571	1.144	1.150	1.179
783	3943.404	3651.702	4583.547	3835.913	1.077	1.083	1.107
784	3768.111	3560.274	4142.936	3721.674	1.045	1.051	1.058
785	3671.234	3549.190	3834.827	3647.899	1.024	1.030	1.031
786	3739.863	3664.469	3880.873	3717.021	1.044	1.049	1.050
787	3680.057	3456.114	3951.551	3727.940	1.047	1.052	1.033
788	3804.624	3518.378	4273.881	3777.942	1.061	1.067	1.068
789	4011.079	3743.328	4764.290	3930.934	1.104	1.110	1.126
790	4193.977	3813.377	5043.590	4090.256	1.148	1.155	1.177
791	4208.641	3762.945	4730.589	4167.459	1.170	1.177	1.182
792	4171.550	3645.027	4568.376	4193.969	1.177	1.184	1.171
793	4293.089	3781.350	4753.321	4297.000	1.206	1.213	1.205
794	3999.831	3686.119	4401.845	4001.908	1.123	1.130	1.123
795	3969.882	3819.226	4186.622	3940.794	1.106	1.113	1.115
796	3907.571	3663.452	4210.957	3883.207	1.090	1.096	1.097
797	3983.654	3613.114	4526.732	3908.014	1.097	1.103	1.118
798	4124.192	3582.402	4864.410	4006.937	1.125	1.131	1.158
799	4067.505	3591.457	4778.056	3931.253	1.104	1.110	1.142
800	4085.280	3538.012	4873.214	3950.642	1.109	1.115	1.147
801	3984.519	3543.817	4646.620	3848.926	1.081	1.087	1.119
802	3931.666	3635.298	4251.418	3951.609	1.109	1.116	1.104
803	3874.757	3648.419	4126.262	3855.423	1.082	1.088	1.088
804	3966.441	3771.747	4214.291	3992.879	1.121	1.127	1.114
805	4025.006	3617.265	4498.189	4014.761	1.127	1.133	1.130
806	4253.067	3567.058	4911.474	4292.715	1.205	1.212	1.194
807	4226.549	3698.298	4732.509	4291.839	1.205	1.212	1.187
808	4097.140	3701.951	4817.801	3970.985	1.115	1.121	1.150
809	3938.608	3612.597	4233.665	3936.575	1.105	1.111	1.106
810	3815.010	3591.531	3975.166	3821.825	1.073	1.079	1.071
811	3894.681	3689.047	4070.949	3902.520	1.096	1.102	1.093
812	4129.107	3800.615	4314.117	4179.008	1.173	1.180	1.159
813	4305.618	3823.046	4590.074	4459.956	1.252	1.259	1.209
814	4708.709	4004.500	5713.383	4789.899	1.345	1.352	1.322
815	4743.049	4064.990	5869.698	4505.536	1.265	1.272	1.332
816	4497.219	3844.955	5423.141	4393.746	1.234	1.240	1.263
817	4310.997	3908.260	4866.574	4266.479	1.198	1.205	1.210
818	4176.582	3715.359	4824.267	4154.615	1.166	1.173	1.173
819	4178.713	3829.040	4818.091	4021.488	1.129	1.135	1.173
820	4067.439	3680.890	4482.352	4008.384	1.125	1.132	1.142
821	4033.544	3801.663	4287.140	4040.798	1.134	1.141	1.132
822	4131.527	3728.961	4560.984	4196.881	1.178	1.185	1.160
823	4232.778	3830.960	4678.172	4203.173	1.180	1.187	1.188
824	4184.627	3929.974	4504.898	4167.391	1.170	1.177	1.175
825	4344.536	4004.088	4842.976	4285.441	1.203	1.210	1.220
826	4399.529	4305.716	4637.964	4373.667	1.228	1.235	1.235
827	4369.726	3912.122	5125.996	4346.012	1.220	1.227	1.227
828	4348.795	3897.097	4983.500	4347.353	1.220	1.227	1.221
829	4294.046	3818.138	4921.834	4199.241	1.179	1.186	1.206
830	4134.549	3858.246	4458.787	4068.219	1.142	1.149	1.161
831	4185.102	3884.532	4571.120	4188.457	1.176	1.183	1.175
832	4121.112	3904.271	4531.635	4112.542	1.155	1.161	1.157
833	4051.781	3734.330	4633.704	4008.714	1.125	1.132	1.137
834	3917.634	3612.232	4325.997	3934.692	1.105	1.111	1.100
835	4064.346	3706.211	4397.519	4053.607	1.138	1.144	1.141
836	4168.035	3668.927	4614.629	4204.557	1.180	1.187	1.170
837	4028.607	3510.677	4504.077	4106.663	1.153	1.159	1.131
838	4014.412	3441.366	4414.304	4041.188	1.135	1.141	1.127
839	3789.887	3572.211	4128.802	3732.118	1.048	1.054	1.064
840	3928.975	3674.334	4216.598	3907.311	1.097	1.103	1.103
841	4071.717	3779.552	4441.109	4053.969	1.138	1.145	1.143
842	4154.332	3766.651	4997.456	4067.022	1.142	1.148	1.166
843	4447.424	4069.320	5237.369	4320.305	1.213	1.220	1.249
844	4688.735	4399.738	5048.438	4625.671	1.299	1.306	1.316
845	4719.159	4330.652	4956.779	4761.798	1.337	1.344	1.325
846	4847.254	4123.585	5353.310	5002.200	1.404	1.412	1.361
847	4537.536	4074.918	5063.910	4574.354	1.284	1.291	1.274
848	4137.619	3799.031	4600.527	4100.180	1.151	1.158	1.162
849	3928.544	3685.315	4269.496	3892.117	1.093	1.099	1.103
850	3833.684	3637.463	4045.226	3823.893	1.074	1.080	1.076
851	3709.369	3583.125	4026.597	3683.702	1.034	1.040	1.041
852	3785.377	3616.480	3974.385	3786.409	1.063	1.069	1.063
853	3806.271	3593.160	4201.317	3736.935	1.049	1.055	1.069
854	3967.523	3734.493	4230.626	3944.005	1.107	1.113	1.114
855	4015.132	3794.885	4253.448	4008.584	1.125	1.132	1.127
856	4163.551	3976.923	4417.251	4123.805	1.158	1.164	1.169
857	4251.331	4023.514	4432.975	4236.206	1.189	1.196	1.194
858	4250.441	4114.777	4502.872	4192.516	1.177	1.184	1.193
859	4074.791	3834.657	4337.735	4040.762	1.134	1.141	1.144
860	4104.608	3805.848	4433.444	4076.800	1.145	1.151	1.152
861	4113.955	3644.430	4647.573	4121.932	1.157	1.164	1.155
862	4239.027	3739.927	4805.798	4219.289	1.185	1.191	1.190
863	4210.238	3865.746	4854.049	4154.001	1.166	1.173	1.182
864	4113.776	3946.782	4319.621	4118.401	1.156	1.163	1.155
865	4067.168	3627.312	4459.232	4076.657	1.144	1.151	1.142
866	4118.366	3860.078	4612.830	4032.455	1.132	1.138	1.156
867	3972.148	3829.541	4253.351	3935.709	1.105	1.111	1.115
868	3958.069	3632.583	4215.070	3994.835	1.122	1.128	1.111
869	3984.999	3527.082	4363.098	4027.668	1.131	1.137	1.119
870	4133.503	3646.598	4453.496	4257.579	1.195	1.202	1.160
871	4194.182	4011.663	4399.697	4188.983	1.176	1.183	1.177
872	4298.811	4033.666	4536.674	4331.219	1.216	1.223	1.207
873	4260.956	3812.485	4890.899	4166.672	1.170	1.176	1.196
874	4208.077	3656.203	4708.762	4222.167	1.185	1.192	1.181
875	4224.479	3889.121	4505.971	4209.048	1.182	1.188	1.186
876	4362.989	4051.896	4810.213	4301.431	1.208	1.214	1.225
877	4285.001	3920.953	4616.611	4294.050	1.206	1.212	1.203
878	4173.461	4033.672	4441.385	4177.660	1.173	1.179	1.172
879	4218.873	3881.339	4602.251	4176.567	1.173	1.179	1.184
880	4121.884	3815.443	4666.622	4018.500	1.128	1.135	1.157
881	4115.080	3807.014	4540.684	4065.179	1.141	1.148	1.155
882	4200.052	3792.326	4693.179	4153.619	1.166	1.173	1.179
883	4160.646	3855.283	4467.227	4159.572	1.168	1.174	1.168
884	4177.679	3905.417	4663.046	4089.444	1.148	1.155	1.173
885	4020.344	3871.675	4213.083	4000.903	1.123	1.130	1.129
886	3980.063	3700.275	4227.451	3943.011	1.107	1.113	1.117
887	4114.722	3736.297	4606.574	4097.358	1.150	1.157	1.155
888	4270.556	3858.285	4778.867	4135.825	1.161	1.168	1.199
889	4310.427	4079.221	4620.416	4285.141	1.203	1.210	1.210
890	4137.978	3728.769	4413.357	4177.164	1.173	1.179	1.162
891	4064.643	3865.230	4220.613	4097.480	1.150	1.157	1.141
892	3882.567	3687.215	4074.409	3860.472	1.084	1.090	1.090
893	3800.304	3562.573	4107.929	3750.211	1.053	1.059	1.067
894	3785.278	3566.430	4428.520	3715.595	1.043	1.049	1.063
895	3760.852	3496.944	4205.988	3704.463	1.040	1.046	1.056
896	3753.763	3442.030	4277.681	3666.269	1.029	1.035	1.054
897	3837.389	3506.746	4591.121	3803.550	1.068	1.074	1.077
898	3817.315	3493.241	4190.100	3848.167	1.080	1.086	1.072
899	3812.986	3713.774	3997.643	3792.603	1.065	1.071	1.070
900	3951.467	3700.961	4150.473	3948.679	1.109	1.115	1.109
901	3856.023	3642.326	4035.112	3871.734	1.087	1.093	1.083
902	3971.247	3713.616	4185.510	4020.740	1.129	1.135	1.115
903	4173.784	3822.940	4596.438	4201.141	1.179	1.186	1.172
904	4114.551	3662.175	4438.205	4212.961	1.183	1.189	1.155
905	3978.421	3643.103	4214.167	4051.839	1.138	1.144	1.117
906	4035.322	3724.047	4393.201	4039.936	1.134	1.141	1.133
907	4100.463	3585.251	4461.172	4017.884	1.128	1.134	1.151
908	4219.743	3650.155	4763.686	4115.133	1.155	1.162	1.185
909	4368.711	3561.945	5427.567	4199.739	1.179	1.186	1.226
910	4716.214	3597.678	5991.425	4615.008	1.296	1.303	1.324
911	5093.508	3472.518	6470.126	5124.175	1.439	1.447	1.430
912	5376.535	3684.526	7007.178	5391.912	1.514	1.522	1.509
913	5060.603	3618.341	6562.568	5063.982	1.422	1.430	1.421
914	4634.180	3459.114	5534.023	4677.436	1.313	1.321	1.301
915	4438.874	3847.650	4995.693	4511.472	1.267	1.274	1.246
916	4223.707	4004.675	4511.683	4209.642	1.182	1.188	1.186
917	4110.889	3894.260	4386.814	4089.858	1.148	1.155	1.154
918	3944.503	3703.839	4350.938	3906.610	1.097	1.103	1.107
919	3927.672	3726.971	4337.962	3890.862	1.092	1.098	1.103
920	3999.431	3684.029	4124.426	4037.710	1.134	1.140	1.123
921	4039.299	3784.111	4377.533	4046.295	1.136	1.142	1.134
922	4053.473	3768.841	4282.595	4077.112	1.145	1.151	1.138
923	4042.090	3884.729	4172.146	4062.814	1.141	1.147	1.135
924	3899.078	3690.046	4040.717	3893.183	1.093	1.099	1.095
925	3733.431	3362.267	3935.044	3798.630	1.066	1.072	1.048
926	3761.031	3540.331	3986.196	3769.193	1.058	1.064	1.056
927	3820.930	3616.296	3988.217	3842.927	1.079	1.085	1.073
928	3706.759	3466.466	3907.952	3673.410	1.031	1.037	1.041
929	3640.771	3492.223	3821.348	3623.379	1.017	1.023	1.022
930	3609.720	3445.633	3831.216	3541.554	0.994	1.000	1.013
931	3570.372	3389.068	3700.812	3568.854	1.002	1.008	1.002
932	3530.022	3380.310	3648.327	3545.086	0.995	1.001	0.991
933	3692.126	3583.460	3812.755	3682.261	1.034	1.040	1.037
934	3642.019	3464.974	3843.314	3620.772	1.016	1.022	1.022
935	3712.740	3409.943	4004.045	3672.665	1.031	1.037	1.042
936	3762.248	3423.566	4282.180	3732.269	1.048	1.054	1.056
937	3747.229	3539.331	3937.336	3735.455	1.049	1.055	1.052
938	3795.013	3610.421	3934.800	3839.541	1.078	1.084	1.065
939	3836.980	3696.563	3994.423	3828.328	1.075	1.081	1.077
940	3882.773	3717.133	4120.237	3841.031	1.078	1.084	1.090
941	3853.495	3764.635	4012.632	3828.338	1.075	1.081	1.082
942	3797.398	3633.113	3876.023	3812.551	1.070	1.076	1.066
943	3774.982	3590.991	3905.405	3794.542	1.065	1.071	1.060
944	3749.131	3524.640	3971.407	3738.748	1.050	1.056	1.053
945	3662.483	3590.971	3741.127	3673.801	1.031	1.037	1.028
946	3527.395	3310.871	3632.395	3563.901	1.001	1.006	0.990
947	3607.900	3464.383	3767.732	3589.477	1.008	1.013	1.013
948	3614.939	3468.271	3740.408	3635.795	1.021	1.026	1.015
949	3582.893	3411.909	3752.455	3553.560	0.998	1.003	1.006
950	3690.755	3461.579	3986.445	3713.327	1.042	1.048	1.036
951	3651.260	3529.695	3800.995	3675.218	1.032	1.038	1.025
952	3634.476	3471.634	3762.860	3623.702	1.017	1.023	1.020
953	3596.922	3503.400	3736.267	3575.384	1.004	1.009	1.010
954	3586.449	3498.022	3696.762	3566.381	1.001	1.007	1.007
955	3707.132	3609.640	3886.235	3685.793	1.035	1.041	1.041
956	3631.228	3503.626	3952.437	3597.174	1.010	1.016	1.019
957	3535.920	3325.916	3655.507	3529.261	0.991	0.996	0.993
958	3563.564	3441.630	3682.681	3584.912	1.006	1.012	1.000
959	3540.416	3441.427	3679.899	3531.985	0.992	0.997	0.994
960	3592.828	3435.237	3780.129	3599.026	1.010	1.016	1.009
961	3572.950	3507.359	3706.940	3551.426	0.997	1.003	1.003
962	3643.740	3390.052	3814.586	3652.929	1.026	1.031	1.023
963	3592.514	3263.907	3878.034	3578.151	1.005	1.010	1.009
964	3644.265	3371.831	3862.871	3666.990	1.029	1.035	1.023
965	3585.685	3398.569	3732.971	3590.863	1.008	1.014	1.007
966	3572.150	3280.250	3784.384	3572.350	1.003	1.009	1.003
967	3621.129	3526.498	3702.289	3626.305	1.018	1.024	1.017
968	3593.981	3467.828	3686.138	3578.222	1.005	1.010	1.009
969	3535.462	3447.040	3606.730	3534.543	0.992	0.998	0.993
970	3523.742	3379.160	3644.719	3534.130	0.992	0.998	0.989
971	3537.994	3392.641	3664.890	3568.341	1.002	1.007	0.993
972	3437.515	3366.430	3514.188	3442.140	0.966	0.972	0.965
973	3503.561	3278.498	3681.954	3490.622	0.980	0.985	0.984
974	3471.484	3329.047	3600.706	3473.826	0.975	0.981	0.975
975	3503.995	3427.854	3584.786	3504.385	0.984	0.989	0.984
976	3526.267	3423.432	3711.830	3495.085	0.981	0.987	0.990
977	3493.880	3375.501	3701.793	3447.254	0.968	0.973	0.981
978	3379.804	3211.187	3514.684	3377.493	0.948	0.954	0.949
979	3422.402	3259.765	3585.120	3421.859	0.961	0.966	0.961
980	3421.653	3297.215	3634.142	3431.409	0.963	0.969	0.961
981	3505.810	3434.719	3596.061	3497.248	0.982	0.987	0.984
982	3487.902	3286.454	3663.119	3505.258	0.984	0.990	0.979
983	3497.398	3309.707	3709.332	3487.329	0.979	0.985	0.982
984	3473.045	3308.126	3580.681	3488.154	0.979	0.985	0.975
985	3416.658	3254.514	3556.110	3443.542	0.967	0.972	0.959
986	3493.364	3341.480	3598.718	3489.345	0.980	0.985	0.981
987	3499.159	3390.452	3566.032	3522.756	0.989	0.995	0.982
988	3475.190	3258.011	3586.040	3481.108	0.977	0.983	0.976
989	3550.599	3472.976	3639.553	3547.116	0.996	1.001	0.997
990	3534.773	3463.807	3658.816	3518.541	0.988	0.993	0.992
991	3496.266	3365.799	3646.133	3490.403	0.980	0.985	0.982
992	3479.536	3398.763	3562.385	3473.922	0.975	0.981	0.977
993	3505.649	3385.058	3739.640	3498.495	0.982	0.988	0.984
994	3470.165	3361.524	3812.591	3449.513	0.968	0.974	0.974
995	3496.718	3343.621	3686.498	3508.633	0.985	0.991	0.982
996	3493.470	3387.014	3705.061	3455.067	0.970	0.975	0.981
997	3572.394	3385.345	3837.881	3559.955	0.999	1.005	1.003
998	3573.397	3292.496	3788.796	3596.424	1.010	1.015	1.003
999	3514.737	3279.843	3711.565	3492.442	0.980	0.986	0.987
1000	3484.470	3386.897	3589.088	3472.168	0.975	0.980	0.978
1001	3431.450	3314.581	3607.484	3406.459	0.956	0.962	0.963
1002	3478.608	3313.153	3620.085	3477.770	0.976	0.982	0.977
1003	3462.694	3308.014	3580.448	3494.591	0.981	0.987	0.972
1004	3507.640	3256.943	3673.531	3544.552	0.995	1.001	0.985
1005	3559.166	3403.532	3778.706	3529.699	0.991	0.997	0.999
1006	3509.162	3326.098	3699.807	3537.826	0.993	0.999	0.985
1007	3470.625	3271.392	3570.669	3499.347	0.982	0.988	0.974
1008	3539.134	3377.746	3746.108	3538.052	0.993	0.999	0.994
1009	3536.299	3391.080	3738.695	3510.112	0.985	0.991	0.993
1010	3481.577	3357.814	3604.024	3482.653	0.978	0.983	0.977
1011	3470.342	3408.872	3583.828	3463.507	0.972	0.978	0.974
1012	3466.621	3336.330	3579.723	3473.623	0.975	0.981	0.973
1013	3438.478	3233.422	3549.019	3491.912	0.980	0.986	0.965
1014	3485.216	3280.177	3662.576	3502.559	0.983	0.989	0.978
1015	3460.480	3303.853	3611.453	3460.369	0.971	0.977	0.971
1016	3491.838	3289.042	3701.585	3496.582	0.982	0.987	0.980
1017	3515.351	3292.339	3704.969	3532.411	0.992	0.997	0.987
1018	3467.478	3392.853	3545.081	3463.768	0.972	0.978	0.973
1019	3465.473	3326.663	3662.233	3450.542	0.969	0.974	0.973
1020	3546.268	3307.330	3751.459	3638.757	1.022	1.027	0.996
1021	3470.433	3284.338	3673.962	3462.982	0.972	0.978	0.974
1022	3562.612	3392.412	3733.689	3583.195	1.006	1.012	1.000
1023	3506.955	3398.480	3667.856	3450.703	0.969	0.974	0.985
1024	3547.043	3337.704	3981.756	3538.297	0.993	0.999	0.996
1025	3543.644	3378.640	3758.356	3548.024	0.996	1.002	0.995
1026	3501.660	3382.719	3652.391	3502.561	0.983	0.989	0.983
1027	3484.062	3316.956	3687.427	3448.124	0.968	0.973	0.978
1028	3455.624	3384.547	3566.744	3442.680	0.966	0.972	0.970
1029	3461.122	3271.009	3590.039	3480.132	0.977	0.983	0.972
1030	3540.244	3379.844	3643.174	3535.539	0.993	0.998	0.994
1031	3571.341	3372.122	3808.417	3566.074	1.001	1.007	1.003
1032	3531.501	3302.318	3668.715	3544.944	0.995	1.001	0.991
1033	3534.077	3413.180	3699.068	3527.257	0.990	0.996	0.992
1034	3551.710	3458.447	3745.382	3514.842	0.987	0.992	0.997
1035	3443.181	3281.229	3549.052	3450.156	0.969	0.974	0.967
1036	3400.311	3281.605	3550.235	3382.989	0.950	0.955	0.955
1037	3391.276	3326.639	3478.766	3397.972	0.954	0.959	0.952
1038	3427.084	3319.747	3514.197	3414.565	0.959	0.964	0.962
1039	3462.786	3359.046	3583.497	3460.751	0.972	0.977	0.972
1040	3470.378	3314.352	3767.731	3449.146	0.968	0.974	0.974
1041	3424.315	3284.499	3667.006	3402.166	0.955	0.961	0.961
1042	3473.919	3367.838	3562.630	3472.349	0.975	0.980	0.975
1043	3435.818	3350.674	3518.802	3425.394	0.962	0.967	0.965
1044	3474.052	3314.463	3593.344	3474.883	0.976	0.981	0.975
1045	3438.294	3283.483	3647.523	3420.585	0.960	0.966	0.965
1046	3479.581	3346.864	3551.183	3495.845	0.981	0.987	0.977
1047	3439.135	3339.982	3571.827	3417.249	0.959	0.965	0.966
1048	3530.108	3380.721	3696.872	3532.023	0.992	0.997	0.991
1049	3511.338	3242.253	3691.544	3540.831	0.994	1.000	0.986
1050	3477.507	3336.520	3580.676	3490.435	0.980	0.985	0.976
1051	3455.681	3324.744	3584.274	3449.673	0.968	0.974	0.970
1052	3423.551	3260.477	3606.488	3408.755	0.957	0.962	0.961
1053	3428.984	3291.601	3641.396	3418.447	0.960	0.965	0.963
1054	3453.737	3271.806	3637.696	3418.552	0.960	0.965	0.970
1055	3445.546	3238.556	3701.170	3449.227	0.968	0.974	0.967
1056	3468.825	3293.903	3700.573	3471.197	0.975	0.980	0.974
1057	3436.366	3324.216	3568.544	3400.146	0.955	0.960	0.965
1058	3459.093	3312.840	3601.741	3468.391	0.974	0.979	0.971
1059	3470.575	3344.849	3581.090	3495.668	0.981	0.987	0.974
1060	3427.387	3331.997	3519.174	3437.759	0.965	0.971	0.962
1061	3392.190	3326.097	3461.903	3380.572	0.949	0.954	0.952
1062	3458.030	3337.236	3571.410	3450.297	0.969	0.974	0.971
1063	3420.149	3267.664	3590.824	3391.928	0.952	0.958	0.960
1064	3395.081	3263.508	3555.351	3383.307	0.950	0.955	0.953
1065	3436.414	3234.845	3689.141	3404.006	0.956	0.961	0.965
1066	3428.375	3361.177	3480.905	3432.421	0.964	0.969	0.962
1067	3440.890	3364.202	3588.119	3407.771	0.957	0.962	0.966
1068	3465.860	3299.802	3667.327	3440.565	0.966	0.971	0.973
1069	3454.712	3309.469	3588.737	3462.935	0.972	0.978	0.970
1070	3457.503	3202.240	3615.265	3472.013	0.975	0.980	0.971
1071	3463.162	3377.616	3593.552	3437.534	0.965	0.971	0.972
1072	3478.077	3368.320	3557.155	3519.801	0.988	0.994	0.976
1073	3453.428	3361.140	3549.997	3450.758	0.969	0.974	0.970
1074	3450.414	3314.126	3641.166	3425.642	0.962	0.967	0.969
1075	3394.236	3275.250	3509.023	3399.591	0.954	0.960	0.953
1076	3445.298	3271.295	3680.387	3440.028	0.966	0.971	0.967
1077	3435.741	3267.015	3635.542	3417.353	0.959	0.965	0.965
1078	3418.452	3295.717	3492.789	3438.268	0.965	0.971	0.960
1079	3401.810	3234.867	3485.181	3414.790	0.959	0.964	0.955
1080	3402.725	3342.895	3459.871	3392.154	0.952	0.958	0.955
1081	3408.946	3191.085	3630.795	3384.304	0.950	0.955	0.957
1082	3417.851	3201.765	3592.790	3394.953	0.953	0.958	0.960
1083	3410.239	3260.164	3521.495	3418.686	0.960	0.965	0.957
1084	3401.863	3257.240	3494.719	3420.968	0.960	0.966	0.955
1085	3450.066	3331.464	3542.758	3452.156	0.969	0.975	0.969
1086	3424.022	3367.065	3499.930	3418.060	0.960	0.965	0.961
1087	3444.164	3344.961	3549.550	3474.716	0.975	0.981	0.967
1088	3442.130	3381.790	3569.144	3433.993	0.964	0.970	0.966
1089	3379.293	3273.174	3549.144	3339.918	0.938	0.943	0.949
1090	3389.089	3179.565	3600.949	3379.444	0.949	0.954	0.951
1091	3400.907	3320.843	3487.307	3402.233	0.955	0.961	0.955
1092	3433.915	3361.407	3557.392	3408.640	0.957	0.962	0.964
1093	3460.837	3276.058	3737.233	3408.445	0.957	0.962	0.972
1094	3460.837	3276.058	3737.233	3408.445	0.957	0.962	0.972
