 	Mean	Min	Max	Median	Max_to_bgmean	Median_to_bgmedian	Mean_to_bgmean
1	4132.333	3692.780	5004.872	3964.169	1.154	1.157	1.203
2	4070.450	3621.650	4677.396	3903.820	1.136	1.139	1.185
3	3993.119	3613.324	4748.940	3933.461	1.145	1.148	1.162
4	3793.490	3584.384	4268.273	3813.962	1.110	1.113	1.104
5	3773.461	3465.783	4327.509	3722.863	1.084	1.087	1.098
6	3726.341	3477.900	4204.260	3664.924	1.067	1.070	1.085
7	3709.045	3453.674	4193.678	3625.958	1.056	1.058	1.080
8	3694.933	3525.544	4074.409	3665.654	1.067	1.070	1.076
9	3664.543	3527.836	3870.620	3672.691	1.069	1.072	1.067
10	3602.513	3486.936	3851.699	3561.989	1.037	1.040	1.049
11	3562.880	3446.847	3780.377	3549.400	1.033	1.036	1.037
12	3554.680	3422.385	3646.966	3561.704	1.037	1.040	1.035
13	3639.470	3472.114	3772.701	3633.823	1.058	1.061	1.059
14	3585.021	3335.720	3740.344	3580.662	1.042	1.045	1.044
15	3533.976	3305.514	3730.032	3552.041	1.034	1.037	1.029
16	3548.245	3425.521	3646.446	3531.321	1.028	1.031	1.033
17	3586.070	3425.679	3772.512	3573.082	1.040	1.043	1.044
18	3688.532	3433.129	4027.634	3681.250	1.072	1.075	1.074
19	3777.103	3590.367	4135.841	3702.533	1.078	1.081	1.100
20	3904.918	3623.974	4215.487	3856.696	1.123	1.126	1.137
21	4259.298	3592.192	5160.999	4053.188	1.180	1.183	1.240
22	4733.807	3674.495	6421.328	4382.859	1.276	1.279	1.378
23	5051.777	3715.126	7250.874	4610.597	1.342	1.346	1.471
24	5182.949	3915.293	7364.325	4528.078	1.318	1.322	1.509
25	4934.519	3898.908	6179.259	4992.571	1.453	1.457	1.436
26	4353.922	3916.496	5021.611	4264.559	1.241	1.245	1.267
27	4185.545	4048.248	4323.625	4185.650	1.218	1.222	1.218
28	4209.311	3964.767	4396.600	4204.949	1.224	1.227	1.225
29	4148.454	4016.480	4377.004	4120.356	1.199	1.203	1.208
30	4315.126	3991.661	4549.897	4357.193	1.268	1.272	1.256
31	4403.892	3981.083	4855.360	4433.261	1.291	1.294	1.282
32	4409.807	4008.386	4935.644	4393.778	1.279	1.282	1.284
33	4277.196	3935.386	4693.984	4282.921	1.247	1.250	1.245
34	4072.429	3708.286	4387.565	4101.241	1.194	1.197	1.186
35	4054.253	3560.417	4418.080	4141.821	1.206	1.209	1.180
36	3871.390	3461.375	4231.167	3864.735	1.125	1.128	1.127
37	3863.384	3579.741	4137.541	3839.498	1.118	1.121	1.125
38	3756.206	3555.366	3993.641	3772.933	1.098	1.101	1.093
39	3772.834	3544.396	3973.579	3751.203	1.092	1.095	1.098
40	3765.026	3538.455	4093.111	3746.394	1.091	1.094	1.096
41	3754.115	3496.261	4183.639	3702.002	1.078	1.081	1.093
42	3735.558	3643.126	3931.392	3711.133	1.080	1.083	1.087
43	3667.168	3369.499	4028.466	3658.411	1.065	1.068	1.068
44	3616.411	3480.420	3874.533	3592.299	1.046	1.049	1.053
45	3671.634	3532.960	3889.531	3624.291	1.055	1.058	1.069
46	3644.823	3481.539	3806.422	3652.674	1.063	1.066	1.061
47	3608.552	3466.309	3697.795	3617.871	1.053	1.056	1.050
48	3620.973	3431.249	3751.262	3628.681	1.056	1.059	1.054
49	3567.593	3476.834	3687.503	3553.053	1.034	1.037	1.039
50	3530.337	3376.983	3799.608	3498.662	1.018	1.021	1.028
51	3506.848	3329.179	3655.006	3482.923	1.014	1.017	1.021
52	3532.042	3394.700	3650.659	3527.071	1.027	1.030	1.028
53	3508.637	3273.648	3675.594	3503.984	1.020	1.023	1.021
54	3562.255	3253.612	3765.760	3556.842	1.035	1.038	1.037
55	3525.369	3415.697	3692.461	3520.225	1.025	1.028	1.026
56	3510.370	3373.601	3641.027	3506.188	1.021	1.023	1.022
57	3461.654	3367.100	3606.606	3437.447	1.001	1.003	1.008
58	3468.161	3377.479	3601.548	3451.766	1.005	1.008	1.010
59	3585.379	3440.997	3693.520	3615.761	1.053	1.055	1.044
60	3683.003	3510.592	3856.244	3702.219	1.078	1.081	1.072
61	3737.218	3494.052	4148.204	3690.454	1.074	1.077	1.088
62	3834.018	3511.783	4083.280	3889.165	1.132	1.135	1.116
63	3877.332	3492.004	4295.128	3878.659	1.129	1.132	1.129
64	4007.361	3640.125	4585.015	3916.586	1.140	1.143	1.167
65	3943.469	3651.038	4447.178	3827.377	1.114	1.117	1.148
66	3945.827	3795.563	4275.760	3879.152	1.129	1.132	1.149
67	3890.610	3657.561	4329.882	3818.933	1.112	1.115	1.133
68	3768.627	3566.665	3977.522	3750.486	1.092	1.095	1.097
69	3807.777	3599.397	4056.535	3788.809	1.103	1.106	1.108
70	3751.156	3611.686	3857.013	3763.025	1.095	1.098	1.092
71	3774.491	3625.785	3957.436	3749.943	1.092	1.095	1.099
72	3722.908	3582.354	3985.900	3702.903	1.078	1.081	1.084
73	3714.379	3537.038	3943.720	3677.133	1.070	1.073	1.081
74	3704.941	3514.731	3887.438	3683.775	1.072	1.075	1.079
75	3755.414	3631.688	3895.728	3749.647	1.092	1.094	1.093
76	3729.271	3570.679	3909.927	3735.787	1.088	1.090	1.086
77	3687.000	3466.481	3860.806	3680.825	1.072	1.074	1.073
78	3616.575	3468.159	3787.135	3616.410	1.053	1.056	1.053
79	3579.671	3468.659	3690.835	3587.851	1.044	1.047	1.042
80	3640.153	3453.326	3798.885	3661.909	1.066	1.069	1.060
81	3616.229	3504.199	3783.705	3599.795	1.048	1.051	1.053
82	3657.440	3481.880	3965.827	3645.707	1.061	1.064	1.065
83	3788.715	3588.400	4039.899	3728.475	1.085	1.088	1.103
84	3944.880	3632.885	4365.494	3947.733	1.149	1.152	1.148
85	4156.103	3680.913	4815.079	4143.406	1.206	1.209	1.210
86	4269.671	3856.097	4904.752	4111.840	1.197	1.200	1.243
87	4278.652	3929.742	4683.938	4317.613	1.257	1.260	1.246
88	4444.946	3961.228	4899.032	4385.531	1.277	1.280	1.294
89	4272.327	3788.334	4774.079	4283.832	1.247	1.250	1.244
90	4066.672	3814.504	4360.861	4066.848	1.184	1.187	1.184
91	4047.627	3546.049	4360.964	4068.837	1.184	1.188	1.178
92	4095.884	3526.892	4352.586	4176.981	1.216	1.219	1.192
93	4060.341	3556.839	4399.263	4050.621	1.179	1.182	1.182
94	4028.813	3644.535	4358.691	4097.817	1.193	1.196	1.173
95	4122.874	3726.392	4646.457	4140.490	1.205	1.209	1.200
96	4120.842	3935.544	4324.590	4132.878	1.203	1.206	1.200
97	4097.122	3854.014	4262.131	4137.761	1.205	1.208	1.193
98	3972.550	3688.999	4270.115	3951.893	1.150	1.154	1.156
99	4037.161	3774.394	4473.266	3963.079	1.154	1.157	1.175
100	4184.557	3715.998	4659.168	4183.896	1.218	1.221	1.218
101	4165.314	3787.585	4592.419	4139.488	1.205	1.208	1.213
102	4177.545	3759.633	4560.516	4161.263	1.211	1.215	1.216
103	4184.523	3663.722	5068.420	4177.005	1.216	1.219	1.218
104	4169.249	3612.287	4538.558	4241.417	1.235	1.238	1.214
105	4120.116	3674.284	4367.277	4204.671	1.224	1.227	1.199
106	4126.005	3636.572	4428.986	4192.946	1.221	1.224	1.201
107	3949.725	3605.606	4234.486	3934.730	1.145	1.148	1.150
108	3982.741	3613.656	4213.687	4013.123	1.168	1.171	1.159
109	3935.696	3704.839	4139.107	3951.774	1.150	1.153	1.146
110	3864.295	3681.563	4115.044	3821.510	1.112	1.115	1.125
111	3790.607	3584.383	4048.802	3801.738	1.107	1.110	1.103
112	3740.318	3638.064	3923.810	3701.387	1.077	1.080	1.089
113	3649.162	3529.872	3866.833	3621.385	1.054	1.057	1.062
114	3616.598	3510.249	3767.950	3585.356	1.044	1.047	1.053
115	3657.369	3457.158	4010.590	3629.745	1.057	1.059	1.065
116	3666.106	3416.779	4152.223	3619.630	1.054	1.057	1.067
117	3691.706	3423.716	4097.038	3644.449	1.061	1.064	1.075
118	3717.071	3501.284	4045.215	3699.752	1.077	1.080	1.082
119	3641.261	3498.724	3766.397	3608.144	1.050	1.053	1.060
120	3566.734	3406.012	3849.158	3548.246	1.033	1.036	1.038
121	3547.518	3366.453	3751.705	3554.644	1.035	1.038	1.033
122	3515.909	3351.210	3681.814	3514.662	1.023	1.026	1.024
123	3509.857	3360.587	3644.550	3517.338	1.024	1.027	1.022
124	3549.399	3424.368	3682.109	3540.044	1.031	1.033	1.033
125	3606.432	3465.354	3739.378	3607.720	1.050	1.053	1.050
126	3643.264	3357.993	3847.880	3679.961	1.071	1.074	1.061
127	3638.888	3434.276	3791.117	3643.714	1.061	1.064	1.059
128	3667.299	3539.924	3817.797	3669.670	1.068	1.071	1.068
129	3732.555	3553.525	3956.987	3703.039	1.078	1.081	1.087
130	3773.767	3573.943	3988.321	3777.050	1.100	1.102	1.099
131	3768.986	3623.962	4101.555	3723.412	1.084	1.087	1.097
132	3702.468	3626.382	3899.513	3667.292	1.068	1.070	1.078
133	3764.409	3466.071	4011.894	3793.257	1.104	1.107	1.096
134	3987.521	3716.293	4381.066	3976.118	1.157	1.161	1.161
135	4140.949	3903.360	4353.627	4144.984	1.207	1.210	1.205
136	4109.292	3872.865	4445.342	4041.859	1.177	1.180	1.196
137	4194.351	3916.069	4732.667	4137.502	1.204	1.208	1.221
138	4327.030	3757.774	4862.567	4242.002	1.235	1.238	1.260
139	4411.254	3920.571	5078.161	4279.176	1.246	1.249	1.284
140	4536.691	3833.604	5159.861	4464.847	1.300	1.303	1.321
141	4576.868	3853.316	5397.152	4497.137	1.309	1.313	1.332
142	4680.982	3990.590	5544.207	4626.646	1.347	1.350	1.363
143	4429.629	3809.637	5199.932	4394.838	1.279	1.283	1.289
144	4272.668	3928.604	4860.482	4223.451	1.229	1.233	1.244
145	4135.607	3911.765	4288.391	4183.081	1.218	1.221	1.204
146	4061.378	3954.065	4221.696	4029.255	1.173	1.176	1.182
147	3994.025	3837.871	4258.446	4005.563	1.166	1.169	1.163
148	3937.205	3735.647	4231.469	3876.734	1.129	1.132	1.146
149	3907.471	3669.732	4101.249	3904.413	1.137	1.140	1.137
150	3773.015	3422.831	3963.729	3835.586	1.117	1.120	1.098
151	3756.971	3508.510	3934.884	3770.803	1.098	1.101	1.094
152	3681.401	3583.035	3796.752	3677.478	1.071	1.073	1.072
153	3795.832	3651.379	4027.198	3803.468	1.107	1.110	1.105
154	3745.326	3566.204	3900.735	3760.445	1.095	1.098	1.090
155	3741.847	3527.096	3906.170	3746.889	1.091	1.094	1.089
156	3750.505	3662.962	3918.542	3727.948	1.085	1.088	1.092
157	3813.220	3667.838	3962.385	3815.295	1.111	1.114	1.110
158	3821.740	3618.489	3954.551	3806.378	1.108	1.111	1.113
159	3873.460	3487.503	4326.654	3895.116	1.134	1.137	1.128
160	3991.933	3733.069	4209.032	4053.313	1.180	1.183	1.162
161	3901.244	3730.315	4155.137	3878.306	1.129	1.132	1.136
162	3808.365	3540.074	4165.389	3766.110	1.096	1.099	1.109
163	3819.730	3506.914	4120.659	3773.260	1.098	1.101	1.112
164	3901.748	3691.354	4068.938	3916.676	1.140	1.143	1.136
165	3781.841	3636.971	3952.266	3768.504	1.097	1.100	1.101
166	3725.321	3503.053	3997.444	3720.732	1.083	1.086	1.084
167	3758.825	3596.377	3867.695	3739.711	1.089	1.092	1.094
168	3752.486	3644.271	4092.021	3705.163	1.079	1.081	1.092
169	3854.726	3644.309	4059.521	3806.862	1.108	1.111	1.122
170	3971.357	3751.174	4182.146	3947.450	1.149	1.152	1.156
171	4056.354	3782.831	4395.201	4048.212	1.178	1.182	1.181
172	4068.410	3796.830	4394.116	3977.155	1.158	1.161	1.184
173	4100.776	3829.102	4289.783	4136.200	1.204	1.207	1.194
174	4064.208	3718.096	4378.188	4106.771	1.196	1.199	1.183
175	4059.556	3618.230	4414.162	4078.314	1.187	1.190	1.182
176	4244.774	3758.554	5126.835	4151.915	1.209	1.212	1.236
177	4423.444	3544.323	5339.875	4320.921	1.258	1.261	1.288
178	4372.296	3486.048	5168.263	4249.773	1.237	1.240	1.273
179	4313.437	3735.001	4940.874	4298.467	1.251	1.255	1.256
180	4176.110	3698.401	4671.792	4087.823	1.190	1.193	1.216
181	3861.996	3611.392	4342.343	3733.514	1.087	1.090	1.124
182	3791.316	3570.449	4260.447	3765.757	1.096	1.099	1.104
183	3768.967	3455.843	4316.427	3684.201	1.072	1.075	1.097
184	3749.540	3554.090	3984.235	3700.423	1.077	1.080	1.092
185	3802.555	3575.168	4255.685	3685.000	1.073	1.076	1.107
186	3754.830	3590.086	4128.878	3656.782	1.065	1.067	1.093
187	3881.782	3647.566	4286.690	3823.105	1.113	1.116	1.130
188	3854.645	3610.068	4332.778	3747.895	1.091	1.094	1.122
189	3911.189	3597.296	4423.665	3843.848	1.119	1.122	1.139
190	3897.244	3657.075	4091.323	3902.899	1.136	1.139	1.135
191	4016.322	3832.574	4253.298	4006.882	1.166	1.170	1.169
192	3979.493	3679.235	4188.828	4011.296	1.168	1.171	1.158
193	3989.598	3830.199	4314.604	3916.608	1.140	1.143	1.161
194	3976.024	3815.490	4176.410	3995.583	1.163	1.166	1.157
195	4167.628	3980.037	4386.511	4154.020	1.209	1.212	1.213
196	4365.775	4149.936	4723.984	4281.997	1.247	1.250	1.271
197	4673.334	4258.319	5146.754	4671.789	1.360	1.364	1.360
198	4984.356	4369.665	5500.682	5000.123	1.456	1.459	1.451
199	5153.864	4410.552	6249.777	5112.610	1.488	1.492	1.500
200	5040.149	4213.661	5622.180	5132.812	1.494	1.498	1.467
201	4900.254	4377.979	5358.635	4952.690	1.442	1.446	1.426
202	4547.770	3973.118	4992.131	4495.316	1.309	1.312	1.324
203	4325.899	3981.948	4638.521	4322.698	1.258	1.262	1.259
204	4117.848	3893.735	4380.372	4117.350	1.199	1.202	1.199
205	3991.957	3815.241	4141.660	3994.124	1.163	1.166	1.162
206	4045.115	3791.936	4195.424	4058.658	1.182	1.185	1.178
207	4059.414	3924.442	4188.903	4040.087	1.176	1.179	1.182
208	4183.464	3915.230	4635.562	4143.516	1.206	1.209	1.218
209	4232.679	3740.633	4741.139	4167.501	1.213	1.216	1.232
210	4125.058	3839.220	4423.218	4126.056	1.201	1.204	1.201
211	3969.652	3741.877	4163.619	3989.049	1.161	1.164	1.156
212	3913.808	3669.618	4136.354	3950.876	1.150	1.153	1.139
213	3919.805	3679.503	4223.869	3880.022	1.129	1.133	1.141
214	3797.623	3504.400	4062.593	3798.781	1.106	1.109	1.106
215	3738.827	3541.479	3851.145	3756.940	1.094	1.097	1.088
216	3803.899	3676.644	4005.915	3801.065	1.107	1.109	1.107
217	3762.209	3596.450	3933.313	3780.423	1.101	1.103	1.095
218	3819.815	3609.644	4062.139	3786.822	1.102	1.105	1.112
219	3870.278	3713.818	4116.846	3804.252	1.107	1.110	1.127
220	3881.955	3769.784	4119.940	3870.750	1.127	1.130	1.130
221	3867.757	3668.797	4024.712	3884.727	1.131	1.134	1.126
222	3840.617	3703.730	3989.682	3831.103	1.115	1.118	1.118
223	3912.937	3750.796	4275.346	3883.959	1.131	1.134	1.139
224	3840.779	3325.908	4277.383	3863.226	1.125	1.128	1.118
225	4045.569	3377.636	4493.449	4244.274	1.236	1.239	1.178
226	3983.481	3468.595	4475.344	4061.036	1.182	1.185	1.160
227	3879.218	3527.115	4257.255	3886.967	1.132	1.135	1.129
228	3809.334	3624.788	3984.267	3768.995	1.097	1.100	1.109
229	3818.718	3578.616	4123.773	3848.073	1.120	1.123	1.112
230	3862.893	3598.794	4050.564	3927.254	1.143	1.146	1.125
231	3890.091	3530.435	4140.641	3934.787	1.145	1.149	1.132
232	3860.632	3681.111	4101.002	3841.914	1.118	1.121	1.124
233	3912.915	3731.899	4112.593	3910.394	1.138	1.141	1.139
234	4023.523	3704.492	4412.765	4006.527	1.166	1.169	1.171
235	4104.025	3725.597	4356.930	4115.156	1.198	1.201	1.195
236	4179.156	3727.927	4415.324	4194.014	1.221	1.224	1.217
237	4156.541	3584.141	4612.969	4141.569	1.206	1.209	1.210
238	4001.688	3642.836	4259.839	4010.698	1.168	1.171	1.165
239	3989.237	3663.170	4231.081	4054.757	1.180	1.184	1.161
240	4134.051	3695.623	4429.183	4100.089	1.194	1.197	1.203
241	4102.537	3583.503	4585.235	4104.978	1.195	1.198	1.194
242	4068.120	3767.627	4322.619	4062.988	1.183	1.186	1.184
243	4185.322	3764.977	4647.682	4257.143	1.239	1.243	1.218
244	4306.274	3708.359	4976.263	4255.312	1.239	1.242	1.254
245	4260.489	3560.443	4746.561	4352.537	1.267	1.270	1.240
246	4073.834	3573.718	4700.278	4037.740	1.175	1.179	1.186
247	4177.807	3612.027	4539.425	4268.280	1.243	1.246	1.216
248	4340.206	3834.160	4791.292	4346.093	1.265	1.269	1.263
249	4361.776	3972.987	4911.693	4244.580	1.236	1.239	1.270
250	4119.264	3912.705	4842.569	3968.393	1.155	1.158	1.199
251	4175.797	3893.420	4658.212	4091.498	1.191	1.194	1.216
252	3958.410	3720.263	4191.760	3966.299	1.155	1.158	1.152
253	4012.849	3705.240	4339.088	4056.023	1.181	1.184	1.168
254	3949.485	3737.228	4237.994	3958.291	1.152	1.155	1.150
255	3962.984	3697.979	4115.059	3995.164	1.163	1.166	1.154
256	3882.435	3656.880	4200.439	3894.039	1.134	1.137	1.130
257	3817.331	3574.161	3940.112	3848.214	1.120	1.123	1.111
258	3873.069	3712.413	3972.125	3914.352	1.139	1.143	1.127
259	3869.355	3715.077	4171.757	3853.241	1.122	1.125	1.126
260	3909.371	3639.178	4253.512	3916.471	1.140	1.143	1.138
261	3832.001	3665.854	3963.424	3837.500	1.117	1.120	1.116
262	3764.696	3570.254	3904.800	3780.340	1.100	1.103	1.096
263	3800.057	3702.038	4214.647	3751.111	1.092	1.095	1.106
264	3878.625	3661.893	4118.681	3875.860	1.128	1.131	1.129
265	3990.206	3749.993	4234.060	4055.079	1.180	1.184	1.162
266	4017.652	3796.711	4430.637	3933.680	1.145	1.148	1.170
267	3970.431	3654.584	4367.606	3992.891	1.162	1.165	1.156
268	3928.804	3745.008	4227.298	3951.755	1.150	1.153	1.144
269	3929.590	3688.229	4272.489	3944.925	1.148	1.151	1.144
270	3915.697	3724.672	4085.408	3911.992	1.139	1.142	1.140
271	3907.968	3704.709	4103.795	3912.650	1.139	1.142	1.138
272	4119.580	3847.921	4302.289	4159.665	1.211	1.214	1.199
273	4355.128	4024.707	4588.194	4377.494	1.274	1.278	1.268
274	4451.564	4108.378	4664.100	4479.907	1.304	1.308	1.296
275	4591.678	4150.146	4989.839	4574.219	1.332	1.335	1.337
276	4406.026	3916.930	4720.907	4454.102	1.297	1.300	1.283
277	4293.106	3694.234	4667.006	4412.955	1.285	1.288	1.250
278	3971.396	3668.052	4146.666	3988.683	1.161	1.164	1.156
279	3931.490	3798.824	4080.166	3905.439	1.137	1.140	1.144
280	4030.195	3880.842	4141.855	4055.711	1.181	1.184	1.173
281	4201.689	3947.314	4389.979	4188.978	1.219	1.223	1.223
282	4302.271	4045.227	4407.409	4333.806	1.262	1.265	1.252
283	4209.710	3880.489	4462.770	4225.210	1.230	1.233	1.225
284	4070.378	3841.304	4332.214	4102.982	1.194	1.198	1.185
285	3904.219	3676.682	4103.554	3902.770	1.136	1.139	1.137
286	3913.583	3652.665	4220.370	3864.443	1.125	1.128	1.139
287	3942.290	3753.440	4151.968	3947.626	1.149	1.152	1.148
288	3971.561	3737.295	4263.658	3983.314	1.160	1.163	1.156
289	3919.423	3767.307	4159.690	3919.401	1.141	1.144	1.141
290	3922.032	3655.879	4112.812	3906.239	1.137	1.140	1.142
291	4076.757	3909.345	4309.015	4084.739	1.189	1.192	1.187
292	4153.267	3810.846	4460.776	4153.164	1.209	1.212	1.209
293	4055.785	3808.312	4226.648	4059.508	1.182	1.185	1.181
294	3878.370	3637.742	4094.184	3816.570	1.111	1.114	1.129
295	3941.769	3729.012	4182.349	3977.823	1.158	1.161	1.147
296	3807.668	3608.393	4189.192	3751.860	1.092	1.095	1.108
297	3873.994	3671.430	4036.871	3888.063	1.132	1.135	1.128
298	3958.424	3713.774	4372.916	3944.294	1.148	1.151	1.152
299	3936.685	3811.703	4146.373	3873.370	1.128	1.131	1.146
300	3940.732	3657.362	4236.176	3935.224	1.146	1.149	1.147
301	3895.478	3710.618	4278.021	3832.377	1.116	1.119	1.134
302	3905.835	3685.078	4300.656	3822.739	1.113	1.116	1.137
303	3926.434	3631.716	4308.326	3875.178	1.128	1.131	1.143
304	3894.877	3497.969	4365.662	3841.441	1.118	1.121	1.134
305	3928.149	3513.221	4681.344	3761.546	1.095	1.098	1.144
306	4096.775	3475.316	4897.201	3943.285	1.148	1.151	1.193
307	4221.139	3590.443	4907.058	3999.515	1.164	1.167	1.229
308	4327.514	3620.549	5169.257	4282.958	1.247	1.250	1.260
309	4287.071	3498.628	4997.157	4269.111	1.243	1.246	1.248
310	4265.177	3434.771	5125.389	4413.014	1.285	1.288	1.242
311	4237.366	3389.527	5266.422	4208.965	1.225	1.229	1.234
312	4147.719	3553.523	4594.850	4194.952	1.221	1.224	1.207
313	4094.131	3519.968	4498.868	4146.332	1.207	1.210	1.192
314	4197.139	3775.136	4532.439	4303.970	1.253	1.256	1.222
315	4061.294	3736.254	4439.396	4045.208	1.178	1.181	1.182
316	3914.221	3636.157	4073.606	3909.342	1.138	1.141	1.139
317	3803.761	3557.738	4122.039	3791.647	1.104	1.107	1.107
318	3738.917	3471.263	4106.154	3711.232	1.080	1.083	1.088
319	3702.196	3368.158	4064.067	3649.160	1.062	1.065	1.078
320	3605.053	3378.586	3964.941	3590.499	1.045	1.048	1.049
321	3666.417	3486.086	3833.393	3630.040	1.057	1.060	1.067
322	3625.719	3453.254	3863.239	3621.438	1.054	1.057	1.055
323	3657.834	3342.045	3969.992	3690.370	1.074	1.077	1.065
324	3672.383	3452.970	4117.875	3648.044	1.062	1.065	1.069
325	3735.719	3563.674	4156.588	3690.568	1.074	1.077	1.087
326	3839.768	3639.906	4148.188	3788.719	1.103	1.106	1.118
327	3943.681	3559.584	4326.941	3873.142	1.127	1.131	1.148
328	3986.704	3556.122	4598.309	3904.361	1.137	1.140	1.161
329	4132.365	3657.521	4622.080	4083.930	1.189	1.192	1.203
330	4084.607	3715.236	4422.784	4043.389	1.177	1.180	1.189
331	4171.659	3741.425	4692.382	4100.518	1.194	1.197	1.214
332	4374.739	3668.867	5402.444	4330.004	1.260	1.264	1.274
333	4217.552	3583.785	4856.117	4175.288	1.215	1.219	1.228
334	4166.343	3614.172	4484.284	4201.835	1.223	1.226	1.213
335	4005.529	3492.540	4394.476	4124.026	1.201	1.204	1.166
336	3908.026	3442.252	4301.207	3952.676	1.151	1.154	1.138
337	3820.319	3484.052	4425.539	3772.649	1.098	1.101	1.112
338	3982.126	3534.081	4319.409	4055.764	1.181	1.184	1.159
339	4149.360	3797.173	4473.512	4193.759	1.221	1.224	1.208
340	4252.366	3835.813	4492.876	4330.299	1.261	1.264	1.238
341	4389.812	3550.817	4679.938	4551.798	1.325	1.329	1.278
342	4393.095	3777.237	4833.273	4437.965	1.292	1.295	1.279
343	4161.101	3671.247	4351.700	4245.242	1.236	1.239	1.211
344	4252.909	3685.478	4676.285	4333.661	1.262	1.265	1.238
345	4376.098	3681.125	4881.549	4442.542	1.293	1.297	1.274
346	4564.456	3721.467	5181.837	4572.753	1.331	1.335	1.329
347	4498.165	3578.308	4917.807	4645.426	1.352	1.356	1.309
348	4337.649	3709.768	4880.764	4442.482	1.293	1.297	1.263
349	4135.096	3749.961	4565.098	4101.962	1.194	1.197	1.204
350	4010.041	3558.571	4317.649	4057.913	1.181	1.184	1.167
351	4008.088	3602.401	4366.594	4100.401	1.194	1.197	1.167
352	4004.475	3712.419	4231.862	4003.625	1.165	1.169	1.166
353	4041.672	3696.197	4281.369	4061.854	1.182	1.186	1.177
354	4155.294	3762.540	4478.127	4222.932	1.229	1.233	1.210
355	4111.116	3793.183	4587.977	4080.316	1.188	1.191	1.197
356	4183.642	3644.825	4685.355	4213.023	1.226	1.230	1.218
357	4292.363	3810.147	5021.599	4262.826	1.241	1.244	1.250
358	4184.734	3654.414	4684.479	4279.878	1.246	1.249	1.218
359	4113.142	3738.674	4515.749	4205.781	1.224	1.228	1.197
360	4076.271	3672.077	4393.355	4076.670	1.187	1.190	1.187
361	4005.470	3674.573	4505.681	3916.268	1.140	1.143	1.166
362	3926.306	3645.490	4432.051	3885.252	1.131	1.134	1.143
363	3948.812	3739.787	4201.548	3953.135	1.151	1.154	1.150
364	3956.667	3775.626	4111.847	3935.598	1.146	1.149	1.152
365	3879.240	3603.668	4099.914	3902.484	1.136	1.139	1.129
366	3886.044	3585.775	4228.773	3860.303	1.124	1.127	1.131
367	3876.882	3599.007	4106.034	3956.451	1.152	1.155	1.129
368	3939.149	3717.803	4116.855	3993.281	1.162	1.166	1.147
369	3831.361	3650.807	4013.020	3838.188	1.117	1.120	1.115
370	3874.729	3593.692	4510.326	3865.206	1.125	1.128	1.128
371	3887.773	3580.832	4278.393	3909.552	1.138	1.141	1.132
372	3982.704	3556.915	4346.729	3934.227	1.145	1.148	1.159
373	4014.240	3704.607	4321.139	4059.555	1.182	1.185	1.169
374	3979.809	3593.413	4368.481	4001.789	1.165	1.168	1.159
375	3943.234	3644.185	4337.264	3951.033	1.150	1.153	1.148
376	4132.682	3819.473	4586.654	4055.305	1.181	1.184	1.203
377	4097.470	3679.871	4469.420	4038.876	1.176	1.179	1.193
378	4120.580	3653.498	4823.593	4080.667	1.188	1.191	1.200
379	4010.259	3641.975	4477.240	3994.721	1.163	1.166	1.167
380	4056.970	3678.992	4400.518	3989.604	1.161	1.165	1.181
381	4057.451	3871.749	4482.449	3971.255	1.156	1.159	1.181
382	4105.688	3851.438	4527.605	4105.686	1.195	1.198	1.195
383	4088.841	3734.530	4381.808	4161.971	1.212	1.215	1.190
384	3836.731	3593.857	4073.753	3852.648	1.122	1.125	1.117
385	3750.351	3634.815	3901.162	3768.617	1.097	1.100	1.092
386	3781.811	3609.527	3926.593	3793.633	1.104	1.107	1.101
387	3776.411	3548.415	3984.488	3765.568	1.096	1.099	1.099
388	3738.912	3579.131	3885.961	3770.394	1.098	1.101	1.088
389	3793.072	3499.708	4043.495	3858.278	1.123	1.126	1.104
390	3982.099	3584.935	4369.430	3990.347	1.162	1.165	1.159
391	4094.134	3527.601	4578.776	4134.048	1.203	1.207	1.192
392	4251.250	3785.762	4620.939	4324.667	1.259	1.262	1.238
393	4328.296	3796.633	5071.460	4338.652	1.263	1.266	1.260
394	4421.901	3641.856	5318.487	4368.594	1.272	1.275	1.287
395	4509.776	3560.532	5256.012	4566.997	1.329	1.333	1.313
396	4335.836	3450.178	4962.660	4460.021	1.298	1.302	1.262
397	4115.896	3462.482	4606.969	4208.525	1.225	1.228	1.198
398	3871.613	3428.191	4318.747	3915.283	1.140	1.143	1.127
399	3923.429	3423.917	4397.753	3976.021	1.157	1.161	1.142
400	3970.153	3557.921	4359.111	4027.035	1.172	1.175	1.156
401	3958.993	3494.745	4582.738	4005.205	1.166	1.169	1.152
402	3827.334	3486.796	4323.073	3806.173	1.108	1.111	1.114
403	3793.477	3432.678	4324.599	3659.632	1.065	1.068	1.104
404	3766.822	3474.444	4141.778	3774.716	1.099	1.102	1.097
405	3750.108	3429.237	3939.273	3765.027	1.096	1.099	1.092
406	3656.925	3464.939	4013.721	3624.264	1.055	1.058	1.065
407	3724.311	3418.782	4025.972	3724.614	1.084	1.087	1.084
408	3796.058	3559.987	4107.038	3783.714	1.101	1.104	1.105
409	3748.941	3429.479	3917.575	3817.594	1.111	1.114	1.091
410	3807.596	3423.481	4089.503	3865.728	1.125	1.128	1.108
411	3791.157	3527.866	4054.352	3781.742	1.101	1.104	1.104
412	3744.597	3459.323	4040.090	3788.121	1.103	1.106	1.090
413	3706.173	3485.749	3877.655	3692.903	1.075	1.078	1.079
414	3729.183	3505.765	3958.097	3756.556	1.094	1.096	1.086
415	3829.882	3713.335	4035.372	3807.931	1.109	1.111	1.115
416	3896.441	3752.272	4100.661	3907.671	1.138	1.141	1.134
417	3894.678	3566.118	4150.254	3931.976	1.145	1.148	1.134
418	3841.864	3534.053	4073.894	3900.482	1.135	1.138	1.118
419	3795.252	3567.211	4125.446	3740.092	1.089	1.092	1.105
420	3811.224	3636.536	4108.004	3770.191	1.098	1.100	1.109
421	3783.772	3414.688	4008.448	3873.597	1.128	1.131	1.101
422	3883.858	3451.836	4474.534	3858.651	1.123	1.126	1.131
423	3734.451	3543.689	3983.489	3708.726	1.080	1.083	1.087
424	3623.699	3385.827	3819.468	3610.826	1.051	1.054	1.055
425	3619.163	3371.277	3932.745	3587.558	1.044	1.047	1.054
426	3697.570	3525.654	3901.087	3659.157	1.065	1.068	1.076
427	3729.568	3442.812	3938.834	3767.240	1.097	1.100	1.086
428	3731.851	3506.629	4053.949	3739.672	1.089	1.092	1.086
429	3709.085	3369.791	4065.710	3738.712	1.088	1.091	1.080
430	3656.412	3398.243	3827.521	3694.298	1.075	1.078	1.064
431	3634.975	3411.574	3781.794	3647.526	1.062	1.065	1.058
432	3521.651	3315.233	3699.833	3504.856	1.020	1.023	1.025
433	3546.863	3346.254	3785.011	3557.051	1.035	1.038	1.033
434	3583.625	3378.610	3769.704	3613.994	1.052	1.055	1.043
435	3614.004	3526.771	3805.586	3611.955	1.051	1.054	1.052
436	3599.033	3486.564	3693.483	3587.818	1.044	1.047	1.048
437	3631.136	3465.811	3826.924	3641.662	1.060	1.063	1.057
438	3552.224	3447.757	3717.566	3539.208	1.030	1.033	1.034
439	3600.913	3520.128	3821.874	3567.740	1.039	1.041	1.048
440	3609.742	3501.880	3778.996	3591.483	1.046	1.048	1.051
441	3576.260	3462.915	3678.335	3594.190	1.046	1.049	1.041
442	3601.464	3395.291	3800.472	3577.937	1.042	1.044	1.048
443	3558.538	3381.048	3802.292	3560.342	1.036	1.039	1.036
444	3519.294	3426.516	3602.849	3519.293	1.024	1.027	1.024
445	3524.386	3460.905	3628.935	3505.341	1.020	1.023	1.026
446	3537.011	3401.423	3654.268	3525.005	1.026	1.029	1.030
447	3509.825	3383.066	3689.767	3482.547	1.014	1.017	1.022
448	3451.646	3359.566	3568.288	3458.314	1.007	1.009	1.005
449	3466.797	3302.254	3685.979	3448.275	1.004	1.007	1.009
450	3556.655	3418.634	3712.931	3525.514	1.026	1.029	1.035
451	3551.046	3453.593	3656.279	3541.039	1.031	1.034	1.034
452	3548.437	3378.355	3780.558	3534.201	1.029	1.032	1.033
453	3559.834	3278.177	3791.686	3556.450	1.035	1.038	1.036
454	3533.470	3337.346	3651.788	3549.433	1.033	1.036	1.029
455	3585.242	3375.992	3861.407	3578.504	1.042	1.045	1.044
456	3662.345	3454.722	3896.499	3674.123	1.070	1.072	1.066
457	3586.232	3370.418	3874.672	3525.184	1.026	1.029	1.044
458	3571.275	3314.677	3739.311	3569.328	1.039	1.042	1.040
459	3476.792	3370.505	3587.285	3469.409	1.010	1.013	1.012
460	3488.334	3400.520	3622.267	3473.026	1.011	1.014	1.015
461	3458.140	3272.655	3745.155	3422.835	0.996	0.999	1.007
462	3454.193	3210.600	3584.912	3494.367	1.017	1.020	1.006
463	3521.103	3307.192	3922.499	3494.630	1.017	1.020	1.025
464	3457.846	3254.481	3793.000	3394.889	0.988	0.991	1.007
465	3488.755	3247.416	3760.284	3443.412	1.002	1.005	1.016
466	3546.911	3391.726	3755.551	3504.053	1.020	1.023	1.033
467	3486.934	3303.417	3732.606	3488.304	1.015	1.018	1.015
468	3456.644	3312.709	3688.196	3442.185	1.002	1.005	1.006
469	3537.787	3265.761	3761.526	3490.161	1.016	1.019	1.030
470	3536.061	3331.540	3689.057	3545.619	1.032	1.035	1.029
471	3491.123	3285.671	3605.716	3493.180	1.017	1.020	1.016
472	3451.139	3309.996	3593.483	3416.273	0.994	0.997	1.005
473	3443.317	3249.513	3595.940	3473.995	1.011	1.014	1.002
474	3547.548	3280.885	3701.341	3587.667	1.044	1.047	1.033
475	3504.950	3311.768	3660.615	3487.693	1.015	1.018	1.020
476	3520.411	3317.502	3664.915	3548.758	1.033	1.036	1.025
477	3575.807	3374.988	3737.655	3571.605	1.040	1.042	1.041
478	3612.223	3386.272	3773.016	3634.211	1.058	1.061	1.052
479	3579.594	3423.920	3788.070	3621.255	1.054	1.057	1.042
480	3587.975	3466.529	3676.845	3599.932	1.048	1.051	1.044
481	3624.745	3364.185	3816.924	3693.862	1.075	1.078	1.055
482	3622.826	3386.515	3798.390	3674.695	1.070	1.073	1.055
483	3735.362	3361.637	3997.672	3760.556	1.095	1.098	1.087
484	3795.275	3416.719	4147.257	3825.079	1.114	1.116	1.105
485	3821.544	3281.753	4165.041	3836.598	1.117	1.120	1.112
486	3817.615	3545.081	3972.904	3895.881	1.134	1.137	1.111
487	3841.821	3470.120	4163.375	3867.079	1.126	1.129	1.118
488	3816.681	3364.144	4146.979	3868.244	1.126	1.129	1.111
489	3789.964	3436.562	4080.507	3870.843	1.127	1.130	1.103
490	3695.439	3503.881	3857.148	3714.972	1.081	1.084	1.076
491	3646.438	3451.679	3864.399	3632.208	1.057	1.060	1.062
492	3644.610	3377.703	3873.359	3659.398	1.065	1.068	1.061
493	3569.029	3503.350	3654.313	3551.459	1.034	1.037	1.039
494	3549.633	3396.572	3810.784	3536.693	1.030	1.032	1.033
495	3575.088	3444.294	3825.670	3541.873	1.031	1.034	1.041
496	3546.398	3381.417	3766.426	3511.977	1.022	1.025	1.032
497	3522.513	3390.394	3664.605	3518.350	1.024	1.027	1.025
498	3548.512	3388.541	3687.300	3574.856	1.041	1.043	1.033
499	3481.281	3253.596	3879.551	3419.433	0.995	0.998	1.013
500	3509.066	3230.390	3673.014	3538.930	1.030	1.033	1.022
501	3535.895	3326.201	3884.483	3466.864	1.009	1.012	1.029
502	3614.148	3399.512	3776.949	3627.879	1.056	1.059	1.052
503	3626.424	3504.818	3802.966	3607.164	1.050	1.053	1.056
504	3641.533	3403.659	3832.570	3667.996	1.068	1.071	1.060
505	3674.138	3411.000	3892.105	3728.118	1.085	1.088	1.070
506	3634.674	3388.288	3818.373	3646.486	1.062	1.064	1.058
507	3566.332	3443.612	3670.226	3581.761	1.043	1.045	1.038
508	3554.727	3358.655	3640.888	3581.349	1.043	1.045	1.035
509	3583.065	3426.492	3737.486	3595.168	1.047	1.049	1.043
510	3626.738	3467.557	3808.800	3619.932	1.054	1.057	1.056
511	3614.673	3379.436	3840.649	3625.276	1.055	1.058	1.052
512	3526.252	3348.208	3689.942	3517.917	1.024	1.027	1.027
513	3556.380	3386.189	3660.193	3585.341	1.044	1.047	1.035
514	3538.243	3404.936	3627.516	3558.836	1.036	1.039	1.030
515	3576.971	3499.322	3674.444	3576.533	1.041	1.044	1.041
516	3605.586	3383.764	3714.167	3623.597	1.055	1.058	1.050
517	3615.790	3367.677	3745.123	3674.479	1.070	1.073	1.053
518	3611.195	3388.992	3935.019	3578.872	1.042	1.045	1.051
519	3745.339	3409.756	4102.402	3695.702	1.076	1.079	1.090
520	3748.543	3468.346	4259.474	3626.131	1.056	1.058	1.091
521	3753.652	3543.091	4150.524	3690.250	1.074	1.077	1.093
522	3784.965	3552.513	4133.972	3744.993	1.090	1.093	1.102
523	3695.191	3348.362	3949.677	3683.658	1.072	1.075	1.076
524	3657.695	3344.476	3883.209	3646.503	1.062	1.064	1.065
525	3750.078	3532.529	3893.322	3734.967	1.087	1.090	1.092
526	3829.828	3488.147	4125.924	3815.440	1.111	1.114	1.115
527	3812.933	3586.539	4098.816	3737.999	1.088	1.091	1.110
528	3902.220	3617.869	4183.169	3919.680	1.141	1.144	1.136
529	3942.498	3654.435	4364.058	3935.965	1.146	1.149	1.148
530	3893.275	3698.530	4174.114	3857.571	1.123	1.126	1.133
531	3709.565	3543.837	3874.309	3690.115	1.074	1.077	1.080
532	3648.149	3443.823	4002.875	3602.969	1.049	1.052	1.062
533	3669.504	3476.398	3973.031	3589.156	1.045	1.048	1.068
534	3620.569	3461.521	3881.030	3562.538	1.037	1.040	1.054
535	3593.693	3374.536	3867.761	3612.061	1.051	1.054	1.046
536	3514.342	3461.353	3593.957	3508.524	1.021	1.024	1.023
537	3532.018	3463.153	3608.745	3527.249	1.027	1.030	1.028
538	3645.804	3577.245	3709.909	3640.423	1.060	1.063	1.061
539	3719.932	3597.877	3833.359	3726.018	1.085	1.088	1.083
540	3840.858	3531.930	4218.817	3846.691	1.120	1.123	1.118
541	3914.733	3502.360	4234.231	3942.210	1.148	1.151	1.140
542	3878.612	3610.111	4103.648	3898.968	1.135	1.138	1.129
543	3813.659	3603.189	4065.576	3801.984	1.107	1.110	1.110
544	3780.002	3577.175	4055.563	3800.583	1.106	1.109	1.100
545	3715.586	3479.313	3959.312	3695.682	1.076	1.079	1.082
546	3753.408	3532.877	3958.549	3752.137	1.092	1.095	1.093
547	3708.767	3493.524	3912.410	3725.845	1.085	1.088	1.080
548	3673.257	3499.401	3821.248	3680.395	1.071	1.074	1.069
549	3593.535	3404.584	3897.929	3569.392	1.039	1.042	1.046
550	3538.763	3446.226	3659.769	3537.041	1.030	1.032	1.030
551	3539.055	3460.273	3700.229	3517.039	1.024	1.027	1.030
552	3550.993	3448.735	3732.167	3534.423	1.029	1.032	1.034
553	3549.068	3332.688	3692.865	3568.767	1.039	1.042	1.033
554	3563.099	3467.775	3665.908	3554.653	1.035	1.038	1.037
555	3520.233	3412.453	3603.729	3529.664	1.028	1.030	1.025
556	3545.190	3383.471	3689.034	3568.965	1.039	1.042	1.032
557	3568.831	3494.196	3701.378	3532.974	1.028	1.031	1.039
558	3608.757	3483.841	3725.375	3620.837	1.054	1.057	1.051
559	3643.350	3484.840	3869.833	3627.544	1.056	1.059	1.061
560	3548.324	3364.348	3745.795	3533.031	1.028	1.031	1.033
561	3524.930	3261.027	3805.434	3478.866	1.013	1.015	1.026
562	3542.895	3373.794	3734.453	3523.996	1.026	1.029	1.031
563	3516.537	3389.639	3680.701	3497.427	1.018	1.021	1.024
564	3573.864	3407.029	3727.903	3600.345	1.048	1.051	1.040
565	3541.481	3259.344	3785.616	3561.297	1.037	1.039	1.031
566	3664.983	3452.397	3845.444	3678.459	1.071	1.074	1.067
567	3639.167	3422.586	3819.062	3644.098	1.061	1.064	1.059
568	3614.143	3337.995	3875.151	3616.386	1.053	1.056	1.052
569	3587.842	3500.562	3706.921	3577.919	1.042	1.044	1.044
570	3560.723	3376.320	3670.016	3572.128	1.040	1.043	1.037
571	3535.837	3257.856	3672.562	3574.532	1.041	1.043	1.029
572	3507.838	3297.972	3667.500	3531.689	1.028	1.031	1.021
573	3539.824	3462.419	3603.278	3543.229	1.031	1.034	1.030
574	3479.221	3314.156	3621.338	3502.932	1.020	1.022	1.013
575	3496.552	3366.569	3705.412	3470.547	1.010	1.013	1.018
576	3467.718	3208.655	3632.559	3474.211	1.011	1.014	1.009
577	3487.629	3285.576	3733.121	3489.956	1.016	1.019	1.015
578	3496.857	3405.195	3620.750	3480.324	1.013	1.016	1.018
579	3530.840	3380.979	3721.460	3550.948	1.034	1.036	1.028
580	3608.812	3456.794	3856.606	3597.730	1.047	1.050	1.051
581	3618.244	3451.120	3869.852	3580.212	1.042	1.045	1.053
582	3671.869	3456.136	3925.723	3615.164	1.052	1.055	1.069
583	3626.337	3398.452	3911.781	3662.130	1.066	1.069	1.056
584	3669.449	3546.055	3886.589	3630.614	1.057	1.060	1.068
585	3753.931	3609.772	3880.216	3732.458	1.087	1.089	1.093
586	3861.228	3624.267	4106.092	3851.550	1.121	1.124	1.124
587	3944.016	3710.369	4101.677	3980.217	1.159	1.162	1.148
588	4039.652	3770.897	4471.942	4001.743	1.165	1.168	1.176
589	4155.357	3870.201	4497.934	4078.159	1.187	1.190	1.210
590	4094.734	3827.342	4453.903	4024.715	1.172	1.175	1.192
591	4080.150	3837.979	4321.102	4062.391	1.183	1.186	1.188
592	4179.848	3756.906	4412.952	4175.900	1.216	1.219	1.217
593	4141.555	3836.839	4402.896	4157.866	1.210	1.214	1.206
594	4271.021	3778.114	4562.830	4300.194	1.252	1.255	1.243
595	4310.365	3654.872	4742.947	4402.298	1.282	1.285	1.255
596	4297.177	3676.371	4815.537	4362.782	1.270	1.273	1.251
597	4314.989	3593.844	5090.129	4312.308	1.255	1.259	1.256
598	4114.287	3746.429	4473.764	4129.995	1.202	1.205	1.198
599	4012.825	3421.627	4238.102	4091.391	1.191	1.194	1.168
600	3910.827	3362.549	4136.603	3976.952	1.158	1.161	1.138
601	3929.296	3483.594	4334.108	4030.441	1.173	1.176	1.144
602	3915.229	3548.124	4101.859	3936.305	1.146	1.149	1.140
603	3925.661	3485.989	4200.917	3951.937	1.150	1.154	1.143
604	3830.274	3471.326	4085.987	3921.979	1.142	1.145	1.115
605	3663.856	3458.036	3845.422	3688.730	1.074	1.077	1.067
606	3591.364	3395.713	3766.732	3584.091	1.043	1.046	1.045
607	3674.185	3484.333	3833.299	3719.786	1.083	1.086	1.070
608	3687.674	3361.417	4083.981	3763.444	1.096	1.098	1.074
609	3887.651	3489.781	4163.305	3949.672	1.150	1.153	1.132
610	3902.310	3453.811	4205.232	3976.359	1.158	1.161	1.136
611	3996.541	3573.211	4352.686	3997.878	1.164	1.167	1.163
612	3977.008	3715.998	4329.939	3927.667	1.143	1.146	1.158
613	3865.338	3485.201	4163.820	3918.029	1.141	1.144	1.125
614	3774.312	3490.141	4112.886	3711.788	1.081	1.083	1.099
615	3689.402	3489.812	3918.698	3703.240	1.078	1.081	1.074
616	3681.360	3415.387	3916.032	3708.537	1.080	1.082	1.072
617	3698.398	3460.406	4022.165	3743.727	1.090	1.093	1.077
618	3680.903	3440.811	3953.205	3655.945	1.064	1.067	1.072
619	3636.022	3354.360	3840.386	3650.992	1.063	1.066	1.058
620	3587.662	3285.942	3774.441	3640.599	1.060	1.063	1.044
621	3687.391	3343.582	3900.531	3727.085	1.085	1.088	1.073
622	3701.792	3513.302	3828.439	3727.235	1.085	1.088	1.078
623	3645.114	3468.366	3805.534	3636.751	1.059	1.062	1.061
624	3736.083	3520.361	4035.500	3687.634	1.073	1.076	1.088
625	3703.563	3363.290	4068.331	3668.607	1.068	1.071	1.078
626	3702.633	3537.122	3855.408	3704.790	1.078	1.081	1.078
627	3656.391	3520.774	4108.672	3611.170	1.051	1.054	1.064
628	3650.876	3373.762	3808.078	3689.002	1.074	1.077	1.063
629	3698.332	3488.085	3853.624	3710.729	1.080	1.083	1.077
630	3609.237	3497.973	3763.262	3588.353	1.045	1.047	1.051
631	3580.277	3491.454	3688.913	3567.859	1.039	1.041	1.042
632	3592.797	3509.787	3714.069	3573.177	1.040	1.043	1.046
633	3575.171	3498.535	3641.215	3571.983	1.040	1.043	1.041
634	3626.445	3470.594	3767.836	3636.399	1.059	1.061	1.056
635	3707.583	3549.540	3988.025	3720.007	1.083	1.086	1.079
636	3657.554	3487.733	3914.488	3661.710	1.066	1.069	1.065
637	3581.956	3268.252	3764.228	3605.098	1.049	1.052	1.043
638	3588.421	3420.236	3812.481	3548.789	1.033	1.036	1.045
639	3582.251	3390.431	3799.483	3588.679	1.045	1.047	1.043
640	3580.822	3364.127	3713.967	3582.197	1.043	1.046	1.042
641	3589.213	3331.799	3733.978	3613.474	1.052	1.055	1.045
642	3584.218	3328.926	3829.615	3588.374	1.045	1.047	1.043
643	3535.663	3302.727	3766.448	3557.692	1.036	1.038	1.029
644	3540.124	3304.483	3768.628	3550.688	1.034	1.036	1.031
645	3538.037	3226.474	3854.605	3561.002	1.037	1.039	1.030
646	3484.823	3244.991	3748.908	3446.609	1.003	1.006	1.014
647	3474.843	3242.159	3860.075	3431.184	0.999	1.002	1.012
648	3401.978	3162.787	3719.697	3386.235	0.986	0.988	0.990
649	3465.977	3353.409	3645.571	3444.610	1.003	1.005	1.009
650	3462.252	3267.497	3799.021	3458.412	1.007	1.009	1.008
651	3493.667	3202.040	3755.140	3519.666	1.025	1.027	1.017
652	3571.106	3248.480	3932.426	3609.628	1.051	1.054	1.040
653	3535.680	3388.328	3761.704	3523.289	1.026	1.028	1.029
654	3511.131	3284.075	3673.500	3509.779	1.022	1.024	1.022
655	3482.266	3237.988	3680.638	3542.720	1.031	1.034	1.014
656	3440.799	3264.536	3749.659	3414.176	0.994	0.997	1.002
657	3432.091	3304.497	3528.033	3450.952	1.005	1.007	0.999
658	3531.356	3257.162	3816.356	3519.361	1.025	1.027	1.028
659	3548.312	3250.409	3810.532	3492.564	1.017	1.019	1.033
660	3693.897	3274.734	4129.441	3653.681	1.064	1.066	1.075
661	3810.581	3378.891	4089.719	3907.381	1.137	1.141	1.109
662	3802.061	3273.347	4167.225	3908.573	1.138	1.141	1.107
663	3779.035	3335.416	4152.550	3853.713	1.122	1.125	1.100
664	3671.408	3335.908	4039.326	3703.873	1.078	1.081	1.069
665	3677.285	3373.183	4074.115	3621.817	1.054	1.057	1.070
666	3586.428	3330.543	3861.715	3596.334	1.047	1.050	1.044
667	3586.003	3252.847	3972.191	3545.987	1.032	1.035	1.044
668	3556.657	3297.810	3909.311	3543.149	1.031	1.034	1.035
669	3537.925	3283.101	3814.495	3539.603	1.030	1.033	1.030
670	3637.026	3288.351	3872.648	3647.410	1.062	1.065	1.059
671	3731.861	3363.431	4011.864	3787.288	1.103	1.105	1.086
672	3840.146	3356.140	4315.808	3829.564	1.115	1.118	1.118
673	3976.772	3351.014	4382.332	4064.952	1.183	1.187	1.158
674	3850.993	3521.994	4225.893	3851.287	1.121	1.124	1.121
675	3687.020	3433.129	3913.953	3721.479	1.083	1.086	1.073
676	3646.308	3415.924	3860.069	3638.806	1.059	1.062	1.061
677	3605.128	3385.989	3916.036	3601.871	1.049	1.051	1.049
678	3552.306	3319.937	3772.680	3529.947	1.028	1.030	1.034
679	3521.299	3315.437	3775.482	3524.235	1.026	1.029	1.025
680	3611.230	3482.182	3920.764	3569.967	1.039	1.042	1.051
681	3533.790	3387.883	3818.042	3503.930	1.020	1.023	1.029
682	3438.231	3323.342	3527.911	3447.755	1.004	1.006	1.001
683	3440.628	3255.448	3513.381	3469.052	1.010	1.013	1.002
684	3433.112	3291.197	3722.209	3407.760	0.992	0.995	0.999
685	3488.151	3278.267	3680.500	3499.859	1.019	1.022	1.015
686	3550.159	3317.328	3800.232	3567.757	1.039	1.041	1.033
687	3569.909	3433.634	3844.153	3536.794	1.030	1.032	1.039
688	3500.398	3334.431	3743.880	3445.558	1.003	1.006	1.019
689	3543.179	3357.607	3783.148	3514.206	1.023	1.026	1.031
690	3612.755	3410.554	3962.494	3579.404	1.042	1.045	1.052
691	3573.030	3416.059	3944.864	3565.510	1.038	1.041	1.040
692	3556.424	3421.742	3647.222	3562.552	1.037	1.040	1.035
693	3532.405	3420.529	3624.584	3529.863	1.028	1.030	1.028
694	3535.239	3353.385	3874.346	3486.756	1.015	1.018	1.029
695	3611.765	3392.917	3803.913	3578.135	1.042	1.044	1.051
696	3561.881	3336.118	3719.552	3573.437	1.040	1.043	1.037
697	3573.138	3457.872	3766.737	3532.305	1.028	1.031	1.040
698	3560.533	3417.801	3753.765	3577.402	1.041	1.044	1.036
699	3615.112	3412.402	3756.986	3646.193	1.061	1.064	1.052
700	3500.333	3233.001	3678.095	3490.509	1.016	1.019	1.019
701	3478.861	3380.958	3615.937	3469.628	1.010	1.013	1.013
702	3458.269	3365.527	3552.312	3452.734	1.005	1.008	1.007
703	3512.219	3442.094	3710.818	3479.735	1.013	1.016	1.022
704	3459.445	3315.964	3613.039	3441.669	1.002	1.005	1.007
705	3449.063	3295.454	3639.645	3427.499	0.998	1.000	1.004
706	3594.965	3337.415	3843.624	3597.827	1.047	1.050	1.047
707	3546.901	3452.261	3721.706	3537.439	1.030	1.033	1.033
708	3574.424	3460.504	3710.789	3565.339	1.038	1.041	1.041
709	3549.154	3480.028	3662.846	3531.448	1.028	1.031	1.033
710	3566.698	3423.058	3653.293	3581.318	1.043	1.045	1.038
711	3545.229	3404.488	3641.248	3568.144	1.039	1.041	1.032
712	3500.408	3396.461	3627.557	3498.105	1.018	1.021	1.019
713	3598.658	3463.532	3733.745	3561.642	1.037	1.040	1.048
714	3590.037	3399.922	3725.750	3591.708	1.046	1.048	1.045
715	3732.963	3568.681	4125.898	3700.719	1.077	1.080	1.087
716	3825.464	3567.111	4048.349	3818.137	1.111	1.114	1.114
717	3931.285	3428.518	4464.450	3999.804	1.164	1.167	1.144
718	4057.015	3422.994	4738.449	4042.856	1.177	1.180	1.181
719	4285.090	3546.711	5107.115	4182.109	1.217	1.221	1.247
720	4207.202	3271.621	5016.743	4194.053	1.221	1.224	1.225
721	4143.489	3579.374	4691.425	4176.542	1.216	1.219	1.206
722	3970.500	3640.516	4321.022	3984.312	1.160	1.163	1.156
723	3732.154	3489.465	4033.706	3695.393	1.076	1.079	1.086
724	3677.093	3417.781	3834.023	3660.566	1.066	1.068	1.070
725	3590.560	3469.900	3704.172	3599.814	1.048	1.051	1.045
726	3553.483	3446.336	3727.719	3545.942	1.032	1.035	1.034
727	3482.695	3373.961	3770.664	3458.830	1.007	1.010	1.014
728	3523.352	3407.795	3633.719	3515.827	1.023	1.026	1.026
729	3499.798	3392.047	3607.806	3495.182	1.017	1.020	1.019
730	3584.943	3486.072	3690.887	3573.368	1.040	1.043	1.044
731	3564.018	3437.276	3653.472	3566.327	1.038	1.041	1.038
732	3519.245	3393.672	3610.695	3543.764	1.032	1.034	1.024
733	3487.599	3315.779	3618.905	3495.201	1.017	1.020	1.015
734	3670.096	3556.929	3794.203	3669.326	1.068	1.071	1.068
735	3671.750	3458.324	4012.097	3606.970	1.050	1.053	1.069
736	3647.980	3525.370	3774.827	3658.038	1.065	1.068	1.062
737	3635.958	3516.391	3791.012	3617.440	1.053	1.056	1.058
738	3621.605	3463.024	3852.839	3646.505	1.062	1.064	1.054
739	3781.811	3574.363	4129.665	3742.165	1.089	1.092	1.101
740	3704.889	3510.640	3909.009	3708.545	1.080	1.082	1.079
741	3698.287	3502.435	3970.253	3686.477	1.073	1.076	1.077
742	3711.223	3528.300	3800.678	3771.335	1.098	1.101	1.080
743	3606.393	3446.648	3730.956	3644.138	1.061	1.064	1.050
744	3674.327	3477.737	3924.490	3679.572	1.071	1.074	1.070
745	3612.058	3456.392	3702.713	3646.546	1.062	1.064	1.051
746	3680.048	3531.872	3778.419	3705.473	1.079	1.082	1.071
747	3801.745	3665.447	4028.848	3779.130	1.100	1.103	1.107
748	3743.433	3586.298	3869.300	3745.567	1.090	1.093	1.090
749	3887.804	3632.633	4108.369	3875.704	1.128	1.131	1.132
750	3900.174	3522.603	4333.680	3862.227	1.124	1.127	1.135
751	3957.891	3455.885	4535.845	3934.241	1.145	1.148	1.152
752	3953.060	3583.089	4286.503	4016.255	1.169	1.172	1.151
753	3792.447	3557.601	4071.521	3709.208	1.080	1.083	1.104
754	3633.174	3327.852	4009.871	3606.787	1.050	1.053	1.058
755	3600.910	3463.425	3734.578	3583.034	1.043	1.046	1.048
756	3617.273	3529.147	3689.120	3617.744	1.053	1.056	1.053
757	3644.110	3504.049	3740.571	3653.479	1.064	1.066	1.061
758	3631.183	3442.547	3812.021	3633.834	1.058	1.061	1.057
759	3664.981	3401.185	3936.233	3638.056	1.059	1.062	1.067
760	3553.884	3329.874	3861.818	3529.232	1.027	1.030	1.035
761	3605.458	3462.740	3704.850	3628.499	1.056	1.059	1.050
762	3614.450	3449.997	3806.254	3636.741	1.059	1.062	1.052
763	3551.430	3396.811	3737.961	3540.578	1.031	1.033	1.034
764	3556.727	3467.956	3715.729	3537.654	1.030	1.033	1.035
765	3701.988	3472.931	3892.683	3752.088	1.092	1.095	1.078
766	3808.228	3496.399	4121.431	3833.602	1.116	1.119	1.109
767	3842.311	3481.043	4088.642	3977.674	1.158	1.161	1.119
768	4069.784	3637.835	4360.388	4124.470	1.201	1.204	1.185
769	4211.021	3559.135	4721.971	4307.063	1.254	1.257	1.226
770	4167.837	3616.810	4707.797	4172.985	1.215	1.218	1.213
771	4077.703	3688.584	4617.977	4025.382	1.172	1.175	1.187
772	3942.176	3594.362	4283.758	3908.915	1.138	1.141	1.148
773	3896.806	3464.020	4166.118	3950.499	1.150	1.153	1.134
774	3989.838	3665.973	4375.359	4031.353	1.174	1.177	1.161
775	4045.929	3658.715	4251.680	4071.073	1.185	1.188	1.178
776	3990.792	3712.081	4384.796	4002.780	1.165	1.168	1.162
777	4049.195	3715.215	4428.998	4014.444	1.169	1.172	1.179
778	3936.313	3617.295	4393.153	3888.152	1.132	1.135	1.146
779	3834.028	3673.598	4251.379	3773.360	1.098	1.101	1.116
780	3827.067	3582.590	4026.565	3864.844	1.125	1.128	1.114
781	3761.722	3538.285	3935.908	3755.102	1.093	1.096	1.095
782	3745.117	3599.000	3939.891	3734.098	1.087	1.090	1.090
783	3781.543	3587.886	3951.773	3806.549	1.108	1.111	1.101
784	3774.360	3555.197	4032.645	3789.188	1.103	1.106	1.099
785	3818.377	3596.974	4259.684	3751.240	1.092	1.095	1.112
786	3830.126	3616.709	4088.478	3831.427	1.115	1.118	1.115
787	3718.816	3618.378	3983.589	3678.861	1.071	1.074	1.083
788	3727.401	3517.668	3871.345	3744.582	1.090	1.093	1.085
789	3647.166	3492.007	3749.712	3667.440	1.068	1.070	1.062
790	3619.268	3452.430	3775.800	3653.677	1.064	1.066	1.054
791	3624.848	3383.754	3982.465	3557.296	1.036	1.038	1.055
792	3679.515	3458.351	4052.099	3596.817	1.047	1.050	1.071
793	3694.039	3466.967	3960.814	3730.751	1.086	1.089	1.075
794	3629.141	3496.046	3820.556	3620.545	1.054	1.057	1.056
795	3661.922	3469.403	3810.464	3709.047	1.080	1.083	1.066
796	3720.220	3506.447	3894.696	3725.780	1.085	1.088	1.083
797	3713.406	3486.348	3920.566	3756.363	1.094	1.096	1.081
798	3809.396	3493.543	4083.406	3759.952	1.095	1.097	1.109
799	3865.507	3419.219	4159.142	3891.756	1.133	1.136	1.125
800	3807.475	3548.146	4007.031	3835.572	1.117	1.120	1.108
801	3664.240	3450.932	3792.632	3657.846	1.065	1.068	1.067
802	3622.219	3421.134	3791.107	3616.407	1.053	1.056	1.054
803	3641.947	3456.039	3778.273	3628.520	1.056	1.059	1.060
804	3632.382	3452.348	3854.201	3605.343	1.050	1.052	1.057
805	3562.771	3400.711	3725.612	3554.484	1.035	1.038	1.037
806	3588.302	3444.364	3789.970	3601.272	1.048	1.051	1.045
807	3615.555	3448.565	3796.094	3628.088	1.056	1.059	1.053
808	3668.760	3487.459	3794.438	3705.589	1.079	1.082	1.068
809	3668.873	3523.817	3940.559	3634.097	1.058	1.061	1.068
810	3668.315	3491.763	3898.301	3650.125	1.063	1.065	1.068
811	3747.917	3448.570	4115.340	3713.883	1.081	1.084	1.091
812	3794.067	3468.481	4219.839	3767.618	1.097	1.100	1.104
813	3806.900	3523.171	4058.529	3826.075	1.114	1.117	1.108
814	3931.205	3634.518	4329.674	3851.471	1.121	1.124	1.144
815	3961.850	3674.589	4304.885	3897.222	1.135	1.138	1.153
816	3979.249	3624.502	4449.410	3906.992	1.137	1.140	1.158
817	3944.434	3681.408	4331.421	3953.997	1.151	1.154	1.148
818	3931.217	3572.232	4327.349	3938.083	1.146	1.149	1.144
819	3881.201	3543.170	4400.543	3867.564	1.126	1.129	1.130
820	3846.509	3616.310	4030.799	3873.777	1.128	1.131	1.120
821	3763.134	3530.489	3972.868	3733.761	1.087	1.090	1.095
822	3731.181	3514.401	4092.607	3681.618	1.072	1.075	1.086
823	3700.856	3581.623	3851.885	3688.231	1.074	1.077	1.077
824	3671.278	3520.796	3908.700	3674.588	1.070	1.073	1.069
825	3664.239	3486.485	3772.025	3704.560	1.078	1.081	1.067
826	3624.323	3483.729	3927.845	3576.224	1.041	1.044	1.055
827	3605.279	3416.982	3976.628	3592.294	1.046	1.049	1.050
828	3573.621	3430.345	3794.073	3561.495	1.037	1.040	1.040
829	3584.335	3511.671	3656.531	3587.929	1.044	1.047	1.043
830	3584.988	3451.676	3728.719	3580.946	1.042	1.045	1.044
831	3621.645	3484.163	3791.384	3595.597	1.047	1.050	1.054
832	3666.422	3446.988	4068.975	3589.865	1.045	1.048	1.067
833	3636.851	3470.190	3851.949	3579.901	1.042	1.045	1.059
834	3720.317	3504.188	3912.249	3726.243	1.085	1.088	1.083
835	3764.008	3538.690	3929.172	3817.014	1.111	1.114	1.096
836	3625.996	3532.591	3845.094	3606.165	1.050	1.053	1.056
837	3741.061	3582.151	3964.305	3703.947	1.078	1.081	1.089
838	3827.907	3562.568	4089.788	3815.223	1.111	1.114	1.114
839	3889.058	3528.140	4357.454	3884.333	1.131	1.134	1.132
840	3966.799	3641.192	4572.039	3810.170	1.109	1.112	1.155
841	4065.953	3568.754	4541.359	4028.617	1.173	1.176	1.184
842	4217.892	3792.194	4611.494	4282.045	1.247	1.250	1.228
843	4115.766	3742.007	4422.369	4130.656	1.202	1.206	1.198
844	4017.508	3579.740	4274.034	4046.661	1.178	1.181	1.170
845	3926.569	3508.846	4195.448	4056.530	1.181	1.184	1.143
846	3784.374	3363.312	4139.204	3867.863	1.126	1.129	1.102
847	3795.043	3301.166	4164.671	3801.622	1.107	1.110	1.105
848	3760.742	3422.960	4024.939	3796.118	1.105	1.108	1.095
849	3719.043	3511.228	4075.091	3683.067	1.072	1.075	1.083
850	3710.943	3398.991	3946.044	3680.966	1.072	1.074	1.080
851	3706.975	3572.077	3823.068	3723.635	1.084	1.087	1.079
852	3713.902	3557.569	3831.451	3711.159	1.080	1.083	1.081
853	3834.496	3472.633	4177.193	3852.241	1.121	1.124	1.116
854	3909.897	3404.297	4215.450	3957.653	1.152	1.155	1.138
855	3961.939	3654.853	4099.370	4025.665	1.172	1.175	1.153
856	3917.179	3633.462	4268.410	3886.436	1.131	1.134	1.140
857	4062.751	3615.816	4720.680	4097.998	1.193	1.196	1.183
858	4056.407	3616.899	4328.292	4075.552	1.186	1.190	1.181
859	4088.824	3804.890	4483.017	4033.468	1.174	1.177	1.190
860	4098.569	3664.224	4457.560	4189.064	1.219	1.223	1.193
861	4206.046	3635.783	4468.183	4250.620	1.237	1.241	1.224
862	4028.632	3818.471	4156.515	4027.306	1.172	1.176	1.173
863	3985.752	3771.206	4289.748	3932.195	1.145	1.148	1.160
864	3923.014	3701.946	4165.008	3913.370	1.139	1.142	1.142
865	3836.451	3587.272	4026.291	3851.940	1.121	1.124	1.117
866	3747.060	3500.797	4133.224	3718.208	1.082	1.085	1.091
867	3701.685	3591.342	3791.842	3708.346	1.080	1.082	1.078
868	3674.115	3521.920	3919.268	3612.948	1.052	1.055	1.070
869	3600.637	3466.753	3772.230	3593.962	1.046	1.049	1.048
870	3714.574	3598.535	3902.903	3674.476	1.070	1.073	1.081
871	3745.099	3613.906	3791.954	3766.711	1.097	1.099	1.090
872	3710.465	3515.589	3932.768	3694.263	1.075	1.078	1.080
873	3693.976	3472.225	3957.907	3636.116	1.058	1.061	1.075
874	3917.185	3462.717	4406.981	3833.986	1.116	1.119	1.140
875	3968.739	3565.590	4446.883	3866.203	1.125	1.128	1.155
876	3893.587	3551.248	4435.503	3803.599	1.107	1.110	1.133
877	3828.867	3514.638	4100.294	3870.458	1.127	1.130	1.115
878	3819.817	3597.560	4032.728	3819.795	1.112	1.115	1.112
879	3831.834	3483.651	4136.613	3858.031	1.123	1.126	1.115
880	3824.249	3534.920	4034.990	3812.062	1.110	1.113	1.113
881	3881.128	3621.947	4232.999	3819.399	1.112	1.115	1.130
882	3881.267	3509.702	4246.765	3891.226	1.133	1.136	1.130
883	3802.827	3453.033	4217.419	3796.816	1.105	1.108	1.107
884	3823.391	3563.705	4247.897	3825.680	1.114	1.117	1.113
885	3923.207	3624.372	4138.622	3952.300	1.151	1.154	1.142
886	4033.020	3742.505	4464.907	4002.201	1.165	1.168	1.174
887	3991.110	3756.926	4274.876	3970.381	1.156	1.159	1.162
888	3878.480	3503.140	4091.160	3916.188	1.140	1.143	1.129
889	3779.054	3502.348	4191.337	3806.113	1.108	1.111	1.100
890	3816.876	3638.186	4017.745	3831.500	1.115	1.118	1.111
891	3991.165	3696.157	4239.571	4026.005	1.172	1.175	1.162
892	4052.926	3665.287	4362.886	4027.319	1.172	1.176	1.180
893	4065.530	3665.843	4757.750	3973.424	1.157	1.160	1.184
894	3965.351	3601.280	4420.270	3874.293	1.128	1.131	1.154
895	4047.955	3708.952	4482.350	4028.814	1.173	1.176	1.178
896	3935.714	3485.318	4344.655	3961.462	1.153	1.156	1.146
897	3961.459	3616.551	4238.217	3959.958	1.153	1.156	1.153
898	3999.914	3581.709	4235.655	4044.080	1.177	1.180	1.164
899	3925.874	3472.752	4350.075	3998.242	1.164	1.167	1.143
900	3774.810	3515.909	3978.004	3767.808	1.097	1.100	1.099
901	3722.555	3601.229	3924.300	3684.480	1.073	1.075	1.084
902	3715.163	3569.817	3967.560	3714.159	1.081	1.084	1.082
903	3635.218	3567.837	3717.109	3633.107	1.058	1.060	1.058
904	3655.016	3541.252	3757.468	3652.571	1.063	1.066	1.064
905	3616.402	3334.686	3829.281	3613.603	1.052	1.055	1.053
906	3602.713	3449.064	3803.260	3583.258	1.043	1.046	1.049
907	3712.140	3572.178	3801.631	3699.504	1.077	1.080	1.081
908	3782.168	3711.213	3938.763	3763.957	1.096	1.099	1.101
909	3800.856	3670.900	4060.009	3779.362	1.100	1.103	1.106
910	3792.958	3624.604	4048.104	3791.351	1.104	1.107	1.104
911	3770.633	3509.682	3998.990	3761.959	1.095	1.098	1.098
912	3794.477	3629.184	3894.055	3794.445	1.105	1.108	1.105
913	3762.035	3595.954	3919.350	3729.934	1.086	1.089	1.095
914	3733.619	3392.782	3939.565	3725.697	1.085	1.087	1.087
915	3879.365	3669.124	4058.225	3867.220	1.126	1.129	1.129
916	3868.665	3679.709	4223.771	3809.684	1.109	1.112	1.126
917	3899.980	3667.002	4161.158	3864.444	1.125	1.128	1.135
918	4017.557	3826.109	4240.611	3989.769	1.161	1.165	1.170
919	4051.351	3837.737	4308.166	4002.654	1.165	1.168	1.179
920	3955.730	3589.396	4133.205	3981.204	1.159	1.162	1.152
921	3920.945	3808.930	4198.903	3854.118	1.122	1.125	1.141
922	3921.083	3726.087	4215.104	3960.544	1.153	1.156	1.141
923	3899.268	3720.753	4210.403	3883.738	1.131	1.134	1.135
924	3874.379	3662.783	4059.800	3876.366	1.128	1.131	1.128
925	3855.295	3546.711	4093.977	3877.353	1.129	1.132	1.122
926	4066.267	3814.158	4508.625	4046.343	1.178	1.181	1.184
927	3988.854	3678.166	4258.374	4041.156	1.176	1.180	1.161
928	3907.571	3787.805	4061.295	3908.161	1.138	1.141	1.138
929	3868.438	3674.568	4264.885	3791.663	1.104	1.107	1.126
930	3895.934	3677.020	4143.936	3818.355	1.112	1.115	1.134
931	3949.622	3761.034	4214.767	3937.649	1.146	1.149	1.150
932	3870.798	3641.948	4142.564	3833.751	1.116	1.119	1.127
933	3801.660	3583.624	4002.818	3760.846	1.095	1.098	1.107
934	3784.412	3640.750	3929.697	3790.607	1.103	1.106	1.102
935	3898.973	3688.657	4068.626	3906.348	1.137	1.140	1.135
936	3830.697	3616.606	4030.179	3848.121	1.120	1.123	1.115
937	3826.459	3551.563	3937.742	3865.504	1.125	1.128	1.114
938	3764.906	3439.469	3983.338	3771.941	1.098	1.101	1.096
939	3712.931	3388.833	3890.789	3753.906	1.093	1.096	1.081
940	3763.766	3524.554	4036.296	3796.121	1.105	1.108	1.096
941	3797.288	3558.679	4003.605	3799.601	1.106	1.109	1.105
942	3746.690	3607.385	4021.744	3729.565	1.086	1.089	1.091
943	3705.003	3437.072	4009.848	3685.399	1.073	1.076	1.079
944	3685.049	3489.337	3821.655	3720.829	1.083	1.086	1.073
945	3740.032	3510.228	3864.894	3786.318	1.102	1.105	1.089
946	3804.555	3569.158	3927.235	3822.543	1.113	1.116	1.108
947	3850.161	3615.247	4173.006	3835.958	1.117	1.120	1.121
948	3961.316	3634.624	4366.290	3829.090	1.115	1.118	1.153
949	4197.503	3564.415	4545.095	4242.127	1.235	1.238	1.222
950	4300.046	3629.785	5174.337	4018.814	1.170	1.173	1.252
951	4491.082	3631.048	5590.904	4337.558	1.263	1.266	1.307
952	4535.921	3590.538	5730.333	4376.782	1.274	1.278	1.320
953	4413.297	3701.237	5413.572	4225.477	1.230	1.233	1.285
954	4154.621	3626.694	4814.667	4012.536	1.168	1.171	1.209
955	3955.778	3521.446	4490.752	3791.167	1.104	1.107	1.152
956	3902.674	3737.293	4020.706	3906.225	1.137	1.140	1.136
957	3890.582	3686.807	4083.659	3860.774	1.124	1.127	1.133
958	3833.546	3576.974	4107.169	3817.216	1.111	1.114	1.116
959	3924.026	3668.679	4125.276	3927.708	1.143	1.146	1.142
960	3854.334	3683.502	4070.664	3852.487	1.121	1.124	1.122
961	3808.205	3575.640	3991.657	3827.623	1.114	1.117	1.109
962	3720.507	3446.269	4048.939	3759.987	1.095	1.097	1.083
963	3682.070	3560.025	3828.837	3666.429	1.067	1.070	1.072
964	3749.071	3604.607	3959.129	3731.879	1.086	1.089	1.091
965	3859.067	3677.698	4072.550	3834.369	1.116	1.119	1.123
966	3917.207	3538.332	4167.002	3918.630	1.141	1.144	1.140
967	3866.514	3687.392	4111.250	3870.348	1.127	1.130	1.126
968	3854.748	3614.751	4000.366	3866.294	1.126	1.129	1.122
969	3930.933	3635.891	4146.722	3945.605	1.149	1.152	1.144
970	3859.281	3583.338	4096.275	3890.460	1.133	1.136	1.123
971	4061.517	3777.960	4368.724	4014.628	1.169	1.172	1.182
972	3978.426	3563.480	4187.603	4050.569	1.179	1.182	1.158
973	4068.668	3557.884	4361.418	4118.093	1.199	1.202	1.184
974	4222.253	3408.416	4851.631	4431.916	1.290	1.294	1.229
975	4371.551	3590.133	5099.531	4377.851	1.274	1.278	1.273
976	4395.557	3541.108	4924.944	4544.247	1.323	1.326	1.280
977	4300.809	3621.325	5060.199	4312.368	1.255	1.259	1.252
978	4129.732	3790.512	4485.198	4080.820	1.188	1.191	1.202
979	3895.893	3541.616	4137.864	3855.323	1.122	1.125	1.134
980	3890.337	3574.635	4177.514	3947.231	1.149	1.152	1.133
981	3747.491	3581.816	3971.728	3736.762	1.088	1.091	1.091
982	3757.565	3464.671	4113.868	3746.150	1.091	1.093	1.094
983	3984.393	3809.587	4338.081	3915.062	1.140	1.143	1.160
984	4028.796	3834.366	4346.646	3996.483	1.163	1.167	1.173
985	4033.944	3768.146	4233.109	4056.490	1.181	1.184	1.174
986	4049.012	3872.249	4218.957	4012.450	1.168	1.171	1.179
987	4095.966	3756.937	4309.736	4157.717	1.210	1.214	1.192
988	4294.685	3766.207	4870.621	4317.372	1.257	1.260	1.250
989	4441.242	3743.963	5103.739	4492.682	1.308	1.311	1.293
990	4409.009	3897.370	4803.195	4495.087	1.309	1.312	1.283
991	4376.278	3762.036	4701.852	4507.116	1.312	1.316	1.274
992	4431.230	3776.492	4909.194	4417.320	1.286	1.289	1.290
993	4350.646	3872.466	4673.712	4445.259	1.294	1.298	1.267
994	4438.533	4097.116	4896.632	4328.588	1.260	1.263	1.292
995	4362.460	4141.294	4677.691	4302.619	1.253	1.256	1.270
996	4105.492	3828.303	4369.672	4110.182	1.196	1.200	1.195
997	3957.991	3711.536	4203.822	3942.281	1.148	1.151	1.152
998	3903.279	3568.829	4155.564	3867.445	1.126	1.129	1.136
999	3841.774	3627.724	4162.612	3838.698	1.117	1.120	1.118
1000	3818.054	3629.392	4229.168	3763.101	1.095	1.098	1.111
1001	3908.687	3740.915	4143.477	3921.467	1.142	1.145	1.138
1002	3999.450	3826.854	4194.490	3992.492	1.162	1.165	1.164
1003	4035.670	3826.239	4245.252	4040.843	1.176	1.179	1.175
1004	4029.331	3735.038	4263.101	3999.396	1.164	1.167	1.173
1005	3914.139	3691.929	4139.630	3911.713	1.139	1.142	1.139
1006	3886.863	3716.657	4181.647	3886.617	1.131	1.134	1.131
1007	3927.034	3806.026	4065.551	3908.724	1.138	1.141	1.143
1008	3830.213	3455.059	4212.750	3836.061	1.117	1.120	1.115
1009	3934.510	3509.774	4503.899	3839.005	1.118	1.121	1.145
1010	3962.106	3498.190	4786.317	3892.710	1.133	1.136	1.153
1011	3992.223	3591.791	4953.213	3903.906	1.136	1.139	1.162
1012	3924.838	3649.662	4272.686	3932.444	1.145	1.148	1.143
1013	3794.571	3442.350	3964.668	3825.376	1.114	1.117	1.105
1014	3857.619	3627.546	4043.223	3873.762	1.128	1.131	1.123
1015	3859.006	3723.420	4015.809	3822.290	1.113	1.116	1.123
1016	3945.143	3688.008	4237.026	3904.583	1.137	1.140	1.148
1017	3999.087	3717.147	4311.787	3986.817	1.161	1.164	1.164
1018	4017.077	3648.603	4287.645	4020.381	1.170	1.173	1.169
1019	4222.700	4054.967	4466.720	4186.566	1.219	1.222	1.229
1020	4550.346	4123.047	5051.258	4519.482	1.316	1.319	1.325
1021	4608.317	4172.350	5229.502	4542.264	1.322	1.326	1.342
1022	4564.422	4010.536	4984.453	4571.250	1.331	1.334	1.329
1023	4254.955	4010.814	4579.419	4240.925	1.235	1.238	1.239
1024	4045.364	3782.314	4316.025	4034.849	1.175	1.178	1.178
1025	3998.551	3710.577	4159.546	4019.283	1.170	1.173	1.164
1026	3921.152	3467.719	4155.568	3961.653	1.153	1.156	1.141
1027	3958.832	3613.480	4238.734	3972.371	1.156	1.159	1.152
1028	4094.116	3578.519	4486.481	4080.564	1.188	1.191	1.192
1029	4209.917	3698.977	4568.124	4216.460	1.227	1.231	1.226
1030	4225.806	3664.577	4730.918	4221.562	1.229	1.232	1.230
1031	4197.353	3508.358	5064.730	4128.012	1.202	1.205	1.222
1032	4238.394	3504.165	5052.442	4081.209	1.188	1.191	1.234
1033	4372.126	3472.894	5227.469	4227.612	1.231	1.234	1.273
1034	4416.501	3496.341	5551.352	4092.410	1.191	1.195	1.286
1035	4591.182	3613.416	5869.555	4360.575	1.269	1.273	1.337
1036	4532.946	3660.253	5349.754	4551.259	1.325	1.328	1.320
1037	4299.712	3577.312	5022.606	4398.705	1.280	1.284	1.252
1038	4291.862	3715.818	4906.629	4286.730	1.248	1.251	1.249
1039	4183.964	3632.081	4578.504	4278.692	1.246	1.249	1.218
1040	4014.206	3516.461	4531.245	4076.854	1.187	1.190	1.169
1041	4052.018	3672.199	4277.392	4109.147	1.196	1.199	1.180
1042	4014.575	3543.635	4449.534	4020.239	1.170	1.173	1.169
1043	3920.180	3445.603	4146.445	3958.232	1.152	1.155	1.141
1044	3931.362	3670.515	4182.817	3929.813	1.144	1.147	1.144
1045	3810.262	3441.185	4076.136	3814.127	1.110	1.113	1.109
1046	3899.758	3458.776	4253.454	3969.471	1.156	1.159	1.135
1047	3907.713	3526.905	4201.643	3927.212	1.143	1.146	1.138
1048	3896.108	3555.260	4362.505	3820.208	1.112	1.115	1.134
1049	4040.267	3673.749	4644.231	4077.904	1.187	1.190	1.176
1050	4006.632	3579.708	4459.075	3971.307	1.156	1.159	1.166
1051	4106.136	3500.216	4797.090	4072.895	1.186	1.189	1.195
1052	3983.983	3732.724	4303.404	3892.871	1.133	1.136	1.160
1053	3932.563	3644.936	4249.053	3941.624	1.147	1.151	1.145
1054	3963.325	3598.309	4187.735	3985.611	1.160	1.163	1.154
1055	3930.551	3494.690	4305.570	3908.859	1.138	1.141	1.144
1056	4018.922	3559.078	4545.066	3933.884	1.145	1.148	1.170
1057	3853.073	3555.531	4099.797	3868.665	1.126	1.129	1.122
1058	3766.992	3633.452	3914.289	3743.851	1.090	1.093	1.097
1059	3834.014	3621.378	4075.519	3810.963	1.109	1.112	1.116
1060	3893.763	3751.531	4165.175	3866.250	1.125	1.129	1.133
1061	3916.926	3651.902	4201.670	3927.004	1.143	1.146	1.140
1062	3986.614	3609.505	4493.490	3959.773	1.153	1.156	1.161
1063	3980.483	3603.116	4381.331	3932.369	1.145	1.148	1.159
1064	3924.228	3514.952	4395.138	3867.852	1.126	1.129	1.142
1065	3814.120	3435.227	4125.610	3812.344	1.110	1.113	1.110
1066	3713.692	3429.788	3983.690	3724.009	1.084	1.087	1.081
1067	3676.430	3414.627	3898.731	3698.030	1.077	1.079	1.070
1068	3705.730	3527.078	3917.432	3717.511	1.082	1.085	1.079
1069	3705.949	3456.981	4046.944	3657.103	1.065	1.067	1.079
1070	3689.532	3411.102	3947.435	3712.464	1.081	1.084	1.074
1071	3670.990	3381.500	4011.896	3676.826	1.070	1.073	1.069
1072	3733.087	3391.240	4040.466	3762.424	1.095	1.098	1.087
1073	3756.551	3377.824	4142.563	3805.475	1.108	1.111	1.094
1074	3853.342	3324.661	4184.410	3914.062	1.139	1.142	1.122
1075	3967.771	3323.065	4835.358	3968.048	1.155	1.158	1.155
1076	4101.886	3493.515	4550.948	4160.232	1.211	1.214	1.194
1077	4005.191	3443.961	4435.607	4077.008	1.187	1.190	1.166
1078	3907.203	3514.563	4253.191	3891.010	1.133	1.136	1.137
1079	3824.704	3553.757	4039.840	3877.246	1.129	1.132	1.113
1080	3705.899	3397.636	4008.045	3760.937	1.095	1.098	1.079
1081	3663.602	3298.669	3882.232	3698.627	1.077	1.080	1.066
1082	3632.806	3350.391	3888.252	3640.918	1.060	1.063	1.058
1083	3679.607	3452.905	3967.078	3684.982	1.073	1.076	1.071
1084	3650.332	3352.601	3968.609	3695.314	1.076	1.079	1.063
1085	3720.457	3353.958	4083.186	3727.405	1.085	1.088	1.083
1086	3753.981	3336.503	4349.911	3680.114	1.071	1.074	1.093
1087	3712.888	3496.319	4016.264	3641.184	1.060	1.063	1.081
1088	3728.142	3495.228	4024.958	3700.022	1.077	1.080	1.085
1089	3783.469	3432.364	4137.773	3786.849	1.102	1.105	1.101
1090	3861.907	3355.306	4193.917	3863.977	1.125	1.128	1.124
1091	3874.188	3479.831	4248.746	3807.352	1.108	1.111	1.128
1092	3849.140	3360.277	4299.078	3807.359	1.108	1.111	1.121
1093	3827.019	3231.588	4281.507	3754.511	1.093	1.096	1.114
1094	3848.010	3439.748	4267.735	3887.240	1.132	1.135	1.120
1095	3840.483	3472.357	4164.629	3861.733	1.124	1.127	1.118
1096	3824.954	3484.139	4052.510	3838.058	1.117	1.120	1.113
1097	3728.589	3499.055	4073.160	3701.866	1.078	1.081	1.085
1098	3682.481	3409.239	4060.233	3645.415	1.061	1.064	1.072
1099	3707.251	3374.710	4058.463	3776.777	1.099	1.102	1.079
1100	3849.419	3380.545	4130.002	3937.108	1.146	1.149	1.121
1101	3838.465	3519.978	4114.575	3884.851	1.131	1.134	1.117
1102	3740.983	3513.020	3953.545	3704.495	1.078	1.081	1.089
1103	3735.486	3515.193	4275.135	3644.776	1.061	1.064	1.087
1104	3778.434	3494.689	4006.960	3829.834	1.115	1.118	1.100
1105	3766.596	3513.394	4123.205	3696.663	1.076	1.079	1.096
1106	3738.658	3535.444	4069.298	3726.639	1.085	1.088	1.088
1107	3736.519	3496.469	4013.030	3701.716	1.078	1.080	1.088
1108	3931.981	3577.269	4461.226	3918.254	1.141	1.144	1.145
1109	3849.403	3485.240	4339.846	3834.887	1.116	1.119	1.121
1110	3938.932	3466.854	4584.760	3781.613	1.101	1.104	1.147
1111	3984.865	3355.646	4660.827	4040.930	1.176	1.179	1.160
1112	4148.177	3447.614	4739.783	4289.966	1.249	1.252	1.208
1113	4100.950	3503.173	4623.981	4101.721	1.194	1.197	1.194
1114	4078.883	3517.579	4841.667	4004.695	1.166	1.169	1.187
1115	4099.108	3524.682	4782.179	3977.540	1.158	1.161	1.193
1116	4221.444	3632.491	4998.848	4017.012	1.169	1.173	1.229
1117	4130.802	3575.948	5040.481	3959.812	1.153	1.156	1.203
1118	4126.286	3570.763	4663.812	4111.265	1.197	1.200	1.201
1119	3987.065	3541.766	4397.050	3976.402	1.158	1.161	1.161
1120	3903.746	3600.399	4253.750	3888.915	1.132	1.135	1.136
1121	3812.820	3609.109	4094.010	3772.205	1.098	1.101	1.110
1122	3819.147	3419.472	4108.029	3907.591	1.138	1.141	1.112
1123	3704.493	3342.331	3954.066	3743.744	1.090	1.093	1.078
1124	3738.083	3328.546	4026.450	3873.866	1.128	1.131	1.088
1125	3699.971	3367.922	4098.481	3668.272	1.068	1.071	1.077
1126	3693.183	3494.183	4009.859	3663.478	1.066	1.069	1.075
1127	3753.372	3413.951	4102.329	3766.917	1.097	1.100	1.093
1128	3833.538	3555.697	4161.459	3822.420	1.113	1.116	1.116
1129	3968.457	3553.903	4254.129	3979.102	1.158	1.161	1.155
1130	4084.335	3574.312	4872.549	4050.896	1.179	1.182	1.189
1131	4200.867	3714.066	4874.718	4078.900	1.187	1.191	1.223
1132	4374.342	3557.761	5932.248	4193.724	1.221	1.224	1.273
1133	4498.837	3632.267	5998.844	4417.690	1.286	1.289	1.310
1134	4330.005	3589.979	5685.697	4219.272	1.228	1.232	1.260
1135	4090.667	3649.351	4851.052	3998.082	1.164	1.167	1.191
1136	4035.670	3723.365	4641.555	3925.020	1.143	1.146	1.175
1137	3959.870	3663.024	4301.146	3938.821	1.147	1.150	1.153
1138	4064.323	3901.339	4304.929	4069.372	1.185	1.188	1.183
1139	4192.735	3986.130	4488.418	4172.379	1.215	1.218	1.221
1140	4398.113	4003.396	4858.919	4402.729	1.282	1.285	1.280
1141	4384.504	3990.847	4742.429	4422.778	1.287	1.291	1.276
1142	4336.590	4048.390	4740.365	4304.307	1.253	1.256	1.262
1143	4146.712	3965.756	4397.669	4115.446	1.198	1.201	1.207
1144	4128.798	3915.437	4261.283	4174.847	1.215	1.219	1.202
1145	4017.814	3602.426	4373.729	4112.842	1.197	1.200	1.170
1146	3851.240	3574.030	4060.171	3929.756	1.144	1.147	1.121
1147	3831.783	3518.243	4079.703	3868.592	1.126	1.129	1.115
1148	3744.823	3544.101	4016.358	3756.988	1.094	1.097	1.090
1149	3757.927	3505.837	4173.174	3770.169	1.098	1.100	1.094
1150	3735.921	3445.859	4345.913	3628.608	1.056	1.059	1.088
1151	3708.112	3427.659	4291.751	3649.441	1.062	1.065	1.079
1152	3714.463	3249.240	4056.564	3676.477	1.070	1.073	1.081
1153	3779.186	3534.223	3894.865	3808.634	1.109	1.112	1.100
1154	3765.217	3582.286	3912.676	3790.237	1.103	1.106	1.096
1155	3799.369	3554.590	4003.016	3787.624	1.103	1.106	1.106
1156	3742.053	3524.610	3995.997	3765.683	1.096	1.099	1.089
1157	3794.663	3615.044	4033.086	3786.381	1.102	1.105	1.105
1158	3759.077	3491.377	3911.148	3787.592	1.103	1.106	1.094
1159	3783.621	3467.737	4129.632	3691.810	1.075	1.078	1.101
1160	3856.983	3355.278	4126.465	3979.490	1.158	1.162	1.123
1161	3844.588	3423.183	4054.640	3965.004	1.154	1.157	1.119
1162	3819.032	3420.865	4110.321	3870.721	1.127	1.130	1.112
1163	3785.607	3446.922	4146.542	3844.064	1.119	1.122	1.102
1164	3806.662	3605.446	3980.816	3831.807	1.115	1.118	1.108
1165	3784.526	3585.151	4076.476	3748.229	1.091	1.094	1.102
1166	3707.940	3530.041	4026.726	3701.388	1.077	1.080	1.079
1167	3772.155	3484.197	4147.122	3727.958	1.085	1.088	1.098
1168	3779.490	3486.795	4071.989	3794.618	1.105	1.108	1.100
1169	3676.518	3483.075	3911.923	3687.047	1.073	1.076	1.070
1170	3670.286	3432.615	3796.810	3697.302	1.076	1.079	1.068
1171	3749.085	3452.844	3881.976	3781.077	1.101	1.104	1.091
1172	3708.024	3433.539	3985.988	3731.938	1.086	1.089	1.079
1173	3737.025	3404.896	3975.373	3788.252	1.103	1.106	1.088
1174	3763.016	3474.609	4074.157	3766.431	1.096	1.099	1.095
1175	3819.808	3368.571	4123.282	3888.043	1.132	1.135	1.112
1176	3743.351	3443.304	3982.612	3766.498	1.096	1.099	1.090
1177	3827.254	3612.022	4025.043	3835.894	1.117	1.120	1.114
1178	3802.297	3389.300	4078.201	3848.681	1.120	1.123	1.107
1179	3806.482	3644.497	4117.667	3743.352	1.090	1.093	1.108
1180	3861.333	3593.445	4192.555	3841.319	1.118	1.121	1.124
1181	3949.011	3782.898	4252.687	3889.320	1.132	1.135	1.150
1182	3899.096	3596.815	4156.031	3874.445	1.128	1.131	1.135
1183	4066.393	3595.823	4653.423	4105.359	1.195	1.198	1.184
1184	4012.091	3567.360	4490.194	3931.339	1.144	1.148	1.168
1185	4064.909	3600.818	4824.419	4018.948	1.170	1.173	1.183
1186	4157.012	3737.397	4451.484	4281.872	1.246	1.250	1.210
1187	4259.021	3766.850	4708.921	4316.557	1.257	1.260	1.240
1188	4465.623	3884.215	5142.287	4475.394	1.303	1.306	1.300
1189	4630.516	3949.263	5506.780	4496.115	1.309	1.312	1.348
1190	4486.973	3818.282	5401.585	4478.277	1.304	1.307	1.306
1191	4139.170	3641.941	4487.307	4199.897	1.223	1.226	1.205
1192	4021.108	3710.470	4164.519	4070.735	1.185	1.188	1.171
1193	4074.463	3854.917	4507.708	3992.783	1.162	1.165	1.186
1194	4018.654	3731.404	4387.437	3973.437	1.157	1.160	1.170
1195	4068.915	3744.460	4417.685	4000.288	1.165	1.168	1.184
1196	4014.987	3663.440	4432.224	4022.681	1.171	1.174	1.169
1197	3943.991	3716.693	4261.406	3912.426	1.139	1.142	1.148
1198	3843.021	3588.172	4097.515	3780.407	1.101	1.103	1.119
1199	3756.671	3544.486	4031.392	3727.796	1.085	1.088	1.094
1200	3674.544	3528.998	3911.241	3658.201	1.065	1.068	1.070
1201	3720.825	3509.178	3889.523	3785.389	1.102	1.105	1.083
1202	3722.419	3583.993	3854.513	3724.240	1.084	1.087	1.084
1203	3667.228	3616.757	3770.860	3643.480	1.061	1.063	1.068
1204	3708.400	3602.438	3856.601	3683.298	1.072	1.075	1.080
1205	3726.682	3602.349	3904.291	3714.506	1.081	1.084	1.085
1206	3782.429	3572.689	3898.253	3779.091	1.100	1.103	1.101
1207	3826.010	3706.638	3942.853	3849.661	1.121	1.124	1.114
1208	3815.205	3600.556	4092.127	3791.720	1.104	1.107	1.111
1209	3869.391	3735.570	4002.763	3858.032	1.123	1.126	1.126
1210	3949.698	3873.300	4128.874	3914.299	1.139	1.143	1.150
1211	4070.985	3832.182	4438.934	4072.772	1.186	1.189	1.185
1212	4131.852	3796.482	4637.780	4118.142	1.199	1.202	1.203
1213	4318.984	3752.998	5024.635	4308.442	1.254	1.258	1.257
1214	4387.477	3851.935	4996.430	4448.748	1.295	1.299	1.277
1215	4382.107	3895.758	4832.213	4493.950	1.308	1.312	1.276
1216	4506.258	4053.428	4922.148	4602.398	1.340	1.343	1.312
1217	4540.910	3865.754	4987.163	4580.373	1.333	1.337	1.322
1218	4414.596	3978.732	4795.830	4478.252	1.304	1.307	1.285
1219	4291.136	3856.494	4769.938	4331.854	1.261	1.264	1.249
1220	4197.620	3912.356	4688.646	4100.792	1.194	1.197	1.222
1221	4132.261	3839.893	4420.284	4124.488	1.201	1.204	1.203
1222	4081.976	3642.377	4444.272	4093.908	1.192	1.195	1.188
1223	4215.444	3884.922	4545.916	4199.503	1.223	1.226	1.227
1224	4378.134	3822.164	5033.071	4328.407	1.260	1.263	1.275
1225	4592.354	3706.670	5567.139	4501.602	1.310	1.314	1.337
1226	4483.221	3731.289	5199.412	4477.398	1.303	1.307	1.305
1227	4404.220	3757.610	5195.369	4428.315	1.289	1.293	1.282
1228	4371.430	3843.930	4826.944	4410.555	1.284	1.287	1.273
1229	4185.170	3633.706	4579.526	4171.286	1.214	1.218	1.218
1230	4072.402	3788.892	4301.583	4081.689	1.188	1.191	1.186
1231	4063.437	3903.297	4424.025	4000.288	1.165	1.168	1.183
1232	3993.673	3755.229	4499.454	3919.920	1.141	1.144	1.163
1233	3877.652	3631.770	4223.573	3837.323	1.117	1.120	1.129
1234	3790.616	3662.912	3986.967	3759.389	1.094	1.097	1.103
1235	3857.046	3708.503	4098.924	3777.186	1.100	1.103	1.123
1236	3763.434	3535.445	3939.958	3767.346	1.097	1.100	1.096
1237	3837.736	3624.437	4175.874	3773.175	1.098	1.101	1.117
1238	3877.508	3676.727	4134.636	3854.779	1.122	1.125	1.129
1239	3884.956	3599.045	4372.610	3814.678	1.110	1.113	1.131
1240	3800.969	3630.528	4053.283	3807.021	1.108	1.111	1.106
1241	3856.346	3616.885	4274.948	3800.761	1.106	1.109	1.123
1242	3915.975	3626.546	4640.548	3853.095	1.122	1.125	1.140
1243	3968.558	3672.349	4892.517	3847.378	1.120	1.123	1.155
1244	3701.792	3513.302	3828.439	3727.235	1.085	1.088	1.078
1245	3701.792	3513.302	3828.439	3727.235	1.085	1.088	1.078
1246	3701.792	3513.302	3828.439	3727.235	1.085	1.088	1.078
