 	Mean	Min	Max	Median	Max_to_bgmean	Median_to_bgmedian	Mean_to_bgmean
1	3399.248	3312.920	3543.388	3382.017	0.965	0.969	0.970
2	3431.849	3304.315	3559.850	3416.313	0.975	0.979	0.980
3	3457.180	3347.768	3549.967	3464.424	0.989	0.993	0.987
4	3409.925	3322.389	3511.198	3400.177	0.971	0.975	0.973
5	3406.328	3346.678	3470.191	3393.777	0.969	0.973	0.972
6	3473.220	3298.975	3581.768	3473.122	0.991	0.995	0.991
7	3428.142	3318.097	3585.419	3424.291	0.977	0.981	0.979
8	3449.739	3285.990	3574.818	3431.643	0.980	0.984	0.985
9	3432.486	3313.171	3521.209	3445.398	0.983	0.988	0.980
10	3422.627	3342.039	3492.787	3431.571	0.980	0.984	0.977
11	3443.363	3356.154	3518.401	3456.764	0.987	0.991	0.983
12	3467.692	3383.162	3578.983	3444.974	0.983	0.987	0.990
13	3406.424	3259.311	3488.977	3400.349	0.971	0.975	0.972
14	3394.471	3242.217	3556.851	3395.537	0.969	0.973	0.969
15	3407.750	3293.226	3517.008	3404.087	0.972	0.976	0.973
16	3397.223	3312.259	3493.363	3403.216	0.971	0.975	0.970
17	3369.810	3246.283	3490.708	3367.520	0.961	0.965	0.962
18	3395.990	3340.267	3448.823	3406.079	0.972	0.976	0.969
19	3399.250	3226.720	3566.402	3382.549	0.966	0.969	0.970
20	3359.199	3195.461	3627.151	3343.588	0.954	0.958	0.959
21	3412.294	3353.174	3479.653	3413.510	0.974	0.978	0.974
22	3424.762	3351.878	3494.952	3419.788	0.976	0.980	0.978
23	3375.971	3240.445	3542.765	3356.112	0.958	0.962	0.964
24	3400.225	3220.712	3576.708	3416.444	0.975	0.979	0.971
25	3409.104	3271.198	3515.059	3420.368	0.976	0.980	0.973
26	3417.715	3251.787	3602.331	3414.577	0.975	0.979	0.976
27	3445.644	3351.771	3627.990	3402.373	0.971	0.975	0.984
28	3443.783	3348.784	3581.072	3423.331	0.977	0.981	0.983
29	3417.636	3344.433	3510.090	3415.436	0.975	0.979	0.976
30	3497.450	3396.331	3689.532	3456.675	0.987	0.991	0.998
31	3387.300	3300.552	3595.940	3364.227	0.960	0.964	0.967
32	3367.235	3251.002	3461.859	3353.895	0.957	0.961	0.961
33	3421.454	3321.000	3524.907	3432.225	0.980	0.984	0.977
34	3437.260	3311.096	3555.676	3448.584	0.984	0.988	0.981
35	3405.736	3328.677	3497.031	3404.816	0.972	0.976	0.972
36	3382.234	3225.799	3518.029	3398.787	0.970	0.974	0.965
37	3440.626	3278.472	3613.878	3421.443	0.977	0.981	0.982
38	3523.368	3321.974	3800.745	3502.515	1.000	1.004	1.006
39	3540.210	3361.075	3612.967	3569.658	1.019	1.023	1.011
40	3571.422	3406.219	3775.677	3575.592	1.021	1.025	1.019
41	3560.728	3378.659	3779.552	3565.804	1.018	1.022	1.016
42	3585.982	3405.451	3909.303	3523.165	1.006	1.010	1.024
43	3563.404	3434.472	3759.599	3532.236	1.008	1.012	1.017
44	3470.108	3328.559	3608.441	3482.688	0.994	0.998	0.991
45	3464.897	3387.957	3569.298	3465.193	0.989	0.993	0.989
46	3552.710	3336.788	3720.482	3582.766	1.023	1.027	1.014
47	3565.198	3351.778	3798.018	3551.920	1.014	1.018	1.018
48	3596.120	3306.824	3809.259	3638.735	1.039	1.043	1.026
49	3548.737	3336.708	3651.632	3588.962	1.024	1.029	1.013
50	3541.109	3349.437	3668.099	3556.093	1.015	1.019	1.011
51	3546.001	3291.455	3731.617	3538.531	1.010	1.014	1.012
52	3526.604	3367.058	3735.891	3528.577	1.007	1.011	1.007
53	3516.132	3354.274	3725.490	3536.115	1.009	1.014	1.004
54	3548.475	3476.348	3607.270	3565.708	1.018	1.022	1.013
55	3571.166	3439.011	3705.710	3564.317	1.017	1.022	1.019
56	3657.912	3505.022	3780.154	3684.833	1.052	1.056	1.044
57	3653.907	3394.164	4044.977	3616.498	1.032	1.037	1.043
58	3639.978	3402.072	3851.441	3635.810	1.038	1.042	1.039
59	3634.382	3347.726	3918.826	3638.334	1.039	1.043	1.037
60	3599.426	3445.500	3738.026	3595.638	1.026	1.031	1.027
61	3546.783	3425.354	3769.294	3512.119	1.003	1.007	1.012
62	3509.811	3277.519	3735.902	3516.940	1.004	1.008	1.002
63	3578.146	3418.734	3821.240	3543.927	1.012	1.016	1.021
64	3540.852	3419.289	3712.618	3543.435	1.011	1.016	1.011
65	3547.078	3428.126	3669.010	3535.663	1.009	1.013	1.012
66	3573.595	3496.155	3664.089	3566.451	1.018	1.022	1.020
67	3647.376	3471.417	3767.379	3666.721	1.047	1.051	1.041
68	3687.486	3534.952	3799.863	3695.174	1.055	1.059	1.053
69	3663.434	3545.878	3697.706	3686.312	1.052	1.057	1.046
70	3695.405	3493.127	3923.712	3696.416	1.055	1.059	1.055
71	3704.148	3461.185	3929.223	3716.820	1.061	1.065	1.057
72	3657.749	3565.710	3728.777	3669.255	1.047	1.052	1.044
73	3746.447	3576.789	3941.111	3780.459	1.079	1.084	1.069
74	3815.756	3454.235	4318.242	3726.452	1.064	1.068	1.089
75	4024.920	3528.706	4898.461	3853.252	1.100	1.104	1.149
76	4116.163	3538.718	5138.777	3945.596	1.126	1.131	1.175
77	3907.730	3430.062	4540.419	3772.257	1.077	1.081	1.115
78	3958.111	3402.341	4645.302	3874.201	1.106	1.110	1.130
79	4019.051	3459.207	4911.789	3869.916	1.105	1.109	1.147
80	3793.441	3525.421	4369.590	3702.565	1.057	1.061	1.083
81	3757.688	3348.446	4665.069	3633.740	1.037	1.041	1.073
82	3689.665	3408.063	4367.184	3591.822	1.025	1.029	1.053
83	3649.441	3412.006	4043.685	3647.626	1.041	1.045	1.042
84	3585.944	3353.448	4062.567	3551.299	1.014	1.018	1.024
85	3604.651	3378.714	4023.149	3538.235	1.010	1.014	1.029
86	3656.160	3503.354	4071.451	3586.534	1.024	1.028	1.044
87	3664.408	3482.306	4017.072	3629.274	1.036	1.040	1.046
88	3616.627	3398.586	3852.300	3634.005	1.037	1.042	1.032
89	3652.595	3501.574	3991.176	3650.558	1.042	1.046	1.043
90	3596.786	3309.291	3967.835	3592.610	1.025	1.030	1.027
91	3593.220	3313.599	3973.763	3515.546	1.003	1.008	1.026
92	3689.449	3322.724	4115.338	3666.741	1.047	1.051	1.053
93	3776.484	3493.950	4139.114	3718.385	1.061	1.066	1.078
94	3850.429	3576.134	4272.043	3801.530	1.085	1.090	1.099
95	3828.468	3598.626	4095.707	3827.908	1.093	1.097	1.093
96	3818.221	3417.019	4215.306	3778.225	1.078	1.083	1.090
97	3855.400	3407.082	4261.723	3892.009	1.111	1.116	1.100
98	3801.971	3475.845	4405.812	3752.521	1.071	1.076	1.085
99	3966.302	3475.654	4940.850	3902.141	1.114	1.118	1.132
100	3991.343	3425.419	4915.863	3855.530	1.101	1.105	1.139
101	3964.831	3499.919	4929.933	3785.508	1.081	1.085	1.132
102	3961.601	3424.482	4826.953	3747.015	1.070	1.074	1.131
103	3881.096	3565.022	4421.775	3819.628	1.090	1.095	1.108
104	3863.280	3571.654	4258.395	3855.297	1.100	1.105	1.103
105	3854.089	3590.530	4370.107	3788.235	1.081	1.086	1.100
106	4038.878	3578.988	4849.558	3957.558	1.130	1.134	1.153
107	4121.094	3654.112	5097.759	3982.195	1.137	1.141	1.176
108	4136.297	3489.929	5115.614	4084.529	1.166	1.171	1.181
109	4171.835	3647.833	5155.693	3892.938	1.111	1.116	1.191
110	4076.488	3614.770	4665.427	3973.090	1.134	1.139	1.164
111	3917.295	3481.482	4359.920	3928.460	1.121	1.126	1.118
112	3918.571	3722.415	4458.962	3827.355	1.092	1.097	1.119
113	3917.105	3612.865	4383.464	3913.194	1.117	1.122	1.118
114	3888.322	3713.959	4292.435	3826.866	1.092	1.097	1.110
115	3857.306	3660.692	4346.556	3771.806	1.077	1.081	1.101
116	3786.719	3533.209	4030.715	3748.696	1.070	1.074	1.081
117	3736.414	3631.057	3908.189	3711.076	1.059	1.064	1.067
118	3691.611	3490.223	4152.735	3646.428	1.041	1.045	1.054
119	3694.706	3500.270	3883.341	3727.991	1.064	1.068	1.055
120	3681.778	3408.675	3846.072	3672.462	1.048	1.053	1.051
121	3617.478	3523.288	3714.552	3611.435	1.031	1.035	1.033
122	3603.235	3394.041	3796.774	3604.603	1.029	1.033	1.029
123	3507.740	3443.499	3575.381	3503.206	1.000	1.004	1.001
124	3521.922	3354.056	3702.092	3526.357	1.007	1.011	1.005
125	3546.535	3434.590	3683.615	3532.915	1.008	1.013	1.012
126	3517.197	3376.678	3630.665	3538.187	1.010	1.014	1.004
127	3632.280	3468.251	3922.255	3605.693	1.029	1.033	1.037
128	3611.404	3507.385	3778.495	3583.952	1.023	1.027	1.031
129	3634.999	3475.737	3862.417	3635.669	1.038	1.042	1.038
130	3625.673	3480.472	3854.633	3610.823	1.031	1.035	1.035
131	3648.789	3478.258	3965.964	3590.943	1.025	1.029	1.042
132	3697.759	3439.657	3955.817	3724.040	1.063	1.067	1.055
133	3665.301	3285.801	3838.257	3710.276	1.059	1.063	1.046
134	3683.819	3384.445	3917.601	3733.917	1.066	1.070	1.052
135	3710.066	3447.789	3947.931	3720.269	1.062	1.066	1.059
136	3730.830	3310.308	3961.856	3794.081	1.083	1.087	1.065
137	3753.210	3514.166	4040.003	3763.379	1.074	1.079	1.071
138	3820.165	3584.358	4149.694	3856.298	1.101	1.105	1.090
139	3846.560	3481.730	4229.381	3877.757	1.107	1.111	1.098
140	3827.088	3528.455	4200.424	3752.960	1.071	1.076	1.092
141	3805.410	3432.938	4070.480	3855.432	1.100	1.105	1.086
142	3732.177	3457.105	4024.112	3751.830	1.071	1.075	1.065
143	3882.328	3591.974	4213.180	3836.439	1.095	1.100	1.108
144	4004.861	3665.652	4430.154	3926.144	1.121	1.125	1.143
145	4051.063	3539.761	4577.858	4087.473	1.167	1.172	1.156
146	3958.568	3402.260	4543.253	3962.905	1.131	1.136	1.130
147	3924.163	3536.388	4480.602	3898.781	1.113	1.117	1.120
148	3891.115	3507.864	4259.951	3930.313	1.122	1.126	1.111
149	3947.271	3681.844	4204.459	3988.097	1.138	1.143	1.127
150	3869.592	3432.126	4167.050	3988.665	1.139	1.143	1.105
151	3962.412	3538.229	4417.957	4055.438	1.158	1.162	1.131
152	4116.435	3614.763	4482.822	4218.756	1.204	1.209	1.175
153	4234.327	3504.497	4993.625	4234.888	1.209	1.214	1.209
154	4280.634	3831.724	4769.996	4289.800	1.224	1.230	1.222
155	4292.722	3870.042	4894.890	4245.799	1.212	1.217	1.225
156	4216.589	3747.778	4541.013	4244.594	1.212	1.217	1.204
157	4224.835	4079.728	4467.246	4188.397	1.196	1.200	1.206
158	4071.397	3735.284	4428.442	4102.537	1.171	1.176	1.162
159	3885.790	3460.168	4376.900	3883.360	1.108	1.113	1.109
160	3777.885	3584.326	4049.499	3729.643	1.065	1.069	1.078
161	3847.807	3497.264	4306.352	3819.320	1.090	1.095	1.098
162	3809.260	3473.528	4228.163	3729.290	1.064	1.069	1.087
163	3842.596	3517.715	4428.579	3709.602	1.059	1.063	1.097
164	3789.505	3582.250	4207.484	3670.663	1.048	1.052	1.082
165	3713.611	3425.176	3959.573	3719.176	1.062	1.066	1.060
166	3769.668	3455.887	4158.142	3697.895	1.056	1.060	1.076
167	3816.044	3668.788	4220.585	3714.831	1.060	1.065	1.089
168	3790.995	3628.285	3984.718	3758.528	1.073	1.077	1.082
169	3703.812	3529.733	3911.765	3700.069	1.056	1.060	1.057
170	3759.893	3549.043	3981.184	3754.057	1.072	1.076	1.073
171	3778.312	3539.405	3914.173	3787.202	1.081	1.085	1.078
172	3825.392	3638.441	3980.068	3835.725	1.095	1.099	1.092
173	3957.578	3742.631	4223.371	3967.930	1.133	1.137	1.130
174	4246.187	3577.790	4699.330	4256.451	1.215	1.220	1.212
175	4231.291	3787.142	4732.201	4227.558	1.207	1.212	1.208
176	4007.239	3639.181	4360.866	3964.579	1.132	1.136	1.144
177	4055.866	3656.041	4412.582	4020.960	1.148	1.152	1.158
178	3931.643	3548.836	4331.602	4009.354	1.144	1.149	1.122
179	3893.491	3459.254	4220.260	3924.192	1.120	1.125	1.111
180	3890.979	3729.499	4076.447	3886.430	1.109	1.114	1.111
181	3853.147	3703.693	4033.214	3865.690	1.103	1.108	1.100
182	3842.952	3535.513	4298.833	3883.577	1.109	1.113	1.097
183	3758.566	3470.092	3965.256	3893.322	1.111	1.116	1.073
184	3854.002	3510.018	4132.248	3908.542	1.116	1.120	1.100
185	3795.099	3477.889	4042.471	3781.888	1.080	1.084	1.083
186	3819.065	3638.030	4022.328	3817.139	1.090	1.094	1.090
187	3811.032	3459.521	4262.778	3725.037	1.063	1.068	1.088
188	3758.870	3353.993	4470.407	3647.117	1.041	1.045	1.073
189	3707.289	3380.432	4234.518	3713.685	1.060	1.064	1.058
190	3665.440	3391.677	3958.576	3707.627	1.058	1.063	1.046
191	3611.701	3424.461	3918.077	3568.649	1.019	1.023	1.031
192	3653.975	3486.200	4041.959	3596.651	1.027	1.031	1.043
193	3674.812	3410.403	4073.028	3591.315	1.025	1.029	1.049
194	3722.368	3406.724	4040.787	3778.511	1.079	1.083	1.063
195	3725.061	3589.505	3899.867	3680.977	1.051	1.055	1.063
196	3888.584	3575.017	4229.679	3869.820	1.105	1.109	1.110
197	4034.580	3602.415	4443.267	4050.242	1.156	1.161	1.152
198	4307.800	3669.978	4906.048	4404.657	1.257	1.262	1.230
199	4430.031	3618.874	5234.529	4427.921	1.264	1.269	1.265
200	4444.298	3617.568	5270.025	4426.629	1.264	1.269	1.269
201	4552.991	3856.152	5463.635	4447.988	1.270	1.275	1.300
202	4133.574	3676.334	4382.389	4184.698	1.194	1.199	1.180
203	3971.176	3644.500	4292.915	3960.116	1.130	1.135	1.134
204	3856.425	3637.147	4062.220	3870.797	1.105	1.109	1.101
205	3700.013	3559.505	3902.709	3699.376	1.056	1.060	1.056
206	3758.152	3544.338	3932.663	3767.270	1.075	1.080	1.073
207	3833.116	3404.055	4165.123	3873.098	1.106	1.110	1.094
208	3846.410	3423.186	4178.151	3851.338	1.099	1.104	1.098
209	3802.769	3500.849	4054.205	3796.300	1.084	1.088	1.085
210	3695.073	3394.981	4138.859	3629.316	1.036	1.040	1.055
211	3650.352	3439.125	3945.132	3652.081	1.042	1.047	1.042
212	3611.798	3301.177	4056.801	3553.525	1.014	1.018	1.031
213	3580.130	3413.691	3751.652	3568.740	1.019	1.023	1.022
214	3550.108	3370.540	3788.228	3549.898	1.013	1.017	1.013
215	3604.670	3408.282	3837.032	3628.443	1.036	1.040	1.029
216	3486.478	3383.182	3621.851	3480.298	0.993	0.998	0.995
217	3485.016	3385.861	3715.328	3452.768	0.986	0.990	0.995
218	3495.215	3312.477	3819.907	3477.792	0.993	0.997	0.998
219	3559.119	3403.370	3721.692	3567.688	1.018	1.023	1.016
220	3556.856	3455.859	3671.791	3569.363	1.019	1.023	1.015
221	3547.053	3462.668	3671.606	3536.488	1.009	1.014	1.012
222	3521.861	3373.705	3671.239	3542.059	1.011	1.015	1.005
223	3609.634	3469.280	3815.976	3599.519	1.027	1.032	1.030
224	3667.362	3592.296	3758.408	3670.910	1.048	1.052	1.047
225	3671.210	3541.953	3846.629	3653.744	1.043	1.047	1.048
226	3647.519	3453.981	3895.308	3644.687	1.040	1.045	1.041
227	3706.158	3377.764	4227.918	3658.210	1.044	1.048	1.058
228	3736.296	3405.215	4333.283	3729.075	1.064	1.069	1.066
229	3689.346	3424.059	4197.201	3612.087	1.031	1.035	1.053
230	3681.367	3457.417	3995.875	3686.289	1.052	1.057	1.051
231	3732.509	3474.515	4090.939	3726.425	1.064	1.068	1.065
232	3688.822	3488.485	4058.919	3715.152	1.060	1.065	1.053
233	3636.528	3419.969	3966.913	3610.895	1.031	1.035	1.038
234	3638.479	3436.968	4188.393	3569.777	1.019	1.023	1.039
235	3626.686	3423.329	3916.328	3616.713	1.032	1.037	1.035
236	3639.643	3426.246	4142.888	3564.125	1.017	1.022	1.039
237	3724.361	3509.071	4106.927	3707.959	1.058	1.063	1.063
238	3733.639	3576.841	3930.993	3717.260	1.061	1.065	1.066
239	3687.878	3524.927	3910.314	3651.024	1.042	1.046	1.053
240	3681.108	3460.510	3978.940	3606.980	1.030	1.034	1.051
241	3722.816	3426.902	3914.567	3741.516	1.068	1.072	1.063
242	3763.422	3505.401	4194.987	3700.957	1.056	1.061	1.074
243	3837.844	3429.185	4272.963	3853.720	1.100	1.105	1.095
244	3918.550	3446.219	4617.213	3810.188	1.088	1.092	1.119
245	4011.682	3659.139	4652.131	3895.395	1.112	1.116	1.145
246	3956.613	3501.317	4316.785	4095.753	1.169	1.174	1.129
247	3793.814	3438.353	4191.420	3803.607	1.086	1.090	1.083
248	3794.160	3568.369	4147.509	3742.637	1.068	1.073	1.083
249	3788.329	3520.331	4069.316	3797.878	1.084	1.089	1.081
250	3715.452	3414.952	3893.332	3775.071	1.078	1.082	1.061
251	3808.242	3550.343	4032.306	3883.704	1.109	1.113	1.087
252	3893.506	3620.579	4201.381	3902.987	1.114	1.119	1.111
253	3965.620	3524.513	4722.609	3908.557	1.116	1.120	1.132
254	3925.262	3620.759	4224.925	3913.160	1.117	1.122	1.120
255	3968.744	3721.443	4387.425	3963.715	1.131	1.136	1.133
256	3759.407	3635.081	4052.311	3715.305	1.060	1.065	1.073
257	3721.416	3560.922	3985.080	3695.198	1.055	1.059	1.062
258	3760.507	3605.871	4035.342	3727.389	1.064	1.068	1.073
259	3781.012	3632.625	4135.976	3713.709	1.060	1.064	1.079
260	3832.610	3739.503	3969.981	3811.361	1.088	1.092	1.094
261	3846.879	3742.533	3986.834	3830.554	1.093	1.098	1.098
262	3889.463	3660.983	4013.976	3890.644	1.111	1.115	1.110
263	3919.344	3592.720	4209.639	3912.640	1.117	1.121	1.119
264	3841.462	3586.477	4052.918	3875.831	1.106	1.111	1.097
265	3910.455	3658.817	4178.682	3918.269	1.118	1.123	1.116
266	4007.292	3641.822	4474.110	3928.609	1.121	1.126	1.144
267	3935.031	3551.368	4208.517	3992.651	1.140	1.144	1.123
268	3838.719	3579.172	3946.798	3845.106	1.098	1.102	1.096
269	3722.264	3553.118	4026.401	3727.313	1.064	1.068	1.062
270	3654.166	3534.647	3759.089	3646.442	1.041	1.045	1.043
271	3621.519	3517.737	3724.412	3621.696	1.034	1.038	1.034
272	3682.459	3532.473	3987.342	3634.758	1.038	1.042	1.051
273	3689.866	3558.034	3858.055	3674.858	1.049	1.053	1.053
274	3747.778	3584.274	3956.854	3719.314	1.062	1.066	1.070
275	3789.715	3565.299	4107.137	3765.826	1.075	1.079	1.082
276	3804.479	3603.121	4245.763	3749.879	1.070	1.075	1.086
277	3949.541	3456.606	4473.857	3919.854	1.119	1.123	1.127
278	3949.933	3682.690	4264.463	3962.519	1.131	1.136	1.127
279	4136.431	3824.860	4462.617	4091.650	1.168	1.173	1.181
280	4323.480	4034.669	4590.540	4308.475	1.230	1.235	1.234
281	4346.443	3869.614	4612.095	4353.017	1.243	1.248	1.241
282	4254.145	3727.187	4630.711	4283.446	1.223	1.228	1.214
283	4200.751	3649.812	4572.630	4231.461	1.208	1.213	1.199
284	4077.037	3662.844	4385.056	4041.857	1.154	1.158	1.164
285	4109.427	3633.069	4481.431	4122.685	1.177	1.182	1.173
286	4183.185	3640.009	4704.610	4134.825	1.180	1.185	1.194
287	4086.708	3600.357	4759.017	3942.231	1.125	1.130	1.167
288	3990.254	3570.070	4585.412	3962.722	1.131	1.136	1.139
289	3794.606	3427.934	4174.755	3846.164	1.098	1.102	1.083
290	3654.376	3391.629	3884.626	3644.366	1.040	1.045	1.043
291	3646.671	3452.291	4026.004	3561.515	1.017	1.021	1.041
292	3625.426	3399.205	3874.757	3595.865	1.026	1.031	1.035
293	3554.980	3426.791	3673.979	3546.174	1.012	1.016	1.015
294	3597.402	3391.870	3802.340	3591.642	1.025	1.029	1.027
295	3733.081	3405.897	3969.085	3788.004	1.081	1.086	1.066
296	3676.686	3414.066	3887.958	3782.871	1.080	1.084	1.049
297	3615.958	3507.499	3844.907	3582.986	1.023	1.027	1.032
298	3640.853	3416.759	4016.661	3628.094	1.036	1.040	1.039
299	3588.057	3326.179	3777.047	3583.051	1.023	1.027	1.024
300	3661.137	3488.274	3826.994	3659.842	1.045	1.049	1.045
301	3672.912	3451.385	3809.131	3717.310	1.061	1.065	1.048
302	3685.114	3272.442	3933.472	3771.769	1.077	1.081	1.052
303	3751.963	3548.524	3955.487	3770.173	1.076	1.081	1.071
304	3777.109	3473.352	4050.519	3779.491	1.079	1.083	1.078
305	3809.217	3589.526	4311.770	3830.286	1.093	1.098	1.087
306	3849.357	3474.551	4138.075	3842.159	1.097	1.101	1.099
307	3816.950	3424.824	4106.302	3828.492	1.093	1.097	1.090
308	3781.073	3425.583	4179.046	3807.816	1.087	1.091	1.079
309	3844.455	3478.865	4561.381	3761.222	1.074	1.078	1.097
310	3876.857	3502.270	5043.791	3775.162	1.078	1.082	1.107
311	3787.226	3492.335	4598.272	3709.739	1.059	1.063	1.081
312	3903.086	3465.656	4731.812	3767.417	1.075	1.080	1.114
313	4031.314	3523.700	4544.479	4130.107	1.179	1.184	1.151
314	4017.807	3575.566	4699.078	4036.382	1.152	1.157	1.147
315	3926.083	3416.343	4428.475	4025.875	1.149	1.154	1.121
316	3934.049	3549.642	4307.216	3936.406	1.124	1.128	1.123
317	3897.108	3576.613	4244.255	3969.661	1.133	1.138	1.112
318	3974.364	3509.557	4393.550	4021.018	1.148	1.152	1.134
319	4008.256	3662.651	4319.776	4043.119	1.154	1.159	1.144
320	4240.820	3787.220	5069.040	4204.205	1.200	1.205	1.211
321	4192.186	3825.724	4598.651	4190.098	1.196	1.201	1.197
322	4085.094	3627.476	4416.306	4098.884	1.170	1.175	1.166
323	3882.919	3439.295	4078.349	3969.412	1.133	1.138	1.108
324	3774.474	3500.533	3972.091	3797.981	1.084	1.089	1.077
325	3767.400	3519.162	4066.927	3719.892	1.062	1.066	1.075
326	3791.652	3469.796	4310.614	3700.924	1.056	1.061	1.082
327	3744.144	3598.918	3997.214	3714.571	1.060	1.065	1.069
328	3831.627	3549.195	4105.361	3866.155	1.104	1.108	1.094
329	3851.016	3523.357	4089.887	3882.758	1.108	1.113	1.099
330	3771.907	3536.891	3916.834	3782.079	1.080	1.084	1.077
331	3806.919	3531.064	3905.207	3866.424	1.104	1.108	1.087
332	3821.443	3590.358	4160.436	3820.851	1.091	1.095	1.091
333	3787.799	3482.168	4104.281	3728.708	1.064	1.069	1.081
334	4018.829	3561.867	4608.643	4015.946	1.146	1.151	1.147
335	4038.155	3552.597	4675.343	4032.749	1.151	1.156	1.153
336	4282.270	3515.521	4807.900	4325.284	1.235	1.240	1.222
337	4220.107	3526.076	4727.065	4288.637	1.224	1.229	1.205
338	4234.868	3513.146	4702.485	4379.065	1.250	1.255	1.209
339	4073.196	3569.133	4478.458	4112.262	1.174	1.179	1.163
340	4062.614	3485.075	4513.527	4149.428	1.184	1.189	1.160
341	4115.307	3556.262	4453.700	4199.595	1.199	1.204	1.175
342	4061.366	3500.715	4526.993	4002.097	1.142	1.147	1.159
343	4138.738	3546.014	4833.444	3999.555	1.142	1.146	1.181
344	4263.572	3532.600	4794.576	4185.830	1.195	1.200	1.217
345	4242.061	3462.726	4931.072	4237.505	1.210	1.215	1.211
346	4070.213	3443.637	4533.586	4121.217	1.176	1.181	1.162
347	4020.306	3399.027	4480.000	4106.405	1.172	1.177	1.148
348	4080.849	3428.702	4610.601	4022.182	1.148	1.153	1.165
349	4217.804	3691.898	4641.217	4359.941	1.245	1.250	1.204
350	4265.394	3834.284	4819.013	4284.281	1.223	1.228	1.218
351	4232.934	3672.045	4946.734	4127.883	1.178	1.183	1.208
352	4511.064	3888.471	5127.465	4527.030	1.292	1.298	1.288
353	4463.265	3988.646	5040.945	4330.861	1.236	1.241	1.274
354	4602.462	3898.006	5586.598	4452.501	1.271	1.276	1.314
355	4774.515	3800.644	5893.893	4721.886	1.348	1.353	1.363
356	4710.464	4008.939	5699.396	4668.919	1.333	1.338	1.345
357	4684.876	3930.449	5576.789	4621.812	1.319	1.325	1.337
358	4328.172	3780.365	4919.810	4310.422	1.230	1.235	1.235
359	4207.145	3759.506	4673.779	4246.164	1.212	1.217	1.201
360	4031.880	3561.029	4482.358	4082.949	1.165	1.170	1.151
361	4051.017	3597.633	4740.970	3947.167	1.127	1.131	1.156
362	4055.273	3502.872	4649.418	4060.949	1.159	1.164	1.158
363	4045.811	3496.382	4506.181	4058.252	1.158	1.163	1.155
364	4018.920	3630.165	4623.058	4023.859	1.149	1.153	1.147
365	3991.937	3580.719	4490.655	3863.977	1.103	1.107	1.139
366	3977.601	3758.420	4268.032	3942.016	1.125	1.130	1.135
367	3966.095	3630.003	4190.880	3992.068	1.139	1.144	1.132
368	4042.649	3470.335	4555.526	4073.268	1.163	1.167	1.154
369	4098.754	3745.823	4361.370	4074.624	1.163	1.168	1.170
370	4208.582	3735.897	4566.504	4280.616	1.222	1.227	1.201
371	4246.891	3917.273	4586.671	4221.755	1.205	1.210	1.212
372	4254.456	3942.846	4594.772	4249.797	1.213	1.218	1.214
373	4141.838	3821.302	4468.048	4100.702	1.171	1.175	1.182
374	4093.630	3807.216	4479.043	4017.852	1.147	1.152	1.168
375	4042.708	3567.400	4407.300	4022.574	1.148	1.153	1.154
376	4132.381	3929.052	4514.488	4068.429	1.161	1.166	1.180
377	4267.881	3854.079	4717.513	4113.105	1.174	1.179	1.218
378	4213.925	3655.687	4764.603	4258.823	1.216	1.221	1.203
379	4164.402	3783.582	4473.678	4166.321	1.189	1.194	1.189
380	3946.088	3688.093	4133.184	3989.809	1.139	1.144	1.126
381	3853.156	3586.577	4230.510	3795.260	1.083	1.088	1.100
382	3904.924	3599.757	4548.651	3814.759	1.089	1.093	1.115
383	3774.082	3534.384	4076.729	3763.326	1.074	1.079	1.077
384	3755.046	3575.770	3945.248	3762.205	1.074	1.078	1.072
385	3811.265	3503.464	4239.721	3797.692	1.084	1.088	1.088
386	3879.650	3709.217	4096.155	3851.624	1.099	1.104	1.107
387	3864.971	3641.443	4027.811	3878.244	1.107	1.112	1.103
388	3844.907	3439.631	4144.891	3845.443	1.098	1.102	1.097
389	3945.947	3460.166	4611.912	3857.325	1.101	1.106	1.126
390	3986.284	3589.357	4876.438	3750.433	1.071	1.075	1.138
391	4214.878	3475.760	5449.341	4182.296	1.194	1.199	1.203
392	4250.626	3641.168	5311.056	4052.010	1.157	1.161	1.213
393	4045.687	3652.729	4757.214	3956.353	1.129	1.134	1.155
394	3868.873	3635.328	4291.654	3847.625	1.098	1.103	1.104
395	3684.780	3536.926	3819.971	3705.274	1.058	1.062	1.052
396	3645.693	3525.989	3768.386	3648.015	1.041	1.046	1.041
397	3687.415	3430.019	3972.976	3655.236	1.043	1.048	1.053
398	3714.941	3523.106	4024.449	3626.742	1.035	1.039	1.060
399	3689.674	3506.847	3845.008	3701.784	1.057	1.061	1.053
400	3651.532	3228.990	3902.850	3674.123	1.049	1.053	1.042
401	3579.411	3440.009	3713.560	3572.148	1.020	1.024	1.022
402	3585.097	3382.059	3807.598	3572.379	1.020	1.024	1.023
403	3619.971	3450.493	3770.824	3617.070	1.032	1.037	1.033
404	3839.060	3664.121	4059.018	3821.458	1.091	1.095	1.096
405	3900.531	3562.481	4122.880	3921.194	1.119	1.124	1.113
406	3796.597	3409.587	4054.019	3774.859	1.077	1.082	1.084
407	3798.537	3472.234	4090.451	3803.326	1.086	1.090	1.084
408	3839.575	3544.465	4089.736	3813.381	1.088	1.093	1.096
409	3804.976	3561.563	4015.215	3795.014	1.083	1.088	1.086
410	3721.794	3499.055	3997.728	3730.015	1.065	1.069	1.062
411	3713.154	3512.071	3960.661	3678.189	1.050	1.054	1.060
412	3708.575	3455.381	3918.454	3718.270	1.061	1.066	1.059
413	3726.362	3460.863	4036.055	3702.308	1.057	1.061	1.064
414	3717.743	3564.875	4047.637	3661.241	1.045	1.049	1.061
415	3604.564	3406.032	3975.708	3553.722	1.014	1.019	1.029
416	3614.472	3351.663	3925.886	3592.799	1.026	1.030	1.032
417	3632.780	3382.859	3954.259	3628.539	1.036	1.040	1.037
418	3625.524	3420.234	3903.622	3617.591	1.033	1.037	1.035
419	3603.418	3425.893	3981.743	3559.810	1.016	1.020	1.029
420	3686.756	3560.184	3856.727	3644.385	1.040	1.045	1.052
421	3628.016	3546.276	3780.547	3616.439	1.032	1.037	1.036
422	3558.075	3407.802	3685.448	3566.163	1.018	1.022	1.016
423	3565.728	3391.992	3739.022	3560.943	1.016	1.021	1.018
424	3549.779	3377.996	3700.359	3555.437	1.015	1.019	1.013
425	3577.880	3363.058	3712.767	3592.555	1.025	1.030	1.021
426	3580.309	3409.870	3708.481	3594.538	1.026	1.030	1.022
427	3549.069	3385.020	3726.479	3564.998	1.018	1.022	1.013
428	3601.634	3489.625	3729.962	3596.850	1.027	1.031	1.028
429	3712.427	3446.225	3903.001	3786.957	1.081	1.085	1.060
430	3725.689	3432.621	3919.101	3733.971	1.066	1.070	1.063
431	3579.716	3372.403	3815.467	3541.785	1.011	1.015	1.022
432	3551.339	3318.555	3790.427	3519.986	1.005	1.009	1.014
433	3495.739	3333.722	3690.077	3491.690	0.997	1.001	0.998
434	3550.161	3288.896	3707.089	3605.310	1.029	1.033	1.013
435	3587.213	3338.537	3773.255	3615.906	1.032	1.036	1.024
436	3589.532	3459.824	3779.543	3570.424	1.019	1.023	1.025
437	3564.591	3411.970	3787.090	3535.692	1.009	1.013	1.017
438	3534.404	3380.586	3658.983	3537.063	1.010	1.014	1.009
439	3507.190	3346.739	3629.369	3506.552	1.001	1.005	1.001
440	3548.993	3404.472	3700.377	3542.825	1.011	1.015	1.013
441	3490.469	3380.496	3672.731	3478.614	0.993	0.997	0.996
442	3440.125	3307.925	3570.225	3457.354	0.987	0.991	0.982
443	3430.245	3239.321	3630.898	3442.319	0.983	0.987	0.979
444	3421.834	3246.997	3533.383	3423.793	0.977	0.981	0.977
445	3430.375	3236.958	3666.534	3457.109	0.987	0.991	0.979
446	3411.388	3172.405	3656.676	3418.680	0.976	0.980	0.974
447	3421.982	3321.146	3600.231	3407.518	0.973	0.977	0.977
448	3463.442	3337.994	3641.423	3449.315	0.985	0.989	0.989
449	3420.123	3202.076	3652.438	3430.576	0.979	0.983	0.976
450	3485.471	3241.569	3625.384	3531.982	1.008	1.012	0.995
451	3439.427	3302.772	3539.862	3449.368	0.985	0.989	0.982
452	3473.190	3323.555	3658.818	3453.088	0.986	0.990	0.991
453	3446.976	3213.356	3642.423	3454.448	0.986	0.990	0.984
454	3503.329	3302.150	3673.577	3555.385	1.015	1.019	1.000
455	3490.312	3196.138	3669.787	3497.704	0.998	1.002	0.996
456	3476.859	3297.216	3586.425	3510.658	1.002	1.006	0.992
457	3437.081	3291.554	3573.500	3447.530	0.984	0.988	0.981
458	3412.301	3159.003	3591.294	3433.565	0.980	0.984	0.974
459	3392.277	3201.819	3553.297	3363.932	0.960	0.964	0.968
460	3443.401	3331.217	3525.352	3441.809	0.982	0.986	0.983
461	3449.102	3238.985	3630.845	3460.126	0.988	0.992	0.985
462	3487.435	3351.239	3592.699	3484.078	0.994	0.999	0.995
463	3503.358	3373.466	3751.051	3472.703	0.991	0.995	1.000
464	3496.053	3429.871	3578.320	3492.284	0.997	1.001	0.998
465	3530.923	3454.563	3621.867	3519.828	1.005	1.009	1.008
466	3427.620	3358.091	3532.225	3419.464	0.976	0.980	0.978
467	3419.183	3271.472	3532.788	3403.122	0.971	0.975	0.976
468	3475.123	3389.152	3585.148	3472.952	0.991	0.995	0.992
469	3571.254	3432.914	3650.833	3583.817	1.023	1.027	1.019
470	3617.120	3450.202	3755.930	3602.913	1.028	1.033	1.032
471	3532.855	3354.983	3671.710	3558.723	1.016	1.020	1.008
472	3465.738	3305.035	3672.735	3457.440	0.987	0.991	0.989
473	3492.284	3302.697	3741.420	3498.252	0.999	1.003	0.997
474	3490.278	3375.521	3747.529	3444.371	0.983	0.987	0.996
475	3465.845	3247.950	3623.938	3480.873	0.994	0.998	0.989
476	3474.794	3227.682	3651.250	3497.283	0.998	1.002	0.992
477	3479.616	3389.323	3539.609	3502.151	1.000	1.004	0.993
478	3524.577	3409.882	3632.876	3540.630	1.011	1.015	1.006
479	3453.509	3321.863	3649.203	3421.676	0.977	0.981	0.986
480	3468.254	3340.822	3582.524	3466.759	0.990	0.994	0.990
481	3481.412	3427.946	3537.725	3474.537	0.992	0.996	0.994
482	3464.765	3320.650	3660.229	3453.229	0.986	0.990	0.989
483	3431.359	3365.627	3531.235	3421.482	0.977	0.981	0.979
484	3540.266	3418.128	3734.760	3507.837	1.001	1.005	1.011
485	3455.159	3322.074	3547.818	3491.210	0.997	1.001	0.986
486	3497.910	3434.112	3602.527	3496.258	0.998	1.002	0.998
487	3467.903	3314.218	3601.119	3471.814	0.991	0.995	0.990
488	3453.246	3329.449	3590.751	3456.998	0.987	0.991	0.986
489	3444.698	3375.898	3517.319	3445.767	0.984	0.988	0.983
490	3487.018	3331.254	3582.124	3519.064	1.004	1.009	0.995
491	3537.019	3398.462	3687.761	3533.059	1.008	1.013	1.010
492	3473.645	3315.060	3609.604	3481.928	0.994	0.998	0.992
493	3454.523	3335.554	3561.428	3459.888	0.988	0.992	0.986
494	3508.378	3362.618	3649.405	3495.952	0.998	1.002	1.001
495	3528.757	3392.379	3668.052	3500.843	0.999	1.003	1.007
496	3510.508	3379.936	3670.887	3518.469	1.004	1.008	1.002
497	3555.051	3371.226	3753.062	3551.014	1.014	1.018	1.015
498	3523.026	3375.188	3612.103	3533.679	1.009	1.013	1.006
499	3490.638	3254.267	3662.138	3503.879	1.000	1.004	0.996
500	3506.153	3351.938	3635.299	3513.350	1.003	1.007	1.001
501	3501.814	3372.070	3668.199	3499.822	0.999	1.003	1.000
502	3457.183	3348.594	3671.169	3424.595	0.978	0.982	0.987
503	3477.392	3326.357	3642.578	3451.698	0.985	0.989	0.993
504	3574.205	3424.721	3848.691	3576.594	1.021	1.025	1.020
505	3506.899	3354.717	3596.785	3516.098	1.004	1.008	1.001
506	3429.724	3357.559	3580.179	3415.906	0.975	0.979	0.979
507	3481.143	3379.743	3623.979	3473.686	0.992	0.996	0.994
508	3520.454	3391.379	3695.625	3489.406	0.996	1.000	1.005
509	3499.738	3348.960	3622.449	3517.986	1.004	1.008	0.999
510	3485.660	3312.357	3582.099	3495.669	0.998	1.002	0.995
511	3477.985	3368.994	3659.466	3481.327	0.994	0.998	0.993
512	3491.327	3366.645	3649.963	3442.789	0.983	0.987	0.997
513	3442.513	3258.529	3670.017	3424.720	0.978	0.982	0.983
514	3407.982	3302.308	3514.582	3407.061	0.973	0.977	0.973
515	3436.585	3329.289	3504.594	3442.792	0.983	0.987	0.981
516	3401.235	3296.472	3498.964	3405.739	0.972	0.976	0.971
517	3398.276	3242.523	3601.656	3396.695	0.970	0.974	0.970
518	3421.218	3362.917	3532.774	3401.920	0.971	0.975	0.977
519	3473.701	3376.927	3648.424	3465.838	0.989	0.993	0.992
520	3464.137	3287.160	3562.112	3476.358	0.992	0.996	0.989
521	3375.193	3250.633	3457.227	3382.720	0.966	0.970	0.963
522	3372.904	3303.580	3475.161	3365.929	0.961	0.965	0.963
523	3413.395	3295.858	3484.759	3433.389	0.980	0.984	0.974
524	3426.994	3321.524	3528.614	3423.016	0.977	0.981	0.978
525	3389.861	3219.796	3511.581	3389.165	0.967	0.971	0.968
526	3422.607	3243.011	3675.891	3384.120	0.966	0.970	0.977
527	3412.221	3252.482	3512.670	3417.716	0.976	0.980	0.974
528	3440.286	3345.040	3572.503	3430.434	0.979	0.983	0.982
529	3484.033	3350.721	3661.404	3478.081	0.993	0.997	0.994
530	3496.671	3320.320	3702.279	3470.847	0.991	0.995	0.998
531	3508.492	3374.120	3595.652	3515.235	1.003	1.008	1.001
532	3451.764	3241.148	3558.043	3480.529	0.993	0.998	0.985
533	3455.656	3374.843	3614.575	3430.382	0.979	0.983	0.986
534	3451.215	3348.219	3546.899	3463.312	0.989	0.993	0.985
535	3430.978	3314.657	3578.153	3419.100	0.976	0.980	0.979
536	3457.458	3300.286	3561.954	3476.893	0.992	0.997	0.987
537	3470.709	3407.810	3588.949	3459.514	0.987	0.992	0.991
538	3489.186	3295.807	3536.733	3515.656	1.004	1.008	0.996
539	3501.140	3424.958	3704.906	3456.366	0.987	0.991	0.999
540	3508.106	3349.265	3639.728	3534.060	1.009	1.013	1.001
541	3460.605	3278.623	3678.961	3449.088	0.985	0.989	0.988
542	3450.371	3349.056	3589.432	3454.880	0.986	0.990	0.985
543	3472.919	3343.958	3606.249	3470.703	0.991	0.995	0.991
544	3435.209	3357.916	3523.716	3442.120	0.983	0.987	0.981
545	3491.769	3350.724	3667.046	3494.459	0.997	1.002	0.997
546	3513.584	3395.533	3672.347	3491.700	0.997	1.001	1.003
547	3497.423	3390.245	3630.692	3502.182	1.000	1.004	0.998
548	3430.287	3157.402	3579.633	3447.185	0.984	0.988	0.979
549	3454.443	3387.745	3552.468	3445.507	0.983	0.988	0.986
550	3409.861	3214.954	3501.718	3431.462	0.979	0.984	0.973
551	3429.869	3253.023	3593.147	3458.465	0.987	0.991	0.979
552	3437.775	3296.166	3590.627	3432.756	0.980	0.984	0.981
553	3411.402	3308.492	3499.232	3436.865	0.981	0.985	0.974
554	3401.258	3296.473	3522.009	3408.204	0.973	0.977	0.971
555	3380.037	3234.065	3530.012	3377.460	0.964	0.968	0.965
556	3413.161	3309.706	3498.625	3435.710	0.981	0.985	0.974
557	3465.519	3339.957	3554.965	3463.538	0.989	0.993	0.989
558	3528.281	3403.915	3752.600	3505.023	1.000	1.005	1.007
559	3508.315	3330.599	3641.221	3524.406	1.006	1.010	1.001
560	3473.019	3274.368	3577.359	3487.663	0.996	1.000	0.991
561	3513.312	3423.865	3613.860	3514.628	1.003	1.007	1.003
562	3502.707	3438.312	3620.118	3490.022	0.996	1.000	1.000
563	3543.625	3441.413	3673.436	3530.997	1.008	1.012	1.011
564	3532.089	3348.590	3687.105	3549.533	1.013	1.017	1.008
565	3486.375	3287.373	3787.187	3485.974	0.995	0.999	0.995
566	3492.214	3341.559	3692.694	3481.380	0.994	0.998	0.997
567	3502.054	3312.533	3673.351	3513.630	1.003	1.007	1.000
568	3479.685	3316.417	3654.603	3493.058	0.997	1.001	0.993
569	3482.776	3315.789	3625.841	3465.987	0.989	0.993	0.994
570	3524.784	3337.219	3631.013	3585.461	1.023	1.028	1.006
571	3582.704	3464.665	3808.318	3558.324	1.016	1.020	1.023
572	3554.239	3423.870	3730.233	3527.599	1.007	1.011	1.015
573	3556.661	3329.519	3748.197	3581.555	1.022	1.027	1.015
574	3559.742	3366.623	3764.509	3557.518	1.015	1.020	1.016
575	3576.128	3378.568	3703.561	3572.151	1.020	1.024	1.021
576	3661.732	3474.234	3909.148	3657.997	1.044	1.048	1.045
577	3619.463	3463.271	3718.431	3629.809	1.036	1.040	1.033
578	3571.151	3318.630	3721.385	3592.456	1.025	1.030	1.019
579	3721.644	3482.014	4069.398	3658.279	1.044	1.049	1.062
580	3681.820	3481.149	3861.448	3679.394	1.050	1.055	1.051
581	3645.767	3366.196	3827.701	3648.852	1.042	1.046	1.041
582	3637.741	3449.986	3842.998	3629.052	1.036	1.040	1.038
583	3563.937	3358.052	3799.933	3542.771	1.011	1.015	1.017
584	3635.315	3280.669	3847.501	3702.531	1.057	1.061	1.038
585	3595.996	3252.160	3865.482	3709.089	1.059	1.063	1.026
586	3563.118	3294.516	3881.830	3546.006	1.012	1.016	1.017
587	3559.614	3283.238	3810.069	3549.269	1.013	1.017	1.016
588	3555.949	3341.363	3711.210	3573.062	1.020	1.024	1.015
589	3430.164	3195.168	3622.248	3415.297	0.975	0.979	0.979
590	3465.445	3199.093	3607.323	3489.592	0.996	1.000	0.989
591	3398.716	3335.247	3484.501	3387.050	0.967	0.971	0.970
592	3540.257	3223.894	3712.952	3596.237	1.027	1.031	1.011
593	3551.416	3366.781	3719.935	3534.251	1.009	1.013	1.014
594	3525.444	3298.846	3666.799	3561.821	1.017	1.021	1.006
595	3518.587	3327.823	3833.952	3504.963	1.000	1.005	1.004
596	3473.133	3288.107	3703.717	3470.708	0.991	0.995	0.991
597	3513.104	3282.481	3658.898	3520.870	1.005	1.009	1.003
598	3463.262	3318.967	3655.207	3435.129	0.981	0.985	0.989
599	3469.003	3333.945	3646.850	3443.544	0.983	0.987	0.990
600	3412.369	3312.984	3563.626	3409.098	0.973	0.977	0.974
601	3426.968	3224.863	3628.439	3391.560	0.968	0.972	0.978
602	3407.338	3278.301	3578.969	3400.760	0.971	0.975	0.973
603	3487.102	3345.065	3615.317	3506.072	1.001	1.005	0.995
604	3574.435	3456.794	3724.093	3552.892	1.014	1.018	1.020
605	3571.843	3467.012	3683.279	3576.496	1.021	1.025	1.020
606	3566.631	3446.228	3673.738	3556.630	1.015	1.019	1.018
607	3567.073	3432.098	3746.927	3544.291	1.012	1.016	1.018
608	3608.953	3355.207	3873.763	3592.139	1.025	1.030	1.030
609	3593.053	3313.001	3842.722	3591.062	1.025	1.029	1.026
610	3590.876	3374.712	3822.664	3557.052	1.015	1.020	1.025
611	3636.386	3452.419	3872.533	3605.048	1.029	1.033	1.038
612	3641.856	3557.498	3739.633	3625.269	1.035	1.039	1.040
613	3639.784	3424.542	3769.188	3661.939	1.045	1.050	1.039
614	3615.702	3420.770	3731.773	3636.627	1.038	1.042	1.032
615	3545.541	3389.376	3646.485	3599.630	1.027	1.032	1.012
616	3537.115	3450.720	3690.490	3515.255	1.003	1.008	1.010
617	3529.966	3386.263	3628.183	3524.712	1.006	1.010	1.008
618	3523.440	3408.824	3624.013	3535.579	1.009	1.013	1.006
619	3496.031	3322.208	3700.881	3495.137	0.998	1.002	0.998
620	3491.951	3374.814	3626.403	3471.636	0.991	0.995	0.997
621	3446.503	3286.310	3596.303	3461.449	0.988	0.992	0.984
622	3536.075	3271.875	3753.204	3576.445	1.021	1.025	1.009
623	3490.071	3284.006	3654.424	3495.821	0.998	1.002	0.996
624	3496.093	3343.832	3709.550	3496.869	0.998	1.002	0.998
625	3559.045	3345.260	3755.487	3568.952	1.019	1.023	1.016
626	3602.507	3309.831	3866.636	3607.778	1.030	1.034	1.028
627	3726.914	3414.825	4201.890	3704.914	1.058	1.062	1.064
628	3648.928	3404.328	3945.670	3580.531	1.022	1.026	1.042
629	3591.726	3418.987	3873.056	3594.046	1.026	1.030	1.025
630	3561.152	3383.729	3750.676	3552.458	1.014	1.018	1.016
631	3461.746	3364.999	3598.031	3466.321	0.989	0.993	0.988
632	3524.118	3429.260	3643.411	3503.878	1.000	1.004	1.006
633	3526.001	3442.635	3605.137	3511.588	1.002	1.006	1.006
634	3463.110	3334.344	3544.576	3451.009	0.985	0.989	0.989
635	3474.124	3331.763	3641.266	3469.967	0.990	0.995	0.992
636	3499.185	3347.220	3736.009	3503.289	1.000	1.004	0.999
637	3458.622	3365.943	3556.542	3460.817	0.988	0.992	0.987
638	3484.371	3356.411	3623.034	3477.583	0.993	0.997	0.995
639	3479.526	3339.934	3663.823	3477.727	0.993	0.997	0.993
640	3475.387	3360.104	3575.909	3478.064	0.993	0.997	0.992
641	3530.840	3384.837	3734.055	3527.714	1.007	1.011	1.008
642	3531.728	3471.277	3648.548	3505.273	1.001	1.005	1.008
643	3583.171	3444.168	3721.988	3582.549	1.023	1.027	1.023
644	3652.852	3517.085	3998.271	3598.453	1.027	1.031	1.043
645	3639.155	3416.356	3881.753	3637.457	1.038	1.043	1.039
646	3658.242	3417.197	3864.159	3624.397	1.035	1.039	1.044
647	3576.163	3470.385	3681.699	3567.691	1.018	1.023	1.021
648	3568.028	3419.322	3624.539	3576.795	1.021	1.025	1.018
649	3521.000	3412.215	3732.538	3512.638	1.003	1.007	1.005
650	3591.398	3375.647	3659.954	3627.021	1.035	1.040	1.025
651	3591.148	3466.903	3772.356	3591.049	1.025	1.029	1.025
652	3532.640	3400.342	3706.355	3526.147	1.007	1.011	1.008
653	3519.412	3341.473	3693.089	3510.260	1.002	1.006	1.005
654	3441.314	3350.212	3613.039	3409.814	0.973	0.977	0.982
655	3428.750	3200.249	3536.949	3435.909	0.981	0.985	0.979
656	3549.671	3359.413	3721.933	3533.080	1.008	1.013	1.013
657	3529.869	3395.996	3598.390	3528.345	1.007	1.011	1.008
658	3480.400	3271.786	3625.840	3499.344	0.999	1.003	0.993
659	3492.864	3353.894	3603.068	3519.844	1.005	1.009	0.997
660	3530.087	3388.753	3645.578	3555.212	1.015	1.019	1.008
661	3576.033	3443.855	3732.582	3612.132	1.031	1.035	1.021
662	3623.342	3430.854	3777.220	3644.713	1.040	1.045	1.034
663	3555.242	3447.457	3682.345	3554.345	1.015	1.019	1.015
664	3476.074	3349.121	3629.737	3485.792	0.995	0.999	0.992
665	3520.880	3335.399	3654.889	3521.139	1.005	1.009	1.005
666	3512.850	3351.925	3754.573	3516.749	1.004	1.008	1.003
667	3530.757	3321.615	3648.641	3560.684	1.016	1.021	1.008
668	3549.907	3309.412	3660.210	3584.337	1.023	1.027	1.013
669	3573.566	3416.553	3721.272	3597.594	1.027	1.031	1.020
670	3543.284	3452.785	3666.945	3548.949	1.013	1.017	1.011
671	3555.430	3375.489	3731.518	3553.866	1.014	1.019	1.015
672	3459.309	3315.595	3640.453	3463.421	0.989	0.993	0.987
673	3504.659	3356.641	3639.480	3515.231	1.003	1.008	1.000
674	3449.179	3322.708	3523.256	3455.926	0.986	0.991	0.985
675	3510.898	3348.763	3706.047	3504.239	1.000	1.004	1.002
676	3531.978	3444.912	3614.656	3532.082	1.008	1.012	1.008
677	3530.088	3424.189	3643.984	3524.658	1.006	1.010	1.008
678	3463.367	3334.151	3642.385	3457.893	0.987	0.991	0.989
679	3528.133	3373.627	3779.259	3528.966	1.007	1.011	1.007
680	3536.528	3429.875	3622.869	3529.176	1.007	1.012	1.009
681	3508.661	3381.025	3667.935	3494.448	0.997	1.002	1.002
682	3441.444	3346.281	3546.304	3444.733	0.983	0.987	0.982
683	3440.078	3361.124	3582.097	3425.065	0.978	0.982	0.982
684	3415.510	3324.115	3489.171	3414.999	0.975	0.979	0.975
685	3454.841	3360.616	3558.901	3456.917	0.987	0.991	0.986
686	3439.589	3364.104	3485.658	3443.936	0.983	0.987	0.982
687	3482.031	3350.538	3636.185	3466.834	0.990	0.994	0.994
688	3477.069	3275.163	3601.560	3502.240	1.000	1.004	0.992
689	3485.086	3360.661	3614.075	3483.300	0.994	0.998	0.995
690	3461.127	3291.576	3599.477	3425.156	0.978	0.982	0.988
691	3463.329	3297.212	3642.547	3462.125	0.988	0.992	0.989
692	3455.590	3290.191	3604.960	3437.326	0.981	0.985	0.986
693	3468.200	3329.409	3593.868	3466.504	0.989	0.994	0.990
694	3447.010	3280.819	3629.940	3423.011	0.977	0.981	0.984
695	3458.517	3371.755	3589.426	3443.858	0.983	0.987	0.987
696	3360.024	3228.630	3447.505	3383.748	0.966	0.970	0.959
697	3435.646	3294.210	3568.693	3445.014	0.983	0.987	0.981
698	3413.373	3340.290	3511.525	3422.220	0.977	0.981	0.974
699	3429.318	3288.141	3560.928	3443.059	0.983	0.987	0.979
700	3432.315	3300.006	3622.208	3404.447	0.972	0.976	0.980
701	3400.349	3264.353	3559.121	3406.331	0.972	0.976	0.971
702	3424.231	3270.718	3549.175	3427.076	0.978	0.982	0.977
703	3400.190	3269.210	3499.396	3392.574	0.968	0.972	0.971
704	3414.588	3299.172	3667.752	3402.614	0.971	0.975	0.975
705	3429.741	3343.156	3496.322	3436.429	0.981	0.985	0.979
706	3444.332	3289.278	3691.011	3448.031	0.984	0.988	0.983
707	3466.220	3333.799	3616.826	3490.948	0.996	1.001	0.989
708	3482.113	3330.071	3618.151	3476.906	0.992	0.997	0.994
709	3428.691	3290.372	3552.003	3423.907	0.977	0.981	0.979
710	3417.741	3328.868	3546.279	3402.974	0.971	0.975	0.976
711	3404.119	3304.900	3563.598	3384.540	0.966	0.970	0.972
712	3475.348	3388.447	3584.427	3449.977	0.985	0.989	0.992
713	3487.379	3389.394	3618.076	3454.535	0.986	0.990	0.995
714	3481.179	3370.699	3665.763	3448.524	0.984	0.988	0.994
715	3445.418	3317.377	3611.696	3444.192	0.983	0.987	0.983
716	3464.407	3399.526	3534.688	3450.831	0.985	0.989	0.989
717	3450.373	3348.537	3540.203	3437.960	0.981	0.985	0.985
718	3390.278	3295.647	3492.913	3359.760	0.959	0.963	0.968
719	3377.294	3234.924	3582.455	3346.569	0.955	0.959	0.964
720	3430.330	3304.964	3618.098	3391.120	0.968	0.972	0.979
721	3469.139	3304.861	3644.418	3499.959	0.999	1.003	0.990
722	3410.499	3325.531	3526.567	3402.286	0.971	0.975	0.973
723	3416.173	3276.475	3481.433	3440.020	0.982	0.986	0.975
724	3412.462	3269.805	3470.792	3429.397	0.979	0.983	0.974
725	3415.934	3300.240	3545.525	3395.819	0.969	0.973	0.975
726	3381.651	3280.062	3554.589	3375.322	0.963	0.967	0.965
727	3418.131	3280.874	3549.709	3419.524	0.976	0.980	0.976
728	3433.810	3305.643	3622.578	3443.192	0.983	0.987	0.980
729	3367.011	3261.478	3453.732	3361.945	0.960	0.964	0.961
730	3396.363	3317.433	3481.448	3396.498	0.969	0.973	0.969
731	3403.917	3311.893	3562.998	3409.148	0.973	0.977	0.972
732	3447.794	3338.065	3572.890	3486.039	0.995	0.999	0.984
733	3381.160	3262.701	3618.213	3369.188	0.962	0.966	0.965
734	3398.657	3258.392	3559.940	3416.406	0.975	0.979	0.970
735	3387.143	3309.446	3473.927	3389.105	0.967	0.971	0.967
736	3403.639	3296.266	3553.062	3389.083	0.967	0.971	0.972
737	3440.277	3285.577	3641.326	3417.194	0.975	0.979	0.982
738	3404.560	3318.012	3545.413	3379.813	0.965	0.969	0.972
739	3418.496	3334.632	3502.080	3407.449	0.973	0.977	0.976
740	3405.399	3299.811	3506.432	3397.087	0.970	0.974	0.972
741	3374.779	3306.338	3476.779	3372.600	0.963	0.967	0.963
742	3408.001	3271.082	3580.508	3367.969	0.961	0.965	0.973
743	3425.853	3297.211	3624.719	3368.203	0.961	0.965	0.978
744	3356.230	3233.957	3444.740	3353.550	0.957	0.961	0.958
745	3387.758	3250.968	3510.204	3390.983	0.968	0.972	0.967
746	3380.531	3206.974	3626.478	3394.966	0.969	0.973	0.965
747	3369.562	3225.336	3546.738	3384.794	0.966	0.970	0.962
748	3383.108	3252.705	3616.036	3368.787	0.962	0.966	0.966
749	3372.039	3280.823	3501.388	3354.421	0.957	0.961	0.963
750	3341.658	3231.987	3479.553	3338.782	0.953	0.957	0.954
751	3409.505	3322.529	3516.156	3381.343	0.965	0.969	0.973
752	3436.797	3332.193	3572.620	3440.849	0.982	0.986	0.981
753	3426.237	3339.072	3583.192	3390.017	0.968	0.972	0.978
754	3459.553	3327.708	3651.956	3426.336	0.978	0.982	0.987
755	3381.746	3281.781	3490.536	3354.300	0.957	0.961	0.965
756	3331.355	3276.326	3450.462	3316.451	0.947	0.951	0.951
757	3396.173	3305.148	3510.559	3390.114	0.968	0.972	0.969
758	3387.314	3290.301	3451.339	3397.410	0.970	0.974	0.967
759	3318.419	3194.978	3427.399	3304.198	0.943	0.947	0.947
760	3327.208	3211.123	3428.497	3331.378	0.951	0.955	0.950
761	3377.361	3265.540	3536.302	3343.931	0.954	0.958	0.964
762	3389.228	3279.150	3517.236	3379.629	0.965	0.969	0.967
763	3404.274	3238.879	3499.594	3420.445	0.976	0.980	0.972
764	3403.649	3341.380	3475.463	3403.562	0.972	0.976	0.972
765	3376.534	3198.150	3561.334	3359.354	0.959	0.963	0.964
766	3381.555	3279.033	3439.724	3391.637	0.968	0.972	0.965
767	3379.085	3283.725	3444.560	3405.207	0.972	0.976	0.965
768	3380.945	3271.467	3514.661	3371.679	0.962	0.966	0.965
769	3402.797	3278.434	3583.533	3388.153	0.967	0.971	0.971
770	3469.836	3351.676	3574.761	3474.038	0.992	0.996	0.990
771	3415.640	3300.047	3536.130	3408.035	0.973	0.977	0.975
772	3397.518	3314.657	3553.467	3364.748	0.960	0.964	0.970
773	3443.384	3357.701	3560.991	3438.466	0.981	0.986	0.983
774	3566.364	3451.165	3734.805	3582.999	1.023	1.027	1.018
775	3469.066	3303.815	3639.974	3480.379	0.993	0.998	0.990
776	3527.664	3337.309	3667.231	3533.410	1.009	1.013	1.007
777	3546.694	3488.334	3600.833	3560.933	1.016	1.021	1.012
778	3424.529	3354.919	3527.194	3419.231	0.976	0.980	0.977
779	3473.009	3287.098	3646.085	3473.202	0.991	0.995	0.991
780	3375.557	3221.511	3507.007	3390.203	0.968	0.972	0.964
781	3423.659	3321.964	3498.825	3436.447	0.981	0.985	0.977
782	3352.006	3182.912	3469.548	3356.132	0.958	0.962	0.957
783	3347.209	3204.948	3444.913	3349.048	0.956	0.960	0.955
784	3426.034	3273.227	3556.088	3448.329	0.984	0.988	0.978
785	3446.135	3312.881	3591.500	3439.219	0.982	0.986	0.984
786	3377.965	3219.208	3559.743	3362.861	0.960	0.964	0.964
787	3442.189	3295.846	3562.997	3442.347	0.983	0.987	0.983
788	3465.506	3363.058	3569.402	3453.489	0.986	0.990	0.989
789	3428.152	3329.378	3540.811	3434.593	0.980	0.984	0.979
790	3439.721	3307.092	3555.039	3431.903	0.980	0.984	0.982
791	3419.218	3329.308	3571.923	3401.400	0.971	0.975	0.976
792	3385.642	3341.173	3419.088	3387.943	0.967	0.971	0.966
793	3416.349	3339.999	3498.061	3428.849	0.979	0.983	0.975
794	3442.655	3231.807	3633.526	3428.872	0.979	0.983	0.983
795	3460.847	3363.347	3554.277	3458.646	0.987	0.991	0.988
796	3410.594	3324.827	3606.930	3396.737	0.970	0.974	0.974
797	3449.625	3302.583	3708.571	3385.625	0.966	0.970	0.985
798	3402.760	3267.723	3504.520	3424.767	0.978	0.982	0.971
799	3437.275	3400.235	3505.288	3430.084	0.979	0.983	0.981
800	3483.626	3351.030	3603.781	3472.065	0.991	0.995	0.994
801	3414.358	3239.789	3555.404	3411.171	0.974	0.978	0.975
802	3420.712	3307.124	3475.810	3429.014	0.979	0.983	0.976
803	3373.030	3264.749	3479.551	3362.072	0.960	0.964	0.963
804	3409.969	3235.606	3532.817	3426.239	0.978	0.982	0.973
805	3427.656	3360.880	3539.544	3411.008	0.974	0.978	0.978
806	3421.106	3310.345	3568.450	3437.881	0.981	0.985	0.977
807	3382.316	3232.457	3542.757	3372.599	0.963	0.967	0.965
808	3423.815	3230.381	3557.210	3447.357	0.984	0.988	0.977
809	3466.023	3355.744	3580.942	3467.184	0.990	0.994	0.989
810	3393.961	3264.621	3523.768	3385.178	0.966	0.970	0.969
811	3390.285	3297.901	3539.806	3370.719	0.962	0.966	0.968
812	3448.026	3396.601	3584.741	3434.660	0.980	0.984	0.984
813	3546.954	3397.224	3703.396	3550.524	1.013	1.018	1.012
814	3550.484	3429.979	3824.594	3479.639	0.993	0.997	1.013
815	3547.884	3369.484	3700.895	3573.428	1.020	1.024	1.013
816	3506.862	3389.033	3626.333	3514.913	1.003	1.007	1.001
817	3419.182	3336.802	3520.436	3418.699	0.976	0.980	0.976
818	3430.380	3354.903	3539.923	3419.162	0.976	0.980	0.979
819	3477.654	3382.502	3594.676	3490.307	0.996	1.000	0.993
820	3485.532	3380.225	3592.229	3485.639	0.995	0.999	0.995
821	3508.986	3342.682	3650.571	3532.504	1.008	1.012	1.002
822	3570.723	3307.399	3791.595	3580.299	1.022	1.026	1.019
823	3603.760	3400.776	3818.973	3638.907	1.039	1.043	1.029
824	3562.915	3434.826	3769.646	3514.157	1.003	1.007	1.017
825	3630.423	3423.747	3801.156	3642.666	1.040	1.044	1.036
826	3505.660	3346.435	3793.407	3441.960	0.982	0.987	1.001
827	3517.669	3370.293	3778.071	3493.999	0.997	1.001	1.004
828	3481.034	3253.521	3677.343	3466.781	0.990	0.994	0.994
829	3450.734	3364.917	3554.680	3439.228	0.982	0.986	0.985
830	3448.470	3373.749	3557.470	3435.116	0.981	0.985	0.984
831	3476.842	3361.888	3577.479	3486.652	0.995	0.999	0.992
832	3555.951	3437.371	3648.209	3576.310	1.021	1.025	1.015
833	3551.195	3368.852	3705.339	3549.705	1.013	1.017	1.014
834	3522.543	3372.523	3667.441	3548.101	1.013	1.017	1.005
835	3540.696	3472.954	3698.262	3518.045	1.004	1.008	1.011
836	3568.933	3486.623	3634.539	3593.041	1.026	1.030	1.019
837	3498.816	3351.773	3654.924	3492.115	0.997	1.001	0.999
838	3502.675	3401.045	3786.910	3471.329	0.991	0.995	1.000
839	3480.617	3307.507	3586.388	3468.275	0.990	0.994	0.994
840	3448.628	3364.034	3555.804	3436.926	0.981	0.985	0.984
841	3549.792	3353.531	3719.315	3565.230	1.018	1.022	1.013
842	3541.573	3364.669	3800.570	3518.409	1.004	1.008	1.011
843	3763.284	3249.326	4188.676	3788.461	1.081	1.086	1.074
844	3799.323	3377.867	4165.714	3928.167	1.121	1.126	1.084
845	3745.574	3357.809	4201.452	3765.763	1.075	1.079	1.069
846	3632.246	3237.996	4011.742	3588.725	1.024	1.029	1.037
847	3627.222	3265.241	4017.212	3661.373	1.045	1.049	1.035
848	3640.939	3266.872	4004.260	3707.419	1.058	1.063	1.039
849	3689.557	3370.045	4049.495	3717.051	1.061	1.065	1.053
850	3762.456	3272.122	4152.904	3791.913	1.082	1.087	1.074
851	3752.449	3324.414	4215.030	3689.521	1.053	1.057	1.071
852	3834.255	3152.746	4373.762	3868.730	1.104	1.109	1.094
853	3834.741	3225.980	4420.186	3833.468	1.094	1.099	1.095
854	3847.956	3292.880	4618.826	3866.939	1.104	1.108	1.098
855	3693.105	3363.131	4126.167	3620.169	1.033	1.038	1.054
856	3573.278	3328.558	4078.083	3478.541	0.993	0.997	1.020
857	3561.590	3322.245	3854.069	3563.797	1.017	1.021	1.017
858	3565.998	3301.499	3870.969	3568.997	1.019	1.023	1.018
859	3525.258	3243.575	3865.836	3516.787	1.004	1.008	1.006
860	3525.601	3278.111	3881.952	3536.644	1.010	1.014	1.006
861	3575.859	3201.573	3859.433	3578.660	1.021	1.026	1.021
862	3576.161	3226.581	3928.853	3611.912	1.031	1.035	1.021
863	3561.097	3263.266	3852.254	3595.191	1.026	1.030	1.016
864	3613.397	3370.742	3836.893	3598.332	1.027	1.031	1.031
865	3631.730	3374.336	3857.392	3685.179	1.052	1.056	1.037
866	3564.536	3347.524	3911.123	3587.263	1.024	1.028	1.017
867	3494.416	3261.094	3772.927	3467.939	0.990	0.994	0.997
868	3539.202	3304.855	3832.052	3474.577	0.992	0.996	1.010
869	3564.914	3255.688	3899.070	3558.333	1.016	1.020	1.018
870	3537.076	3297.506	3955.276	3466.664	0.990	0.994	1.010
871	3496.249	3281.816	3734.485	3527.982	1.007	1.011	0.998
872	3432.359	3271.030	3572.319	3439.446	0.982	0.986	0.980
873	3461.587	3263.376	3611.364	3465.819	0.989	0.993	0.988
874	3498.435	3278.145	3684.587	3503.342	1.000	1.004	0.999
875	3484.424	3305.697	3810.168	3528.253	1.007	1.011	0.995
876	3541.553	3335.780	3763.426	3577.318	1.021	1.025	1.011
877	3532.634	3300.599	3849.813	3504.648	1.000	1.004	1.008
878	3630.351	3254.756	3907.504	3705.261	1.058	1.062	1.036
879	3667.377	3389.408	3965.084	3661.804	1.045	1.050	1.047
880	3714.849	3449.356	3923.853	3723.290	1.063	1.067	1.060
881	3671.364	3455.731	3860.692	3725.082	1.063	1.068	1.048
882	3631.641	3474.625	3779.158	3636.981	1.038	1.042	1.037
883	3608.001	3479.294	3894.004	3595.557	1.026	1.031	1.030
884	3562.508	3397.255	3679.925	3575.280	1.021	1.025	1.017
885	3622.183	3513.610	3776.422	3594.514	1.026	1.030	1.034
886	3676.145	3499.304	3940.628	3667.859	1.047	1.051	1.049
887	3688.549	3299.254	4026.442	3671.475	1.048	1.052	1.053
888	3739.287	3451.884	4038.505	3713.237	1.060	1.064	1.067
889	3766.885	3458.879	4097.243	3748.196	1.070	1.074	1.075
890	3867.790	3687.640	4187.128	3858.370	1.101	1.106	1.104
891	3862.640	3507.669	4297.667	3840.318	1.096	1.101	1.103
892	3962.329	3467.471	4505.168	3847.994	1.098	1.103	1.131
893	3970.132	3614.748	4404.844	3867.403	1.104	1.108	1.133
894	3947.069	3640.017	4484.841	3810.112	1.088	1.092	1.127
895	3835.496	3479.943	4314.566	3798.032	1.084	1.089	1.095
896	3782.337	3547.413	4213.293	3763.967	1.074	1.079	1.080
897	3790.366	3495.700	4053.413	3809.130	1.087	1.092	1.082
898	3899.031	3593.857	4253.781	3838.165	1.096	1.100	1.113
899	4023.561	3510.188	4699.163	3902.111	1.114	1.118	1.148
900	3877.706	3495.489	4340.625	3829.098	1.093	1.097	1.107
901	3863.354	3376.625	4393.664	3799.095	1.084	1.089	1.103
902	3973.030	3508.351	4679.541	3909.896	1.116	1.121	1.134
903	3842.892	3515.278	4334.330	3836.644	1.095	1.100	1.097
904	3731.324	3431.463	4101.866	3677.644	1.050	1.054	1.065
905	3770.460	3563.641	4064.195	3708.927	1.059	1.063	1.076
906	3714.921	3496.812	4030.396	3682.703	1.051	1.056	1.060
907	3654.913	3426.104	3937.791	3610.626	1.031	1.035	1.043
908	3654.490	3424.447	3880.778	3621.128	1.034	1.038	1.043
909	3796.846	3475.021	4234.226	3720.422	1.062	1.066	1.084
910	3826.102	3431.707	4201.090	3811.904	1.088	1.093	1.092
911	3901.539	3492.565	4534.193	3775.002	1.078	1.082	1.114
912	3922.236	3375.816	4420.487	3935.321	1.123	1.128	1.120
913	3864.871	3268.372	4307.510	3840.978	1.096	1.101	1.103
914	3972.772	3453.227	4681.337	3924.622	1.120	1.125	1.134
915	3968.601	3372.354	4588.900	3973.526	1.134	1.139	1.133
916	3876.062	3413.422	4463.180	3861.959	1.102	1.107	1.106
917	3894.195	3439.859	4415.956	3888.373	1.110	1.114	1.112
918	3902.527	3355.879	4402.004	3813.339	1.088	1.093	1.114
919	3921.708	3541.262	4581.118	3796.143	1.084	1.088	1.119
920	3858.613	3516.833	4680.351	3729.029	1.064	1.069	1.101
921	3759.359	3605.429	4029.129	3678.196	1.050	1.054	1.073
922	3663.300	3457.687	3902.953	3638.296	1.039	1.043	1.046
923	3719.817	3214.992	4113.667	3774.268	1.077	1.082	1.062
924	3704.532	3401.929	4014.508	3677.971	1.050	1.054	1.057
925	3785.330	3423.213	3965.698	3894.064	1.112	1.116	1.080
926	3913.961	3528.045	4174.851	4036.525	1.152	1.157	1.117
927	4021.468	3335.618	4490.622	4082.255	1.165	1.170	1.148
928	4092.187	3331.435	4752.428	4173.039	1.191	1.196	1.168
929	4125.925	3405.756	4882.491	4077.546	1.164	1.169	1.178
930	3972.462	3342.108	4752.272	3924.136	1.120	1.125	1.134
931	3881.617	3323.888	4433.998	3918.061	1.118	1.123	1.108
932	3853.188	3433.104	4617.453	3780.906	1.079	1.084	1.100
933	3856.047	3351.090	4348.249	3838.959	1.096	1.100	1.101
934	3786.699	3332.737	4142.136	3815.190	1.089	1.093	1.081
935	3805.830	3347.610	4197.918	3850.011	1.099	1.103	1.086
936	3867.049	3289.327	4451.582	3812.727	1.088	1.093	1.104
937	3785.901	3405.854	4096.088	3806.441	1.087	1.091	1.081
938	3720.895	3361.648	3980.473	3804.698	1.086	1.090	1.062
939	3632.011	3288.356	3908.867	3667.124	1.047	1.051	1.037
940	3620.023	3285.989	3821.212	3653.670	1.043	1.047	1.033
941	3648.273	3329.743	3857.846	3629.767	1.036	1.040	1.041
942	3710.198	3342.264	3995.073	3754.900	1.072	1.076	1.059
943	3685.288	3276.107	3899.858	3723.729	1.063	1.067	1.052
944	3692.243	3384.192	4022.500	3684.126	1.052	1.056	1.054
945	3706.580	3297.975	3991.905	3729.985	1.065	1.069	1.058
946	3734.783	3405.301	4090.709	3775.684	1.078	1.082	1.066
947	3834.633	3397.240	4239.144	3803.662	1.086	1.090	1.095
948	4041.080	3297.686	4705.290	3989.709	1.139	1.144	1.153
949	4042.787	3329.707	4722.824	4038.624	1.153	1.158	1.154
950	4077.224	3478.234	5171.375	4008.699	1.144	1.149	1.164
951	3968.336	3419.560	4640.783	3836.046	1.095	1.099	1.133
952	3925.900	3422.444	4478.333	3924.649	1.120	1.125	1.121
953	3782.179	3358.561	4263.879	3771.859	1.077	1.081	1.080
954	3683.780	3260.676	4179.024	3705.873	1.058	1.062	1.051
955	3617.985	3341.197	3840.094	3620.354	1.033	1.038	1.033
956	3744.318	3422.427	4073.962	3797.355	1.084	1.088	1.069
957	3868.434	3343.555	4323.901	4032.331	1.151	1.156	1.104
958	4012.638	3330.952	4675.612	4149.521	1.184	1.189	1.145
959	4016.256	3319.469	4617.896	4173.561	1.191	1.196	1.146
960	3768.761	3253.888	4347.487	3777.083	1.078	1.083	1.076
961	3819.933	3238.402	4343.651	3850.610	1.099	1.104	1.090
962	3810.526	3300.537	4314.217	3849.957	1.099	1.103	1.088
963	3867.317	3232.573	4564.352	3823.831	1.091	1.096	1.104
964	3902.213	3198.349	4992.305	3752.506	1.071	1.076	1.114
965	3937.409	3269.751	4809.655	3793.720	1.083	1.087	1.124
966	3827.963	3271.278	4529.448	3782.416	1.080	1.084	1.093
967	3696.305	3294.606	4307.193	3544.417	1.012	1.016	1.055
968	3606.850	3254.912	4051.829	3470.174	0.991	0.995	1.030
969	3587.667	3269.558	4191.899	3506.138	1.001	1.005	1.024
970	3581.379	3334.544	4047.489	3494.692	0.998	1.002	1.022
971	3613.052	3325.924	4231.812	3506.262	1.001	1.005	1.031
972	3717.033	3307.397	4495.887	3568.244	1.019	1.023	1.061
973	3716.162	3288.726	4466.399	3367.513	0.961	0.965	1.061
974	3627.495	3290.611	4380.597	3387.229	0.967	0.971	1.035
975	3549.984	3310.878	4200.898	3376.501	0.964	0.968	1.013
976	3589.424	3291.766	3979.094	3511.685	1.002	1.007	1.025
977	3567.159	3241.556	4062.978	3460.386	0.988	0.992	1.018
978	3685.680	3294.689	4159.955	3673.578	1.049	1.053	1.052
979	3645.020	3274.877	4046.164	3597.159	1.027	1.031	1.040
980	3713.811	3353.428	4209.977	3576.524	1.021	1.025	1.060
981	3751.171	3386.634	4109.601	3769.335	1.076	1.080	1.071
982	3766.154	3460.056	3949.551	3843.947	1.097	1.102	1.075
983	3890.284	3435.531	4194.052	3947.723	1.127	1.131	1.110
984	4011.314	3349.078	4534.754	4011.335	1.145	1.150	1.145
985	4068.606	3346.723	4868.311	3989.470	1.139	1.143	1.161
986	3890.366	3389.073	4382.705	3802.680	1.085	1.090	1.110
987	3831.484	3545.605	4186.150	3796.998	1.084	1.088	1.094
988	3803.770	3562.281	4043.939	3768.420	1.076	1.080	1.086
989	3767.796	3574.021	3983.976	3761.347	1.074	1.078	1.075
990	3798.179	3471.253	4111.858	3799.189	1.084	1.089	1.084
991	3896.352	3571.497	4353.152	3930.439	1.122	1.127	1.112
992	4114.280	3694.392	4845.050	4098.501	1.170	1.175	1.174
993	4263.495	3685.136	5248.896	4155.703	1.186	1.191	1.217
994	4238.905	3808.059	5051.522	4116.645	1.175	1.180	1.210
995	4068.717	3714.436	4723.573	3960.112	1.130	1.135	1.161
996	4079.864	3582.774	4644.638	4120.909	1.176	1.181	1.165
997	4113.795	3601.377	4761.829	4109.188	1.173	1.178	1.174
998	4079.620	3735.939	4584.899	4066.364	1.161	1.165	1.164
999	4076.884	3863.454	4500.184	4003.135	1.143	1.147	1.164
1000	4062.303	3724.816	4330.531	4055.830	1.158	1.162	1.160
1001	4092.285	3747.129	4478.995	4107.463	1.172	1.177	1.168
1002	4027.685	3677.011	4359.518	4022.478	1.148	1.153	1.150
1003	4062.661	3657.936	4540.510	4013.163	1.146	1.150	1.160
1004	3988.332	3459.069	4508.000	3875.865	1.106	1.111	1.138
1005	4198.932	3608.308	5060.781	4133.921	1.180	1.185	1.199
1006	4115.152	3677.118	4573.030	4105.262	1.172	1.177	1.175
1007	3940.057	3550.240	4491.002	3870.809	1.105	1.109	1.125
1008	3876.875	3656.287	4230.904	3814.084	1.089	1.093	1.107
1009	3963.599	3619.016	4651.315	3885.586	1.109	1.114	1.131
1010	3928.403	3672.843	4242.142	3919.970	1.119	1.124	1.121
1011	3914.578	3624.017	4139.358	3985.572	1.138	1.142	1.117
1012	3896.112	3597.760	4381.843	3806.734	1.087	1.091	1.112
1013	3941.957	3610.883	4465.080	3826.735	1.092	1.097	1.125
1014	3963.373	3404.653	4674.200	3910.153	1.116	1.121	1.131
1015	3789.715	3357.989	4078.697	3885.747	1.109	1.114	1.082
1016	3725.922	3408.964	4078.504	3736.227	1.066	1.071	1.064
1017	3717.552	3445.812	4112.704	3693.004	1.054	1.058	1.061
1018	3604.829	3383.474	3826.325	3585.750	1.024	1.028	1.029
1019	3583.345	3255.988	3807.335	3654.608	1.043	1.047	1.023
1020	3681.107	3432.017	3825.181	3686.821	1.052	1.057	1.051
1021	3659.390	3335.619	3821.306	3683.289	1.051	1.056	1.045
1022	3723.499	3520.728	3847.290	3742.837	1.068	1.073	1.063
1023	3776.085	3525.818	3934.725	3786.384	1.081	1.085	1.078
1024	3697.977	3464.197	3847.686	3742.845	1.068	1.073	1.056
1025	3827.673	3617.394	4029.207	3826.668	1.092	1.097	1.093
1026	3896.262	3718.657	4145.416	3848.212	1.098	1.103	1.112
1027	3854.932	3709.367	4030.498	3872.366	1.105	1.110	1.100
1028	4049.831	3890.908	4247.740	4057.432	1.158	1.163	1.156
1029	3996.465	3619.258	4712.367	3884.882	1.109	1.113	1.141
1030	3909.148	3626.673	4404.952	3855.731	1.101	1.105	1.116
1031	3825.244	3661.791	4104.307	3788.142	1.081	1.086	1.092
1032	3758.562	3539.586	4022.415	3732.560	1.065	1.070	1.073
1033	3751.206	3488.197	3980.890	3794.171	1.083	1.087	1.071
1034	3717.129	3463.714	4098.123	3717.501	1.061	1.065	1.061
1035	3641.358	3433.045	3942.797	3600.283	1.028	1.032	1.039
1036	3676.427	3478.874	3961.940	3650.103	1.042	1.046	1.049
1037	3645.975	3502.288	3846.891	3612.769	1.031	1.035	1.041
1038	3656.145	3546.782	3774.205	3674.552	1.049	1.053	1.044
1039	3575.710	3460.144	3714.102	3568.193	1.019	1.023	1.021
1040	3659.454	3408.849	3811.339	3691.809	1.054	1.058	1.045
1041	3711.140	3468.165	4049.638	3684.236	1.052	1.056	1.059
1042	3747.447	3590.431	3881.199	3759.741	1.073	1.078	1.070
1043	3839.875	3629.986	4061.131	3839.679	1.096	1.101	1.096
1044	4060.457	3594.429	4506.932	4072.189	1.162	1.167	1.159
1045	4112.174	3575.712	4847.062	4023.243	1.148	1.153	1.174
1046	4207.052	3469.821	4988.375	4209.158	1.201	1.206	1.201
1047	4212.136	3607.901	4798.441	4206.872	1.201	1.206	1.202
1048	4063.989	3704.244	4413.874	4063.821	1.160	1.165	1.160
1049	4051.492	3792.183	4343.917	4037.021	1.152	1.157	1.156
1050	3906.065	3664.347	4209.905	3846.291	1.098	1.102	1.115
1051	3927.386	3608.020	4139.382	3958.493	1.130	1.135	1.121
1052	3936.019	3472.727	4155.375	3967.494	1.132	1.137	1.123
1053	3933.539	3702.071	4537.201	3856.202	1.101	1.105	1.123
1054	3866.954	3543.587	4329.917	3838.126	1.096	1.100	1.104
1055	3877.016	3700.735	4049.792	3895.784	1.112	1.117	1.107
1056	3981.190	3757.591	4194.383	4002.307	1.142	1.147	1.136
1057	3914.599	3612.722	4303.872	3871.134	1.105	1.110	1.117
1058	4038.036	3634.645	4557.810	3960.443	1.130	1.135	1.153
1059	4154.432	3410.157	4861.013	4180.458	1.193	1.198	1.186
1060	4112.036	3532.398	4882.163	4056.622	1.158	1.163	1.174
1061	3997.087	3589.132	4586.716	3942.842	1.125	1.130	1.141
1062	3898.385	3636.625	4238.694	3926.140	1.121	1.125	1.113
1063	3883.852	3591.560	4096.039	3903.331	1.114	1.119	1.109
1064	3801.435	3515.707	3987.807	3859.262	1.102	1.106	1.085
1065	3795.542	3678.245	3935.051	3792.822	1.083	1.087	1.083
1066	3863.986	3723.586	4046.391	3830.408	1.093	1.098	1.103
1067	3918.120	3680.584	4088.087	3953.495	1.128	1.133	1.118
1068	3931.502	3602.781	4400.564	3890.829	1.111	1.115	1.122
1069	4116.026	3758.927	4812.835	4048.413	1.156	1.160	1.175
1070	4187.712	3877.677	4521.649	4165.500	1.189	1.194	1.195
1071	4299.418	3828.631	4889.083	4264.803	1.217	1.222	1.227
1072	4314.435	3840.625	4909.546	4206.640	1.201	1.206	1.232
1073	4233.201	3779.408	4824.778	4052.446	1.157	1.161	1.208
1074	4280.765	3806.617	5024.239	4035.733	1.152	1.157	1.222
1075	4214.144	3688.530	5309.658	3878.454	1.107	1.112	1.203
1076	4168.340	3668.172	5131.261	3871.317	1.105	1.110	1.190
1077	3960.993	3603.474	4550.354	3729.669	1.065	1.069	1.131
1078	3877.397	3620.311	4338.233	3779.507	1.079	1.083	1.107
1079	3879.080	3681.703	4244.366	3787.506	1.081	1.086	1.107
1080	4014.077	3617.331	4511.345	3892.004	1.111	1.116	1.146
1081	4016.832	3743.572	4362.854	3975.145	1.135	1.139	1.147
1082	4054.157	3690.308	4596.356	4048.325	1.156	1.160	1.157
1083	4219.598	3696.290	5252.063	4170.941	1.191	1.195	1.204
1084	4247.370	3914.049	4832.639	4070.252	1.162	1.167	1.212
1085	4097.072	3720.442	4714.955	4053.438	1.157	1.162	1.169
1086	4015.186	3600.588	4380.391	4025.532	1.149	1.154	1.146
1087	3935.416	3555.058	4097.345	3979.553	1.136	1.141	1.123
1088	3860.680	3555.644	4123.648	3863.649	1.103	1.107	1.102
1089	3781.665	3616.448	3964.737	3768.708	1.076	1.080	1.079
1090	3781.139	3616.717	4045.606	3753.901	1.072	1.076	1.079
1091	3751.754	3508.888	3992.862	3728.709	1.064	1.069	1.071
1092	3734.910	3387.772	3990.514	3783.888	1.080	1.085	1.066
1093	3817.632	3348.415	4225.255	3887.537	1.110	1.114	1.090
1094	3841.884	3490.529	4183.867	3865.598	1.103	1.108	1.097
1095	3818.321	3454.290	4112.803	3806.480	1.087	1.091	1.090
1096	3951.513	3452.153	4237.949	3986.492	1.138	1.143	1.128
1097	4064.938	3445.454	4370.273	4087.631	1.167	1.172	1.160
1098	4363.582	3306.262	5211.360	4409.073	1.259	1.264	1.246
1099	4568.204	3359.756	5895.924	4488.811	1.281	1.287	1.304
1100	4673.186	3368.890	5992.666	4796.002	1.369	1.375	1.334
1101	4536.056	3523.127	5825.775	4471.404	1.276	1.282	1.295
1102	4313.148	3520.418	5227.918	4311.692	1.231	1.236	1.231
1103	4079.156	3523.972	4705.709	4073.019	1.163	1.167	1.164
1104	3849.613	3557.985	4089.423	3910.805	1.116	1.121	1.099
1105	3832.589	3613.177	4081.655	3875.592	1.106	1.111	1.094
1106	3872.744	3663.083	4134.998	3894.896	1.112	1.116	1.105
1107	3861.439	3675.121	3986.917	3883.482	1.109	1.113	1.102
1108	3887.389	3537.369	4219.627	3905.572	1.115	1.119	1.110
1109	3983.398	3715.262	4270.473	4034.379	1.152	1.156	1.137
1110	4069.228	3507.039	4394.360	4153.482	1.186	1.190	1.162
1111	4212.287	3594.168	4745.088	4200.080	1.199	1.204	1.202
1112	4369.164	3729.338	5167.428	4223.432	1.206	1.210	1.247
1113	4452.799	3736.034	5206.902	4437.437	1.267	1.272	1.271
1114	4404.210	3763.140	5185.272	4382.535	1.251	1.256	1.257
1115	4507.534	3939.903	5206.133	4525.122	1.292	1.297	1.287
1116	4362.811	3944.429	5029.013	4358.647	1.244	1.249	1.245
1117	4422.376	3743.342	5991.271	4188.114	1.195	1.200	1.262
1118	4334.118	3804.193	5443.335	4200.345	1.199	1.204	1.237
1119	4213.993	3825.934	4988.088	4079.549	1.164	1.169	1.203
1120	4270.350	3801.088	4763.102	4404.563	1.257	1.262	1.219
1121	4158.719	3655.098	4744.878	4168.873	1.190	1.195	1.187
1122	4120.437	3513.379	4622.343	4033.364	1.151	1.156	1.176
1123	4041.117	3503.107	4676.721	4012.950	1.145	1.150	1.153
1124	3843.976	3430.933	4252.485	3794.290	1.083	1.088	1.097
1125	4002.647	3611.746	4535.701	3899.067	1.113	1.118	1.143
1126	4102.791	3669.585	4892.348	4099.697	1.170	1.175	1.171
1127	4007.847	3597.052	4933.008	3835.411	1.095	1.099	1.144
1128	4066.107	3534.911	5152.104	3867.145	1.104	1.108	1.161
1129	3887.369	3556.172	4680.512	3702.654	1.057	1.061	1.110
1130	3888.138	3583.595	4432.547	3769.369	1.076	1.080	1.110
1131	3860.075	3570.174	4591.176	3736.757	1.067	1.071	1.102
1132	3749.952	3535.360	4129.307	3698.851	1.056	1.060	1.070
1133	3756.198	3506.754	4028.297	3771.013	1.076	1.081	1.072
1134	3775.306	3638.266	4098.192	3734.977	1.066	1.071	1.078
1135	3719.779	3508.212	3823.453	3770.892	1.076	1.081	1.062
1136	3748.901	3575.737	3914.862	3767.829	1.075	1.080	1.070
1137	3837.223	3684.070	3961.015	3849.958	1.099	1.103	1.095
1138	3780.139	3632.534	4087.608	3708.633	1.059	1.063	1.079
1139	3870.549	3668.141	4444.105	3812.637	1.088	1.093	1.105
1140	3942.907	3617.907	4682.498	3817.908	1.090	1.094	1.125
1141	4069.321	3705.058	4772.620	3985.602	1.138	1.142	1.162
1142	4018.473	3844.659	4394.064	3977.131	1.135	1.140	1.147
1143	3999.108	3784.059	4444.047	3962.896	1.131	1.136	1.142
1144	3892.266	3580.135	4401.361	3802.996	1.086	1.090	1.111
1145	3902.873	3505.552	4375.348	3858.397	1.101	1.106	1.114
1146	3979.425	3531.217	4548.885	4015.609	1.146	1.151	1.136
1147	3961.101	3564.693	4669.558	3760.120	1.073	1.078	1.131
1148	4045.352	3480.791	5366.388	3784.721	1.080	1.085	1.155
1149	4186.744	3521.446	5811.428	4058.393	1.158	1.163	1.195
1150	4380.739	3578.022	6465.768	4016.443	1.146	1.151	1.250
1151	4390.322	3460.549	6044.913	4051.033	1.156	1.161	1.253
1152	4319.905	3672.161	5614.234	4077.398	1.164	1.169	1.233
1153	4222.294	3600.355	4973.617	4174.556	1.192	1.196	1.205
1154	4070.135	3718.802	4404.979	4032.220	1.151	1.156	1.162
1155	3968.443	3543.428	4402.175	3930.171	1.122	1.126	1.133
1156	4058.335	3741.153	4426.483	4100.618	1.170	1.175	1.158
1157	4039.238	3790.900	4378.791	4040.632	1.153	1.158	1.153
1158	3964.715	3779.300	4233.225	3960.052	1.130	1.135	1.132
1159	3955.450	3871.896	4152.652	3921.759	1.119	1.124	1.129
1160	3992.657	3622.234	4187.750	4039.380	1.153	1.158	1.140
1161	4101.404	3841.943	4418.520	4047.471	1.155	1.160	1.171
1162	4311.812	3792.317	4860.847	4288.748	1.224	1.229	1.231
1163	4493.192	3902.174	4912.060	4628.465	1.321	1.327	1.283
1164	4457.229	4081.314	4955.198	4448.585	1.270	1.275	1.272
1165	4492.620	3932.699	4991.770	4583.556	1.308	1.314	1.282
1166	4513.033	3778.655	5140.319	4544.929	1.297	1.303	1.288
1167	4572.113	3897.976	4929.259	4696.741	1.341	1.346	1.305
1168	4445.266	4007.171	4950.088	4432.479	1.265	1.270	1.269
1169	4248.421	3863.385	4830.850	4193.836	1.197	1.202	1.213
1170	3982.054	3683.078	4199.449	3998.554	1.141	1.146	1.137
1171	3958.851	3595.906	4154.472	4008.151	1.144	1.149	1.130
1172	3979.464	3609.162	4417.420	3953.410	1.128	1.133	1.136
1173	4071.406	3822.243	4527.035	4026.128	1.149	1.154	1.162
1174	4073.155	3656.584	4288.560	4160.388	1.188	1.192	1.163
1175	3958.581	3584.380	4333.332	3991.565	1.139	1.144	1.130
1176	3899.203	3463.519	4143.932	3962.297	1.131	1.136	1.113
1177	4007.231	3746.828	4363.955	3962.314	1.131	1.136	1.144
1178	4176.442	4048.894	4377.792	4140.767	1.182	1.187	1.192
1179	4165.003	3903.330	4435.238	4175.086	1.192	1.197	1.189
1180	4331.753	4106.190	4589.116	4319.000	1.233	1.238	1.236
1181	4320.960	4030.083	4601.481	4311.410	1.231	1.236	1.233
1182	4109.706	3984.761	4247.886	4103.290	1.171	1.176	1.173
1183	4153.036	3836.893	4694.073	4090.728	1.168	1.172	1.185
1184	4423.725	3929.500	5021.971	4396.331	1.255	1.260	1.263
1185	4715.345	3954.911	5886.441	4571.218	1.305	1.310	1.346
1186	4807.773	3823.281	5901.955	4739.400	1.353	1.358	1.372
1187	4863.255	3921.844	5641.812	4793.430	1.368	1.374	1.388
1188	4568.284	3801.281	5451.510	4616.035	1.318	1.323	1.304
1189	4458.243	3893.719	4866.124	4484.312	1.280	1.285	1.273
1190	4185.169	3793.422	4478.117	4149.593	1.184	1.189	1.195
1191	4183.877	3897.322	4425.277	4199.540	1.199	1.204	1.194
1192	4237.003	3959.370	4609.647	4228.100	1.207	1.212	1.209
1193	4194.311	3724.106	4568.137	4196.367	1.198	1.203	1.197
1194	4197.560	3764.980	4543.812	4238.827	1.210	1.215	1.198
1195	4166.661	3861.920	4391.712	4171.766	1.191	1.196	1.189
1196	4142.490	3633.355	4584.379	4184.558	1.194	1.199	1.182
1197	4104.943	3797.866	4523.647	4025.979	1.149	1.154	1.172
1198	4170.682	3912.266	4509.710	4178.408	1.193	1.198	1.190
1199	4344.138	3978.609	4833.421	4423.176	1.263	1.268	1.240
1200	4401.565	3783.959	4911.292	4579.773	1.307	1.313	1.256
1201	4645.757	3967.030	5483.917	4487.447	1.281	1.286	1.326
1202	4636.545	3698.868	5486.142	4621.297	1.319	1.325	1.323
1203	4387.486	3631.176	4856.278	4456.534	1.272	1.277	1.252
1204	4216.154	3823.958	4555.350	4221.840	1.205	1.210	1.203
1205	4152.735	3839.127	4511.750	4135.057	1.180	1.185	1.185
1206	4132.044	3830.344	4533.090	4110.461	1.173	1.178	1.179
1207	3950.027	3797.160	4189.581	3862.982	1.103	1.107	1.127
1208	4007.128	3722.193	4243.673	4043.031	1.154	1.159	1.144
1209	4074.336	3827.041	4447.390	4015.054	1.146	1.151	1.163
1210	4226.280	3712.455	5153.472	4215.264	1.203	1.208	1.206
1211	4259.215	3641.192	4790.666	4276.892	1.221	1.226	1.216
1212	4453.600	3663.706	5336.357	4372.667	1.248	1.253	1.271
1213	4852.485	3626.616	6263.034	4711.109	1.345	1.350	1.385
1214	5282.241	3829.569	6796.031	5165.256	1.474	1.480	1.508
1215	5360.409	3709.041	7267.338	5166.956	1.475	1.481	1.530
1216	5048.319	3782.732	6402.937	5258.729	1.501	1.507	1.441
1217	4695.710	3843.064	5454.607	4828.042	1.378	1.384	1.340
1218	4425.850	3800.671	4931.105	4474.052	1.277	1.282	1.263
1219	4256.268	3919.668	4579.799	4249.570	1.213	1.218	1.215
1220	4256.712	3858.578	4834.369	4182.571	1.194	1.199	1.215
1221	4467.449	3792.762	4984.707	4470.703	1.276	1.281	1.275
1222	4602.567	3734.860	5441.154	4530.662	1.293	1.299	1.314
1223	4641.760	4080.449	5664.796	4562.465	1.302	1.308	1.325
1224	4453.773	3780.041	5241.329	4396.841	1.255	1.260	1.271
1225	4284.469	3869.017	4742.227	4191.604	1.196	1.201	1.223
1226	4151.939	3846.574	4617.681	4041.699	1.154	1.158	1.185
1227	4186.812	3762.593	4785.635	4095.136	1.169	1.174	1.195
1228	4293.094	3797.993	4885.196	4311.015	1.231	1.236	1.225
1229	4642.694	4028.525	5300.766	4624.837	1.320	1.326	1.325
1230	4546.924	4024.417	5474.132	4429.689	1.264	1.270	1.298
1231	4674.307	4094.000	5776.189	4469.256	1.276	1.281	1.334
1232	4707.137	4038.063	5285.364	4607.400	1.315	1.321	1.344
1233	4837.419	4068.229	5655.222	4668.526	1.333	1.338	1.381
1234	4896.065	4040.674	6200.089	4755.137	1.357	1.363	1.398
1235	4725.855	4067.708	5747.415	4737.777	1.352	1.358	1.349
1236	4515.062	3924.802	5032.019	4471.787	1.276	1.282	1.289
1237	4474.122	3935.325	4933.025	4516.256	1.289	1.294	1.277
1238	4332.690	3732.155	4688.944	4446.717	1.269	1.274	1.237
1239	4117.075	3708.989	4472.587	4045.784	1.155	1.160	1.175
1240	4192.688	3856.456	4729.444	4113.441	1.174	1.179	1.197
1241	4243.740	3785.723	4616.211	4271.242	1.219	1.224	1.211
1242	4380.468	3936.158	4787.085	4342.885	1.240	1.245	1.250
1243	4491.912	3889.603	5105.076	4522.915	1.291	1.296	1.282
1244	4401.140	3862.023	5042.354	4295.838	1.226	1.231	1.256
1245	4316.614	3907.998	5147.046	4257.329	1.215	1.220	1.232
1246	4332.264	3792.250	4977.288	4314.268	1.231	1.237	1.237
1247	4180.417	3882.230	4430.117	4191.266	1.196	1.201	1.193
1248	4098.240	3869.362	4236.086	4095.954	1.169	1.174	1.170
1249	4077.532	3727.438	4279.396	4091.798	1.168	1.173	1.164
1250	4301.516	3714.509	4783.145	4320.866	1.233	1.238	1.228
1251	4443.760	3805.151	5171.969	4521.894	1.291	1.296	1.268
1252	4368.600	3629.700	5044.120	4426.005	1.263	1.269	1.247
1253	4444.190	3642.019	5565.532	4311.314	1.231	1.236	1.269
1254	4498.508	3687.767	5335.455	4483.415	1.280	1.285	1.284
1255	4446.415	3790.520	5121.031	4394.176	1.254	1.259	1.269
1256	4654.658	3885.388	5771.395	4423.073	1.263	1.268	1.329
1257	4753.756	3783.994	6058.570	4829.458	1.379	1.384	1.357
1258	4555.984	3668.803	5687.465	4611.529	1.316	1.322	1.300
1259	4313.555	3626.079	4710.594	4422.245	1.262	1.267	1.231
1260	4179.808	3458.882	4759.869	4222.798	1.205	1.210	1.193
1261	4191.128	3545.490	4752.078	4144.851	1.183	1.188	1.196
1262	4167.658	3727.562	4933.923	3937.334	1.124	1.128	1.190
1263	4107.972	3769.401	4705.760	3987.490	1.138	1.143	1.173
1264	4198.111	3739.437	4879.370	3986.322	1.138	1.143	1.198
1265	4084.804	3790.242	4643.822	4015.081	1.146	1.151	1.166
1266	3964.268	3658.346	4321.216	3959.495	1.130	1.135	1.132
1267	3956.650	3733.606	4309.550	3927.753	1.121	1.126	1.129
1268	3968.854	3805.588	4319.334	3937.808	1.124	1.129	1.133
1269	3922.749	3750.900	4051.085	3916.252	1.118	1.122	1.120
1270	3863.727	3602.549	4046.630	3864.200	1.103	1.108	1.103
1271	3783.946	3580.604	4134.379	3776.177	1.078	1.082	1.080
1272	3772.739	3660.927	3960.134	3786.124	1.081	1.085	1.077
1273	3849.576	3675.243	4168.134	3810.356	1.088	1.092	1.099
1274	3807.760	3720.254	3992.402	3782.436	1.080	1.084	1.087
1275	3854.872	3620.849	4219.812	3775.970	1.078	1.082	1.100
1276	3871.509	3583.877	4286.225	3860.537	1.102	1.106	1.105
1277	3849.115	3470.170	4225.354	3800.051	1.085	1.089	1.099
1278	3895.452	3568.901	4622.302	3743.793	1.069	1.073	1.112
1279	4016.441	3669.021	4919.519	3811.324	1.088	1.092	1.146
1280	4093.550	3632.041	4803.845	3937.428	1.124	1.129	1.168
1281	4176.980	3801.522	4688.973	4205.884	1.201	1.205	1.192
1282	4146.386	3420.453	4646.666	4195.161	1.197	1.202	1.184
1283	4147.149	3773.518	4547.114	4171.029	1.191	1.195	1.184
1284	4159.615	3579.701	4443.847	4243.924	1.211	1.216	1.187
1285	4233.145	3532.435	4759.115	4265.459	1.218	1.223	1.208
1286	4355.503	3698.122	5136.612	4377.195	1.249	1.255	1.243
1287	4351.661	3643.858	5060.786	4342.766	1.240	1.245	1.242
1288	4337.387	3700.422	4751.294	4357.410	1.244	1.249	1.238
1289	3652.852	3517.085	3998.271	3598.453	1.027	1.031	1.043
1290	3652.852	3517.085	3998.271	3598.453	1.027	1.031	1.043
1291	3652.852	3517.085	3998.271	3598.453	1.027	1.031	1.043
