 	Mean	Min	Max	Median	Max_to_bgmean	Median_to_bgmedian	Mean_to_bgmean
1	3557.518	3438.447	3698.151	3562.789	1.020	1.023	1.018
2	3591.518	3411.148	3731.878	3598.460	1.030	1.033	1.028
3	3780.579	3456.800	4111.018	3761.267	1.076	1.080	1.082
4	3917.074	3461.642	4409.762	3829.410	1.096	1.100	1.121
5	3951.425	3569.421	4523.311	3794.081	1.086	1.089	1.131
6	4035.801	3584.897	4656.605	4002.347	1.145	1.149	1.155
7	4030.982	3603.530	4503.451	3924.022	1.123	1.127	1.154
8	3872.724	3490.162	4303.887	3785.768	1.084	1.087	1.108
9	3729.844	3458.578	4125.987	3674.080	1.052	1.055	1.068
10	3764.213	3517.884	4249.027	3783.146	1.083	1.086	1.077
11	3669.826	3376.328	3942.352	3690.748	1.056	1.060	1.050
12	3714.048	3471.960	3927.070	3741.127	1.071	1.074	1.063
13	3685.735	3502.654	4009.921	3665.513	1.049	1.053	1.055
14	3668.347	3513.942	3912.715	3656.434	1.046	1.050	1.050
15	3761.182	3645.206	4122.869	3726.372	1.067	1.070	1.076
16	3722.992	3536.065	3841.894	3740.722	1.071	1.074	1.066
17	3824.256	3592.560	4163.558	3837.819	1.098	1.102	1.095
18	3994.194	3839.382	4162.730	3978.841	1.139	1.143	1.143
19	3996.554	3760.128	4318.905	4019.724	1.150	1.154	1.144
20	3943.520	3654.390	4335.704	3944.216	1.129	1.133	1.129
21	3885.848	3692.009	4167.896	3842.135	1.100	1.103	1.112
22	3997.613	3782.841	4179.456	4019.050	1.150	1.154	1.144
23	3947.180	3765.726	4145.519	3942.960	1.128	1.132	1.130
24	3869.463	3630.611	4164.739	3840.828	1.099	1.103	1.107
25	3807.634	3498.249	4113.262	3798.581	1.087	1.091	1.090
26	3764.103	3351.672	4150.588	3740.049	1.070	1.074	1.077
27	3800.932	3442.178	4170.645	3785.795	1.084	1.087	1.088
28	3693.037	3459.651	3871.229	3732.161	1.068	1.072	1.057
29	3686.570	3485.274	3991.904	3673.968	1.052	1.055	1.055
30	3695.537	3575.894	3895.850	3683.411	1.054	1.058	1.058
31	3714.692	3514.950	4153.768	3629.336	1.039	1.042	1.063
32	3787.422	3516.326	4146.422	3734.782	1.069	1.072	1.084
33	3839.340	3743.349	3983.487	3836.684	1.098	1.102	1.099
34	3822.768	3513.303	3974.896	3881.003	1.111	1.114	1.094
35	3960.903	3779.928	4153.996	3962.908	1.134	1.138	1.134
36	4064.933	3654.225	4550.899	4076.049	1.167	1.170	1.163
37	4094.375	3481.692	4489.810	4201.175	1.202	1.206	1.172
38	4094.167	3631.851	4553.216	4007.555	1.147	1.151	1.172
39	4078.592	3511.427	4701.907	4143.768	1.186	1.190	1.167
40	3987.361	3495.562	4500.251	3989.555	1.142	1.146	1.141
41	3861.092	3407.537	4249.869	3978.250	1.139	1.142	1.105
42	3688.786	3506.444	3846.692	3705.589	1.061	1.064	1.056
43	3727.550	3541.509	3888.096	3704.644	1.060	1.064	1.067
44	3661.902	3590.413	3811.722	3627.883	1.038	1.042	1.048
45	3699.741	3562.168	3825.649	3707.177	1.061	1.065	1.059
46	3659.308	3472.911	3888.418	3665.786	1.049	1.053	1.047
47	3726.235	3552.387	3976.928	3713.013	1.063	1.066	1.066
48	3736.119	3454.959	3899.075	3774.713	1.080	1.084	1.069
49	3814.323	3589.546	4124.292	3795.990	1.086	1.090	1.092
50	3837.453	3459.708	4138.969	3911.356	1.119	1.123	1.098
51	3885.022	3476.430	4168.849	3984.398	1.140	1.144	1.112
52	3934.598	3545.201	4436.244	3897.803	1.116	1.119	1.126
53	3941.148	3669.618	4257.018	3893.548	1.114	1.118	1.128
54	3953.290	3707.964	4247.558	3885.091	1.112	1.116	1.131
55	4024.639	3757.979	4494.442	3915.178	1.121	1.124	1.152
56	3901.678	3555.359	4283.328	3909.373	1.119	1.123	1.117
57	3974.533	3604.358	4259.371	4015.621	1.149	1.153	1.138
58	4125.914	3730.265	4701.783	3980.101	1.139	1.143	1.181
59	4267.166	3677.584	5442.845	4123.133	1.180	1.184	1.221
60	4477.129	3738.903	5652.033	4294.135	1.229	1.233	1.281
61	4432.162	3714.561	5381.885	4412.798	1.263	1.267	1.269
62	4471.486	3815.347	5314.045	4537.121	1.299	1.303	1.280
63	4235.006	3833.132	5113.079	4103.631	1.174	1.178	1.212
64	4125.390	3626.821	4982.116	3998.570	1.144	1.148	1.181
65	4065.213	3602.573	4561.742	4005.669	1.146	1.150	1.163
66	3973.405	3504.385	4659.538	3909.319	1.119	1.123	1.137
67	3902.946	3574.305	4465.980	3756.564	1.075	1.079	1.117
68	3738.419	3492.459	4030.305	3702.439	1.060	1.063	1.070
69	3677.522	3454.740	4034.866	3691.783	1.057	1.060	1.053
70	3639.581	3454.248	3795.593	3631.520	1.039	1.043	1.042
71	3722.132	3573.215	4000.696	3673.287	1.051	1.055	1.065
72	3811.566	3557.511	4044.521	3831.691	1.097	1.100	1.091
73	3896.219	3501.579	4339.386	3837.909	1.098	1.102	1.115
74	3896.103	3611.947	4000.406	3934.336	1.126	1.130	1.115
75	3898.421	3608.936	4190.106	3883.755	1.112	1.115	1.116
76	3824.826	3589.333	4133.237	3823.215	1.094	1.098	1.095
77	3811.013	3581.925	3958.809	3823.796	1.094	1.098	1.091
78	3788.912	3618.443	4029.859	3746.739	1.072	1.076	1.084
79	3764.300	3492.515	4085.420	3771.500	1.079	1.083	1.077
80	3715.857	3541.100	3908.162	3720.689	1.065	1.068	1.063
81	3677.649	3528.895	3777.814	3713.858	1.063	1.066	1.053
82	3624.963	3505.623	3724.635	3616.369	1.035	1.038	1.037
83	3706.841	3546.698	3879.032	3687.316	1.055	1.059	1.061
84	3644.724	3451.111	3891.068	3610.188	1.033	1.037	1.043
85	3635.818	3458.333	3889.169	3620.737	1.036	1.040	1.041
86	3736.742	3574.956	3937.013	3745.928	1.072	1.076	1.069
87	3726.734	3614.942	3868.109	3703.526	1.060	1.063	1.067
88	3821.369	3579.906	4214.482	3743.066	1.071	1.075	1.094
89	3863.349	3512.168	4227.296	3865.379	1.106	1.110	1.106
90	3853.540	3539.043	4386.670	3811.287	1.091	1.094	1.103
91	3737.373	3540.564	4147.125	3670.156	1.050	1.054	1.070
92	3633.285	3443.659	3823.069	3600.002	1.030	1.034	1.040
93	3649.566	3473.901	3763.945	3644.981	1.043	1.047	1.045
94	3715.248	3478.627	3915.350	3718.088	1.064	1.068	1.063
95	3654.449	3520.011	3814.533	3635.818	1.041	1.044	1.046
96	3750.490	3512.768	3985.585	3737.649	1.070	1.073	1.073
97	3987.645	3531.301	4277.857	3960.954	1.134	1.137	1.141
98	3991.003	3568.371	4514.956	3942.796	1.128	1.132	1.142
99	3994.931	3610.660	4676.933	3827.499	1.095	1.099	1.143
100	3808.954	3509.053	4291.527	3720.435	1.065	1.068	1.090
101	3713.342	3413.828	3980.115	3678.636	1.053	1.056	1.063
102	3683.523	3432.797	4064.987	3636.775	1.041	1.044	1.054
103	3751.760	3434.382	4020.217	3746.933	1.072	1.076	1.074
104	3861.113	3651.765	4229.491	3806.113	1.089	1.093	1.105
105	3842.842	3630.804	4076.336	3839.337	1.099	1.102	1.100
106	3814.194	3631.627	4130.129	3759.791	1.076	1.080	1.092
107	3840.876	3668.616	4076.940	3807.697	1.090	1.093	1.099
108	3880.510	3625.688	4156.129	3862.129	1.105	1.109	1.111
109	3764.652	3560.974	4171.952	3684.088	1.054	1.058	1.077
110	3664.253	3507.113	3990.511	3615.058	1.035	1.038	1.049
111	3657.005	3415.039	3832.431	3678.819	1.053	1.056	1.047
112	3633.693	3476.927	3848.779	3629.462	1.039	1.042	1.040
113	3567.318	3428.160	3751.269	3553.601	1.017	1.020	1.021
114	3524.152	3445.430	3600.321	3521.362	1.008	1.011	1.009
115	3544.833	3427.520	3692.365	3517.877	1.007	1.010	1.015
116	3589.414	3456.201	3754.501	3595.293	1.029	1.032	1.027
117	3737.910	3511.144	4040.338	3690.688	1.056	1.060	1.070
118	3783.984	3579.127	4191.865	3759.102	1.076	1.079	1.083
119	3672.500	3479.134	3855.298	3653.890	1.046	1.049	1.051
120	3802.173	3576.768	4020.143	3790.225	1.085	1.088	1.088
121	3804.202	3515.030	4160.868	3784.413	1.083	1.087	1.089
122	3772.270	3473.788	4023.706	3782.548	1.083	1.086	1.080
123	3752.184	3545.616	4097.194	3741.651	1.071	1.074	1.074
124	3785.537	3477.727	4274.560	3778.581	1.081	1.085	1.083
125	3689.728	3266.406	4040.355	3735.021	1.069	1.073	1.056
126	3673.225	3515.476	3948.463	3642.722	1.043	1.046	1.051
127	3583.412	3326.207	4010.010	3485.300	0.998	1.001	1.026
128	3620.347	3236.760	4062.530	3585.958	1.026	1.030	1.036
129	3616.353	3370.086	3959.100	3535.643	1.012	1.015	1.035
130	3557.376	3323.212	4024.225	3459.042	0.990	0.993	1.018
131	3507.965	3323.743	3866.013	3396.111	0.972	0.975	1.004
132	3447.078	3270.871	3706.510	3418.574	0.978	0.982	0.987
133	3556.062	3407.844	3722.640	3545.010	1.015	1.018	1.018
134	3625.067	3351.156	3868.087	3622.808	1.037	1.040	1.038
135	3643.649	3333.938	4070.963	3638.813	1.041	1.045	1.043
136	3603.122	3293.315	3916.383	3666.912	1.049	1.053	1.031
137	3593.341	3268.229	3985.057	3598.135	1.030	1.033	1.028
138	3581.131	3298.623	3800.305	3616.874	1.035	1.039	1.025
139	3626.728	3404.231	3925.276	3660.250	1.048	1.051	1.038
140	3567.523	3389.274	3721.366	3582.027	1.025	1.029	1.021
141	3539.543	3286.171	3788.653	3525.323	1.009	1.012	1.013
142	3582.081	3397.777	3802.423	3562.307	1.020	1.023	1.025
143	3669.144	3410.032	3929.991	3705.444	1.061	1.064	1.050
144	3624.735	3375.767	3875.888	3617.480	1.035	1.039	1.037
145	3614.714	3413.997	3787.684	3613.159	1.034	1.038	1.035
146	3709.074	3465.697	3916.952	3719.343	1.064	1.068	1.062
147	3672.914	3465.898	3802.568	3678.566	1.053	1.056	1.051
148	3698.770	3578.691	3842.006	3698.403	1.059	1.062	1.059
149	3706.679	3606.499	3824.471	3683.277	1.054	1.058	1.061
150	3749.244	3658.818	3931.374	3734.280	1.069	1.072	1.073
151	3752.092	3583.134	3946.532	3766.457	1.078	1.082	1.074
152	3683.275	3449.351	3849.616	3708.583	1.061	1.065	1.054
153	3721.705	3563.281	4029.436	3702.909	1.060	1.063	1.065
154	3728.703	3627.996	3920.588	3708.724	1.061	1.065	1.067
155	3666.758	3411.811	4038.848	3620.150	1.036	1.040	1.049
156	3733.133	3442.032	3963.767	3724.819	1.066	1.070	1.068
157	3830.536	3594.822	4159.525	3790.252	1.085	1.088	1.096
158	3906.615	3456.332	4152.687	3892.430	1.114	1.118	1.118
159	3928.303	3691.217	4302.124	3824.324	1.095	1.098	1.124
160	3921.554	3648.739	4197.104	3879.060	1.110	1.114	1.122
161	3903.246	3592.909	4276.386	3912.781	1.120	1.124	1.117
162	3813.705	3545.315	4077.669	3834.819	1.098	1.101	1.092
163	3763.063	3483.335	4081.102	3771.923	1.080	1.083	1.077
164	3658.268	3474.044	4006.535	3645.821	1.043	1.047	1.047
165	3604.866	3474.845	3744.710	3587.995	1.027	1.030	1.032
166	3685.780	3592.552	3770.428	3688.817	1.056	1.059	1.055
167	3659.944	3419.756	3969.711	3617.521	1.035	1.039	1.047
168	3698.673	3440.502	3975.957	3653.892	1.046	1.049	1.059
169	3714.846	3490.821	3891.160	3738.271	1.070	1.073	1.063
170	3705.962	3475.247	3899.289	3752.626	1.074	1.078	1.061
171	3659.302	3449.343	3968.350	3666.913	1.049	1.053	1.047
172	3621.824	3420.931	3735.385	3639.481	1.042	1.045	1.037
173	3631.118	3508.708	3766.537	3622.197	1.037	1.040	1.039
174	3563.115	3322.803	3727.119	3555.615	1.018	1.021	1.020
175	3532.092	3391.762	3678.597	3541.487	1.014	1.017	1.011
176	3515.588	3454.215	3580.178	3521.663	1.008	1.011	1.006
177	3579.294	3447.226	3687.824	3593.677	1.029	1.032	1.024
178	3681.948	3526.984	3912.761	3647.525	1.044	1.047	1.054
179	3607.452	3416.394	3853.631	3582.790	1.025	1.029	1.032
180	3607.599	3413.417	3733.792	3626.523	1.038	1.041	1.033
181	3546.004	3445.249	3705.685	3544.080	1.014	1.018	1.015
182	3572.247	3474.369	3682.956	3556.342	1.018	1.021	1.022
183	3555.972	3348.690	3673.098	3575.418	1.023	1.027	1.018
184	3595.941	3451.083	3717.518	3606.218	1.032	1.036	1.029
185	3592.897	3478.200	3759.210	3574.893	1.023	1.027	1.028
186	3593.506	3401.056	3748.548	3623.221	1.037	1.040	1.028
187	3635.191	3374.783	4055.278	3568.370	1.021	1.025	1.040
188	3590.753	3269.181	3761.198	3619.862	1.036	1.039	1.028
189	3621.754	3538.586	3767.626	3617.807	1.035	1.039	1.037
190	3576.924	3407.204	3729.510	3595.091	1.029	1.032	1.024
191	3556.916	3296.375	3760.635	3569.493	1.022	1.025	1.018
192	3522.747	3461.161	3620.544	3502.958	1.003	1.006	1.008
193	3508.635	3364.739	3744.375	3492.104	0.999	1.003	1.004
194	3507.381	3374.083	3636.558	3509.118	1.004	1.008	1.004
195	3520.512	3430.944	3607.520	3526.339	1.009	1.013	1.008
196	3530.950	3458.061	3600.088	3531.727	1.011	1.014	1.011
197	3502.382	3330.522	3624.199	3521.349	1.008	1.011	1.002
198	3666.430	3505.661	3895.128	3643.155	1.043	1.046	1.049
199	3754.711	3446.214	4084.725	3774.085	1.080	1.084	1.075
200	3832.711	3526.911	4148.071	3865.652	1.106	1.110	1.097
201	4070.365	3464.996	4863.518	4072.127	1.165	1.169	1.165
202	4060.911	3376.041	5075.109	3936.521	1.127	1.130	1.162
203	4093.129	3555.880	5160.191	3967.493	1.136	1.139	1.171
204	3860.744	3420.158	4483.173	3812.183	1.091	1.095	1.105
205	3799.846	3452.760	4140.034	3798.082	1.087	1.091	1.088
206	3669.414	3475.004	3793.431	3686.469	1.055	1.059	1.050
207	3602.490	3425.345	3730.633	3616.793	1.035	1.039	1.031
208	3513.679	3418.596	3655.128	3496.548	1.001	1.004	1.006
209	3492.441	3399.936	3560.969	3512.669	1.005	1.009	1.000
210	3459.770	3372.055	3607.719	3453.956	0.989	0.992	0.990
211	3444.604	3303.102	3663.802	3439.254	0.984	0.988	0.986
212	3502.453	3416.315	3615.019	3501.996	1.002	1.006	1.002
213	3543.325	3390.778	3714.157	3496.843	1.001	1.004	1.014
214	3480.290	3361.850	3579.406	3497.502	1.001	1.004	0.996
215	3473.825	3355.286	3740.073	3460.967	0.991	0.994	0.994
216	3482.604	3391.503	3643.282	3465.945	0.992	0.995	0.997
217	3437.182	3296.837	3592.409	3414.189	0.977	0.980	0.984
218	3413.254	3312.170	3513.414	3415.405	0.978	0.981	0.977
219	3446.214	3325.340	3546.370	3474.015	0.994	0.998	0.986
220	3516.009	3426.614	3594.566	3515.915	1.006	1.010	1.006
221	3525.288	3390.214	3633.870	3550.749	1.016	1.020	1.009
222	3566.436	3374.506	3732.726	3588.913	1.027	1.031	1.021
223	3635.466	3580.797	3665.508	3636.770	1.041	1.044	1.040
224	3647.303	3480.420	3826.574	3636.610	1.041	1.044	1.044
225	3646.388	3443.455	3769.625	3648.565	1.044	1.048	1.044
226	3730.031	3418.600	4161.721	3696.753	1.058	1.062	1.068
227	3781.866	3407.556	3934.152	3820.714	1.094	1.097	1.082
228	3813.247	3512.136	4105.438	3790.529	1.085	1.088	1.091
229	3716.734	3537.982	3997.476	3686.526	1.055	1.059	1.064
230	3655.466	3489.834	3818.021	3640.889	1.042	1.045	1.046
231	3593.084	3383.881	3751.691	3616.931	1.035	1.039	1.028
232	3604.498	3403.446	3734.047	3607.403	1.032	1.036	1.032
233	3595.561	3353.532	3789.119	3605.671	1.032	1.035	1.029
234	3584.955	3452.292	3772.470	3563.328	1.020	1.023	1.026
235	3535.181	3391.312	3740.464	3539.152	1.013	1.016	1.012
236	3571.470	3438.021	3795.488	3570.401	1.022	1.025	1.022
237	3506.960	3305.616	3633.122	3566.076	1.021	1.024	1.004
238	3459.191	3348.707	3692.313	3425.789	0.980	0.984	0.990
239	3457.431	3309.079	3684.513	3430.907	0.982	0.985	0.990
240	3450.185	3345.149	3550.561	3440.195	0.985	0.988	0.987
241	3454.668	3365.729	3721.404	3429.277	0.981	0.985	0.989
242	3509.380	3384.124	3632.868	3501.659	1.002	1.006	1.004
243	3536.259	3354.655	3663.848	3522.507	1.008	1.011	1.012
244	3507.495	3193.778	3649.470	3538.855	1.013	1.016	1.004
245	3477.048	3343.240	3653.995	3432.952	0.983	0.986	0.995
246	3478.291	3377.624	3632.482	3474.417	0.994	0.998	0.996
247	3532.427	3419.931	3642.855	3548.118	1.015	1.019	1.011
248	3491.855	3369.042	3628.075	3497.492	1.001	1.004	0.999
249	3499.417	3326.234	3673.289	3537.292	1.012	1.016	1.002
250	3511.670	3411.110	3609.668	3542.699	1.014	1.017	1.005
251	3509.688	3429.065	3565.315	3514.736	1.006	1.009	1.004
252	3494.280	3400.464	3578.460	3486.859	0.998	1.001	1.000
253	3437.277	3258.094	3694.858	3411.007	0.976	0.979	0.984
254	3471.814	3432.566	3538.655	3463.315	0.991	0.994	0.994
255	3505.319	3390.363	3610.507	3509.371	1.004	1.008	1.003
256	3446.366	3358.620	3549.531	3441.729	0.985	0.988	0.986
257	3498.083	3357.479	3679.304	3474.265	0.994	0.998	1.001
258	3481.057	3399.144	3597.491	3475.645	0.995	0.998	0.996
259	3520.574	3457.012	3612.732	3512.120	1.005	1.009	1.008
260	3511.274	3405.560	3698.839	3499.838	1.002	1.005	1.005
261	3453.789	3331.884	3621.012	3449.781	0.987	0.991	0.988
262	3375.203	3204.972	3480.853	3396.707	0.972	0.975	0.966
263	3377.478	3271.160	3484.359	3388.568	0.970	0.973	0.967
264	3428.065	3283.176	3532.371	3432.189	0.982	0.986	0.981
265	3419.885	3303.212	3531.115	3444.842	0.986	0.989	0.979
266	3464.347	3338.115	3578.125	3475.889	0.995	0.998	0.992
267	3467.500	3400.066	3580.211	3469.715	0.993	0.996	0.992
268	3461.569	3363.576	3535.330	3468.756	0.993	0.996	0.991
269	3496.680	3407.809	3581.969	3483.528	0.997	1.000	1.001
270	3486.513	3392.788	3585.491	3493.828	1.000	1.003	0.998
271	3415.836	3275.257	3659.918	3392.607	0.971	0.974	0.978
272	3443.908	3349.995	3579.045	3424.322	0.980	0.983	0.986
273	3520.530	3281.901	3692.313	3542.557	1.014	1.017	1.008
274	3501.483	3401.190	3690.118	3481.024	0.996	1.000	1.002
275	3428.531	3278.656	3488.890	3436.625	0.984	0.987	0.981
276	3465.372	3292.155	3577.202	3474.861	0.995	0.998	0.992
277	3466.825	3362.920	3563.553	3471.571	0.994	0.997	0.992
278	3467.706	3355.178	3634.600	3463.844	0.991	0.995	0.992
279	3499.676	3390.864	3665.697	3490.118	0.999	1.002	1.002
280	3461.567	3277.582	3690.993	3428.171	0.981	0.984	0.991
281	3465.809	3348.220	3582.209	3459.223	0.990	0.993	0.992
282	3500.698	3366.601	3609.539	3472.078	0.994	0.997	1.002
283	3488.596	3393.624	3595.699	3469.166	0.993	0.996	0.998
284	3501.431	3409.499	3588.883	3497.620	1.001	1.004	1.002
285	3477.650	3387.962	3654.100	3424.569	0.980	0.983	0.995
286	3463.966	3356.787	3539.232	3456.477	0.989	0.993	0.991
287	3514.760	3404.899	3660.357	3516.913	1.007	1.010	1.006
288	3543.350	3437.290	3681.388	3511.626	1.005	1.008	1.014
289	3597.638	3437.614	3741.295	3577.669	1.024	1.027	1.030
290	3544.275	3424.218	3627.404	3556.320	1.018	1.021	1.014
291	3494.673	3393.526	3605.995	3472.621	0.994	0.997	1.000
292	3520.384	3247.885	3615.025	3565.554	1.020	1.024	1.008
293	3604.300	3420.569	3977.191	3569.167	1.022	1.025	1.032
294	3614.946	3377.268	3851.106	3581.183	1.025	1.028	1.035
295	3634.364	3449.067	3865.335	3649.241	1.044	1.048	1.040
296	3598.429	3396.264	3761.921	3596.592	1.029	1.033	1.030
297	3505.521	3373.876	3728.961	3502.870	1.003	1.006	1.003
298	3538.257	3356.784	3711.260	3545.377	1.015	1.018	1.013
299	3502.796	3326.792	3789.054	3469.679	0.993	0.996	1.003
300	3495.514	3285.015	3619.957	3531.155	1.011	1.014	1.000
301	3502.491	3350.539	3607.828	3519.857	1.007	1.011	1.002
302	3458.461	3254.866	3588.245	3472.413	0.994	0.997	0.990
303	3503.436	3288.791	3673.824	3495.470	1.000	1.004	1.003
304	3468.718	3280.005	3668.967	3446.978	0.987	0.990	0.993
305	3509.287	3414.646	3592.797	3503.631	1.003	1.006	1.004
306	3557.691	3467.519	3723.556	3524.132	1.009	1.012	1.018
307	3535.455	3425.718	3691.687	3511.187	1.005	1.008	1.012
308	3497.429	3365.568	3614.128	3486.130	0.998	1.001	1.001
309	3475.000	3384.253	3721.958	3441.953	0.985	0.988	0.995
310	3425.029	3338.952	3523.190	3416.364	0.978	0.981	0.980
311	3418.259	3220.211	3499.444	3442.441	0.985	0.988	0.978
312	3480.287	3409.819	3592.687	3474.164	0.994	0.998	0.996
313	3460.486	3209.320	3603.015	3485.487	0.998	1.001	0.990
314	3440.106	3366.307	3603.461	3430.227	0.982	0.985	0.985
315	3476.145	3312.971	3607.670	3465.615	0.992	0.995	0.995
316	3497.805	3321.499	3727.213	3457.299	0.989	0.993	1.001
317	3473.193	3286.128	3643.513	3454.248	0.989	0.992	0.994
318	3455.057	3305.511	3615.974	3453.371	0.988	0.992	0.989
319	3482.719	3387.675	3542.843	3491.717	0.999	1.003	0.997
320	3470.019	3367.588	3608.448	3477.567	0.995	0.999	0.993
321	3417.154	3312.364	3560.433	3395.107	0.972	0.975	0.978
322	3405.664	3306.968	3582.996	3388.957	0.970	0.973	0.975
323	3463.248	3367.198	3566.926	3459.059	0.990	0.993	0.991
324	3469.840	3378.836	3603.095	3466.260	0.992	0.995	0.993
325	3464.140	3337.268	3622.860	3434.783	0.983	0.986	0.991
326	3423.014	3294.898	3521.807	3441.956	0.985	0.988	0.980
327	3392.858	3294.834	3446.549	3383.792	0.968	0.972	0.971
328	3457.761	3257.539	3580.057	3474.546	0.994	0.998	0.990
329	3408.167	3284.598	3563.876	3406.616	0.975	0.978	0.975
330	3447.966	3279.322	3590.044	3481.686	0.996	1.000	0.987
331	3559.709	3371.666	3726.594	3558.623	1.018	1.022	1.019
332	3484.373	3356.711	3639.952	3463.395	0.991	0.995	0.997
333	3482.685	3334.693	3653.142	3471.763	0.994	0.997	0.997
334	3433.263	3351.498	3557.861	3429.891	0.982	0.985	0.983
335	3439.709	3228.905	3619.795	3447.182	0.987	0.990	0.984
336	3477.526	3338.206	3684.521	3443.145	0.985	0.989	0.995
337	3563.717	3442.112	3670.736	3574.744	1.023	1.026	1.020
338	3578.581	3385.680	3739.609	3600.321	1.030	1.034	1.024
339	3527.069	3432.064	3723.096	3495.680	1.000	1.004	1.009
340	3474.683	3360.321	3646.135	3442.771	0.985	0.989	0.994
341	3457.911	3350.427	3615.850	3437.567	0.984	0.987	0.990
342	3435.134	3305.005	3563.425	3419.270	0.979	0.982	0.983
343	3458.201	3279.723	3543.513	3469.695	0.993	0.996	0.990
344	3462.442	3362.693	3600.706	3467.764	0.992	0.996	0.991
345	3457.753	3335.952	3520.870	3478.648	0.996	0.999	0.990
346	3485.517	3391.956	3579.114	3478.042	0.995	0.999	0.998
347	3518.531	3387.594	3588.113	3528.978	1.010	1.013	1.007
348	3507.022	3410.083	3621.778	3515.566	1.006	1.009	1.004
349	3517.610	3425.513	3716.087	3491.224	0.999	1.003	1.007
350	3526.839	3407.086	3589.250	3553.079	1.017	1.020	1.009
351	3516.785	3374.652	3681.929	3486.127	0.998	1.001	1.007
352	3480.935	3368.490	3543.047	3505.442	1.003	1.007	0.996
353	3447.251	3311.729	3592.269	3461.694	0.991	0.994	0.987
354	3509.065	3416.504	3654.071	3497.916	1.001	1.004	1.004
355	3501.816	3393.370	3635.131	3497.432	1.001	1.004	1.002
356	3505.438	3427.565	3609.796	3505.977	1.003	1.007	1.003
357	3465.022	3376.433	3612.053	3464.973	0.992	0.995	0.992
358	3427.465	3337.668	3492.636	3440.454	0.985	0.988	0.981
359	3441.830	3355.786	3559.793	3410.157	0.976	0.979	0.985
360	3445.804	3389.549	3533.864	3436.151	0.983	0.987	0.986
361	3458.067	3335.245	3616.343	3480.020	0.996	0.999	0.990
362	3399.330	3324.292	3494.824	3381.344	0.968	0.971	0.973
363	3448.575	3312.853	3519.408	3473.918	0.994	0.998	0.987
364	3431.721	3310.315	3497.139	3450.019	0.987	0.991	0.982
365	3410.151	3303.972	3651.034	3388.113	0.970	0.973	0.976
366	3468.390	3333.565	3653.956	3453.202	0.988	0.992	0.993
367	3403.960	3323.279	3469.981	3406.453	0.975	0.978	0.974
368	3350.758	3196.705	3436.908	3373.365	0.965	0.969	0.959
369	3441.708	3289.139	3649.829	3430.800	0.982	0.985	0.985
370	3446.235	3340.786	3653.208	3408.496	0.976	0.979	0.986
371	3460.327	3379.687	3523.303	3483.248	0.997	1.000	0.990
372	3480.518	3397.687	3602.222	3472.483	0.994	0.997	0.996
373	3480.000	3379.561	3559.490	3486.227	0.998	1.001	0.996
374	3477.359	3347.434	3713.229	3457.647	0.990	0.993	0.995
375	3405.999	3333.123	3553.457	3399.667	0.973	0.976	0.975
376	3403.008	3311.117	3534.755	3392.682	0.971	0.974	0.974
377	3364.178	3253.867	3513.319	3363.123	0.963	0.966	0.963
378	3447.830	3291.415	3607.094	3441.637	0.985	0.988	0.987
379	3452.231	3347.837	3641.431	3402.146	0.974	0.977	0.988
380	3484.051	3309.770	3666.616	3444.364	0.986	0.989	0.997
381	3429.962	3284.716	3734.522	3391.992	0.971	0.974	0.982
382	3470.710	3240.218	3738.327	3415.283	0.977	0.981	0.993
383	3471.703	3177.106	3743.028	3474.967	0.995	0.998	0.994
384	3430.697	3269.941	3631.956	3409.808	0.976	0.979	0.982
385	3482.929	3318.269	3685.355	3462.028	0.991	0.994	0.997
386	3514.342	3264.833	3768.277	3535.272	1.012	1.015	1.006
387	3493.832	3237.920	3804.954	3499.994	1.002	1.005	1.000
388	3443.554	3155.448	3648.262	3516.363	1.006	1.010	0.986
389	3466.353	3231.978	3683.814	3474.016	0.994	0.998	0.992
390	3434.672	3291.484	3577.407	3442.620	0.985	0.989	0.983
391	3457.486	3247.352	3704.053	3433.782	0.983	0.986	0.990
392	3456.584	3276.884	3643.849	3474.714	0.994	0.998	0.989
393	3460.079	3305.470	3558.005	3485.323	0.998	1.001	0.990
394	3447.012	3332.651	3651.951	3440.162	0.985	0.988	0.987
395	3450.029	3277.654	3680.573	3404.722	0.974	0.978	0.987
396	3490.794	3239.243	3783.375	3528.940	1.010	1.013	0.999
397	3513.711	3303.452	3687.518	3562.817	1.020	1.023	1.006
398	3507.563	3304.459	3612.335	3521.709	1.008	1.011	1.004
399	3483.357	3356.125	3604.770	3484.583	0.997	1.001	0.997
400	3509.641	3246.899	3631.094	3546.781	1.015	1.018	1.004
401	3573.368	3292.720	3787.770	3595.647	1.029	1.032	1.023
402	3656.614	3415.364	3839.862	3639.116	1.042	1.045	1.047
403	3690.992	3382.442	3907.775	3760.136	1.076	1.080	1.056
404	3593.199	3323.235	3760.789	3632.591	1.040	1.043	1.028
405	3698.513	3446.553	4032.393	3724.011	1.066	1.069	1.059
406	3657.005	3417.584	3858.759	3679.344	1.053	1.057	1.047
407	3610.290	3324.543	3775.082	3639.485	1.042	1.045	1.033
408	3593.261	3464.659	3792.940	3584.081	1.026	1.029	1.028
409	3701.380	3467.123	3911.138	3702.231	1.060	1.063	1.059
410	3656.406	3453.864	3845.294	3630.188	1.039	1.042	1.046
411	3648.342	3353.928	3850.646	3668.818	1.050	1.054	1.044
412	3691.585	3350.141	3917.514	3744.624	1.072	1.075	1.057
413	3656.812	3365.610	3803.419	3689.398	1.056	1.059	1.047
414	3668.723	3374.423	3875.376	3694.045	1.057	1.061	1.050
415	3640.798	3354.823	3871.157	3631.172	1.039	1.043	1.042
416	3636.148	3398.246	3835.508	3643.015	1.043	1.046	1.041
417	3548.438	3355.059	3681.674	3545.083	1.015	1.018	1.016
418	3542.252	3379.723	3650.874	3545.656	1.015	1.018	1.014
419	3582.130	3408.557	3690.436	3609.953	1.033	1.037	1.025
420	3612.773	3452.782	3900.850	3574.791	1.023	1.027	1.034
421	3612.064	3497.815	3771.989	3585.131	1.026	1.029	1.034
422	3554.770	3421.603	3644.462	3566.985	1.021	1.024	1.017
423	3544.012	3385.739	3597.126	3572.156	1.022	1.026	1.014
424	3507.037	3244.095	3657.418	3550.436	1.016	1.020	1.004
425	3660.282	3502.106	3752.390	3684.508	1.055	1.058	1.048
426	3648.795	3458.266	3855.298	3637.511	1.041	1.045	1.044
427	3654.443	3451.580	3951.482	3638.461	1.041	1.045	1.046
428	3689.394	3564.474	3898.860	3657.034	1.047	1.050	1.056
429	3799.540	3442.504	4109.188	3798.244	1.087	1.091	1.087
430	3777.707	3465.726	4148.440	3744.803	1.072	1.075	1.081
431	3765.810	3489.595	4170.617	3679.837	1.053	1.057	1.078
432	3731.084	3456.360	3935.627	3716.389	1.064	1.067	1.068
433	3735.828	3556.928	3895.371	3754.795	1.075	1.078	1.069
434	3647.044	3512.141	3794.414	3622.368	1.037	1.040	1.044
435	3642.159	3523.624	3789.920	3636.302	1.041	1.044	1.042
436	3523.790	3299.741	3955.893	3484.112	0.997	1.000	1.009
437	3538.894	3347.694	3910.629	3482.144	0.997	1.000	1.013
438	3481.346	3289.773	3750.106	3480.958	0.996	1.000	0.996
439	3514.680	3238.091	3719.776	3571.128	1.022	1.025	1.006
440	3532.918	3287.805	3814.167	3520.422	1.008	1.011	1.011
441	3618.093	3400.611	4004.603	3589.541	1.027	1.031	1.036
442	3528.146	3419.220	3702.832	3531.990	1.011	1.014	1.010
443	3579.243	3296.557	3916.578	3600.404	1.030	1.034	1.024
444	3655.393	3343.928	3984.594	3605.190	1.032	1.035	1.046
445	3541.883	3292.247	3836.011	3530.364	1.010	1.014	1.014
446	3511.074	3327.717	3628.678	3534.946	1.012	1.015	1.005
447	3489.900	3391.535	3559.244	3485.328	0.998	1.001	0.999
448	3546.457	3403.992	3758.372	3531.723	1.011	1.014	1.015
449	3552.065	3357.286	4033.307	3514.547	1.006	1.009	1.017
450	3565.802	3363.466	3787.725	3535.423	1.012	1.015	1.021
451	3581.527	3448.321	3792.062	3544.110	1.014	1.018	1.025
452	3598.735	3356.590	3751.715	3620.554	1.036	1.040	1.030
453	3659.082	3422.573	3929.593	3617.874	1.035	1.039	1.047
454	3642.444	3309.924	3932.649	3582.082	1.025	1.029	1.042
455	3728.556	3324.669	4093.514	3712.779	1.063	1.066	1.067
456	3606.629	3327.890	3902.354	3600.518	1.030	1.034	1.032
457	3522.772	3366.069	3833.820	3461.616	0.991	0.994	1.008
458	3427.757	3295.756	3565.471	3425.584	0.980	0.984	0.981
459	3460.965	3252.536	3795.696	3461.462	0.991	0.994	0.991
460	3463.980	3310.409	3676.371	3461.977	0.991	0.994	0.991
461	3390.116	3282.543	3563.003	3387.875	0.970	0.973	0.970
462	3437.347	3360.691	3504.184	3442.618	0.985	0.989	0.984
463	3423.500	3297.208	3567.633	3419.930	0.979	0.982	0.980
464	3468.845	3388.317	3595.195	3447.353	0.987	0.990	0.993
465	3380.604	3270.955	3457.938	3360.282	0.962	0.965	0.968
466	3436.939	3289.328	3577.613	3437.962	0.984	0.987	0.984
467	3452.990	3243.397	3703.561	3426.514	0.981	0.984	0.988
468	3532.422	3406.491	3638.956	3540.023	1.013	1.017	1.011
469	3509.149	3403.191	3669.455	3476.763	0.995	0.998	1.004
470	3585.416	3400.390	3767.535	3593.688	1.029	1.032	1.026
471	3529.190	3391.896	3833.428	3522.110	1.008	1.011	1.010
472	3508.017	3434.223	3607.116	3508.268	1.004	1.007	1.004
473	3442.388	3346.548	3562.399	3435.472	0.983	0.986	0.985
474	3503.254	3267.169	3726.987	3515.928	1.006	1.010	1.003
475	3488.351	3356.161	3552.209	3514.396	1.006	1.009	0.998
476	3479.711	3353.671	3599.346	3480.300	0.996	0.999	0.996
477	3483.198	3407.076	3571.621	3485.062	0.997	1.001	0.997
478	3466.956	3260.528	3552.151	3497.973	1.001	1.004	0.992
479	3480.296	3354.307	3586.056	3492.117	0.999	1.003	0.996
480	3489.430	3335.766	3606.351	3500.392	1.002	1.005	0.999
481	3505.539	3410.167	3596.598	3502.718	1.002	1.006	1.003
482	3472.945	3353.228	3561.788	3485.182	0.997	1.001	0.994
483	3429.689	3278.053	3563.195	3415.798	0.978	0.981	0.982
484	3396.459	3328.922	3510.096	3391.971	0.971	0.974	0.972
485	3459.484	3304.078	3558.590	3474.417	0.994	0.998	0.990
486	3470.103	3282.165	3691.161	3452.837	0.988	0.991	0.993
487	3422.183	3363.133	3504.588	3410.705	0.976	0.979	0.979
488	3472.852	3293.939	3647.117	3494.803	1.000	1.004	0.994
489	3486.988	3277.454	3656.095	3488.330	0.998	1.002	0.998
490	3514.768	3400.874	3612.894	3528.877	1.010	1.013	1.006
491	3528.538	3424.722	3819.744	3490.669	0.999	1.002	1.010
492	3468.912	3333.377	3546.945	3497.412	1.001	1.004	0.993
493	3486.328	3340.005	3664.062	3477.493	0.995	0.999	0.998
494	3533.629	3332.236	3683.636	3533.378	1.011	1.015	1.011
495	3533.093	3363.171	3666.994	3546.367	1.015	1.018	1.011
496	3516.457	3412.607	3646.936	3526.717	1.009	1.013	1.006
497	3472.866	3311.478	3587.073	3478.199	0.995	0.999	0.994
498	3457.728	3371.198	3725.894	3434.750	0.983	0.986	0.990
499	3467.904	3371.677	3568.730	3463.432	0.991	0.995	0.993
500	3489.425	3334.064	3593.865	3519.608	1.007	1.011	0.999
501	3456.397	3354.482	3559.957	3457.493	0.990	0.993	0.989
502	3449.407	3306.574	3604.684	3446.676	0.986	0.990	0.987
503	3472.757	3373.008	3643.246	3443.029	0.985	0.989	0.994
504	3486.357	3318.155	3697.831	3467.756	0.992	0.996	0.998
505	3476.195	3340.613	3686.307	3439.271	0.984	0.988	0.995
506	3423.918	3343.840	3563.649	3415.283	0.977	0.981	0.980
507	3377.304	3312.219	3485.450	3372.862	0.965	0.969	0.967
508	3374.334	3283.183	3538.554	3374.812	0.966	0.969	0.966
509	3372.060	3322.071	3465.330	3374.177	0.966	0.969	0.965
510	3344.049	3208.440	3536.132	3337.795	0.955	0.958	0.957
511	3357.791	3215.938	3499.565	3336.082	0.955	0.958	0.961
512	3384.516	3275.298	3524.368	3381.348	0.968	0.971	0.969
513	3386.147	3252.771	3473.759	3384.602	0.969	0.972	0.969
514	3401.438	3291.627	3612.019	3389.469	0.970	0.973	0.974
515	3350.164	3269.753	3430.576	3360.944	0.962	0.965	0.959
516	3390.905	3182.955	3520.221	3416.035	0.978	0.981	0.970
517	3403.249	3274.951	3552.945	3403.083	0.974	0.977	0.974
518	3371.115	3244.793	3509.345	3364.187	0.963	0.966	0.965
519	3387.548	3273.263	3507.655	3369.788	0.964	0.968	0.970
520	3381.744	3242.713	3555.905	3378.683	0.967	0.970	0.968
521	3361.516	3233.196	3458.562	3394.971	0.972	0.975	0.962
522	3334.247	3265.285	3377.251	3354.358	0.960	0.963	0.954
523	3326.797	3198.586	3439.072	3311.460	0.948	0.951	0.952
524	3331.092	3234.561	3443.702	3332.729	0.954	0.957	0.953
525	3313.026	3196.432	3399.456	3331.759	0.954	0.957	0.948
526	3317.601	3220.743	3366.118	3323.821	0.951	0.954	0.950
527	3335.727	3189.234	3489.810	3342.929	0.957	0.960	0.955
528	3386.154	3284.129	3523.906	3395.712	0.972	0.975	0.969
529	3344.357	3212.671	3470.258	3329.429	0.953	0.956	0.957
530	3304.548	3204.232	3479.445	3285.311	0.940	0.943	0.946
531	3317.409	3231.658	3521.852	3294.100	0.943	0.946	0.949
532	3313.455	3248.511	3400.498	3311.757	0.948	0.951	0.948
533	3341.726	3262.824	3438.551	3335.022	0.955	0.958	0.956
534	3329.849	3228.202	3457.520	3320.915	0.950	0.954	0.953
535	3319.832	3208.873	3467.230	3301.326	0.945	0.948	0.950
536	3277.856	3142.448	3461.508	3272.496	0.937	0.940	0.938
537	3338.030	3230.551	3405.831	3344.826	0.957	0.960	0.955
538	3351.624	3225.360	3413.286	3360.618	0.962	0.965	0.959
539	3325.727	3206.308	3426.281	3330.447	0.953	0.956	0.952
540	3331.591	3249.717	3499.596	3308.318	0.947	0.950	0.954
541	3373.000	3275.219	3538.991	3354.377	0.960	0.963	0.965
542	3348.610	3266.530	3454.717	3345.370	0.957	0.961	0.958
543	3311.875	3251.690	3447.919	3296.866	0.944	0.947	0.948
544	3340.202	3197.259	3422.564	3339.865	0.956	0.959	0.956
545	3393.006	3320.613	3472.807	3385.769	0.969	0.972	0.971
546	3311.453	3224.260	3372.312	3320.930	0.950	0.954	0.948
547	3278.280	3232.316	3365.403	3270.553	0.936	0.939	0.938
548	3346.346	3260.355	3514.433	3322.007	0.951	0.954	0.958
549	3364.884	3257.091	3628.645	3346.338	0.958	0.961	0.963
550	3334.974	3285.187	3470.909	3305.915	0.946	0.949	0.954
551	3362.184	3286.786	3491.732	3322.939	0.951	0.954	0.962
552	3385.562	3220.812	3600.817	3355.358	0.960	0.963	0.969
553	3420.709	3284.894	3521.766	3424.297	0.980	0.983	0.979
554	3424.130	3256.346	3588.448	3409.397	0.976	0.979	0.980
555	3424.797	3250.492	3577.550	3417.911	0.978	0.981	0.980
556	3391.626	3210.923	3549.561	3378.234	0.967	0.970	0.971
557	3371.556	3236.028	3473.871	3366.514	0.964	0.967	0.965
558	3398.689	3286.759	3592.780	3395.919	0.972	0.975	0.973
559	3390.522	3323.313	3471.313	3385.416	0.969	0.972	0.970
560	3392.382	3300.719	3561.216	3395.112	0.972	0.975	0.971
561	3377.805	3236.435	3526.726	3366.060	0.963	0.967	0.967
562	3317.222	3238.352	3421.215	3283.375	0.940	0.943	0.949
563	3344.518	3223.229	3440.275	3337.228	0.955	0.958	0.957
564	3424.688	3276.543	3562.105	3425.444	0.980	0.984	0.980
565	3338.861	3280.698	3395.387	3338.008	0.955	0.959	0.956
566	3338.567	3241.412	3510.646	3324.626	0.952	0.955	0.956
567	3349.812	3245.311	3432.955	3374.604	0.966	0.969	0.959
568	3316.546	3226.069	3471.669	3319.950	0.950	0.953	0.949
569	3386.079	3158.148	3515.278	3411.104	0.976	0.979	0.969
570	3426.012	3217.068	3599.361	3451.626	0.988	0.991	0.981
571	3408.221	3270.417	3603.392	3399.307	0.973	0.976	0.975
572	3374.201	3302.603	3478.662	3379.879	0.967	0.971	0.966
573	3420.906	3270.900	3591.680	3434.380	0.983	0.986	0.979
574	3462.681	3301.997	3803.396	3426.478	0.981	0.984	0.991
575	3466.080	3377.507	3688.870	3437.164	0.984	0.987	0.992
576	3423.080	3306.812	3536.382	3414.239	0.977	0.980	0.980
577	3375.702	3262.763	3494.918	3367.356	0.964	0.967	0.966
578	3384.625	3215.947	3490.378	3410.051	0.976	0.979	0.969
579	3404.308	3240.909	3643.623	3397.612	0.972	0.976	0.974
580	3429.662	3297.605	3627.508	3433.233	0.983	0.986	0.982
581	3483.611	3382.378	3605.651	3468.974	0.993	0.996	0.997
582	3468.066	3349.777	3642.909	3423.233	0.980	0.983	0.993
583	3438.613	3355.399	3517.385	3431.896	0.982	0.985	0.984
584	3388.309	3236.486	3474.031	3403.312	0.974	0.977	0.970
585	3354.653	3213.325	3494.140	3360.419	0.962	0.965	0.960
586	3447.799	3250.785	3607.828	3446.132	0.986	0.990	0.987
587	3502.413	3336.020	3751.470	3476.674	0.995	0.998	1.002
588	3484.396	3301.271	3708.377	3479.510	0.996	0.999	0.997
589	3467.052	3218.948	3581.315	3528.227	1.010	1.013	0.992
590	3489.213	3381.022	3627.155	3460.765	0.990	0.994	0.999
591	3466.216	3303.926	3660.446	3440.586	0.985	0.988	0.992
592	3445.789	3322.301	3560.012	3468.125	0.993	0.996	0.986
593	3395.315	3255.123	3479.858	3409.313	0.976	0.979	0.972
594	3403.599	3215.988	3580.016	3411.901	0.977	0.980	0.974
595	3381.975	3301.837	3467.035	3396.925	0.972	0.975	0.968
596	3415.931	3344.405	3491.051	3395.868	0.972	0.975	0.978
597	3382.822	3231.269	3532.577	3372.689	0.965	0.968	0.968
598	3422.778	3301.123	3541.361	3405.028	0.975	0.978	0.980
599	3381.835	3259.444	3507.940	3372.951	0.965	0.969	0.968
600	3417.333	3292.241	3647.018	3392.190	0.971	0.974	0.978
601	3432.092	3232.746	3593.422	3432.448	0.982	0.986	0.982
602	3437.586	3240.149	3544.649	3466.568	0.992	0.995	0.984
603	3443.457	3302.702	3637.289	3429.430	0.982	0.985	0.986
604	3447.667	3363.479	3506.098	3449.607	0.987	0.991	0.987
605	3447.649	3343.843	3618.714	3415.632	0.978	0.981	0.987
606	3412.800	3194.297	3622.381	3401.521	0.974	0.977	0.977
607	3375.410	3224.921	3588.162	3355.543	0.960	0.964	0.966
608	3396.541	3260.687	3476.591	3396.579	0.972	0.975	0.972
609	3409.958	3323.281	3463.503	3412.440	0.977	0.980	0.976
610	3414.931	3340.307	3497.349	3419.097	0.979	0.982	0.977
611	3375.039	3302.141	3476.333	3359.183	0.961	0.965	0.966
612	3369.595	3310.558	3489.593	3352.095	0.959	0.963	0.964
613	3394.323	3328.999	3475.423	3373.279	0.965	0.969	0.971
614	3424.243	3306.550	3548.803	3433.672	0.983	0.986	0.980
615	3416.267	3365.416	3484.866	3414.730	0.977	0.981	0.978
616	3418.622	3334.124	3484.061	3422.560	0.980	0.983	0.978
617	3456.842	3301.071	3683.352	3441.847	0.985	0.988	0.989
618	3462.389	3361.919	3558.592	3474.089	0.994	0.998	0.991
619	3531.252	3391.605	3877.884	3487.711	0.998	1.001	1.011
620	3568.455	3475.359	3717.844	3564.134	1.020	1.023	1.021
621	3510.195	3414.766	3615.894	3503.414	1.003	1.006	1.005
622	3454.052	3315.153	3598.465	3436.633	0.984	0.987	0.989
623	3392.754	3292.092	3562.887	3359.769	0.962	0.965	0.971
624	3399.865	3227.083	3503.840	3401.970	0.974	0.977	0.973
625	3404.059	3310.907	3522.444	3395.930	0.972	0.975	0.974
626	3372.380	3244.661	3460.653	3382.159	0.968	0.971	0.965
627	3455.044	3270.400	3624.013	3441.401	0.985	0.988	0.989
628	3345.563	3269.870	3421.183	3358.152	0.961	0.964	0.958
629	3378.416	3216.613	3510.322	3407.545	0.975	0.978	0.967
630	3411.456	3307.393	3473.109	3425.508	0.980	0.984	0.976
631	3428.911	3230.491	3548.447	3450.435	0.988	0.991	0.981
632	3382.794	3248.499	3498.646	3371.819	0.965	0.968	0.968
633	3414.088	3277.531	3565.957	3411.156	0.976	0.980	0.977
634	3411.311	3280.481	3549.117	3405.449	0.975	0.978	0.976
635	3410.617	3194.878	3586.556	3443.892	0.986	0.989	0.976
636	3451.554	3365.854	3541.260	3451.352	0.988	0.991	0.988
637	3428.024	3375.478	3476.349	3429.357	0.982	0.985	0.981
638	3434.266	3290.426	3517.305	3447.415	0.987	0.990	0.983
639	3448.464	3255.573	3655.199	3448.382	0.987	0.990	0.987
640	3428.454	3300.446	3563.707	3424.809	0.980	0.983	0.981
641	3393.182	3229.139	3508.600	3415.035	0.977	0.981	0.971
642	3354.910	3220.303	3449.075	3353.123	0.960	0.963	0.960
643	3386.013	3284.457	3531.968	3374.240	0.966	0.969	0.969
644	3414.800	3280.068	3534.521	3417.152	0.978	0.981	0.977
645	3422.636	3353.094	3520.334	3415.831	0.978	0.981	0.980
646	3390.527	3262.459	3506.157	3386.768	0.969	0.973	0.970
647	3390.444	3325.038	3472.690	3385.410	0.969	0.972	0.970
648	3404.704	3246.119	3483.795	3419.841	0.979	0.982	0.974
649	3404.420	3314.251	3518.956	3407.464	0.975	0.978	0.974
650	3434.743	3368.154	3511.796	3427.794	0.981	0.984	0.983
651	3398.120	3338.503	3467.695	3397.803	0.972	0.976	0.973
652	3472.729	3336.238	3722.856	3479.826	0.996	0.999	0.994
653	3430.707	3231.625	3603.096	3431.645	0.982	0.985	0.982
654	3451.111	3285.606	3520.723	3477.146	0.995	0.998	0.988
655	3488.681	3331.831	3907.751	3442.509	0.985	0.989	0.998
656	3513.042	3301.350	3655.240	3585.460	1.026	1.030	1.005
657	3535.932	3353.457	3671.640	3587.673	1.027	1.030	1.012
658	3568.159	3386.342	3847.230	3544.478	1.014	1.018	1.021
659	3582.162	3353.480	3810.107	3567.857	1.021	1.025	1.025
660	3527.658	3336.405	3649.302	3541.067	1.013	1.017	1.010
661	3470.072	3325.270	3733.292	3445.580	0.986	0.989	0.993
662	3439.937	3349.307	3631.789	3419.804	0.979	0.982	0.985
663	3421.683	3247.226	3587.242	3432.966	0.983	0.986	0.979
664	3412.780	3219.140	3518.116	3419.991	0.979	0.982	0.977
665	3486.693	3423.689	3568.731	3473.437	0.994	0.997	0.998
666	3434.935	3346.286	3508.043	3438.663	0.984	0.987	0.983
667	3472.481	3283.367	3599.358	3450.117	0.987	0.991	0.994
668	3453.007	3303.818	3598.170	3434.908	0.983	0.986	0.988
669	3504.142	3434.606	3626.544	3477.174	0.995	0.998	1.003
670	3533.208	3416.152	3647.011	3531.452	1.011	1.014	1.011
671	3488.092	3355.365	3632.542	3483.344	0.997	1.000	0.998
672	3518.520	3281.299	3638.512	3549.227	1.016	1.019	1.007
673	3534.998	3300.123	3727.293	3565.593	1.020	1.024	1.012
674	3513.529	3332.038	3720.000	3510.980	1.005	1.008	1.006
675	3489.547	3291.355	3745.950	3484.628	0.997	1.001	0.999
676	3499.713	3240.474	3738.022	3515.548	1.006	1.009	1.002
677	3518.844	3283.066	3797.312	3502.026	1.002	1.006	1.007
678	3508.291	3290.368	3700.309	3509.129	1.004	1.008	1.004
679	3504.169	3330.453	3770.320	3439.754	0.984	0.988	1.003
680	3482.539	3333.992	3717.330	3462.513	0.991	0.994	0.997
681	3458.708	3316.627	3607.166	3458.305	0.990	0.993	0.990
682	3481.842	3263.883	3769.642	3433.355	0.983	0.986	0.997
683	3514.981	3325.772	3674.999	3515.158	1.006	1.009	1.006
684	3538.075	3324.637	3696.867	3541.579	1.014	1.017	1.013
685	3524.583	3228.856	3906.652	3549.422	1.016	1.019	1.009
686	3439.903	3282.604	3678.940	3411.698	0.976	0.980	0.985
687	3482.543	3208.833	3668.068	3499.549	1.002	1.005	0.997
688	3466.219	3138.179	3753.981	3511.993	1.005	1.008	0.992
689	3470.046	3220.748	3704.556	3491.348	0.999	1.003	0.993
690	3471.477	3261.665	3566.696	3514.965	1.006	1.009	0.994
691	3407.559	3265.110	3635.607	3400.400	0.973	0.976	0.975
692	3412.826	3296.832	3570.808	3396.280	0.972	0.975	0.977
693	3425.298	3312.312	3618.602	3376.187	0.966	0.969	0.980
694	3456.687	3272.745	3560.471	3514.920	1.006	1.009	0.989
695	3437.643	3238.612	3615.477	3424.093	0.980	0.983	0.984
696	3373.347	3209.836	3580.252	3335.534	0.955	0.958	0.965
697	3409.220	3205.383	3601.882	3418.678	0.978	0.982	0.976
698	3427.621	3262.032	3684.679	3409.486	0.976	0.979	0.981
699	3391.859	3310.915	3580.468	3376.831	0.966	0.970	0.971
700	3366.753	3219.091	3492.239	3364.064	0.963	0.966	0.964
701	3367.666	3301.660	3435.915	3384.287	0.969	0.972	0.964
702	3334.332	3246.264	3403.652	3341.951	0.956	0.960	0.954
703	3346.952	3226.636	3450.305	3376.886	0.966	0.970	0.958
704	3367.507	3275.354	3486.293	3350.137	0.959	0.962	0.964
705	3367.303	3199.062	3592.041	3350.208	0.959	0.962	0.964
706	3379.682	3223.711	3576.626	3373.917	0.966	0.969	0.967
707	3393.988	3251.688	3542.857	3387.105	0.969	0.973	0.971
708	3354.975	3197.673	3522.800	3319.768	0.950	0.953	0.960
709	3340.645	3155.199	3411.635	3370.137	0.965	0.968	0.956
710	3333.195	3188.910	3496.740	3347.385	0.958	0.961	0.954
711	3375.566	3246.647	3574.295	3351.676	0.959	0.962	0.966
712	3349.674	3176.861	3648.280	3331.038	0.953	0.957	0.959
713	3327.905	3206.639	3548.356	3274.865	0.937	0.940	0.952
714	3344.674	3211.868	3500.855	3332.625	0.954	0.957	0.957
715	3359.178	3195.562	3601.895	3353.360	0.960	0.963	0.961
716	3347.909	3172.438	3625.047	3315.178	0.949	0.952	0.958
717	3393.254	3203.904	3746.885	3318.898	0.950	0.953	0.971
718	3399.533	3260.363	3590.484	3353.619	0.960	0.963	0.973
719	3490.552	3315.692	3659.177	3490.133	0.999	1.002	0.999
720	3531.685	3277.035	3944.915	3487.025	0.998	1.001	1.011
721	3477.626	3291.902	3914.298	3446.515	0.986	0.990	0.995
722	3499.448	3307.817	3779.856	3449.837	0.987	0.991	1.002
723	3401.470	3223.026	3622.496	3393.032	0.971	0.974	0.974
724	3389.423	3190.440	3561.883	3443.226	0.985	0.989	0.970
725	3496.879	3278.411	3710.173	3495.292	1.000	1.004	1.001
726	3511.327	3365.584	3667.901	3501.536	1.002	1.005	1.005
727	3487.410	3350.704	3675.306	3472.601	0.994	0.997	0.998
728	3465.579	3308.246	3577.531	3484.332	0.997	1.001	0.992
729	3554.853	3350.545	3758.342	3563.705	1.020	1.023	1.017
730	3594.726	3326.909	3830.502	3610.330	1.033	1.037	1.029
731	3579.265	3401.300	3706.918	3603.635	1.031	1.035	1.024
732	3603.750	3390.107	3764.385	3646.827	1.044	1.047	1.031
733	3591.138	3388.721	3828.652	3589.822	1.027	1.031	1.028
734	3619.686	3314.734	3948.456	3612.216	1.034	1.037	1.036
735	3621.998	3333.683	3982.117	3596.847	1.029	1.033	1.037
736	3579.475	3180.221	4141.436	3546.702	1.015	1.018	1.024
737	3599.202	3290.133	4058.997	3559.757	1.019	1.022	1.030
738	3615.891	3386.550	3814.692	3631.513	1.039	1.043	1.035
739	3546.108	3359.874	3753.171	3534.390	1.012	1.015	1.015
740	3547.021	3305.331	3883.688	3515.891	1.006	1.010	1.015
741	3578.559	3300.366	3817.711	3580.581	1.025	1.028	1.024
742	3595.907	3356.443	3767.888	3656.312	1.046	1.050	1.029
743	3584.307	3373.687	3845.141	3591.896	1.028	1.031	1.026
744	3616.364	3446.788	3760.186	3613.121	1.034	1.038	1.035
745	3789.858	3437.545	4252.330	3774.086	1.080	1.084	1.085
746	3741.213	3345.704	4304.873	3680.483	1.053	1.057	1.071
747	3780.544	3471.808	4190.176	3714.093	1.063	1.067	1.082
748	3699.482	3437.358	3889.939	3689.845	1.056	1.060	1.059
749	3632.232	3411.863	3804.455	3600.490	1.030	1.034	1.040
750	3618.592	3326.463	3905.122	3660.569	1.048	1.051	1.036
751	3635.018	3317.734	3943.957	3688.766	1.056	1.059	1.040
752	3650.341	3362.641	4018.254	3661.285	1.048	1.051	1.045
753	3635.765	3379.747	3929.907	3590.017	1.027	1.031	1.041
754	3531.215	3280.905	3792.188	3577.977	1.024	1.027	1.011
755	3606.357	3361.656	3849.594	3637.800	1.041	1.045	1.032
756	3673.156	3445.268	3845.271	3665.008	1.049	1.052	1.051
757	3677.710	3461.155	3937.894	3635.437	1.040	1.044	1.053
758	3774.700	3520.772	4015.469	3781.586	1.082	1.086	1.080
759	3760.308	3560.692	3952.454	3786.222	1.084	1.087	1.076
760	3744.167	3632.214	3891.850	3745.755	1.072	1.076	1.072
761	3667.868	3513.851	3868.844	3628.442	1.038	1.042	1.050
762	3622.388	3364.252	3839.829	3666.244	1.049	1.053	1.037
763	3690.566	3446.208	3993.890	3729.653	1.067	1.071	1.056
764	3836.280	3598.670	4059.190	3844.063	1.100	1.104	1.098
765	3891.031	3520.291	4297.754	3853.641	1.103	1.107	1.114
766	3797.429	3553.876	4026.691	3796.054	1.086	1.090	1.087
767	3889.067	3551.923	4148.556	3915.202	1.121	1.124	1.113
768	3861.785	3616.526	4132.149	3868.730	1.107	1.111	1.105
769	3795.199	3625.366	3944.576	3797.070	1.087	1.090	1.086
770	3864.836	3587.139	4040.518	3927.312	1.124	1.128	1.106
771	3831.845	3543.707	4165.703	3853.803	1.103	1.107	1.097
772	3737.293	3502.169	3909.713	3727.653	1.067	1.070	1.070
773	3768.806	3483.787	4119.179	3730.402	1.068	1.071	1.079
774	3743.895	3561.435	3999.515	3714.315	1.063	1.067	1.072
775	3716.241	3657.548	3808.964	3718.015	1.064	1.068	1.064
776	3723.752	3584.300	3850.455	3722.912	1.066	1.069	1.066
777	3673.625	3485.650	3903.883	3662.517	1.048	1.052	1.051
778	3620.321	3430.133	3891.960	3617.073	1.035	1.039	1.036
779	3671.173	3396.633	4117.692	3608.502	1.033	1.036	1.051
780	3824.587	3518.180	4234.769	3799.144	1.087	1.091	1.095
781	3869.686	3568.040	4240.603	3847.387	1.101	1.105	1.108
782	3888.597	3489.078	4202.436	3922.476	1.123	1.126	1.113
783	3790.894	3563.850	3918.855	3805.548	1.089	1.093	1.085
784	3698.187	3533.717	3860.414	3694.956	1.058	1.061	1.058
785	3647.011	3515.419	3837.360	3638.218	1.041	1.045	1.044
786	3751.417	3557.378	3957.564	3732.858	1.068	1.072	1.074
787	3797.786	3427.095	4084.516	3788.865	1.084	1.088	1.087
788	3848.787	3559.379	4123.858	3863.073	1.106	1.109	1.102
789	3934.501	3426.282	4603.861	3894.703	1.115	1.118	1.126
790	3906.386	3549.598	4289.695	3893.260	1.114	1.118	1.118
791	3955.745	3669.794	4273.312	3941.657	1.128	1.132	1.132
792	3897.458	3692.016	4194.316	3882.389	1.111	1.115	1.115
793	3914.027	3586.838	4161.521	3897.740	1.116	1.119	1.120
794	3908.678	3640.311	4125.655	3898.575	1.116	1.119	1.119
795	3876.983	3683.946	4108.772	3861.697	1.105	1.109	1.110
796	3821.602	3533.801	4022.014	3840.867	1.099	1.103	1.094
797	3749.881	3518.826	3948.280	3753.905	1.074	1.078	1.073
798	3784.419	3476.292	4082.587	3845.656	1.101	1.104	1.083
799	3765.736	3500.904	3912.729	3784.991	1.083	1.087	1.078
800	3734.835	3522.614	3987.810	3748.745	1.073	1.076	1.069
801	3764.738	3412.499	4075.089	3768.274	1.079	1.082	1.077
802	3810.688	3593.135	4345.252	3754.469	1.075	1.078	1.091
803	3869.731	3567.564	4345.826	3922.994	1.123	1.126	1.108
804	3803.726	3441.699	4182.492	3749.424	1.073	1.077	1.089
805	3835.029	3397.287	4066.107	3886.209	1.112	1.116	1.098
806	3927.723	3645.608	4153.893	3921.052	1.122	1.126	1.124
807	3870.451	3539.940	4079.746	3896.680	1.115	1.119	1.108
808	3977.886	3587.393	4623.321	3833.963	1.097	1.101	1.138
809	4074.111	3724.194	4705.863	3989.467	1.142	1.146	1.166
810	3960.514	3602.570	4537.678	3876.986	1.110	1.113	1.134
811	3856.947	3501.821	4409.141	3789.208	1.084	1.088	1.104
812	3772.114	3362.700	4261.145	3673.853	1.051	1.055	1.080
813	3715.345	3539.938	4125.982	3656.792	1.047	1.050	1.063
814	3688.735	3583.840	3794.641	3682.796	1.054	1.058	1.056
815	3677.775	3474.802	4005.673	3667.267	1.050	1.053	1.053
816	3723.343	3482.584	4016.263	3709.718	1.062	1.065	1.066
817	3897.343	3608.626	4373.116	3771.411	1.079	1.083	1.115
818	3887.225	3528.402	4370.264	3807.193	1.090	1.093	1.113
819	4022.309	3762.076	4453.818	3915.550	1.121	1.124	1.151
820	4078.312	3703.047	4579.477	4048.760	1.159	1.163	1.167
821	4017.451	3643.239	4340.526	4006.384	1.147	1.150	1.150
822	4110.282	3761.566	4441.500	4133.560	1.183	1.187	1.176
823	4054.788	3499.984	4468.397	4084.608	1.169	1.173	1.161
824	4075.389	3611.304	4466.229	4122.700	1.180	1.184	1.166
825	4091.309	3753.545	4479.042	4015.593	1.149	1.153	1.171
826	4075.057	3637.690	4822.372	3908.938	1.119	1.122	1.166
827	3936.191	3586.236	4469.308	3873.643	1.109	1.112	1.127
828	3868.174	3529.658	4241.599	3902.391	1.117	1.121	1.107
829	3888.565	3439.112	4434.593	3900.188	1.116	1.120	1.113
830	3902.242	3442.193	4322.619	3942.152	1.128	1.132	1.117
831	3758.445	3425.952	4211.016	3668.435	1.050	1.053	1.076
832	3797.466	3575.557	4012.836	3753.621	1.074	1.078	1.087
833	3794.564	3594.205	3990.177	3763.466	1.077	1.081	1.086
834	3772.003	3432.929	3982.049	3768.546	1.079	1.082	1.080
835	3821.494	3550.936	4193.955	3794.576	1.086	1.090	1.094
836	3828.140	3515.005	4044.929	3870.750	1.108	1.111	1.096
837	3853.992	3584.770	4249.347	3767.055	1.078	1.082	1.103
838	3806.819	3645.764	4041.984	3792.327	1.085	1.089	1.090
839	3849.900	3587.441	4149.766	3850.918	1.102	1.106	1.102
840	3830.443	3587.468	4162.492	3773.695	1.080	1.084	1.096
841	3805.710	3519.044	4263.084	3745.581	1.072	1.076	1.089
842	3817.203	3454.766	4101.164	3832.209	1.097	1.100	1.093
843	3775.524	3482.156	4010.772	3808.198	1.090	1.094	1.081
844	3803.687	3529.983	4072.486	3823.065	1.094	1.098	1.089
845	3691.298	3583.275	3870.113	3684.142	1.054	1.058	1.056
846	3755.830	3528.039	3890.745	3795.216	1.086	1.090	1.075
847	3739.661	3602.619	4085.928	3669.189	1.050	1.054	1.070
848	3700.238	3455.957	4041.861	3616.720	1.035	1.039	1.059
849	3713.899	3575.425	3864.049	3740.465	1.071	1.074	1.063
850	3798.813	3668.990	3920.067	3808.860	1.090	1.094	1.087
851	3919.516	3758.693	4058.440	3925.335	1.123	1.127	1.122
852	4033.434	3860.710	4285.368	4032.965	1.154	1.158	1.154
853	4048.148	3683.519	4233.591	4088.056	1.170	1.174	1.159
854	4046.144	3792.652	4279.277	4018.725	1.150	1.154	1.158
855	3924.352	3707.400	4157.232	3910.218	1.119	1.123	1.123
856	3913.758	3644.530	4187.226	3885.080	1.112	1.116	1.120
857	3856.544	3691.239	4273.044	3785.330	1.083	1.087	1.104
858	3844.089	3638.088	4090.210	3834.357	1.097	1.101	1.100
859	3843.829	3650.614	4046.353	3863.869	1.106	1.110	1.100
860	3920.480	3644.179	4044.141	3957.651	1.133	1.136	1.122
861	4019.833	3662.781	4191.722	3994.806	1.143	1.147	1.150
862	3937.898	3641.597	4205.442	3926.160	1.124	1.127	1.127
863	3814.223	3484.957	4105.538	3821.580	1.094	1.097	1.092
864	3854.987	3491.394	4036.001	3893.160	1.114	1.118	1.103
865	3981.904	3575.197	4557.308	3960.272	1.133	1.137	1.140
866	3980.580	3594.277	4251.001	4070.167	1.165	1.169	1.139
867	3988.466	3690.366	4275.456	3935.298	1.126	1.130	1.142
868	3969.639	3632.913	4384.771	3908.919	1.119	1.122	1.136
869	3866.482	3615.318	4288.092	3804.423	1.089	1.092	1.107
870	3843.623	3474.313	4229.390	3836.106	1.098	1.102	1.100
871	3820.487	3398.681	4196.101	3786.903	1.084	1.087	1.093
872	3773.488	3276.424	4081.848	3761.876	1.077	1.080	1.080
873	3826.900	3618.052	3984.627	3817.653	1.093	1.096	1.095
874	3808.159	3626.876	3985.703	3814.095	1.092	1.095	1.090
875	3784.215	3550.585	4121.041	3785.562	1.083	1.087	1.083
876	3648.826	3438.191	3882.159	3681.076	1.054	1.057	1.044
877	3741.420	3579.134	4065.000	3758.592	1.076	1.079	1.071
878	3875.484	3472.517	4048.997	3901.939	1.117	1.120	1.109
879	3925.247	3422.054	4496.381	3926.615	1.124	1.128	1.123
880	4213.583	3518.780	4850.791	4211.352	1.205	1.209	1.206
881	4253.237	3536.276	4963.734	4202.651	1.203	1.207	1.217
882	4241.465	3597.603	4657.064	4350.014	1.245	1.249	1.214
883	4321.016	3488.474	5039.009	4275.350	1.224	1.228	1.237
884	4258.721	3597.873	4963.464	4246.646	1.215	1.219	1.219
885	4139.578	3695.254	4629.338	4146.648	1.187	1.191	1.185
886	4162.607	3658.406	4725.735	4116.486	1.178	1.182	1.191
887	4147.096	3782.561	4592.231	3997.281	1.144	1.148	1.187
888	4067.936	3706.160	4352.250	4184.588	1.198	1.202	1.164
889	4092.946	3576.105	4600.776	4107.258	1.176	1.179	1.171
890	4059.813	3643.453	4763.800	3981.813	1.140	1.143	1.162
891	4135.861	3775.341	4580.915	4126.098	1.181	1.185	1.184
892	4018.132	3704.563	4444.609	3980.059	1.139	1.143	1.150
893	3928.555	3599.651	4403.011	3843.130	1.100	1.104	1.124
894	3963.704	3552.022	4364.911	3895.730	1.115	1.119	1.134
895	3866.995	3681.812	4088.337	3891.968	1.114	1.118	1.107
896	3834.975	3589.659	3981.251	3886.280	1.112	1.116	1.098
897	3913.331	3861.020	3996.766	3893.076	1.114	1.118	1.120
898	3986.982	3740.447	4267.695	3958.574	1.133	1.137	1.141
899	4055.747	3625.015	4333.177	4088.583	1.170	1.174	1.161
900	4042.215	3602.007	4333.834	4097.625	1.173	1.177	1.157
901	3989.855	3682.636	4370.243	3915.052	1.121	1.124	1.142
902	4114.925	3634.139	4657.817	4138.629	1.184	1.188	1.178
903	4132.023	3636.928	4811.539	4115.643	1.178	1.182	1.183
904	4072.719	3526.530	4605.478	4050.220	1.159	1.163	1.166
905	4042.051	3650.997	4632.326	3981.059	1.139	1.143	1.157
906	4062.506	3693.609	4364.470	4072.253	1.166	1.169	1.163
907	3996.068	3790.036	4480.838	3850.827	1.102	1.106	1.144
908	3977.634	3677.565	4296.620	3983.291	1.140	1.144	1.138
909	3992.476	3635.066	4163.366	4047.536	1.158	1.162	1.143
910	3839.697	3601.428	4092.964	3809.425	1.090	1.094	1.099
911	3763.368	3642.955	4003.541	3732.143	1.068	1.072	1.077
912	3846.337	3667.506	4021.086	3816.933	1.092	1.096	1.101
913	3875.712	3718.656	4075.061	3868.498	1.107	1.111	1.109
914	4069.345	3770.387	4490.897	4037.024	1.155	1.159	1.165
915	4163.539	3772.679	4621.682	4143.972	1.186	1.190	1.192
916	4079.748	3678.753	4603.148	4029.922	1.153	1.157	1.168
917	3903.878	3788.422	4086.028	3895.424	1.115	1.119	1.117
918	3861.899	3556.402	4069.227	3864.089	1.106	1.110	1.105
919	3885.597	3568.042	4162.247	3963.176	1.134	1.138	1.112
920	4003.392	3561.090	4260.598	4020.192	1.151	1.154	1.146
921	4015.150	3847.703	4238.331	3976.438	1.138	1.142	1.149
922	3934.190	3676.188	4111.686	3944.427	1.129	1.133	1.126
923	3390.116	3282.543	3563.003	3387.875	0.970	0.973	0.970
924	3390.116	3282.543	3563.003	3387.875	0.970	0.973	0.970
925	3390.116	3282.543	3563.003	3387.875	0.970	0.973	0.970
