 	Mean	Min	Max	Median	Max_to_bgmean	Median_to_bgmedian	Mean_to_bgmean
1	3401.829	3318.385	3516.074	3390.845	1.077	1.077	1.081
2	3385.968	3217.008	3504.353	3404.232	1.081	1.081	1.076
3	3382.483	3196.266	3498.922	3398.276	1.080	1.079	1.074
4	3412.605	3270.438	3629.825	3413.834	1.084	1.084	1.084
5	3408.923	3232.677	3528.363	3431.773	1.090	1.090	1.083
6	3444.083	3226.881	3684.650	3446.207	1.095	1.094	1.094
7	3392.709	3138.829	3564.193	3406.877	1.082	1.082	1.078
8	3419.330	3270.587	3555.521	3427.732	1.089	1.089	1.086
9	3424.538	3212.943	3564.267	3458.460	1.099	1.098	1.088
10	3455.510	3344.367	3639.761	3445.599	1.095	1.094	1.098
11	3476.850	3273.393	3588.092	3471.402	1.103	1.102	1.104
12	3404.433	3254.677	3580.126	3409.059	1.083	1.083	1.081
13	3407.728	3275.082	3642.171	3389.954	1.077	1.077	1.083
14	3409.910	3187.424	3536.859	3410.275	1.083	1.083	1.083
15	3441.629	3311.694	3546.242	3451.052	1.096	1.096	1.093
16	3424.308	3229.875	3555.993	3453.680	1.097	1.097	1.088
17	3433.677	3191.799	3626.946	3453.424	1.097	1.097	1.091
18	3445.989	3260.250	3576.313	3475.694	1.104	1.104	1.095
19	3401.459	3278.258	3480.880	3426.202	1.088	1.088	1.081
20	3422.220	3215.071	3535.990	3448.455	1.095	1.095	1.087
21	3500.836	3368.452	3636.175	3483.453	1.107	1.106	1.112
22	3481.603	3334.160	3605.484	3480.273	1.106	1.105	1.106
23	3454.102	3268.866	3584.879	3500.547	1.112	1.112	1.097
24	3430.246	3239.952	3612.629	3435.704	1.091	1.091	1.090
25	3454.565	3322.560	3598.943	3429.110	1.089	1.089	1.097
26	3490.136	3233.891	3663.335	3507.084	1.114	1.114	1.109
27	3481.975	3232.507	3602.170	3496.430	1.111	1.110	1.106
28	3486.030	3371.935	3635.181	3487.049	1.108	1.107	1.107
29	3480.051	3335.729	3623.371	3454.091	1.097	1.097	1.105
30	3479.168	3285.513	3644.102	3476.411	1.104	1.104	1.105
31	3455.521	3244.622	3652.258	3454.735	1.097	1.097	1.098
32	3503.420	3291.945	3595.303	3523.470	1.119	1.119	1.113
33	3509.821	3270.448	3698.807	3511.778	1.116	1.115	1.115
34	3517.214	3367.248	3585.986	3532.227	1.122	1.122	1.117
35	3512.226	3351.285	3631.899	3515.953	1.117	1.117	1.116
36	3502.189	3283.456	3722.867	3512.124	1.116	1.115	1.113
37	3517.108	3379.410	3639.734	3514.060	1.116	1.116	1.117
38	3521.180	3286.301	3703.042	3519.232	1.118	1.118	1.119
39	3487.476	3321.839	3691.797	3482.801	1.106	1.106	1.108
40	3470.156	3417.262	3609.218	3458.289	1.099	1.098	1.102
41	3450.356	3342.831	3599.491	3446.146	1.095	1.094	1.096
42	3424.238	3273.888	3607.155	3423.133	1.087	1.087	1.088
43	3525.127	3267.284	3779.553	3511.039	1.115	1.115	1.120
44	3461.818	3286.879	3556.403	3478.515	1.105	1.105	1.100
45	3488.711	3432.303	3573.347	3485.413	1.107	1.107	1.108
46	3507.469	3413.225	3715.909	3466.989	1.101	1.101	1.114
47	3493.414	3461.906	3542.956	3488.511	1.108	1.108	1.110
48	3513.364	3432.889	3671.092	3481.236	1.106	1.106	1.116
49	3512.680	3429.856	3641.923	3524.502	1.120	1.119	1.116
50	3501.305	3362.387	3591.826	3509.203	1.115	1.114	1.112
51	3474.335	3361.782	3605.904	3471.988	1.103	1.103	1.104
52	3474.904	3327.348	3662.730	3464.240	1.100	1.100	1.104
53	3439.376	3352.732	3528.837	3417.504	1.086	1.085	1.093
54	3513.505	3421.279	3622.585	3525.324	1.120	1.120	1.116
55	3498.298	3451.874	3561.282	3493.028	1.110	1.109	1.111
56	3445.660	3397.971	3515.439	3448.008	1.095	1.095	1.095
57	3452.988	3319.316	3510.198	3457.224	1.098	1.098	1.097
58	3478.416	3425.859	3543.357	3479.306	1.105	1.105	1.105
59	3470.409	3380.870	3580.840	3481.660	1.106	1.106	1.102
60	3486.905	3310.180	3617.412	3481.546	1.106	1.106	1.108
61	3515.570	3429.339	3579.611	3516.831	1.117	1.117	1.117
62	3433.145	3332.479	3503.347	3454.417	1.097	1.097	1.091
63	3474.129	3362.388	3569.727	3483.672	1.107	1.106	1.104
64	3523.290	3443.428	3625.259	3497.242	1.111	1.111	1.119
65	3431.158	3388.590	3467.519	3441.927	1.093	1.093	1.090
66	3420.418	3326.418	3484.641	3445.544	1.095	1.094	1.087
67	3442.672	3328.285	3555.900	3473.857	1.104	1.103	1.094
68	3446.096	3355.801	3581.498	3440.585	1.093	1.093	1.095
69	3484.679	3408.444	3562.938	3470.040	1.102	1.102	1.107
70	3509.433	3334.882	3644.012	3534.895	1.123	1.123	1.115
71	3474.887	3360.338	3622.801	3468.398	1.102	1.101	1.104
72	3456.074	3315.429	3593.814	3426.158	1.088	1.088	1.098
73	3443.508	3326.196	3556.164	3449.442	1.096	1.095	1.094
74	3462.675	3300.827	3597.767	3453.553	1.097	1.097	1.100
75	3510.302	3359.019	3651.040	3516.497	1.117	1.117	1.115
76	3457.623	3379.146	3599.373	3417.642	1.086	1.085	1.098
77	3484.129	3284.306	3555.814	3516.270	1.117	1.117	1.107
78	3481.312	3338.237	3610.831	3471.373	1.103	1.102	1.106
79	3485.452	3336.960	3619.202	3504.125	1.113	1.113	1.107
80	3489.913	3295.051	3591.259	3532.741	1.122	1.122	1.109
81	3493.874	3291.432	3642.975	3503.479	1.113	1.113	1.110
82	3476.389	3254.375	3645.137	3494.062	1.110	1.110	1.104
83	3481.657	3203.298	3606.711	3527.631	1.121	1.120	1.106
84	3530.921	3345.244	3750.987	3513.134	1.116	1.116	1.122
85	3496.394	3399.887	3584.701	3496.738	1.111	1.110	1.111
86	3489.717	3343.707	3637.501	3506.047	1.114	1.113	1.109
87	3480.396	3346.735	3645.640	3456.460	1.098	1.098	1.106
88	3452.671	3274.034	3636.473	3433.336	1.091	1.090	1.097
89	3433.920	3206.300	3545.154	3427.078	1.089	1.088	1.091
90	3471.609	3194.149	3686.370	3485.629	1.107	1.107	1.103
91	3454.241	3310.677	3639.170	3458.544	1.099	1.098	1.097
92	3450.336	3309.875	3662.254	3440.018	1.093	1.092	1.096
93	3449.361	3253.467	3677.519	3446.128	1.095	1.094	1.096
94	3447.777	3253.316	3685.746	3437.308	1.092	1.092	1.095
95	3445.481	3235.828	3630.274	3479.572	1.105	1.105	1.094
96	3490.587	3191.919	3754.448	3512.110	1.116	1.115	1.109
97	3486.842	3156.160	3714.392	3519.296	1.118	1.118	1.108
98	3506.743	3198.321	3860.083	3521.870	1.119	1.118	1.114
99	3444.589	3166.882	3713.835	3423.830	1.088	1.087	1.094
100	3463.060	3254.516	3711.212	3468.464	1.102	1.101	1.100
101	3487.544	3262.574	3763.477	3508.828	1.115	1.114	1.108
102	3495.896	3258.067	3732.396	3536.099	1.123	1.123	1.111
103	3563.851	3297.033	3878.230	3522.912	1.119	1.119	1.132
104	3531.426	3186.789	3854.484	3508.589	1.115	1.114	1.122
105	3482.344	3153.810	3847.033	3477.807	1.105	1.104	1.106
106	3477.906	3218.662	3779.389	3455.107	1.098	1.097	1.105
107	3548.247	3249.688	3817.092	3555.129	1.129	1.129	1.127
108	3505.278	3168.282	3828.806	3547.132	1.127	1.126	1.113
109	3536.912	3295.908	3802.332	3561.305	1.131	1.131	1.124
110	3543.152	3223.072	3740.713	3566.416	1.133	1.133	1.126
111	3520.218	3195.448	3769.725	3599.926	1.144	1.143	1.118
112	3537.964	3229.421	3798.110	3546.801	1.127	1.126	1.124
113	3514.851	3219.012	3779.054	3484.514	1.107	1.107	1.117
114	3460.486	3163.667	3749.036	3511.120	1.115	1.115	1.099
115	3468.441	3232.099	3627.205	3537.710	1.124	1.123	1.102
116	3487.734	3250.560	3669.944	3560.021	1.131	1.131	1.108
117	3481.660	3220.718	3750.449	3498.670	1.111	1.111	1.106
118	3468.582	3190.470	3784.147	3429.667	1.089	1.089	1.102
119	3504.836	3272.629	3955.391	3471.666	1.103	1.102	1.113
120	3513.508	3278.883	3768.627	3529.747	1.121	1.121	1.116
121	3511.908	3209.682	3746.551	3547.482	1.127	1.127	1.116
122	3494.392	3340.241	3667.182	3515.131	1.117	1.116	1.110
123	3477.087	3316.886	3639.486	3474.688	1.104	1.103	1.105
124	3426.662	3169.184	3663.483	3378.126	1.073	1.073	1.089
125	3437.739	3165.286	3687.126	3450.632	1.096	1.096	1.092
126	3471.884	3187.499	3791.416	3491.146	1.109	1.109	1.103
127	3485.012	3211.857	3834.861	3519.349	1.118	1.118	1.107
128	3460.229	3080.063	3775.324	3507.724	1.114	1.114	1.099
129	3460.394	3205.883	3763.054	3412.428	1.084	1.084	1.099
130	3415.843	3176.990	3633.050	3455.607	1.098	1.097	1.085
131	3503.105	3159.355	3887.612	3466.807	1.101	1.101	1.113
132	3496.726	3162.825	3882.134	3467.837	1.102	1.101	1.111
133	3453.595	3092.799	3735.182	3455.861	1.098	1.097	1.097
134	3433.532	3088.352	3704.863	3439.963	1.093	1.092	1.091
135	3484.397	3256.098	3772.570	3439.352	1.093	1.092	1.107
136	3458.518	3191.860	3784.543	3483.244	1.106	1.106	1.099
137	3481.168	3176.254	3802.569	3517.478	1.117	1.117	1.106
138	3487.656	3296.575	3699.714	3473.579	1.103	1.103	1.108
139	3474.805	3214.154	3700.797	3465.564	1.101	1.101	1.104
140	3504.905	3262.840	3707.804	3524.911	1.120	1.119	1.113
141	3438.611	3129.724	3619.921	3478.728	1.105	1.105	1.092
142	3463.389	3208.166	3631.358	3489.467	1.108	1.108	1.100
143	3486.688	3268.302	3802.032	3458.291	1.099	1.098	1.108
144	3488.038	3264.718	3733.867	3486.538	1.108	1.107	1.108
145	3452.784	3218.264	3669.415	3431.568	1.090	1.090	1.097
146	3510.918	3216.705	3731.320	3513.783	1.116	1.116	1.115
147	3493.866	3236.990	3594.023	3557.840	1.130	1.130	1.110
148	3500.858	3329.026	3678.102	3518.891	1.118	1.117	1.112
149	3460.955	3192.878	3647.097	3490.637	1.109	1.108	1.099
150	3533.678	3305.147	3735.061	3573.276	1.135	1.135	1.123
151	3570.439	3378.887	3774.521	3551.964	1.128	1.128	1.134
152	3570.092	3392.770	3737.815	3592.403	1.141	1.141	1.134
153	3549.437	3329.168	3755.089	3542.363	1.125	1.125	1.128
154	3538.919	3300.329	3850.721	3508.659	1.115	1.114	1.124
155	3583.591	3362.451	3791.234	3564.359	1.132	1.132	1.138
156	3554.791	3180.097	3861.231	3546.809	1.127	1.126	1.129
157	3595.224	3321.284	3914.689	3603.508	1.145	1.144	1.142
158	3587.013	3370.346	3806.563	3604.654	1.145	1.145	1.139
159	3586.198	3260.913	3785.233	3661.727	1.163	1.163	1.139
160	3593.644	3267.148	3749.765	3675.259	1.167	1.167	1.142
161	3579.510	3314.476	3827.623	3630.453	1.153	1.153	1.137
162	3618.006	3310.823	3889.844	3670.902	1.166	1.166	1.149
163	3569.014	3236.465	3802.172	3646.150	1.158	1.158	1.134
164	3511.779	3146.928	3798.160	3538.140	1.124	1.124	1.116
165	3551.502	3277.250	3747.628	3599.587	1.143	1.143	1.128
166	3527.406	3268.348	3710.158	3587.543	1.140	1.139	1.121
167	3579.190	3294.104	3694.305	3622.991	1.151	1.151	1.137
168	3544.255	3282.607	3697.027	3604.900	1.145	1.145	1.126
169	3539.196	3218.713	3726.528	3583.039	1.138	1.138	1.124
170	3550.776	3301.078	3669.838	3579.029	1.137	1.137	1.128
171	3609.384	3410.927	3753.485	3619.358	1.150	1.149	1.147
172	3578.999	3385.519	3772.852	3578.799	1.137	1.136	1.137
173	3574.012	3346.494	3735.037	3637.658	1.156	1.155	1.135
174	3584.734	3349.004	3787.056	3621.369	1.150	1.150	1.139
175	3632.331	3395.526	3752.778	3688.079	1.172	1.171	1.154
176	3658.576	3428.370	3815.340	3688.945	1.172	1.171	1.162
177	3646.158	3389.499	3789.040	3678.772	1.169	1.168	1.158
178	3658.959	3415.495	4020.857	3639.188	1.156	1.156	1.162
179	3653.785	3412.055	3798.219	3664.656	1.164	1.164	1.161
180	3599.634	3356.195	3762.708	3621.161	1.150	1.150	1.143
181	3602.251	3441.721	3758.242	3607.335	1.146	1.146	1.144
182	3605.957	3510.838	3715.355	3612.357	1.148	1.147	1.145
183	3555.133	3476.383	3730.282	3547.319	1.127	1.126	1.129
184	3634.936	3490.918	3877.009	3619.681	1.150	1.149	1.155
185	3627.522	3491.719	3732.066	3618.119	1.149	1.149	1.152
186	3615.253	3405.777	3765.491	3633.240	1.154	1.154	1.148
187	3620.530	3450.729	3790.381	3589.885	1.140	1.140	1.150
188	3598.462	3426.783	3802.772	3600.281	1.144	1.143	1.143
189	3552.745	3349.833	3693.256	3592.486	1.141	1.141	1.129
190	3585.800	3407.765	3697.655	3608.317	1.146	1.146	1.139
191	3642.459	3589.021	3719.294	3623.906	1.151	1.151	1.157
192	3671.611	3447.609	3818.094	3696.321	1.174	1.174	1.166
193	3700.953	3565.156	3927.214	3684.804	1.171	1.170	1.176
194	3745.827	3565.472	3950.190	3731.188	1.185	1.185	1.190
195	3669.327	3514.873	3783.277	3672.590	1.167	1.166	1.166
196	3692.813	3491.192	3829.256	3719.631	1.182	1.181	1.173
197	3647.226	3452.817	3896.998	3623.880	1.151	1.151	1.159
198	3645.708	3484.002	3908.014	3627.788	1.152	1.152	1.158
199	3678.689	3477.191	3882.859	3668.157	1.165	1.165	1.169
200	3694.026	3443.471	3904.571	3694.966	1.174	1.173	1.173
201	3729.398	3471.472	4025.185	3708.549	1.178	1.178	1.185
202	3701.792	3368.579	3937.956	3728.976	1.185	1.184	1.176
203	3711.073	3409.511	3877.280	3726.163	1.184	1.183	1.179
204	3745.749	3408.965	3955.329	3782.945	1.202	1.201	1.190
205	3667.117	3344.302	3900.879	3712.689	1.179	1.179	1.165
206	3673.597	3365.485	3792.569	3724.880	1.183	1.183	1.167
207	3688.550	3218.867	4008.050	3719.011	1.181	1.181	1.172
208	3657.764	3350.115	4001.370	3661.847	1.163	1.163	1.162
209	3629.941	3371.169	3801.776	3641.377	1.157	1.156	1.153
210	3650.398	3380.903	3752.236	3679.043	1.169	1.168	1.160
211	3623.076	3382.619	3776.537	3646.152	1.158	1.158	1.151
212	3616.505	3377.795	3759.510	3636.180	1.155	1.155	1.149
213	3617.225	3319.616	3902.974	3608.364	1.146	1.146	1.149
214	3622.918	3263.094	3823.572	3673.950	1.167	1.167	1.151
215	3610.210	3357.990	3871.240	3595.947	1.142	1.142	1.147
216	3598.746	3371.688	3735.784	3630.414	1.153	1.153	1.143
217	3639.776	3298.323	3824.690	3716.035	1.180	1.180	1.156
218	3605.586	3291.734	3871.185	3624.595	1.151	1.151	1.145
219	3657.609	3313.589	3985.094	3712.015	1.179	1.179	1.162
220	3614.670	3235.953	3913.743	3669.738	1.166	1.165	1.148
221	3574.325	3256.514	3750.045	3635.422	1.155	1.154	1.135
222	3627.263	3353.696	3950.518	3610.935	1.147	1.147	1.152
223	3638.359	3384.821	3839.682	3687.650	1.171	1.171	1.156
224	3585.798	3289.652	3798.191	3655.369	1.161	1.161	1.139
225	3586.217	3225.901	3828.007	3616.522	1.149	1.148	1.139
226	3596.909	3257.619	3784.291	3645.678	1.158	1.158	1.143
227	3584.433	3288.100	3722.035	3657.675	1.162	1.162	1.139
228	3527.467	3298.095	3773.011	3526.210	1.120	1.120	1.121
229	3547.797	3320.618	3711.592	3597.180	1.143	1.142	1.127
230	3550.465	3279.345	3773.811	3596.521	1.142	1.142	1.128
231	3564.495	3318.991	3853.479	3564.496	1.132	1.132	1.132
232	3576.244	3284.221	3720.821	3660.928	1.163	1.163	1.136
233	3566.394	3219.100	3791.127	3639.398	1.156	1.156	1.133
234	3637.583	3329.892	3857.262	3703.249	1.176	1.176	1.156
235	3604.132	3273.777	3782.907	3682.543	1.170	1.169	1.145
236	3617.657	3320.193	3783.999	3679.517	1.169	1.168	1.149
237	3551.663	3285.995	3761.870	3532.077	1.122	1.122	1.128
238	3541.371	3196.139	3787.364	3545.338	1.126	1.126	1.125
239	3552.933	3275.878	3724.489	3620.069	1.150	1.150	1.129
240	3562.131	3311.202	3754.289	3622.063	1.151	1.150	1.132
241	3582.875	3292.593	3760.277	3615.561	1.149	1.148	1.138
242	3546.460	3223.384	3757.668	3608.058	1.146	1.146	1.127
243	3581.269	3272.397	3845.074	3610.177	1.147	1.146	1.138
244	3620.350	3287.773	3902.122	3630.160	1.153	1.153	1.150
245	3558.709	3298.518	3811.649	3565.892	1.133	1.132	1.130
246	3553.013	3274.244	3787.756	3595.279	1.142	1.142	1.129
247	3561.103	3238.119	3811.084	3570.935	1.134	1.134	1.131
248	3589.888	3256.986	3862.110	3566.952	1.133	1.133	1.140
249	3614.043	3314.001	3893.969	3627.865	1.152	1.152	1.148
250	3566.595	3323.708	3772.279	3554.450	1.129	1.129	1.133
251	3531.787	3287.124	3799.468	3556.567	1.130	1.129	1.122
252	3590.986	3319.949	3964.653	3629.488	1.153	1.153	1.141
253	3571.654	3238.384	3824.756	3598.961	1.143	1.143	1.135
254	3575.612	3316.790	3928.146	3574.110	1.135	1.135	1.136
255	3612.359	3388.695	4020.032	3589.899	1.140	1.140	1.148
256	3563.520	3361.988	3804.252	3589.297	1.140	1.140	1.132
257	3543.474	3292.690	3732.653	3535.306	1.123	1.123	1.126
258	3504.651	3192.602	3782.833	3503.401	1.113	1.113	1.113
259	3581.417	3348.810	3822.117	3580.049	1.137	1.137	1.138
260	3576.582	3375.358	3723.713	3609.587	1.147	1.146	1.136
261	3556.684	3336.533	3720.785	3635.430	1.155	1.154	1.130
262	3608.318	3354.510	3981.911	3637.817	1.156	1.155	1.146
263	3594.381	3256.932	3970.378	3588.475	1.140	1.140	1.142
264	3581.971	3223.150	3959.931	3537.034	1.124	1.123	1.138
265	3586.812	3238.164	3835.723	3604.297	1.145	1.145	1.139
266	3602.235	3387.128	3815.795	3609.201	1.147	1.146	1.144
267	3577.140	3314.219	3902.540	3601.673	1.144	1.144	1.136
268	3630.844	3313.161	3902.143	3687.359	1.171	1.171	1.153
269	3635.343	3413.183	3872.127	3617.343	1.149	1.149	1.155
270	3584.813	3383.374	3851.540	3586.921	1.139	1.139	1.139
271	3570.016	3301.161	3948.116	3570.893	1.134	1.134	1.134
272	3612.766	3291.145	3902.678	3663.834	1.164	1.163	1.148
273	3576.495	3251.607	3765.993	3642.167	1.157	1.157	1.136
274	3566.873	3247.696	3802.369	3609.155	1.146	1.146	1.133
275	3599.233	3263.462	3914.739	3629.570	1.153	1.153	1.143
276	3600.328	3254.297	3740.437	3709.733	1.178	1.178	1.144
277	3580.011	3260.586	3763.031	3666.742	1.165	1.164	1.137
278	3536.332	3343.498	3713.624	3548.586	1.127	1.127	1.123
279	3622.339	3372.699	3777.944	3632.734	1.154	1.154	1.151
280	3657.275	3357.086	3947.869	3725.747	1.184	1.183	1.162
281	3654.689	3316.255	3837.238	3691.466	1.173	1.172	1.161
282	3647.556	3259.776	3869.253	3673.296	1.167	1.166	1.159
283	3646.976	3314.235	3881.151	3692.347	1.173	1.173	1.159
284	3640.847	3323.231	3812.705	3760.244	1.194	1.194	1.157
285	3620.891	3373.583	3806.172	3623.565	1.151	1.151	1.150
286	3619.652	3405.847	3895.047	3598.690	1.143	1.143	1.150
287	3622.925	3370.821	3881.895	3622.873	1.151	1.150	1.151
288	3591.913	3348.455	3822.191	3557.192	1.130	1.130	1.141
289	3554.701	3311.135	3773.805	3558.906	1.131	1.130	1.129
290	3552.095	3284.359	3801.996	3506.612	1.114	1.114	1.128
291	3524.867	3227.771	3826.243	3498.421	1.111	1.111	1.120
292	3533.579	3185.844	3909.924	3495.079	1.110	1.110	1.122
293	3581.916	3225.970	3960.603	3604.643	1.145	1.145	1.138
294	3544.802	3205.915	3826.994	3554.167	1.129	1.129	1.126
295	3486.584	3281.381	3837.683	3423.112	1.087	1.087	1.108
296	3461.183	3180.042	3781.197	3442.320	1.093	1.093	1.099
297	3521.663	3170.675	3915.252	3527.248	1.120	1.120	1.119
298	3534.216	3192.607	3816.279	3560.973	1.131	1.131	1.123
299	3489.696	3254.388	3821.316	3425.728	1.088	1.088	1.109
300	3492.826	3232.385	3722.944	3500.286	1.112	1.112	1.110
301	3503.894	3151.874	3821.308	3421.595	1.087	1.087	1.113
302	3588.119	3276.856	4009.973	3532.489	1.122	1.122	1.140
303	3538.449	3291.181	3959.837	3520.706	1.118	1.118	1.124
304	3495.693	3227.808	3735.945	3506.945	1.114	1.114	1.110
305	3528.856	3227.386	3833.066	3532.869	1.122	1.122	1.121
306	3555.006	3307.875	3852.761	3557.907	1.130	1.130	1.129
307	3571.095	3316.896	3879.372	3558.649	1.130	1.130	1.134
308	3581.580	3253.650	3881.788	3609.114	1.146	1.146	1.138
309	3558.611	3283.445	3741.382	3572.369	1.135	1.134	1.130
310	3583.244	3283.296	3949.323	3610.486	1.147	1.147	1.138
311	3528.778	3201.285	3778.488	3586.005	1.139	1.139	1.121
312	3549.300	3173.084	3805.875	3579.865	1.137	1.137	1.127
313	3524.664	3263.745	3704.785	3598.791	1.143	1.143	1.120
314	3515.063	3271.358	3681.091	3528.911	1.121	1.121	1.117
315	3561.164	3164.308	3981.336	3638.792	1.156	1.156	1.131
316	3645.223	3369.130	3878.390	3746.262	1.190	1.190	1.158
317	3630.560	3349.398	3893.029	3614.211	1.148	1.148	1.153
318	3617.553	3299.014	3779.774	3668.852	1.165	1.165	1.149
319	3610.703	3290.073	3850.741	3626.047	1.152	1.151	1.147
320	3666.605	3301.218	4015.633	3697.391	1.175	1.174	1.165
321	3610.472	3340.806	3821.854	3653.749	1.161	1.160	1.147
322	3587.647	3230.851	3824.179	3689.745	1.172	1.172	1.140
323	3544.486	3285.288	3781.926	3544.718	1.126	1.126	1.126
324	3634.276	3383.510	3944.867	3644.556	1.158	1.157	1.154
325	3555.918	3256.153	3781.306	3613.562	1.148	1.148	1.130
326	3549.403	3266.402	3793.765	3594.257	1.142	1.141	1.128
327	3587.797	3282.250	3906.325	3594.856	1.142	1.142	1.140
328	3525.842	3281.246	3775.722	3557.877	1.130	1.130	1.120
329	3522.046	3285.189	3711.496	3577.136	1.136	1.136	1.119
330	3542.334	3282.312	3798.016	3547.506	1.127	1.127	1.125
331	3573.081	3287.878	4028.089	3556.464	1.130	1.129	1.135
332	3586.041	3133.739	3943.050	3672.259	1.167	1.166	1.139
333	3519.901	3181.554	3795.415	3534.495	1.123	1.122	1.118
334	3548.361	3172.658	3914.290	3588.108	1.140	1.139	1.127
335	3518.943	3199.679	3714.627	3604.429	1.145	1.145	1.118
336	3517.030	3231.340	3676.516	3559.715	1.131	1.130	1.117
337	3499.245	3247.886	3704.719	3538.439	1.124	1.124	1.112
338	3555.803	3201.948	3815.075	3549.944	1.128	1.127	1.130
339	3514.968	3224.711	3822.950	3470.700	1.103	1.102	1.117
340	3557.380	3286.034	3982.539	3576.407	1.136	1.136	1.130
341	3478.189	3210.744	3813.994	3440.381	1.093	1.093	1.105
342	3523.647	3261.662	3809.475	3565.610	1.133	1.132	1.119
343	3543.176	3185.082	3800.749	3577.055	1.136	1.136	1.126
344	3554.351	3188.982	3887.568	3597.859	1.143	1.143	1.129
345	3533.902	3239.427	3940.556	3456.690	1.098	1.098	1.123
346	3488.134	3230.751	3776.872	3488.886	1.108	1.108	1.108
347	3488.901	3214.048	3804.398	3495.869	1.111	1.110	1.108
348	3492.074	3206.989	3857.282	3508.275	1.114	1.114	1.109
349	3457.301	3255.196	3704.038	3388.365	1.076	1.076	1.098
350	3497.655	3214.792	3856.519	3435.387	1.091	1.091	1.111
351	3478.868	3184.167	3768.053	3466.114	1.101	1.101	1.105
352	3501.592	3267.922	3880.592	3399.920	1.080	1.080	1.112
353	3501.139	3287.647	3778.573	3460.749	1.099	1.099	1.112
354	3470.118	3214.985	3735.900	3455.217	1.098	1.097	1.102
355	3435.778	3179.331	3684.560	3450.065	1.096	1.096	1.091
356	3416.433	3112.251	3765.910	3419.133	1.086	1.086	1.085
357	3507.587	3160.081	3794.026	3581.156	1.138	1.137	1.114
358	3514.410	3243.023	3830.996	3476.005	1.104	1.104	1.116
359	3540.182	3259.669	3867.837	3485.971	1.107	1.107	1.125
360	3531.780	3236.504	3872.346	3460.057	1.099	1.099	1.122
361	3549.893	3147.402	3880.097	3504.489	1.113	1.113	1.128
362	3498.899	3182.195	3791.206	3439.713	1.093	1.092	1.111
363	3497.414	3243.487	3769.007	3483.885	1.107	1.106	1.111
364	3535.992	3256.761	3913.891	3497.985	1.111	1.111	1.123
365	3540.879	3244.380	3876.363	3549.256	1.127	1.127	1.125
366	3549.756	3181.121	3854.287	3566.051	1.133	1.132	1.128
367	3546.354	3305.270	3811.641	3527.756	1.121	1.120	1.127
368	3570.235	3129.663	3793.784	3649.606	1.159	1.159	1.134
369	3571.801	3221.333	3855.028	3627.326	1.152	1.152	1.135
370	3550.572	3237.483	3765.414	3594.684	1.142	1.142	1.128
371	3567.380	3353.433	3762.931	3585.667	1.139	1.139	1.133
372	3585.037	3394.773	3815.812	3592.675	1.141	1.141	1.139
373	3562.019	3285.195	3782.337	3591.243	1.141	1.140	1.132
374	3539.024	3245.738	3763.460	3543.885	1.126	1.125	1.124
375	3607.581	3348.262	3942.540	3594.793	1.142	1.142	1.146
376	3623.410	3277.845	3765.794	3695.627	1.174	1.174	1.151
377	3612.190	3302.016	3799.575	3653.967	1.161	1.160	1.147
378	3668.813	3326.519	4059.699	3721.722	1.182	1.182	1.165
379	3617.809	3326.922	3816.448	3716.377	1.181	1.180	1.149
380	3605.895	3364.744	3775.591	3664.115	1.164	1.164	1.145
381	3628.540	3381.854	3808.891	3659.643	1.163	1.162	1.153
382	3593.956	3383.223	3734.408	3616.058	1.149	1.148	1.142
383	3650.742	3440.427	3802.264	3667.860	1.165	1.165	1.160
384	3640.906	3475.232	3792.909	3643.073	1.157	1.157	1.157
385	3684.160	3433.283	3896.898	3703.134	1.176	1.176	1.170
386	3575.375	3344.693	3783.321	3592.500	1.141	1.141	1.136
387	3663.982	3372.894	3967.634	3694.741	1.174	1.173	1.164
388	3659.728	3452.161	3903.072	3635.496	1.155	1.154	1.163
389	3657.489	3239.923	3920.643	3684.204	1.170	1.170	1.162
390	3656.904	3372.541	3914.101	3678.059	1.168	1.168	1.162
391	3689.543	3405.185	3828.651	3741.255	1.188	1.188	1.172
392	3630.338	3407.537	3790.490	3630.053	1.153	1.153	1.153
393	3629.818	3421.323	3764.605	3638.249	1.156	1.155	1.153
394	3676.555	3427.725	3893.287	3669.516	1.166	1.165	1.168
395	3602.452	3328.942	3712.343	3655.324	1.161	1.161	1.144
396	3621.185	3395.845	3825.840	3605.605	1.145	1.145	1.150
397	3577.699	3243.770	3820.494	3592.044	1.141	1.141	1.136
398	3619.959	3335.520	3908.061	3647.306	1.159	1.158	1.150
399	3636.385	3522.775	3701.839	3649.263	1.159	1.159	1.155
400	3665.758	3547.815	3844.709	3634.627	1.155	1.154	1.164
401	3719.279	3475.623	4159.425	3697.027	1.174	1.174	1.181
402	3699.574	3469.595	3827.301	3715.612	1.180	1.180	1.175
403	3700.432	3475.932	3817.451	3728.464	1.184	1.184	1.175
404	3689.559	3573.706	3852.792	3664.524	1.164	1.164	1.172
405	3670.339	3493.785	3835.832	3687.792	1.171	1.171	1.166
406	3709.825	3557.349	3827.550	3692.319	1.173	1.173	1.178
407	3690.070	3518.510	3884.135	3685.734	1.171	1.170	1.172
408	3706.187	3472.320	3871.444	3731.308	1.185	1.185	1.177
409	3695.873	3365.446	3925.790	3752.848	1.192	1.192	1.174
410	3693.392	3324.069	3961.523	3708.313	1.178	1.178	1.173
411	3640.484	3450.823	3803.486	3659.610	1.163	1.162	1.156
412	3673.221	3437.574	3799.666	3727.783	1.184	1.184	1.167
413	3703.406	3440.364	4087.163	3683.005	1.170	1.170	1.176
414	3639.212	3293.308	3828.110	3652.858	1.160	1.160	1.156
415	3648.127	3322.801	3803.545	3700.782	1.176	1.175	1.159
416	3690.828	3446.674	3831.260	3696.805	1.174	1.174	1.172
417	3670.441	3470.188	3808.808	3701.759	1.176	1.176	1.166
418	3688.783	3434.729	3816.691	3700.853	1.176	1.175	1.172
419	3661.075	3455.229	3769.681	3689.364	1.172	1.172	1.163
420	3628.537	3505.942	3774.579	3601.601	1.144	1.144	1.153
421	3622.659	3490.805	3810.567	3624.265	1.151	1.151	1.151
422	3656.235	3402.469	3822.890	3676.244	1.168	1.167	1.161
423	3660.591	3456.159	3899.768	3628.527	1.153	1.152	1.163
424	3628.430	3448.838	3793.213	3640.063	1.156	1.156	1.153
425	3615.205	3426.671	3857.832	3618.871	1.150	1.149	1.148
426	3669.858	3475.413	3855.841	3699.111	1.175	1.175	1.166
427	3697.707	3514.826	3840.274	3736.244	1.187	1.186	1.175
428	3658.413	3485.820	3836.205	3675.920	1.168	1.167	1.162
429	3684.325	3469.232	3881.108	3705.623	1.177	1.177	1.170
430	3662.135	3536.497	3816.849	3655.353	1.161	1.161	1.163
431	3685.103	3558.125	3855.065	3690.555	1.172	1.172	1.171
432	3621.346	3404.592	3828.022	3630.343	1.153	1.153	1.150
433	3699.083	3362.807	3841.731	3734.568	1.186	1.186	1.175
434	3647.026	3441.046	3709.051	3677.978	1.168	1.168	1.159
435	3714.987	3521.139	3903.589	3702.959	1.176	1.176	1.180
436	3668.001	3441.937	3962.080	3653.113	1.160	1.160	1.165
437	3649.987	3494.380	3814.646	3669.630	1.166	1.165	1.159
438	3669.251	3446.426	3932.873	3668.734	1.165	1.165	1.166
439	3642.027	3365.750	3842.414	3634.394	1.155	1.154	1.157
440	3691.198	3480.449	3876.228	3703.642	1.177	1.176	1.173
441	3632.746	3397.863	3781.833	3641.748	1.157	1.156	1.154
442	3673.485	3334.276	3851.816	3762.996	1.195	1.195	1.167
443	3585.252	3244.964	3764.111	3577.039	1.136	1.136	1.139
444	3589.040	3370.896	3725.795	3628.989	1.153	1.152	1.140
445	3600.864	3407.286	3729.085	3597.395	1.143	1.142	1.144
446	3602.532	3277.170	3790.552	3634.485	1.155	1.154	1.144
447	3631.845	3363.087	3812.167	3691.015	1.172	1.172	1.154
448	3587.700	3168.229	3867.059	3585.955	1.139	1.139	1.140
449	3610.106	3300.906	3772.490	3701.708	1.176	1.176	1.147
450	3593.012	3264.470	3810.052	3645.112	1.158	1.158	1.141
451	3611.157	3325.914	3872.831	3657.105	1.162	1.161	1.147
452	3616.839	3234.067	3939.680	3637.350	1.155	1.155	1.149
453	3593.836	3185.097	3852.451	3657.959	1.162	1.162	1.142
454	3616.927	3253.281	3865.654	3668.381	1.165	1.165	1.149
455	3547.971	3273.255	3906.383	3592.003	1.141	1.141	1.127
456	3592.420	3359.572	3888.752	3515.504	1.117	1.116	1.141
457	3590.346	3336.369	3875.733	3595.413	1.142	1.142	1.141
458	3604.757	3176.663	4020.365	3625.832	1.152	1.151	1.145
459	3556.400	3210.124	3916.414	3549.343	1.127	1.127	1.130
460	3521.308	3244.043	3867.212	3528.914	1.121	1.121	1.119
461	3510.520	3157.516	3830.731	3462.344	1.100	1.100	1.115
462	3517.540	3216.757	3867.302	3550.096	1.128	1.127	1.117
463	3558.528	3277.201	3896.822	3503.167	1.113	1.112	1.130
464	3514.245	3320.547	3821.845	3499.107	1.112	1.111	1.116
465	3467.354	3170.593	3909.822	3392.997	1.078	1.077	1.101
466	3477.722	3215.022	3895.761	3416.521	1.085	1.085	1.105
467	3507.761	3283.229	3835.459	3471.715	1.103	1.102	1.114
468	3452.466	3217.899	3763.751	3431.552	1.090	1.090	1.097
469	3496.750	3151.531	3808.514	3484.615	1.107	1.107	1.111
470	3471.032	3230.958	3828.340	3471.082	1.103	1.102	1.103
471	3509.565	3259.353	3859.189	3408.955	1.083	1.083	1.115
472	3495.446	3140.627	3820.000	3474.175	1.104	1.103	1.110
473	3506.267	3217.086	3734.823	3513.947	1.116	1.116	1.114
474	3545.144	3232.321	3944.043	3482.784	1.106	1.106	1.126
475	3535.484	3215.355	3878.856	3433.452	1.091	1.090	1.123
476	3501.884	3237.084	3729.545	3530.245	1.121	1.121	1.112
477	3502.748	3241.714	3772.341	3522.422	1.119	1.119	1.113
478	3501.850	3290.287	3763.966	3470.751	1.103	1.102	1.112
479	3516.477	3196.851	3769.913	3497.612	1.111	1.111	1.117
480	3504.700	3128.059	3820.371	3499.218	1.112	1.111	1.113
481	3517.408	3239.291	3873.179	3475.112	1.104	1.104	1.117
482	3509.761	3222.201	3771.699	3527.468	1.121	1.120	1.115
483	3534.343	3210.447	3918.612	3574.474	1.135	1.135	1.123
484	3539.243	3255.707	3834.593	3523.217	1.119	1.119	1.124
485	3527.692	3227.425	3886.839	3457.567	1.098	1.098	1.121
486	3545.967	3186.616	3817.557	3610.401	1.147	1.147	1.126
487	3571.851	3255.115	3862.776	3609.831	1.147	1.146	1.135
488	3574.990	3334.786	3750.758	3584.096	1.139	1.138	1.136
489	3558.208	3355.823	3736.375	3553.315	1.129	1.128	1.130
490	3587.613	3301.598	3875.054	3574.281	1.135	1.135	1.140
491	3525.282	3202.224	3797.473	3529.405	1.121	1.121	1.120
492	3488.398	3224.209	3844.326	3487.443	1.108	1.107	1.108
493	3537.653	3301.199	3868.523	3539.126	1.124	1.124	1.124
494	3522.133	3333.098	3712.957	3533.295	1.122	1.122	1.119
495	3518.689	3317.499	3793.847	3525.050	1.120	1.119	1.118
496	3516.910	3288.059	3819.582	3571.309	1.134	1.134	1.117
497	3460.166	3249.776	3723.270	3467.009	1.101	1.101	1.099
498	3461.193	3239.583	3722.911	3484.132	1.107	1.106	1.099
499	3469.424	3221.115	3735.000	3521.131	1.119	1.118	1.102
500	3469.376	3205.583	3764.792	3430.500	1.090	1.089	1.102
501	3496.594	3219.328	3744.542	3477.716	1.105	1.104	1.111
502	3542.919	3260.740	3810.133	3533.490	1.122	1.122	1.125
503	3557.150	3255.788	3780.419	3572.709	1.135	1.135	1.130
504	3526.994	3221.558	3790.417	3542.458	1.125	1.125	1.120
505	3513.816	3168.616	3839.742	3499.307	1.112	1.111	1.116
506	3491.368	3201.567	3994.280	3407.688	1.082	1.082	1.109
507	3490.183	3222.682	3838.837	3432.733	1.090	1.090	1.109
508	3545.128	3269.386	3856.115	3515.025	1.117	1.116	1.126
509	3512.304	3242.892	3819.400	3529.257	1.121	1.121	1.116
510	3506.832	3275.895	3766.973	3485.381	1.107	1.107	1.114
511	3483.888	3273.595	3682.707	3484.096	1.107	1.106	1.107
512	3473.053	3232.667	3738.109	3446.447	1.095	1.094	1.103
513	3501.288	3199.716	3993.170	3401.316	1.080	1.080	1.112
514	3473.928	3179.228	3840.734	3418.055	1.086	1.085	1.104
515	3457.467	3145.133	3764.055	3443.650	1.094	1.094	1.098
516	3453.935	3227.731	3816.781	3411.662	1.084	1.083	1.097
517	3425.227	3219.891	3812.635	3401.018	1.080	1.080	1.088
518	3489.818	3271.685	3726.476	3475.795	1.104	1.104	1.109
519	3495.930	3261.322	3762.751	3453.640	1.097	1.097	1.111
520	3481.902	3179.738	3841.585	3440.426	1.093	1.093	1.106
521	3437.852	3230.792	3844.256	3361.456	1.068	1.067	1.092
522	3426.443	3208.304	3818.313	3332.842	1.059	1.058	1.088
523	3460.903	3162.675	3842.926	3408.274	1.083	1.082	1.099
524	3467.558	3164.700	3831.399	3417.429	1.086	1.085	1.102
525	3471.060	3240.870	3706.241	3401.594	1.081	1.080	1.103
526	3456.971	3186.309	3700.168	3464.383	1.101	1.100	1.098
527	3460.792	3141.679	3691.775	3537.738	1.124	1.123	1.099
528	3494.595	3192.959	3828.854	3514.486	1.116	1.116	1.110
529	3494.210	3181.531	3829.090	3461.577	1.100	1.099	1.110
530	3502.474	3301.370	3804.234	3411.081	1.084	1.083	1.113
531	3467.246	3232.507	3689.630	3443.457	1.094	1.094	1.101
532	3416.964	3212.300	3652.209	3427.341	1.089	1.088	1.085
533	3404.085	3181.602	3613.282	3399.862	1.080	1.080	1.081
534	3448.811	3193.410	3680.185	3471.872	1.103	1.103	1.096
535	3482.554	3202.719	3741.885	3459.496	1.099	1.099	1.106
536	3456.993	3182.856	3705.173	3413.778	1.084	1.084	1.098
537	3458.489	3192.970	3694.931	3490.793	1.109	1.109	1.099
538	3483.641	3218.418	3710.995	3468.431	1.102	1.101	1.107
539	3501.094	3318.250	3867.289	3423.408	1.087	1.087	1.112
540	3414.393	3248.004	3680.594	3387.897	1.076	1.076	1.085
541	3379.494	3147.403	3704.498	3359.159	1.067	1.067	1.074
542	3452.489	3249.535	3741.685	3407.086	1.082	1.082	1.097
543	3449.979	3220.053	3709.026	3442.643	1.094	1.093	1.096
544	3462.838	3244.114	3759.775	3435.254	1.091	1.091	1.100
545	3476.007	3256.724	3756.371	3432.208	1.090	1.090	1.104
546	3465.504	3307.037	3797.319	3361.214	1.068	1.067	1.101
547	3437.301	3292.182	3632.511	3401.301	1.080	1.080	1.092
548	3437.088	3258.551	3693.505	3379.211	1.073	1.073	1.092
549	3415.442	3202.582	3731.744	3344.692	1.062	1.062	1.085
550	3470.613	3291.722	3792.020	3428.714	1.089	1.089	1.102
551	3503.926	3212.524	3747.660	3503.575	1.113	1.113	1.113
552	3470.956	3188.827	3636.466	3474.310	1.104	1.103	1.103
553	3449.441	3203.204	3645.292	3452.463	1.097	1.096	1.096
554	3440.203	3226.395	3558.780	3482.433	1.106	1.106	1.093
555	3465.618	3158.125	3673.553	3512.336	1.116	1.115	1.101
556	3469.598	3273.928	3821.090	3398.420	1.080	1.079	1.102
557	3447.010	3235.705	3726.262	3445.079	1.094	1.094	1.095
558	3514.120	3229.520	3775.629	3515.263	1.117	1.116	1.116
559	3474.854	3274.584	3769.366	3439.383	1.093	1.092	1.104
560	3451.555	3251.005	3694.752	3476.477	1.104	1.104	1.096
561	3428.755	3254.443	3643.646	3418.776	1.086	1.086	1.089
562	3503.867	3253.673	3737.313	3480.757	1.106	1.105	1.113
563	3552.350	3270.269	3845.471	3538.039	1.124	1.124	1.128
564	3551.151	3347.405	3758.736	3567.813	1.133	1.133	1.128
565	3550.111	3275.057	3918.442	3545.469	1.126	1.126	1.128
566	3508.681	3219.519	3850.995	3505.900	1.114	1.113	1.115
567	3493.764	3232.480	3788.227	3449.152	1.096	1.095	1.110
568	3469.844	3226.471	3777.700	3440.908	1.093	1.093	1.102
569	3526.437	3292.656	3691.614	3561.081	1.131	1.131	1.120
570	3561.535	3272.381	3851.570	3522.167	1.119	1.119	1.131
571	3551.672	3329.903	3833.788	3517.247	1.117	1.117	1.128
572	3575.590	3326.090	3857.631	3532.395	1.122	1.122	1.136
573	3545.553	3295.529	3882.916	3573.853	1.135	1.135	1.126
574	3487.458	3282.134	3836.926	3483.554	1.107	1.106	1.108
575	3516.366	3150.062	3736.232	3537.144	1.124	1.123	1.117
576	3546.062	3278.383	3868.323	3509.544	1.115	1.114	1.126
577	3540.950	3186.737	3755.550	3612.671	1.148	1.147	1.125
578	3562.500	3194.267	3901.741	3583.268	1.138	1.138	1.132
579	3561.228	3304.542	3749.046	3598.818	1.143	1.143	1.131
580	3581.265	3339.634	3716.324	3612.903	1.148	1.147	1.138
581	3557.251	3304.772	3796.934	3601.812	1.144	1.144	1.130
582	3543.676	3258.443	3891.810	3541.675	1.125	1.125	1.126
583	3555.250	3263.910	3702.485	3629.014	1.153	1.152	1.129
584	3571.922	3321.739	3784.221	3611.534	1.147	1.147	1.135
585	3534.645	3306.823	3786.446	3551.555	1.128	1.128	1.123
586	3548.724	3243.206	3810.953	3598.104	1.143	1.143	1.127
587	3506.196	3310.490	3770.012	3478.760	1.105	1.105	1.114
588	3523.957	3320.580	3716.721	3570.263	1.134	1.134	1.119
589	3558.181	3303.863	3823.217	3584.561	1.139	1.138	1.130
590	3530.545	3361.237	3711.776	3497.433	1.111	1.111	1.122
591	3576.681	3336.066	3756.145	3588.835	1.140	1.140	1.136
592	3544.218	3302.628	3790.949	3515.048	1.117	1.116	1.126
593	3569.588	3309.638	3752.249	3618.293	1.149	1.149	1.134
594	3550.106	3314.471	3833.192	3564.629	1.132	1.132	1.128
595	3526.286	3273.791	3834.768	3526.625	1.120	1.120	1.120
596	3575.081	3318.090	4008.845	3523.187	1.119	1.119	1.136
597	3509.989	3285.912	3657.150	3548.657	1.127	1.127	1.115
598	3540.836	3317.796	3716.467	3576.168	1.136	1.136	1.125
599	3554.664	3275.152	3796.573	3544.582	1.126	1.126	1.129
600	3609.411	3358.144	3802.873	3646.152	1.158	1.158	1.147
601	3599.065	3364.514	3890.745	3601.150	1.144	1.144	1.143
602	3610.260	3258.272	3869.861	3656.552	1.162	1.161	1.147
603	3575.558	3196.633	3830.918	3646.631	1.158	1.158	1.136
604	3539.041	3266.495	3909.911	3564.716	1.132	1.132	1.124
605	3565.596	3282.142	3781.895	3609.678	1.147	1.146	1.133
606	3624.863	3312.649	3886.596	3702.979	1.176	1.176	1.151
607	3607.338	3339.165	3852.823	3647.408	1.159	1.158	1.146
608	3584.413	3421.856	3926.369	3551.823	1.128	1.128	1.139
609	3553.943	3281.519	3694.113	3621.139	1.150	1.150	1.129
610	3589.319	3319.381	3751.962	3594.895	1.142	1.142	1.140
611	3579.213	3319.447	3764.613	3622.175	1.151	1.150	1.137
612	3644.789	3370.089	3879.314	3671.977	1.166	1.166	1.158
613	3578.165	3341.428	3696.821	3643.143	1.157	1.157	1.137
614	3577.064	3370.297	3749.373	3605.223	1.145	1.145	1.136
615	3643.854	3367.469	3828.862	3672.981	1.167	1.166	1.158
616	3641.479	3300.363	3873.021	3704.058	1.177	1.176	1.157
617	3565.700	3296.274	3794.208	3544.851	1.126	1.126	1.133
618	3579.173	3357.424	3903.988	3509.270	1.115	1.114	1.137
619	3586.212	3257.720	3886.779	3662.083	1.163	1.163	1.139
620	3558.195	3298.282	3744.391	3617.012	1.149	1.149	1.130
621	3581.460	3453.060	3700.554	3607.896	1.146	1.146	1.138
622	3589.946	3460.778	3742.259	3605.470	1.145	1.145	1.140
623	3605.077	3371.281	3729.692	3635.748	1.155	1.155	1.145
624	3665.427	3464.536	3831.620	3683.156	1.170	1.170	1.164
625	3616.583	3403.294	3766.849	3639.429	1.156	1.156	1.149
626	3580.476	3342.369	3745.553	3593.903	1.142	1.141	1.137
627	3600.881	3421.797	3745.487	3619.990	1.150	1.150	1.144
628	3576.691	3376.035	3685.834	3560.611	1.131	1.131	1.136
629	3564.722	3416.427	3711.843	3537.342	1.124	1.123	1.132
630	3548.106	3381.520	3701.950	3557.265	1.130	1.130	1.127
631	3538.628	3341.359	3716.592	3534.418	1.123	1.122	1.124
632	3610.015	3381.619	3742.765	3669.632	1.166	1.165	1.147
633	3622.994	3392.851	3855.073	3641.092	1.157	1.156	1.151
634	3635.641	3394.252	3789.282	3649.078	1.159	1.159	1.155
635	3657.394	3395.667	3805.992	3718.462	1.181	1.181	1.162
636	3633.657	3450.185	3769.759	3629.176	1.153	1.152	1.154
637	3614.705	3403.232	3956.677	3633.370	1.154	1.154	1.148
638	3620.404	3455.138	3744.961	3677.112	1.168	1.168	1.150
639	3607.057	3457.225	3721.587	3631.733	1.154	1.153	1.146
640	3654.558	3346.634	3792.607	3709.355	1.178	1.178	1.161
641	3618.161	3254.976	3780.153	3622.764	1.151	1.150	1.149
642	3607.025	3384.577	3808.763	3631.529	1.154	1.153	1.146
643	3599.147	3357.906	3762.439	3638.068	1.156	1.155	1.143
644	3617.232	3334.311	3857.280	3670.278	1.166	1.166	1.149
645	3633.275	3410.199	3777.976	3684.456	1.170	1.170	1.154
646	3690.965	3441.343	3977.112	3717.755	1.181	1.181	1.172
647	3660.804	3431.789	3912.350	3674.111	1.167	1.167	1.163
648	3653.806	3343.811	3874.175	3663.809	1.164	1.163	1.161
649	3625.159	3430.877	3843.618	3613.320	1.148	1.147	1.152
650	3627.740	3403.272	3795.150	3649.078	1.159	1.159	1.152
651	3678.502	3391.351	3945.999	3737.642	1.187	1.187	1.169
652	3679.756	3540.870	3806.401	3706.333	1.177	1.177	1.169
653	3649.255	3461.292	3895.519	3674.065	1.167	1.167	1.159
654	3657.044	3522.208	3814.969	3667.367	1.165	1.165	1.162
655	3603.658	3383.195	3723.909	3615.745	1.149	1.148	1.145
656	3582.107	3275.099	3759.009	3610.735	1.147	1.147	1.138
657	3593.007	3333.670	3884.920	3605.767	1.145	1.145	1.141
658	3604.207	3421.667	3800.358	3621.797	1.151	1.150	1.145
659	3615.697	3337.938	3898.166	3630.982	1.153	1.153	1.149
660	3665.930	3407.161	3787.587	3679.134	1.169	1.168	1.165
661	3690.387	3483.389	3873.411	3724.307	1.183	1.183	1.172
662	3670.050	3528.145	3880.975	3668.319	1.165	1.165	1.166
663	3605.750	3458.194	3748.778	3590.507	1.141	1.140	1.145
664	3649.392	3550.058	3736.262	3652.046	1.160	1.160	1.159
665	3638.145	3476.112	3761.322	3618.511	1.149	1.149	1.156
666	3645.300	3448.646	3800.157	3659.943	1.163	1.162	1.158
667	3703.828	3576.462	3921.565	3660.348	1.163	1.162	1.177
668	3604.452	3391.885	3948.763	3607.047	1.146	1.145	1.145
669	3624.542	3421.642	3789.187	3643.814	1.158	1.157	1.151
670	3659.472	3566.678	3791.763	3656.116	1.161	1.161	1.162
671	3636.957	3509.677	3767.894	3621.304	1.150	1.150	1.155
672	3607.030	3433.262	3748.868	3593.844	1.142	1.141	1.146
673	3620.507	3498.575	3732.525	3618.294	1.149	1.149	1.150
674	3554.237	3305.915	3687.611	3601.396	1.144	1.144	1.129
675	3611.534	3371.749	3788.062	3620.896	1.150	1.150	1.147
676	3603.072	3435.604	3843.034	3577.308	1.136	1.136	1.145
677	3595.212	3449.402	3878.611	3572.471	1.135	1.134	1.142
678	3572.133	3429.554	3669.422	3596.169	1.142	1.142	1.135
679	3565.336	3497.098	3684.491	3556.414	1.130	1.129	1.133
680	3593.680	3343.367	3823.147	3598.026	1.143	1.143	1.142
681	3637.782	3553.910	3827.551	3589.118	1.140	1.140	1.156
682	3565.096	3493.107	3648.061	3555.194	1.129	1.129	1.132
683	3582.308	3496.325	3674.587	3569.919	1.134	1.134	1.138
684	3667.389	3535.697	3804.389	3645.126	1.158	1.158	1.165
685	3627.575	3426.726	3834.993	3625.465	1.152	1.151	1.152
686	3636.268	3468.196	3787.317	3624.534	1.151	1.151	1.155
687	3610.425	3367.392	3777.864	3693.673	1.173	1.173	1.147
688	3605.239	3415.407	3730.456	3627.801	1.152	1.152	1.145
689	3635.241	3385.344	3789.618	3650.241	1.160	1.159	1.155
690	3602.972	3408.825	3778.949	3578.775	1.137	1.136	1.145
691	3562.790	3392.417	3785.365	3516.737	1.117	1.117	1.132
692	3626.092	3432.343	3887.901	3644.622	1.158	1.157	1.152
693	3614.936	3370.699	3775.616	3653.001	1.160	1.160	1.148
694	3566.601	3385.137	3703.563	3552.960	1.129	1.128	1.133
695	3580.077	3475.164	3726.408	3571.735	1.135	1.134	1.137
696	3565.300	3402.174	3720.927	3558.326	1.130	1.130	1.133
697	3541.634	3471.346	3617.610	3521.698	1.119	1.118	1.125
698	3523.676	3418.342	3677.686	3529.053	1.121	1.121	1.119
699	3578.310	3407.748	3711.036	3581.685	1.138	1.137	1.137
700	3507.723	3385.989	3644.828	3517.855	1.117	1.117	1.114
701	3585.276	3339.348	3697.994	3626.842	1.152	1.152	1.139
702	3562.449	3419.327	3762.051	3543.503	1.126	1.125	1.132
703	3536.810	3410.078	3663.727	3534.996	1.123	1.123	1.124
704	3582.038	3476.240	3669.339	3591.171	1.141	1.140	1.138
705	3588.794	3439.827	3826.372	3568.952	1.134	1.133	1.140
706	3550.237	3441.198	3786.850	3515.563	1.117	1.116	1.128
707	3539.839	3347.116	3685.161	3562.214	1.132	1.131	1.124
708	3531.578	3432.567	3735.583	3497.553	1.111	1.111	1.122
709	3522.139	3448.422	3634.101	3516.021	1.117	1.117	1.119
710	3512.652	3422.104	3671.825	3504.240	1.113	1.113	1.116
711	3508.530	3425.264	3554.723	3527.607	1.121	1.120	1.115
712	3496.246	3411.515	3563.574	3514.674	1.116	1.116	1.111
713	3530.246	3388.663	3609.891	3547.596	1.127	1.127	1.121
714	3494.975	3417.261	3593.994	3484.639	1.107	1.107	1.110
715	3503.088	3397.628	3647.545	3520.920	1.118	1.118	1.113
716	3482.903	3275.931	3592.754	3519.587	1.118	1.118	1.106
717	3474.939	3384.980	3676.150	3430.315	1.090	1.089	1.104
718	3462.101	3366.763	3611.765	3436.667	1.092	1.091	1.100
719	3494.283	3367.003	3607.208	3484.314	1.107	1.106	1.110
720	3489.095	3392.615	3656.488	3460.913	1.099	1.099	1.108
721	3531.780	3236.504	3872.346	3460.057	1.099	1.099	1.122
722	3531.780	3236.504	3872.346	3460.057	1.099	1.099	1.122
