 	Mean	Min	Max	Median	Max_to_bgmean	Median_to_bgmedian	Mean_to_bgmean
1	3350.199	3301.393	3376.182	3355.155	1.076	1.073	1.074
2	3334.997	3239.721	3425.493	3358.666	1.077	1.074	1.069
3	3324.683	3298.957	3373.580	3322.452	1.065	1.063	1.066
4	3399.394	3291.366	3486.099	3407.045	1.092	1.090	1.090
5	3374.668	3317.940	3419.697	3371.962	1.081	1.078	1.082
6	3341.853	3233.976	3391.475	3342.571	1.072	1.069	1.071
7	3376.615	3261.738	3452.889	3394.380	1.088	1.086	1.082
8	3326.017	3247.377	3418.523	3326.747	1.066	1.064	1.066
9	3337.832	3241.301	3411.390	3348.516	1.073	1.071	1.070
10	3365.664	3328.211	3414.285	3360.269	1.077	1.075	1.079
11	3305.694	3258.460	3343.555	3313.073	1.062	1.060	1.060
12	3352.354	3268.557	3399.731	3367.414	1.080	1.077	1.075
13	3376.179	3283.969	3463.856	3389.834	1.087	1.084	1.082
14	3348.943	3269.021	3479.332	3325.751	1.066	1.064	1.074
15	3341.276	3270.369	3393.022	3351.620	1.074	1.072	1.071
16	3368.791	3306.990	3487.362	3371.492	1.081	1.078	1.080
17	3359.345	3296.076	3469.262	3352.691	1.075	1.072	1.077
18	3364.776	3261.968	3473.853	3356.521	1.076	1.073	1.079
19	3366.045	3288.733	3420.412	3370.507	1.080	1.078	1.079
20	3355.330	3233.608	3451.364	3382.039	1.084	1.082	1.076
21	3350.393	3288.175	3399.192	3358.844	1.077	1.074	1.074
22	3347.216	3237.063	3414.244	3350.258	1.074	1.071	1.073
23	3366.157	3306.007	3453.838	3353.803	1.075	1.073	1.079
24	3352.359	3241.792	3410.405	3370.155	1.080	1.078	1.075
25	3348.519	3245.181	3433.311	3353.556	1.075	1.072	1.073
26	3367.667	3236.883	3477.989	3387.307	1.086	1.083	1.080
27	3328.843	3259.378	3486.338	3310.939	1.061	1.059	1.067
28	3306.029	3226.968	3365.860	3298.404	1.057	1.055	1.060
29	3314.185	3255.087	3412.864	3313.524	1.062	1.060	1.062
30	3330.396	3229.635	3435.179	3335.738	1.069	1.067	1.068
31	3356.283	3272.147	3431.611	3356.649	1.076	1.073	1.076
32	3374.271	3297.002	3477.618	3351.590	1.074	1.072	1.082
33	3324.041	3249.299	3382.979	3327.628	1.067	1.064	1.066
34	3350.696	3267.631	3423.751	3353.336	1.075	1.072	1.074
35	3402.339	3314.577	3507.812	3400.215	1.090	1.087	1.091
36	3347.289	3246.917	3474.210	3325.558	1.066	1.063	1.073
37	3343.459	3243.932	3412.297	3355.427	1.076	1.073	1.072
38	3381.336	3313.737	3430.549	3394.137	1.088	1.085	1.084
39	3308.669	3257.740	3340.043	3313.224	1.062	1.060	1.061
40	3347.200	3251.283	3399.467	3361.063	1.077	1.075	1.073
41	3336.115	3253.213	3498.270	3341.796	1.071	1.069	1.069
42	3316.622	3217.354	3406.989	3318.743	1.064	1.061	1.063
43	3370.512	3238.616	3507.995	3372.651	1.081	1.079	1.081
44	3313.586	3200.727	3421.862	3297.609	1.057	1.055	1.062
45	3323.361	3264.278	3419.685	3312.037	1.062	1.059	1.065
46	3378.858	3269.621	3505.449	3387.624	1.086	1.083	1.083
47	3336.483	3197.969	3404.229	3357.916	1.076	1.074	1.070
48	3326.384	3197.458	3463.042	3325.885	1.066	1.064	1.066
49	3327.001	3210.682	3436.878	3335.861	1.069	1.067	1.067
50	3377.567	3291.361	3505.190	3359.969	1.077	1.075	1.083
51	3380.778	3263.046	3564.740	3359.272	1.077	1.074	1.084
52	3325.188	3227.359	3427.160	3303.133	1.059	1.056	1.066
53	3313.518	3207.989	3451.125	3312.869	1.062	1.059	1.062
54	3367.219	3249.763	3519.883	3361.958	1.078	1.075	1.079
55	3311.094	3213.782	3374.072	3330.118	1.068	1.065	1.061
56	3326.517	3221.324	3452.178	3334.816	1.069	1.066	1.066
57	3359.670	3254.727	3481.921	3364.167	1.078	1.076	1.077
58	3319.596	3242.289	3435.730	3302.974	1.059	1.056	1.064
59	3322.621	3230.335	3403.050	3351.487	1.074	1.072	1.065
60	3351.410	3275.406	3430.472	3352.116	1.075	1.072	1.074
61	3314.513	3203.128	3393.124	3337.095	1.070	1.067	1.063
62	3341.690	3257.452	3447.578	3343.278	1.072	1.069	1.071
63	3316.571	3214.262	3415.388	3327.455	1.067	1.064	1.063
64	3299.409	3235.430	3336.930	3313.004	1.062	1.059	1.058
65	3280.336	3181.147	3356.930	3276.145	1.050	1.048	1.052
66	3347.289	3241.114	3452.664	3345.183	1.072	1.070	1.073
67	3318.315	3260.735	3413.228	3314.799	1.063	1.060	1.064
68	3300.587	3199.269	3476.463	3276.978	1.051	1.048	1.058
69	3329.212	3181.541	3455.102	3328.995	1.067	1.065	1.067
70	3347.210	3204.915	3501.969	3330.135	1.068	1.065	1.073
71	3324.239	3233.240	3419.866	3326.529	1.066	1.064	1.066
72	3365.583	3235.898	3514.224	3358.026	1.076	1.074	1.079
73	3315.532	3236.678	3423.025	3313.673	1.062	1.060	1.063
74	3347.937	3267.561	3422.665	3342.525	1.072	1.069	1.073
75	3345.223	3299.295	3390.222	3336.786	1.070	1.067	1.072
76	3358.434	3231.829	3422.740	3367.829	1.080	1.077	1.077
77	3327.157	3249.288	3421.567	3318.861	1.064	1.061	1.067
78	3331.703	3236.238	3460.049	3347.781	1.073	1.071	1.068
79	3353.264	3233.316	3534.896	3337.749	1.070	1.067	1.075
80	3354.214	3183.162	3491.542	3344.674	1.072	1.070	1.075
81	3321.607	3196.690	3434.396	3312.143	1.062	1.059	1.065
82	3336.984	3231.810	3414.787	3329.775	1.067	1.065	1.070
83	3358.394	3275.877	3453.062	3371.375	1.081	1.078	1.077
84	3325.041	3206.007	3452.713	3323.400	1.065	1.063	1.066
85	3312.203	3237.127	3412.457	3309.237	1.061	1.058	1.062
86	3341.936	3219.147	3447.436	3335.763	1.069	1.067	1.071
87	3365.997	3245.876	3448.053	3382.006	1.084	1.082	1.079
88	3339.655	3240.067	3549.245	3343.198	1.072	1.069	1.071
89	3360.063	3246.838	3528.828	3338.619	1.070	1.068	1.077
90	3340.483	3268.046	3406.461	3346.680	1.073	1.070	1.071
91	3374.273	3293.228	3466.365	3358.282	1.077	1.074	1.082
92	3317.774	3268.524	3391.778	3298.137	1.057	1.055	1.064
93	3320.688	3226.923	3405.470	3305.917	1.060	1.057	1.065
94	3320.730	3225.262	3435.110	3282.093	1.052	1.050	1.065
95	3375.910	3227.001	3539.857	3402.893	1.091	1.088	1.082
96	3354.768	3254.972	3415.035	3370.656	1.081	1.078	1.075
97	3404.594	3277.128	3503.919	3413.725	1.094	1.092	1.091
98	3364.223	3263.903	3475.486	3365.386	1.079	1.076	1.078
99	3401.214	3252.974	3504.389	3408.375	1.093	1.090	1.090
100	3371.827	3223.024	3506.357	3403.404	1.091	1.088	1.081
101	3328.201	3221.293	3400.401	3327.828	1.067	1.064	1.067
102	3363.954	3286.011	3423.278	3372.959	1.081	1.079	1.078
103	3339.940	3267.301	3430.033	3332.410	1.068	1.066	1.071
104	3353.397	3217.721	3439.315	3358.677	1.077	1.074	1.075
105	3367.466	3198.214	3475.923	3405.146	1.092	1.089	1.080
106	3336.929	3203.111	3475.853	3333.677	1.069	1.066	1.070
107	3365.077	3265.055	3427.375	3383.371	1.085	1.082	1.079
108	3347.265	3230.612	3455.070	3362.379	1.078	1.075	1.073
109	3338.322	3220.599	3452.503	3339.310	1.070	1.068	1.070
110	3306.029	3164.001	3383.574	3326.723	1.066	1.064	1.060
111	3347.558	3174.268	3464.866	3343.010	1.072	1.069	1.073
112	3384.305	3226.916	3453.887	3414.339	1.095	1.092	1.085
113	3327.848	3210.265	3421.403	3337.766	1.070	1.067	1.067
114	3356.404	3257.829	3523.964	3344.535	1.072	1.070	1.076
115	3369.396	3284.487	3448.323	3380.436	1.084	1.081	1.080
116	3386.143	3231.851	3496.721	3384.787	1.085	1.082	1.086
117	3319.992	3175.706	3411.225	3347.782	1.073	1.071	1.064
118	3310.435	3178.068	3463.396	3303.066	1.059	1.056	1.061
119	3340.068	3282.286	3432.349	3333.955	1.069	1.066	1.071
120	3363.724	3233.396	3506.328	3351.134	1.074	1.072	1.078
121	3345.736	3210.169	3420.198	3381.499	1.084	1.081	1.073
122	3370.382	3239.200	3516.123	3364.264	1.078	1.076	1.080
123	3343.248	3221.689	3417.150	3367.644	1.080	1.077	1.072
124	3352.087	3241.302	3542.486	3353.671	1.075	1.072	1.075
125	3384.373	3232.796	3501.263	3391.072	1.087	1.084	1.085
126	3382.065	3180.463	3510.955	3395.351	1.088	1.086	1.084
127	3349.570	3195.440	3494.868	3360.130	1.077	1.075	1.074
128	3370.581	3286.890	3528.627	3369.129	1.080	1.077	1.081
129	3342.066	3187.763	3505.349	3329.344	1.067	1.065	1.071
130	3341.423	3198.953	3489.801	3327.149	1.067	1.064	1.071
131	3376.548	3275.168	3494.528	3351.649	1.074	1.072	1.082
132	3390.028	3277.480	3490.524	3392.693	1.088	1.085	1.087
133	3364.212	3252.136	3504.491	3346.421	1.073	1.070	1.078
134	3340.038	3207.574	3439.136	3331.999	1.068	1.066	1.071
135	3349.780	3275.250	3422.644	3359.977	1.077	1.075	1.074
136	3331.126	3207.917	3459.832	3313.826	1.062	1.060	1.068
137	3360.621	3202.211	3513.663	3356.627	1.076	1.073	1.077
138	3376.872	3328.865	3451.109	3371.138	1.081	1.078	1.083
139	3366.252	3284.810	3534.545	3358.416	1.077	1.074	1.079
140	3382.859	3294.693	3480.736	3372.009	1.081	1.078	1.084
141	3394.499	3300.282	3521.687	3373.264	1.081	1.079	1.088
142	3363.031	3219.049	3464.821	3363.262	1.078	1.076	1.078
143	3362.390	3253.297	3503.448	3376.185	1.082	1.080	1.078
144	3344.270	3176.276	3445.244	3347.081	1.073	1.070	1.072
145	3363.724	3287.788	3450.783	3350.755	1.074	1.072	1.078
146	3340.821	3219.448	3455.047	3332.625	1.068	1.066	1.071
147	3395.929	3296.140	3517.489	3376.967	1.083	1.080	1.089
148	3351.824	3209.635	3560.101	3338.982	1.070	1.068	1.075
149	3294.437	3198.584	3378.957	3280.273	1.052	1.049	1.056
150	3364.751	3293.425	3434.952	3371.201	1.081	1.078	1.079
151	3399.732	3270.094	3493.461	3436.375	1.102	1.099	1.090
152	3339.765	3208.144	3447.862	3348.524	1.073	1.071	1.071
153	3373.881	3211.653	3481.361	3387.190	1.086	1.083	1.082
154	3423.616	3244.950	3566.266	3438.558	1.102	1.100	1.098
155	3373.963	3271.687	3479.110	3380.656	1.084	1.081	1.082
156	3370.207	3282.169	3447.806	3370.628	1.081	1.078	1.080
157	3353.201	3229.509	3490.187	3348.000	1.073	1.071	1.075
158	3414.363	3294.208	3546.833	3434.342	1.101	1.098	1.095
159	3394.752	3284.547	3570.840	3375.761	1.082	1.080	1.088
160	3406.183	3263.204	3524.404	3423.719	1.098	1.095	1.092
161	3409.123	3242.974	3691.066	3396.009	1.089	1.086	1.093
162	3340.408	3203.389	3436.650	3350.925	1.074	1.072	1.071
163	3368.512	3228.481	3519.251	3392.118	1.087	1.085	1.080
164	3362.652	3205.697	3459.415	3365.879	1.079	1.076	1.078
165	3343.901	3188.885	3473.568	3361.138	1.077	1.075	1.072
166	3378.609	3155.837	3607.467	3422.207	1.097	1.094	1.083
167	3367.020	3167.663	3558.198	3399.673	1.090	1.087	1.079
168	3361.129	3201.557	3474.503	3397.514	1.089	1.087	1.077
169	3399.045	3285.717	3575.605	3350.831	1.074	1.072	1.090
170	3360.382	3160.375	3568.484	3313.408	1.062	1.060	1.077
171	3399.909	3136.388	3572.389	3426.306	1.098	1.096	1.090
172	3373.336	3180.921	3515.628	3421.575	1.097	1.094	1.081
173	3368.078	3220.333	3505.296	3387.556	1.086	1.083	1.080
174	3349.912	3234.876	3486.146	3354.143	1.075	1.073	1.074
175	3364.920	3247.622	3526.670	3335.462	1.069	1.067	1.079
176	3371.735	3248.372	3545.809	3357.265	1.076	1.074	1.081
177	3365.876	3226.085	3544.335	3367.962	1.080	1.077	1.079
178	3417.157	3203.734	3628.873	3395.607	1.089	1.086	1.095
179	3393.337	3227.834	3531.057	3381.455	1.084	1.081	1.088
180	3361.796	3220.555	3458.879	3399.736	1.090	1.087	1.078
181	3344.360	3143.902	3486.723	3372.802	1.081	1.079	1.072
182	3371.650	3149.366	3517.715	3383.126	1.085	1.082	1.081
183	3395.610	3205.520	3532.208	3389.666	1.087	1.084	1.089
184	3431.038	3301.646	3629.033	3425.354	1.098	1.095	1.100
185	3389.179	3198.383	3565.749	3462.093	1.110	1.107	1.086
186	3394.300	3207.118	3645.741	3348.262	1.073	1.071	1.088
187	3368.869	3232.046	3535.699	3353.347	1.075	1.072	1.080
188	3343.047	3225.434	3426.354	3348.014	1.073	1.071	1.072
189	3361.130	3182.979	3511.513	3406.988	1.092	1.090	1.077
190	3368.040	3180.430	3529.885	3387.277	1.086	1.083	1.080
191	3375.253	3200.284	3477.401	3419.061	1.096	1.093	1.082
192	3352.931	3210.381	3490.046	3343.441	1.072	1.069	1.075
193	3374.715	3255.402	3563.364	3342.222	1.071	1.069	1.082
194	3362.731	3261.163	3521.522	3370.977	1.081	1.078	1.078
195	3360.880	3233.944	3459.791	3374.801	1.082	1.079	1.077
196	3410.504	3295.697	3538.036	3401.751	1.091	1.088	1.093
197	3400.944	3241.758	3653.315	3379.783	1.083	1.081	1.090
198	3388.333	3245.513	3541.456	3371.771	1.081	1.078	1.086
199	3373.631	3197.447	3560.123	3371.679	1.081	1.078	1.081
200	3365.414	3242.406	3563.543	3346.990	1.073	1.070	1.079
201	3349.468	3226.693	3563.629	3349.682	1.074	1.071	1.074
202	3378.166	3243.658	3491.096	3417.523	1.096	1.093	1.083
203	3382.333	3208.340	3630.276	3345.920	1.073	1.070	1.084
204	3428.955	3192.586	3611.311	3471.662	1.113	1.110	1.099
205	3427.770	3285.797	3563.834	3444.318	1.104	1.101	1.099
206	3390.953	3218.668	3564.852	3372.003	1.081	1.078	1.087
207	3433.939	3228.563	3605.950	3486.158	1.118	1.115	1.101
208	3437.943	3189.657	3623.606	3473.327	1.113	1.111	1.102
209	3448.963	3229.806	3599.594	3444.352	1.104	1.101	1.106
210	3428.192	3217.890	3701.659	3384.246	1.085	1.082	1.099
211	3350.307	3160.393	3520.510	3358.165	1.077	1.074	1.074
212	3401.861	3165.864	3603.760	3429.103	1.099	1.097	1.091
213	3425.468	3253.803	3554.412	3449.004	1.106	1.103	1.098
214	3421.180	3270.275	3569.396	3480.560	1.116	1.113	1.097
215	3429.315	3246.007	3658.134	3433.545	1.101	1.098	1.099
216	3424.008	3244.409	3659.892	3381.285	1.084	1.081	1.098
217	3415.634	3250.510	3684.926	3370.074	1.080	1.078	1.095
218	3434.871	3262.129	3676.533	3387.099	1.086	1.083	1.101
219	3376.401	3205.803	3626.241	3352.596	1.075	1.072	1.082
220	3389.714	3206.505	3698.520	3284.761	1.053	1.050	1.087
221	3427.288	3246.327	3612.487	3418.378	1.096	1.093	1.099
222	3380.133	3227.003	3531.853	3386.497	1.086	1.083	1.084
223	3397.473	3250.191	3509.660	3440.126	1.103	1.100	1.089
224	3388.695	3212.814	3564.031	3396.330	1.089	1.086	1.086
225	3388.712	3183.698	3590.642	3367.024	1.079	1.077	1.086
226	3405.275	3233.676	3570.204	3447.502	1.105	1.102	1.092
227	3366.034	3222.585	3473.798	3365.540	1.079	1.076	1.079
228	3383.013	3258.280	3526.018	3401.658	1.090	1.088	1.085
229	3413.112	3288.710	3588.090	3373.070	1.081	1.079	1.094
230	3403.253	3201.582	3592.027	3417.592	1.096	1.093	1.091
231	3412.269	3213.947	3693.318	3364.353	1.079	1.076	1.094
232	3477.303	3253.762	3688.832	3474.811	1.114	1.111	1.115
233	3412.160	3278.943	3528.282	3406.325	1.092	1.089	1.094
234	3407.577	3155.154	3582.113	3397.600	1.089	1.087	1.092
235	3415.341	3220.818	3542.647	3439.608	1.103	1.100	1.095
236	3410.546	3285.297	3511.668	3406.161	1.092	1.089	1.093
237	3435.636	3224.040	3586.410	3450.880	1.106	1.104	1.101
238	3439.343	3223.550	3557.441	3458.113	1.109	1.106	1.103
239	3443.152	3244.398	3648.147	3462.734	1.110	1.107	1.104
240	3435.325	3250.963	3590.457	3477.572	1.115	1.112	1.101
241	3457.929	3162.539	3767.761	3495.666	1.121	1.118	1.109
242	3441.210	3254.822	3576.237	3421.481	1.097	1.094	1.103
243	3449.786	3332.647	3585.015	3439.727	1.103	1.100	1.106
244	3489.499	3336.107	3636.956	3501.270	1.122	1.120	1.119
245	3476.500	3366.758	3605.558	3486.690	1.118	1.115	1.114
246	3467.413	3265.113	3595.964	3479.386	1.115	1.113	1.112
247	3479.674	3283.024	3677.896	3461.186	1.110	1.107	1.115
248	3516.700	3282.730	3710.107	3554.435	1.139	1.137	1.127
249	3482.960	3275.311	3632.265	3501.251	1.122	1.120	1.117
250	3459.229	3337.598	3596.545	3456.725	1.108	1.105	1.109
251	3482.141	3337.057	3647.799	3459.672	1.109	1.106	1.116
252	3550.596	3390.790	3698.675	3530.484	1.132	1.129	1.138
253	3526.452	3410.635	3587.092	3548.432	1.138	1.135	1.130
254	3560.571	3462.398	3646.931	3570.907	1.145	1.142	1.141
255	3540.379	3434.973	3617.537	3550.924	1.138	1.136	1.135
256	3532.409	3427.620	3728.557	3485.855	1.117	1.115	1.132
257	3503.695	3322.115	3626.016	3513.344	1.126	1.124	1.123
258	3503.073	3391.746	3719.962	3492.179	1.120	1.117	1.123
259	3509.827	3354.906	3705.727	3485.519	1.117	1.115	1.125
260	3561.221	3438.319	3643.799	3584.907	1.149	1.146	1.142
261	3559.553	3503.930	3643.510	3555.117	1.140	1.137	1.141
262	3546.584	3433.980	3626.234	3547.214	1.137	1.134	1.137
263	3471.349	3371.451	3584.456	3481.491	1.116	1.113	1.113
264	3469.242	3315.410	3549.965	3487.687	1.118	1.115	1.112
265	3495.433	3346.347	3572.601	3517.863	1.128	1.125	1.121
266	3544.727	3334.310	3701.050	3569.786	1.144	1.142	1.136
267	3511.163	3363.645	3691.764	3513.949	1.126	1.124	1.126
268	3521.344	3405.681	3746.388	3491.343	1.119	1.117	1.129
269	3478.668	3343.611	3660.626	3459.020	1.109	1.106	1.115
270	3449.986	3344.870	3520.128	3455.337	1.108	1.105	1.106
271	3479.079	3387.004	3607.589	3477.240	1.115	1.112	1.115
272	3525.449	3427.703	3624.792	3527.140	1.131	1.128	1.130
273	3581.082	3444.741	3663.104	3583.903	1.149	1.146	1.148
274	3562.528	3410.903	3689.086	3569.155	1.144	1.141	1.142
275	3543.752	3371.695	3723.993	3544.810	1.136	1.134	1.136
276	3499.344	3359.185	3634.335	3503.475	1.123	1.120	1.122
277	3517.104	3405.542	3582.369	3523.130	1.129	1.127	1.127
278	3513.793	3325.984	3648.269	3518.147	1.128	1.125	1.126
279	3536.338	3439.123	3629.097	3532.194	1.132	1.130	1.134
280	3544.979	3422.763	3631.659	3542.812	1.136	1.133	1.136
281	3526.368	3433.510	3580.809	3531.174	1.132	1.129	1.130
282	3530.023	3346.643	3660.388	3529.808	1.132	1.129	1.132
283	3498.010	3375.280	3599.629	3503.048	1.123	1.120	1.121
284	3478.004	3277.712	3629.658	3497.294	1.121	1.118	1.115
285	3500.160	3372.823	3593.002	3527.999	1.131	1.128	1.122
286	3510.550	3413.092	3568.389	3505.277	1.124	1.121	1.125
287	3514.465	3457.481	3588.386	3509.580	1.125	1.122	1.127
288	3530.458	3377.252	3682.741	3523.462	1.130	1.127	1.132
289	3535.687	3420.637	3658.395	3531.077	1.132	1.129	1.133
290	3455.971	3384.844	3501.279	3467.927	1.112	1.109	1.108
291	3524.595	3468.136	3629.124	3508.400	1.125	1.122	1.130
292	3543.126	3450.219	3675.773	3537.212	1.134	1.131	1.136
293	3517.873	3436.141	3658.636	3513.040	1.126	1.123	1.128
294	3498.426	3379.156	3542.918	3500.760	1.122	1.120	1.122
295	3569.016	3432.343	3774.841	3570.904	1.145	1.142	1.144
296	3563.113	3345.728	3701.217	3572.171	1.145	1.142	1.142
297	3574.302	3492.963	3727.846	3558.203	1.141	1.138	1.146
298	3545.866	3400.003	3734.451	3564.843	1.143	1.140	1.137
299	3570.244	3413.050	3808.282	3577.785	1.147	1.144	1.145
300	3474.952	3397.867	3605.421	3481.120	1.116	1.113	1.114
301	3515.987	3354.747	3632.320	3525.455	1.130	1.127	1.127
302	3493.196	3393.862	3614.009	3482.849	1.117	1.114	1.120
303	3529.278	3400.782	3776.321	3493.760	1.120	1.117	1.131
304	3566.278	3495.930	3672.907	3564.398	1.143	1.140	1.143
305	3533.675	3460.906	3646.629	3519.376	1.128	1.125	1.133
306	3532.705	3415.214	3663.666	3515.038	1.127	1.124	1.132
307	3516.026	3353.685	3721.292	3510.483	1.125	1.123	1.127
308	3524.853	3307.445	3638.262	3572.174	1.145	1.142	1.130
309	3545.893	3406.727	3745.684	3538.691	1.134	1.132	1.137
310	3566.064	3456.544	3725.410	3559.242	1.141	1.138	1.143
311	3541.824	3332.341	3810.938	3525.431	1.130	1.127	1.135
312	3519.424	3367.948	3674.092	3490.373	1.119	1.116	1.128
313	3513.193	3456.770	3590.042	3502.184	1.123	1.120	1.126
314	3520.081	3368.521	3671.655	3512.500	1.126	1.123	1.128
315	3593.758	3446.537	3714.684	3628.762	1.163	1.160	1.152
316	3548.792	3325.324	3709.891	3609.357	1.157	1.154	1.138
317	3563.722	3463.856	3668.137	3556.564	1.140	1.137	1.142
318	3596.047	3467.095	3833.469	3575.741	1.146	1.144	1.153
319	3526.018	3402.441	3662.214	3517.062	1.127	1.125	1.130
320	3502.533	3422.969	3571.552	3514.007	1.127	1.124	1.123
321	3469.277	3405.307	3580.712	3472.316	1.113	1.110	1.112
322	3508.996	3450.651	3618.838	3490.955	1.119	1.116	1.125
323	3474.174	3317.498	3619.230	3513.728	1.126	1.124	1.114
324	3442.198	3314.634	3599.492	3423.970	1.098	1.095	1.103
325	3450.130	3358.392	3606.316	3417.688	1.096	1.093	1.106
326	3427.079	3263.741	3568.179	3416.087	1.095	1.092	1.099
327	3433.706	3382.678	3518.751	3417.357	1.096	1.093	1.101
328	3461.045	3396.767	3513.996	3468.514	1.112	1.109	1.110
329	3424.425	3282.021	3678.835	3412.683	1.094	1.091	1.098
330	3447.315	3360.035	3610.896	3435.295	1.101	1.099	1.105
331	3447.736	3377.834	3555.808	3454.210	1.107	1.105	1.105
332	3551.143	3442.144	3719.997	3535.986	1.134	1.131	1.138
333	3505.141	3443.131	3623.405	3498.153	1.121	1.119	1.124
334	3444.864	3342.295	3535.137	3450.239	1.106	1.103	1.104
335	3477.694	3384.138	3574.094	3478.375	1.115	1.112	1.115
336	3451.869	3355.444	3635.601	3433.793	1.101	1.098	1.107
337	3439.300	3293.403	3548.791	3455.486	1.108	1.105	1.103
338	3472.524	3379.575	3578.204	3467.216	1.112	1.109	1.113
339	3433.093	3354.842	3501.142	3425.594	1.098	1.095	1.101
340	3464.340	3380.403	3549.022	3484.951	1.117	1.114	1.111
341	3505.125	3390.004	3611.551	3535.901	1.134	1.131	1.124
342	3478.270	3317.742	3613.157	3504.731	1.124	1.121	1.115
343	3434.633	3287.828	3650.902	3432.367	1.100	1.098	1.101
344	3448.909	3386.797	3555.475	3428.773	1.099	1.097	1.106
345	3481.227	3392.599	3560.812	3496.255	1.121	1.118	1.116
346	3484.120	3391.289	3582.653	3486.083	1.118	1.115	1.117
347	3498.196	3389.619	3630.602	3495.746	1.121	1.118	1.121
348	3471.440	3415.304	3605.778	3446.360	1.105	1.102	1.113
349	3452.429	3392.263	3495.096	3466.360	1.111	1.109	1.107
350	3464.530	3363.107	3543.314	3485.646	1.117	1.115	1.111
351	3479.707	3400.246	3570.391	3483.910	1.117	1.114	1.116
352	3501.572	3400.555	3603.498	3501.334	1.122	1.120	1.123
353	3489.383	3384.097	3572.193	3499.861	1.122	1.119	1.119
354	3473.897	3352.306	3686.943	3455.685	1.108	1.105	1.114
355	3493.848	3304.725	3636.217	3496.681	1.121	1.118	1.120
356	3576.941	3407.475	3795.803	3547.272	1.137	1.134	1.147
357	3589.270	3410.681	3720.381	3576.791	1.147	1.144	1.151
358	3552.468	3491.705	3598.199	3553.034	1.139	1.136	1.139
359	3510.440	3396.611	3626.620	3522.594	1.129	1.127	1.125
360	3520.975	3418.190	3608.971	3541.505	1.135	1.133	1.129
361	3531.169	3431.349	3640.102	3509.723	1.125	1.122	1.132
362	3498.110	3377.052	3619.760	3485.928	1.117	1.115	1.121
363	3490.050	3410.695	3521.112	3500.928	1.122	1.120	1.119
364	3516.000	3427.664	3618.516	3518.247	1.128	1.125	1.127
365	3458.405	3300.749	3601.461	3452.051	1.107	1.104	1.109
366	3504.497	3363.245	3650.088	3500.377	1.122	1.119	1.123
367	3495.113	3396.399	3563.361	3510.747	1.125	1.123	1.120
368	3469.048	3394.508	3558.798	3469.743	1.112	1.110	1.112
369	3476.112	3351.244	3625.971	3494.504	1.120	1.118	1.114
370	3508.942	3406.726	3570.144	3517.246	1.128	1.125	1.125
371	3561.829	3481.073	3645.628	3559.605	1.141	1.138	1.142
372	3546.289	3446.080	3640.318	3539.759	1.135	1.132	1.137
373	3540.834	3446.884	3670.882	3529.419	1.131	1.129	1.135
374	3560.733	3449.995	3641.763	3574.103	1.146	1.143	1.141
375	3513.755	3451.590	3569.086	3520.728	1.129	1.126	1.126
376	3440.320	3264.259	3568.458	3469.811	1.112	1.110	1.103
377	3502.073	3407.155	3592.449	3516.070	1.127	1.124	1.123
378	3540.728	3470.198	3628.810	3530.362	1.132	1.129	1.135
379	3508.609	3391.792	3596.683	3514.660	1.127	1.124	1.125
380	3491.862	3340.195	3616.172	3489.691	1.119	1.116	1.119
381	3484.253	3411.195	3577.321	3481.433	1.116	1.113	1.117
382	3506.850	3442.990	3548.267	3516.135	1.127	1.124	1.124
383	3538.838	3403.903	3643.172	3553.285	1.139	1.136	1.134
384	3491.222	3416.259	3632.935	3470.821	1.113	1.110	1.119
385	3546.299	3401.163	3798.754	3511.994	1.126	1.123	1.137
386	3525.358	3323.344	3709.884	3550.733	1.138	1.136	1.130
387	3473.096	3387.889	3587.876	3470.333	1.113	1.110	1.113
388	3482.047	3314.872	3699.902	3443.323	1.104	1.101	1.116
389	3542.042	3411.722	3673.792	3539.349	1.135	1.132	1.135
390	3516.373	3381.749	3791.289	3470.666	1.113	1.110	1.127
391	3530.797	3383.797	3781.536	3487.008	1.118	1.115	1.132
392	3542.966	3393.869	3683.990	3533.058	1.133	1.130	1.136
393	3541.469	3383.871	3769.123	3521.336	1.129	1.126	1.135
394	3579.392	3380.604	3785.252	3582.900	1.149	1.146	1.147
395	3594.822	3464.390	3843.463	3595.462	1.153	1.150	1.152
396	3540.490	3279.101	3714.948	3558.667	1.141	1.138	1.135
397	3576.077	3427.423	3827.466	3579.594	1.148	1.145	1.146
398	3569.597	3412.562	3710.716	3568.995	1.144	1.141	1.144
399	3520.794	3389.880	3649.395	3506.464	1.124	1.121	1.129
400	3559.380	3404.015	3733.721	3579.157	1.147	1.145	1.141
401	3549.202	3425.654	3650.003	3546.411	1.137	1.134	1.138
402	3580.271	3462.575	3696.742	3569.502	1.144	1.142	1.148
403	3548.957	3419.906	3645.010	3555.441	1.140	1.137	1.138
404	3538.633	3485.800	3600.532	3529.310	1.131	1.129	1.134
405	3553.673	3473.458	3655.347	3551.868	1.139	1.136	1.139
406	3515.801	3429.317	3686.493	3491.094	1.119	1.116	1.127
407	3573.062	3361.851	3728.601	3587.879	1.150	1.147	1.145
408	3535.473	3409.241	3631.889	3543.277	1.136	1.133	1.133
409	3572.083	3469.017	3689.073	3563.900	1.142	1.140	1.145
410	3543.985	3411.925	3722.912	3543.772	1.136	1.133	1.136
411	3541.703	3437.049	3677.474	3513.012	1.126	1.123	1.135
412	3525.657	3384.582	3621.893	3548.281	1.137	1.135	1.130
413	3541.264	3392.071	3695.848	3552.126	1.139	1.136	1.135
414	3494.090	3300.683	3639.227	3522.734	1.129	1.127	1.120
415	3492.089	3287.335	3606.115	3501.891	1.123	1.120	1.119
416	3498.924	3351.511	3661.122	3496.868	1.121	1.118	1.122
417	3457.995	3249.514	3616.991	3450.646	1.106	1.104	1.109
418	3448.796	3162.033	3675.780	3480.915	1.116	1.113	1.106
419	3493.525	3242.377	3748.551	3503.204	1.123	1.120	1.120
420	3456.697	3280.070	3602.213	3494.470	1.120	1.118	1.108
421	3440.411	3288.137	3603.574	3445.314	1.104	1.102	1.103
422	3405.926	3239.857	3529.766	3422.236	1.097	1.094	1.092
423	3396.873	3201.219	3530.937	3437.599	1.102	1.099	1.089
424	3472.111	3329.269	3589.156	3465.677	1.111	1.108	1.113
425	3487.294	3310.134	3611.088	3484.511	1.117	1.114	1.118
426	3469.718	3314.412	3661.166	3459.889	1.109	1.106	1.112
427	3504.242	3338.800	3631.293	3498.893	1.122	1.119	1.123
428	3511.032	3331.667	3702.741	3520.779	1.129	1.126	1.126
429	3477.516	3315.453	3597.983	3484.493	1.117	1.114	1.115
430	3460.879	3367.333	3567.409	3444.929	1.104	1.102	1.109
431	3472.566	3411.324	3578.807	3459.939	1.109	1.106	1.113
432	3459.707	3264.414	3578.492	3481.035	1.116	1.113	1.109
433	3434.640	3248.104	3565.794	3431.647	1.100	1.097	1.101
434	3427.358	3293.561	3549.740	3430.478	1.100	1.097	1.099
435	3446.161	3288.728	3617.797	3453.431	1.107	1.104	1.105
436	3416.611	3315.051	3488.638	3437.903	1.102	1.099	1.095
437	3419.938	3311.210	3532.768	3424.685	1.098	1.095	1.096
438	3415.490	3346.193	3523.669	3406.462	1.092	1.089	1.095
439	3436.010	3262.227	3551.444	3448.874	1.106	1.103	1.101
440	3457.225	3273.557	3606.668	3462.335	1.110	1.107	1.108
441	3429.283	3271.622	3588.229	3407.308	1.092	1.090	1.099
442	3472.674	3265.284	3709.400	3467.251	1.112	1.109	1.113
443	3448.451	3339.706	3516.916	3472.958	1.113	1.111	1.105
444	3448.386	3357.611	3540.389	3449.430	1.106	1.103	1.105
445	3475.512	3385.133	3556.679	3471.429	1.113	1.110	1.114
446	3477.332	3398.328	3580.931	3471.010	1.113	1.110	1.115
447	3414.348	3293.596	3506.854	3426.232	1.098	1.096	1.095
448	3452.799	3333.755	3567.364	3450.163	1.106	1.103	1.107
449	3481.405	3388.507	3556.168	3484.607	1.117	1.114	1.116
450	3410.797	3276.306	3527.132	3399.829	1.090	1.087	1.093
451	3418.528	3334.879	3533.278	3412.772	1.094	1.091	1.096
452	3388.814	3334.841	3450.446	3390.222	1.087	1.084	1.086
453	3412.346	3284.638	3686.758	3378.707	1.083	1.080	1.094
454	3351.238	3156.058	3435.586	3374.752	1.082	1.079	1.074
455	3378.045	3264.182	3505.100	3379.752	1.083	1.081	1.083
456	3380.584	3297.283	3473.713	3372.923	1.081	1.079	1.084
457	3352.814	3268.728	3431.199	3355.698	1.076	1.073	1.075
458	3344.214	3184.698	3447.201	3346.106	1.073	1.070	1.072
459	3348.718	3299.986	3387.515	3350.856	1.074	1.072	1.074
460	3371.075	3259.188	3500.056	3342.671	1.072	1.069	1.081
461	3385.610	3327.978	3501.522	3365.140	1.079	1.076	1.085
462	3442.567	3291.090	3537.202	3432.255	1.100	1.098	1.104
463	3435.926	3330.865	3652.700	3412.130	1.094	1.091	1.101
464	3381.876	3239.431	3549.967	3342.779	1.072	1.069	1.084
465	3376.975	3271.593	3514.316	3381.362	1.084	1.081	1.083
466	3373.384	3249.980	3529.798	3353.141	1.075	1.072	1.081
467	3371.858	3315.234	3442.364	3378.377	1.083	1.080	1.081
468	3358.544	3241.760	3436.663	3360.792	1.077	1.075	1.077
469	3348.761	3194.407	3485.468	3338.815	1.070	1.068	1.074
470	3354.429	3299.624	3441.827	3351.704	1.074	1.072	1.075
471	3399.454	3286.742	3511.284	3405.953	1.092	1.089	1.090
472	3373.797	3284.818	3512.999	3370.145	1.080	1.078	1.082
473	3357.955	3250.649	3397.255	3376.862	1.083	1.080	1.076
474	3378.343	3323.886	3480.568	3363.723	1.078	1.076	1.083
475	3351.835	3257.750	3462.895	3336.650	1.070	1.067	1.075
476	3386.001	3323.171	3447.885	3399.444	1.090	1.087	1.085
477	3410.666	3340.623	3474.164	3410.126	1.093	1.091	1.093
478	3378.334	3197.257	3467.510	3410.851	1.093	1.091	1.083
479	3347.140	3280.330	3405.155	3344.219	1.072	1.069	1.073
480	3338.525	3239.000	3411.910	3347.348	1.073	1.070	1.070
481	3371.019	3333.228	3441.767	3353.018	1.075	1.072	1.081
482	3389.724	3252.444	3485.953	3400.864	1.090	1.088	1.087
483	3342.987	3191.191	3472.211	3356.884	1.076	1.074	1.072
484	3377.739	3289.444	3558.311	3369.140	1.080	1.077	1.083
485	3382.993	3290.777	3513.560	3388.242	1.086	1.084	1.085
486	3338.714	3266.069	3505.593	3315.394	1.063	1.060	1.070
487	3327.584	3242.200	3415.571	3332.518	1.068	1.066	1.067
488	3394.222	3304.248	3502.723	3402.160	1.091	1.088	1.088
489	3395.213	3238.747	3533.115	3380.757	1.084	1.081	1.088
490	3344.705	3241.206	3441.435	3345.942	1.073	1.070	1.072
491	3316.757	3232.107	3427.270	3302.498	1.059	1.056	1.063
492	3338.416	3239.414	3538.688	3323.100	1.065	1.063	1.070
493	3378.478	3270.580	3480.717	3394.722	1.088	1.086	1.083
494	3368.366	3276.771	3485.720	3377.833	1.083	1.080	1.080
495	3368.539	3263.800	3514.668	3371.551	1.081	1.078	1.080
496	3359.164	3259.252	3439.224	3356.650	1.076	1.073	1.077
497	3338.528	3267.591	3454.077	3319.433	1.064	1.062	1.070
498	3401.154	3304.323	3511.682	3409.786	1.093	1.090	1.090
499	3366.988	3273.971	3447.743	3366.430	1.079	1.077	1.079
500	3332.583	3226.857	3419.080	3328.345	1.067	1.064	1.068
501	3349.378	3188.315	3428.032	3376.204	1.082	1.080	1.074
502	3378.972	3236.993	3443.767	3405.114	1.092	1.089	1.083
503	3369.041	3271.536	3502.515	3345.628	1.073	1.070	1.080
504	3376.685	3271.881	3482.739	3382.302	1.084	1.082	1.082
505	3408.928	3303.167	3533.545	3398.642	1.090	1.087	1.093
506	3391.568	3276.070	3548.417	3381.657	1.084	1.081	1.087
507	3357.521	3187.225	3487.282	3385.120	1.085	1.083	1.076
508	3408.344	3295.125	3504.938	3422.673	1.097	1.095	1.093
509	3390.145	3283.006	3542.532	3370.312	1.080	1.078	1.087
510	3375.087	3269.027	3550.223	3378.952	1.083	1.081	1.082
511	3374.831	3272.662	3507.361	3352.218	1.075	1.072	1.082
512	3397.712	3266.234	3536.259	3411.938	1.094	1.091	1.089
513	3402.491	3311.940	3514.544	3402.878	1.091	1.088	1.091
514	3412.543	3331.275	3510.606	3414.833	1.095	1.092	1.094
515	3405.033	3297.573	3458.996	3410.230	1.093	1.091	1.092
516	3380.758	3258.611	3514.491	3393.911	1.088	1.085	1.084
517	3373.311	3287.708	3478.590	3384.833	1.085	1.082	1.081
518	3412.096	3242.541	3543.017	3434.632	1.101	1.098	1.094
519	3461.996	3360.604	3567.410	3460.328	1.109	1.107	1.110
520	3453.669	3375.253	3638.623	3442.518	1.104	1.101	1.107
521	3452.019	3326.696	3595.654	3446.657	1.105	1.102	1.107
522	3426.010	3332.396	3550.621	3430.745	1.100	1.097	1.098
523	3424.401	3303.757	3581.313	3409.033	1.093	1.090	1.098
524	3448.561	3315.472	3593.992	3471.664	1.113	1.110	1.106
525	3467.456	3416.377	3542.135	3474.529	1.114	1.111	1.112
526	3447.983	3308.228	3616.733	3441.561	1.103	1.101	1.105
527	3480.024	3387.245	3604.927	3472.523	1.113	1.110	1.116
528	3508.415	3339.006	3645.353	3512.077	1.126	1.123	1.125
529	3555.626	3415.774	3812.214	3533.644	1.133	1.130	1.140
530	3492.573	3328.129	3641.083	3506.544	1.124	1.121	1.120
531	3517.780	3379.792	3719.496	3523.021	1.129	1.127	1.128
532	3517.556	3411.166	3657.884	3514.948	1.127	1.124	1.128
533	3483.534	3348.001	3649.753	3487.590	1.118	1.115	1.117
534	3509.661	3341.240	3664.838	3517.244	1.128	1.125	1.125
535	3509.684	3355.623	3648.743	3523.773	1.130	1.127	1.125
536	3473.894	3280.843	3606.200	3458.030	1.109	1.106	1.114
537	3446.755	3290.647	3680.378	3431.719	1.100	1.097	1.105
538	3449.982	3314.476	3597.666	3452.658	1.107	1.104	1.106
539	3441.957	3298.519	3580.879	3409.319	1.093	1.090	1.103
540	3449.818	3335.704	3582.632	3436.090	1.102	1.099	1.106
541	3452.364	3295.010	3657.031	3425.987	1.098	1.096	1.107
542	3500.471	3223.697	3752.813	3513.373	1.126	1.124	1.122
543	3461.912	3302.655	3579.126	3485.806	1.117	1.115	1.110
544	3472.260	3292.903	3659.674	3492.416	1.120	1.117	1.113
545	3512.901	3294.268	3737.082	3516.422	1.127	1.125	1.126
546	3478.746	3279.549	3654.849	3462.204	1.110	1.107	1.115
547	3397.780	3235.553	3545.404	3387.412	1.086	1.083	1.089
548	3422.090	3199.787	3591.812	3442.785	1.104	1.101	1.097
549	3480.842	3273.394	3632.646	3496.576	1.121	1.118	1.116
550	3434.312	3269.744	3556.185	3442.243	1.103	1.101	1.101
551	3462.933	3227.577	3695.240	3472.750	1.113	1.111	1.110
552	3468.171	3308.526	3660.341	3453.201	1.107	1.104	1.112
553	3477.901	3293.925	3745.968	3487.729	1.118	1.115	1.115
554	3439.508	3264.990	3622.557	3496.379	1.121	1.118	1.103
555	3481.692	3271.649	3645.931	3490.955	1.119	1.116	1.116
556	3486.153	3236.577	3642.763	3568.513	1.144	1.141	1.118
557	3454.290	3241.260	3639.549	3475.562	1.114	1.111	1.107
558	3470.631	3260.071	3664.202	3474.112	1.114	1.111	1.113
559	3443.206	3283.477	3637.385	3457.210	1.108	1.106	1.104
560	3506.654	3293.606	3656.972	3543.972	1.136	1.133	1.124
561	3542.612	3320.196	3716.751	3566.344	1.143	1.141	1.136
562	3539.057	3345.951	3738.464	3580.062	1.148	1.145	1.135
563	3477.568	3317.892	3694.391	3453.646	1.107	1.104	1.115
564	3534.410	3351.129	3733.840	3577.074	1.147	1.144	1.133
565	3565.716	3328.439	3787.418	3576.348	1.146	1.144	1.143
566	3560.930	3386.903	3789.057	3569.431	1.144	1.141	1.142
567	3553.033	3341.882	3870.688	3542.230	1.136	1.133	1.139
568	3538.936	3363.731	3718.578	3557.224	1.140	1.138	1.134
569	3508.293	3317.502	3628.183	3549.081	1.138	1.135	1.125
570	3538.982	3301.020	3719.193	3574.534	1.146	1.143	1.135
571	3532.541	3340.117	3677.879	3547.051	1.137	1.134	1.132
572	3573.294	3405.627	3769.037	3559.076	1.141	1.138	1.146
573	3548.743	3373.884	3691.588	3557.862	1.141	1.138	1.138
574	3485.107	3365.756	3676.091	3459.384	1.109	1.106	1.117
575	3512.127	3331.606	3916.316	3486.909	1.118	1.115	1.126
576	3554.032	3427.693	3666.087	3580.694	1.148	1.145	1.139
577	3505.482	3389.339	3625.898	3494.893	1.120	1.118	1.124
578	3556.571	3358.732	3701.814	3557.374	1.140	1.138	1.140
579	3556.357	3365.044	3770.632	3516.706	1.127	1.125	1.140
580	3585.038	3422.768	3770.694	3571.738	1.145	1.142	1.149
581	3520.896	3216.933	3746.875	3540.886	1.135	1.132	1.129
582	3467.482	3247.427	3662.596	3430.196	1.100	1.097	1.112
583	3514.516	3348.236	3643.981	3498.495	1.122	1.119	1.127
584	3514.051	3345.100	3583.942	3542.060	1.135	1.133	1.127
585	3545.388	3422.003	3598.574	3561.202	1.142	1.139	1.137
586	3553.536	3380.475	3644.047	3570.924	1.145	1.142	1.139
587	3534.125	3390.977	3608.276	3555.234	1.140	1.137	1.133
588	3522.198	3284.766	3628.640	3541.725	1.135	1.133	1.129
589	3534.931	3328.732	3666.324	3549.520	1.138	1.135	1.133
590	3519.266	3366.525	3587.626	3528.263	1.131	1.128	1.128
591	3563.644	3404.722	3723.353	3588.844	1.150	1.148	1.142
592	3516.370	3381.780	3620.293	3523.414	1.130	1.127	1.127
593	3480.369	3387.202	3616.989	3459.652	1.109	1.106	1.116
594	3492.951	3343.761	3585.268	3490.488	1.119	1.116	1.120
595	3508.823	3309.620	3641.918	3532.582	1.132	1.130	1.125
596	3515.001	3314.049	3596.884	3535.058	1.133	1.130	1.127
597	3522.181	3353.000	3835.779	3471.414	1.113	1.110	1.129
598	3502.723	3358.263	3729.175	3490.558	1.119	1.116	1.123
599	3497.385	3339.976	3675.969	3491.363	1.119	1.117	1.121
600	3498.473	3318.414	3693.542	3515.634	1.127	1.124	1.122
601	3485.302	3314.281	3757.858	3477.355	1.115	1.112	1.117
602	3489.464	3251.889	3724.690	3492.082	1.119	1.117	1.119
603	3503.119	3244.826	3839.257	3501.169	1.122	1.120	1.123
604	3493.248	3247.508	3687.806	3531.996	1.132	1.130	1.120
605	3477.159	3267.021	3677.977	3477.033	1.115	1.112	1.115
606	3458.886	3191.898	3618.729	3481.120	1.116	1.113	1.109
607	3465.450	3248.008	3635.145	3464.107	1.111	1.108	1.111
608	3488.337	3248.201	3681.127	3518.927	1.128	1.125	1.118
609	3492.808	3250.586	3639.591	3496.055	1.121	1.118	1.120
610	3427.819	3202.114	3612.804	3457.868	1.109	1.106	1.099
611	3456.831	3134.657	3765.089	3467.527	1.112	1.109	1.108
612	3436.107	3184.498	3637.149	3427.507	1.099	1.096	1.102
613	3515.868	3286.919	3891.832	3485.968	1.118	1.115	1.127
614	3447.995	3283.934	3586.853	3462.440	1.110	1.107	1.105
615	3462.845	3240.526	3622.127	3501.871	1.123	1.120	1.110
616	3442.576	3226.128	3627.355	3449.551	1.106	1.103	1.104
617	3427.854	3217.126	3611.366	3420.718	1.097	1.094	1.099
618	3400.049	3214.811	3572.623	3414.927	1.095	1.092	1.090
619	3419.086	3247.145	3620.471	3421.805	1.097	1.094	1.096
620	3425.379	3262.014	3611.269	3439.014	1.102	1.100	1.098
621	3412.017	3248.931	3563.701	3418.388	1.096	1.093	1.094
622	3382.970	3232.316	3546.268	3396.283	1.089	1.086	1.084
623	3390.021	3216.602	3549.781	3403.591	1.091	1.088	1.087
624	3367.285	3206.397	3492.117	3394.858	1.088	1.086	1.079
625	3380.715	3198.070	3508.445	3436.519	1.102	1.099	1.084
626	3396.961	3202.824	3597.319	3428.439	1.099	1.096	1.089
627	3416.397	3257.599	3560.524	3455.591	1.108	1.105	1.095
628	3443.581	3237.278	3641.496	3461.617	1.110	1.107	1.104
629	3430.278	3192.661	3640.372	3410.950	1.093	1.091	1.100
630	3413.735	3188.618	3619.391	3441.730	1.103	1.101	1.094
631	3426.651	3213.589	3616.831	3423.765	1.098	1.095	1.098
632	3419.489	3178.364	3618.443	3408.960	1.093	1.090	1.096
633	3419.334	3114.676	3662.007	3421.179	1.097	1.094	1.096
634	3426.844	3200.915	3615.352	3488.939	1.118	1.116	1.099
635	3426.393	3280.582	3595.338	3414.079	1.094	1.092	1.098
636	3458.104	3204.069	3711.002	3437.894	1.102	1.099	1.109
637	3486.711	3230.308	3761.914	3487.563	1.118	1.115	1.118
638	3454.410	3271.937	3705.494	3465.286	1.111	1.108	1.107
639	3416.596	3230.684	3599.361	3431.927	1.100	1.098	1.095
640	3366.542	3237.109	3536.519	3366.397	1.079	1.077	1.079
641	3373.050	3197.265	3667.853	3343.153	1.072	1.069	1.081
642	3370.081	3242.155	3650.035	3304.249	1.059	1.057	1.080
643	3388.057	3227.318	3687.844	3335.688	1.069	1.067	1.086
644	3373.731	3133.702	3637.266	3362.320	1.078	1.075	1.082
645	3362.891	3218.339	3643.267	3310.660	1.061	1.059	1.078
646	3388.388	3196.609	3546.852	3350.892	1.074	1.072	1.086
647	3374.595	3282.123	3500.438	3350.011	1.074	1.071	1.082
648	3376.676	3279.697	3470.966	3395.437	1.088	1.086	1.082
649	3399.447	3240.043	3640.936	3380.855	1.084	1.081	1.090
650	3375.390	3242.203	3618.062	3314.956	1.063	1.060	1.082
651	3394.004	3206.527	3520.445	3392.500	1.088	1.085	1.088
652	3434.614	3271.554	3631.191	3410.958	1.093	1.091	1.101
653	3411.503	3268.495	3607.645	3361.328	1.078	1.075	1.094
654	3375.650	3233.830	3627.131	3310.777	1.061	1.059	1.082
655	3353.327	3176.082	3548.711	3330.935	1.068	1.065	1.075
656	3345.906	3114.582	3494.952	3386.914	1.086	1.083	1.073
657	3369.235	3148.407	3584.076	3367.983	1.080	1.077	1.080
658	3429.824	3269.365	3600.071	3411.800	1.094	1.091	1.100
659	3432.103	3268.316	3624.603	3392.026	1.087	1.085	1.100
660	3400.376	3266.134	3562.938	3390.980	1.087	1.084	1.090
661	3401.171	3280.841	3521.321	3417.053	1.095	1.093	1.090
662	3457.813	3322.458	3586.701	3466.060	1.111	1.108	1.108
663	3439.503	3322.672	3529.934	3464.095	1.111	1.108	1.103
664	3431.723	3229.305	3586.181	3474.001	1.114	1.111	1.100
665	3448.173	3308.924	3613.420	3473.609	1.114	1.111	1.105
666	3399.739	3302.407	3503.700	3397.867	1.089	1.087	1.090
667	3388.496	3262.354	3497.310	3419.098	1.096	1.093	1.086
668	3356.094	3183.350	3463.875	3397.697	1.089	1.087	1.076
669	3363.280	3205.152	3538.517	3362.159	1.078	1.075	1.078
670	3391.875	3268.954	3529.137	3391.307	1.087	1.085	1.087
671	3437.230	3259.229	3558.397	3462.229	1.110	1.107	1.102
672	3413.086	3278.388	3539.346	3416.610	1.095	1.093	1.094
673	3379.558	3254.017	3478.533	3415.993	1.095	1.092	1.083
674	3370.837	3212.851	3544.081	3377.584	1.083	1.080	1.081
675	3408.602	3295.609	3521.899	3422.366	1.097	1.094	1.093
676	3457.316	3354.683	3581.708	3446.216	1.105	1.102	1.108
677	3457.002	3296.265	3636.726	3425.757	1.098	1.096	1.108
678	3458.528	3276.406	3605.989	3529.246	1.131	1.129	1.109
679	3399.659	3242.925	3637.354	3383.667	1.085	1.082	1.090
680	3394.351	3222.441	3530.592	3444.219	1.104	1.101	1.088
681	3428.998	3270.361	3678.992	3437.359	1.102	1.099	1.099
682	3435.339	3195.070	3621.675	3449.223	1.106	1.103	1.101
683	3439.124	3287.307	3546.599	3451.083	1.106	1.104	1.102
684	3448.823	3261.445	3632.998	3439.164	1.103	1.100	1.106
685	3447.827	3289.443	3635.352	3444.625	1.104	1.102	1.105
686	3436.530	3295.071	3594.298	3457.441	1.108	1.106	1.102
687	3444.551	3249.816	3612.285	3484.583	1.117	1.114	1.104
688	3406.241	3161.638	3637.609	3400.458	1.090	1.087	1.092
689	3436.243	3205.656	3624.825	3444.488	1.104	1.102	1.102
690	3426.691	3319.009	3557.082	3427.233	1.099	1.096	1.099
691	3425.860	3245.761	3590.494	3442.972	1.104	1.101	1.098
692	3423.238	3234.741	3657.463	3452.110	1.107	1.104	1.097
693	3421.476	3223.385	3571.386	3426.769	1.099	1.096	1.097
694	3464.275	3195.389	3646.860	3498.834	1.122	1.119	1.111
695	3512.470	3295.335	3630.221	3565.972	1.143	1.140	1.126
696	3471.355	3304.973	3567.062	3507.771	1.125	1.122	1.113
697	3422.715	3232.437	3588.371	3424.231	1.098	1.095	1.097
698	3451.248	3190.668	3544.603	3505.342	1.124	1.121	1.106
699	3465.501	3223.016	3669.732	3461.113	1.110	1.107	1.111
700	3466.538	3268.380	3748.377	3471.041	1.113	1.110	1.111
701	3416.573	3250.911	3608.643	3438.767	1.102	1.100	1.095
702	3429.243	3232.388	3532.632	3471.589	1.113	1.110	1.099
703	3434.509	3199.204	3578.193	3446.832	1.105	1.102	1.101
704	3464.120	3253.228	3627.452	3484.181	1.117	1.114	1.111
705	3506.133	3269.370	3682.165	3521.246	1.129	1.126	1.124
706	3449.269	3308.296	3574.467	3442.702	1.104	1.101	1.106
707	3441.350	3193.706	3609.052	3469.582	1.112	1.110	1.103
708	3490.552	3215.042	3717.116	3526.159	1.130	1.128	1.119
709	3438.675	3200.092	3592.211	3436.073	1.102	1.099	1.102
710	3454.147	3285.515	3611.281	3446.545	1.105	1.102	1.107
711	3403.892	3281.341	3631.833	3384.370	1.085	1.082	1.091
712	3445.852	3261.862	3659.215	3443.200	1.104	1.101	1.105
713	3444.366	3188.600	3615.031	3474.081	1.114	1.111	1.104
714	3448.069	3248.069	3599.485	3455.878	1.108	1.105	1.105
715	3432.769	3285.731	3607.441	3443.663	1.104	1.101	1.100
716	3414.831	3283.156	3592.783	3435.094	1.101	1.099	1.095
717	3434.776	3277.484	3599.964	3465.037	1.111	1.108	1.101
718	3440.423	3258.936	3587.676	3454.663	1.107	1.105	1.103
719	3424.524	3260.665	3597.882	3430.375	1.100	1.097	1.098
720	3444.933	3282.344	3531.406	3460.081	1.109	1.107	1.104
721	3438.496	3283.335	3509.392	3458.585	1.109	1.106	1.102
722	3437.699	3281.582	3516.837	3465.804	1.111	1.108	1.102
723	3420.458	3310.073	3584.784	3410.363	1.093	1.091	1.097
724	3453.477	3295.638	3636.783	3448.407	1.105	1.103	1.107
725	3438.636	3203.462	3595.929	3468.161	1.112	1.109	1.102
726	3421.573	3299.983	3537.610	3429.093	1.099	1.097	1.097
727	3417.847	3260.686	3512.028	3425.621	1.098	1.095	1.096
728	3406.825	3297.949	3561.757	3397.500	1.089	1.087	1.092
729	3417.387	3253.747	3563.687	3428.209	1.099	1.096	1.096
730	3449.427	3308.798	3595.379	3465.807	1.111	1.108	1.106
731	3410.573	3326.513	3618.201	3385.668	1.085	1.083	1.093
732	3395.880	3344.936	3472.598	3393.485	1.088	1.085	1.089
733	3401.698	3310.365	3513.431	3384.428	1.085	1.082	1.090
734	3395.215	3296.705	3476.191	3416.563	1.095	1.093	1.088
735	3391.551	3226.526	3528.986	3412.260	1.094	1.091	1.087
736	3435.193	3354.617	3504.738	3451.794	1.107	1.104	1.101
737	3410.658	3285.751	3518.586	3409.160	1.093	1.090	1.093
738	3415.886	3310.532	3521.142	3406.664	1.092	1.089	1.095
739	3360.606	3230.549	3443.667	3365.450	1.079	1.076	1.077
740	3409.687	3212.545	3533.878	3424.372	1.098	1.095	1.093
741	3400.042	3242.322	3588.812	3388.446	1.086	1.084	1.090
742	3401.177	3216.837	3508.091	3406.685	1.092	1.089	1.090
743	3455.235	3357.354	3554.731	3462.017	1.110	1.107	1.108
744	3426.906	3345.726	3511.148	3422.322	1.097	1.094	1.099
745	3429.739	3286.735	3532.232	3432.777	1.100	1.098	1.099
746	3427.423	3293.763	3562.592	3414.771	1.095	1.092	1.099
747	3376.337	3290.454	3443.280	3387.729	1.086	1.083	1.082
748	3429.729	3329.255	3629.305	3409.344	1.093	1.090	1.099
749	3437.807	3251.082	3619.853	3445.330	1.104	1.102	1.102
750	3406.233	3264.431	3480.236	3425.913	1.098	1.096	1.092
751	3446.368	3337.784	3523.535	3438.833	1.102	1.100	1.105
752	3426.445	3295.208	3517.635	3463.082	1.110	1.107	1.098
753	3409.159	3323.375	3514.006	3423.572	1.098	1.095	1.093
754	3439.069	3333.529	3570.083	3424.133	1.098	1.095	1.102
755	3452.224	3327.286	3532.271	3472.937	1.113	1.111	1.107
756	3423.422	3349.882	3517.521	3395.762	1.089	1.086	1.097
757	3390.000	3322.906	3501.225	3365.916	1.079	1.076	1.087
758	3389.741	3322.377	3445.574	3394.177	1.088	1.085	1.087
759	3382.610	3240.995	3519.138	3378.737	1.083	1.081	1.084
760	3406.447	3262.624	3487.078	3408.021	1.093	1.090	1.092
761	3408.511	3302.215	3533.607	3409.420	1.093	1.090	1.093
762	3410.440	3316.096	3517.495	3412.035	1.094	1.091	1.093
763	3420.084	3289.842	3523.902	3413.354	1.094	1.092	1.096
764	3420.223	3301.656	3591.670	3420.579	1.097	1.094	1.096
765	3397.087	3283.503	3524.987	3381.441	1.084	1.081	1.089
766	3380.591	3248.461	3524.188	3375.785	1.082	1.080	1.084
767	3377.850	3236.655	3488.702	3383.619	1.085	1.082	1.083
768	3413.833	3249.866	3519.903	3421.986	1.097	1.094	1.094
769	3415.417	3263.529	3601.464	3423.986	1.098	1.095	1.095
770	3432.945	3275.482	3579.728	3446.341	1.105	1.102	1.101
771	3473.970	3334.073	3528.912	3486.451	1.118	1.115	1.114
772	3442.673	3329.769	3522.527	3472.812	1.113	1.111	1.104
773	3430.153	3278.464	3561.438	3419.190	1.096	1.093	1.100
774	3396.275	3223.663	3573.646	3394.472	1.088	1.086	1.089
775	3361.045	3276.865	3486.398	3332.216	1.068	1.066	1.077
776	3397.532	3332.008	3508.486	3389.512	1.087	1.084	1.089
777	3398.206	3286.714	3547.716	3393.770	1.088	1.085	1.089
778	3443.365	3336.831	3540.079	3443.404	1.104	1.101	1.104
779	3417.432	3291.885	3555.231	3416.933	1.095	1.093	1.096
780	3416.553	3227.704	3528.500	3425.059	1.098	1.095	1.095
781	3414.050	3276.979	3543.935	3425.251	1.098	1.095	1.094
782	3432.932	3305.718	3524.600	3451.770	1.107	1.104	1.101
783	3417.656	3189.470	3537.707	3426.932	1.099	1.096	1.096
784	3390.451	3227.775	3524.895	3386.909	1.086	1.083	1.087
785	3401.836	3283.865	3525.230	3396.598	1.089	1.086	1.091
786	3407.402	3339.963	3508.572	3394.716	1.088	1.086	1.092
787	3413.531	3318.383	3541.241	3403.586	1.091	1.088	1.094
788	3391.048	3303.904	3461.473	3402.881	1.091	1.088	1.087
789	3376.526	3305.275	3443.263	3376.122	1.082	1.080	1.082
790	3404.377	3332.808	3517.095	3408.261	1.093	1.090	1.091
791	3357.699	3228.534	3511.772	3345.343	1.072	1.070	1.076
792	3462.057	3306.781	3605.835	3479.091	1.115	1.113	1.110
793	3420.417	3321.701	3482.190	3429.385	1.099	1.097	1.096
794	3377.308	3308.604	3441.510	3381.810	1.084	1.081	1.083
795	3378.103	3307.111	3479.031	3358.922	1.077	1.074	1.083
796	3397.507	3313.247	3517.906	3379.899	1.084	1.081	1.089
797	3379.218	3292.785	3470.964	3381.702	1.084	1.081	1.083
798	3405.226	3311.730	3508.666	3420.240	1.096	1.094	1.092
799	3373.107	3273.299	3437.327	3383.530	1.085	1.082	1.081
800	3366.118	3292.277	3464.045	3358.919	1.077	1.074	1.079
801	3353.577	3268.899	3500.874	3318.964	1.064	1.061	1.075
802	3375.960	3305.081	3502.711	3355.054	1.076	1.073	1.082
803	3385.322	3295.571	3484.377	3388.327	1.086	1.084	1.085
804	3397.164	3357.173	3459.988	3397.668	1.089	1.087	1.089
805	3346.778	3280.118	3406.603	3343.367	1.072	1.069	1.073
806	3374.939	3243.143	3496.038	3372.540	1.081	1.079	1.082
807	3415.463	3241.784	3600.059	3421.296	1.097	1.094	1.095
808	3361.344	3183.305	3535.495	3349.495	1.074	1.071	1.078
809	3335.373	3248.796	3417.598	3321.659	1.065	1.062	1.069
810	3400.840	3295.595	3563.261	3374.410	1.082	1.079	1.090
811	3374.034	3273.078	3466.090	3380.578	1.084	1.081	1.082
812	3373.980	3264.724	3468.201	3392.205	1.087	1.085	1.082
813	3345.739	3241.435	3500.782	3353.545	1.075	1.072	1.073
814	3373.655	3261.707	3532.843	3385.479	1.085	1.083	1.082
815	3379.687	3262.067	3467.379	3394.098	1.088	1.085	1.083
816	3373.912	3246.963	3522.224	3373.149	1.081	1.079	1.082
817	3334.732	3253.610	3439.076	3337.438	1.070	1.067	1.069
818	3298.822	3174.897	3428.741	3306.428	1.060	1.057	1.058
819	3342.816	3270.962	3418.040	3329.916	1.067	1.065	1.072
820	3338.432	3303.413	3413.327	3328.376	1.067	1.064	1.070
821	3331.958	3269.103	3471.657	3321.568	1.065	1.062	1.068
822	3344.542	3193.403	3431.743	3340.255	1.071	1.068	1.072
823	3376.358	3232.754	3518.258	3388.148	1.086	1.084	1.082
824	3363.095	3218.515	3476.465	3374.865	1.082	1.079	1.078
825	3358.500	3266.032	3442.366	3380.121	1.084	1.081	1.077
826	3339.231	3280.890	3395.822	3339.867	1.071	1.068	1.070
827	3357.807	3299.454	3462.078	3354.266	1.075	1.073	1.076
828	3371.868	3231.578	3464.206	3380.369	1.084	1.081	1.081
829	3365.990	3196.293	3487.601	3357.335	1.076	1.074	1.079
830	3332.185	3225.512	3417.695	3337.702	1.070	1.067	1.068
831	3360.100	3299.986	3414.867	3363.587	1.078	1.076	1.077
832	3363.865	3274.689	3451.451	3365.576	1.079	1.076	1.078
833	3356.800	3256.059	3510.200	3342.951	1.072	1.069	1.076
834	3410.414	3268.789	3575.372	3404.367	1.091	1.089	1.093
835	3388.430	3309.527	3485.632	3382.417	1.084	1.082	1.086
836	3362.306	3226.364	3435.339	3374.733	1.082	1.079	1.078
837	3382.022	3308.288	3476.716	3372.717	1.081	1.079	1.084
838	3420.500	3274.710	3581.895	3411.514	1.094	1.091	1.097
839	3337.555	3167.823	3429.919	3345.948	1.073	1.070	1.070
840	3346.667	3158.935	3438.954	3377.992	1.083	1.080	1.073
841	3364.035	3224.633	3476.158	3369.943	1.080	1.078	1.078
842	3381.483	3239.328	3567.840	3408.889	1.093	1.090	1.084
843	3370.200	3252.283	3477.874	3383.342	1.085	1.082	1.080
844	3354.056	3191.956	3462.515	3372.449	1.081	1.078	1.075
845	3349.678	3156.918	3459.364	3389.787	1.087	1.084	1.074
846	3364.507	3287.529	3442.318	3337.720	1.070	1.067	1.079
847	3365.355	3289.944	3455.177	3371.240	1.081	1.078	1.079
848	3385.898	3268.465	3464.685	3400.811	1.090	1.088	1.085
849	3367.092	3248.751	3452.503	3367.956	1.080	1.077	1.079
850	3363.388	3211.292	3466.145	3367.334	1.079	1.077	1.078
851	3353.178	3234.628	3415.438	3355.503	1.076	1.073	1.075
852	3367.192	3262.964	3466.592	3368.554	1.080	1.077	1.079
853	3391.753	3332.731	3523.671	3388.672	1.086	1.084	1.087
854	3410.807	3269.655	3504.674	3420.080	1.096	1.094	1.093
855	3369.076	3255.526	3473.028	3377.646	1.083	1.080	1.080
856	3369.308	3252.739	3447.579	3396.775	1.089	1.086	1.080
857	3391.279	3219.122	3522.829	3412.220	1.094	1.091	1.087
858	3338.691	3234.881	3427.124	3346.892	1.073	1.070	1.070
859	3311.939	3218.182	3387.026	3310.988	1.061	1.059	1.062
860	3330.971	3190.996	3389.439	3339.772	1.071	1.068	1.068
861	3404.925	3340.520	3481.507	3389.087	1.086	1.084	1.092
862	3382.532	3336.315	3445.414	3380.148	1.084	1.081	1.084
863	3357.510	3254.593	3484.272	3369.143	1.080	1.077	1.076
864	3396.562	3295.223	3485.574	3408.150	1.093	1.090	1.089
865	3374.703	3291.581	3489.423	3383.278	1.085	1.082	1.082
866	3377.739	3303.123	3459.398	3369.746	1.080	1.078	1.083
867	3353.622	3238.255	3469.609	3348.775	1.074	1.071	1.075
868	3433.996	3282.344	3581.987	3430.429	1.100	1.097	1.101
869	3359.524	3272.036	3453.582	3378.238	1.083	1.080	1.077
870	3364.810	3258.030	3462.286	3374.355	1.082	1.079	1.079
871	3369.791	3237.687	3554.807	3372.605	1.081	1.079	1.080
872	3367.232	3188.324	3461.437	3389.597	1.087	1.084	1.079
873	3370.581	3266.854	3525.331	3363.299	1.078	1.076	1.081
874	3383.768	3288.011	3534.613	3346.102	1.073	1.070	1.085
875	3360.496	3218.157	3442.380	3358.944	1.077	1.074	1.077
876	3375.625	3161.461	3498.386	3388.856	1.086	1.084	1.082
877	3343.186	3246.703	3421.656	3345.560	1.073	1.070	1.072
878	3379.372	3301.979	3443.896	3372.453	1.081	1.078	1.083
879	3364.407	3249.640	3460.785	3362.927	1.078	1.075	1.079
880	3389.968	3269.316	3476.381	3378.393	1.083	1.080	1.087
881	3402.853	3330.600	3457.807	3409.452	1.093	1.090	1.091
882	3411.537	3283.453	3501.433	3403.475	1.091	1.088	1.094
883	3353.340	3272.140	3446.297	3327.998	1.067	1.064	1.075
884	3377.942	3299.606	3428.409	3376.778	1.083	1.080	1.083
885	3376.965	3283.424	3494.003	3389.638	1.087	1.084	1.083
886	3358.340	3273.345	3519.808	3348.457	1.073	1.071	1.077
887	3351.032	3266.036	3416.085	3351.356	1.074	1.072	1.074
888	3386.628	3298.681	3475.236	3376.169	1.082	1.080	1.086
889	3403.185	3309.888	3533.204	3390.536	1.087	1.084	1.091
890	3430.714	3292.689	3523.232	3433.971	1.101	1.098	1.100
891	3377.176	3300.863	3469.976	3381.699	1.084	1.081	1.083
892	3399.333	3300.648	3511.106	3406.222	1.092	1.089	1.090
893	3385.830	3304.934	3436.656	3402.341	1.091	1.088	1.085
894	3420.259	3261.026	3474.764	3429.801	1.100	1.097	1.096
895	3397.377	3290.115	3449.360	3403.668	1.091	1.088	1.089
896	3404.098	3323.364	3514.834	3394.033	1.088	1.085	1.091
897	3365.486	3270.111	3435.003	3367.116	1.079	1.077	1.079
898	3363.019	3290.134	3488.264	3344.705	1.072	1.070	1.078
899	3343.739	3286.400	3431.589	3346.285	1.073	1.070	1.072
900	3392.945	3336.749	3446.070	3379.699	1.083	1.081	1.088
901	3386.979	3324.750	3454.023	3376.158	1.082	1.080	1.086
902	3395.844	3278.411	3514.804	3387.770	1.086	1.083	1.089
903	3379.488	3302.633	3486.776	3359.069	1.077	1.074	1.083
904	3402.759	3331.629	3464.968	3405.217	1.092	1.089	1.091
905	3422.893	3325.306	3551.955	3438.904	1.102	1.100	1.097
906	3370.954	3306.122	3483.147	3348.628	1.073	1.071	1.081
907	3425.115	3290.582	3569.678	3426.186	1.098	1.096	1.098
908	3380.879	3277.442	3504.703	3367.448	1.080	1.077	1.084
909	3376.474	3280.426	3455.964	3385.906	1.085	1.083	1.082
910	3311.809	3216.859	3434.041	3303.057	1.059	1.056	1.062
911	3367.485	3215.897	3496.903	3386.529	1.086	1.083	1.080
912	3405.569	3322.717	3434.787	3412.719	1.094	1.091	1.092
913	3380.132	3302.602	3467.953	3380.261	1.084	1.081	1.084
914	3375.232	3288.685	3465.086	3389.212	1.086	1.084	1.082
915	3359.460	3238.871	3492.802	3359.514	1.077	1.074	1.077
916	3400.103	3308.196	3497.594	3392.465	1.088	1.085	1.090
917	3372.351	3264.178	3443.096	3382.493	1.084	1.082	1.081
918	3429.539	3286.543	3589.155	3426.949	1.099	1.096	1.099
919	3404.984	3310.417	3487.526	3420.867	1.097	1.094	1.092
920	3335.255	3239.000	3481.225	3310.199	1.061	1.059	1.069
921	3316.174	3227.196	3422.149	3330.696	1.068	1.065	1.063
922	3340.222	3226.258	3412.305	3349.964	1.074	1.071	1.071
923	3360.096	3293.287	3460.956	3359.080	1.077	1.074	1.077
924	3384.542	3299.237	3532.380	3373.784	1.082	1.079	1.085
925	3365.826	3274.221	3455.120	3366.271	1.079	1.077	1.079
926	3362.266	3250.371	3510.814	3374.509	1.082	1.079	1.078
927	3366.795	3265.448	3434.700	3372.724	1.081	1.079	1.079
928	3345.598	3201.584	3455.462	3338.287	1.070	1.068	1.073
929	3350.855	3171.018	3433.620	3390.448	1.087	1.084	1.074
930	3346.520	3217.793	3486.847	3344.739	1.072	1.070	1.073
931	3363.596	3230.849	3429.135	3386.113	1.086	1.083	1.078
932	3390.047	3318.155	3510.961	3381.710	1.084	1.081	1.087
933	3339.302	3265.746	3416.522	3339.487	1.071	1.068	1.070
934	3369.055	3245.233	3453.216	3369.039	1.080	1.077	1.080
935	3358.535	3262.869	3440.257	3372.849	1.081	1.079	1.077
936	3332.740	3215.814	3428.910	3335.637	1.069	1.067	1.068
937	3366.302	3301.299	3442.914	3370.547	1.081	1.078	1.079
938	3348.761	3194.407	3485.468	3338.815	1.070	1.068	1.074
939	3348.761	3194.407	3485.468	3338.815	1.070	1.068	1.074
940	3348.761	3194.407	3485.468	3338.815	1.070	1.068	1.074
941	3348.761	3194.407	3485.468	3338.815	1.070	1.068	1.074
