 	Mean	Min	Max	Median	Max_to_bgmean	Median_to_bgmedian	Mean_to_bgmean
1	3392.035	3271.896	3516.126	3389.335	1.099	1.101	1.100
2	3375.050	3257.988	3450.954	3395.135	1.101	1.103	1.095
3	3318.607	3235.171	3380.153	3321.753	1.078	1.079	1.077
4	3369.552	3247.465	3553.666	3341.073	1.084	1.085	1.093
5	3330.927	3220.667	3517.410	3304.340	1.072	1.074	1.081
6	3326.390	3264.820	3445.341	3326.092	1.079	1.081	1.079
7	3340.167	3257.345	3431.584	3330.095	1.080	1.082	1.084
8	3308.921	3222.030	3384.793	3303.046	1.071	1.073	1.073
9	3316.107	3214.436	3437.733	3329.833	1.080	1.082	1.076
10	3361.852	3269.415	3464.342	3352.769	1.088	1.089	1.091
11	3350.467	3223.726	3531.315	3344.715	1.085	1.087	1.087
12	3369.079	3229.783	3503.266	3368.777	1.093	1.094	1.093
13	3409.243	3271.648	3581.661	3375.239	1.095	1.097	1.106
14	3393.800	3277.637	3488.054	3380.355	1.097	1.098	1.101
15	3387.793	3251.461	3524.779	3388.137	1.099	1.101	1.099
16	3335.495	3226.488	3450.777	3317.753	1.076	1.078	1.082
17	3355.851	3216.756	3614.214	3294.302	1.069	1.070	1.089
18	3348.288	3233.492	3533.929	3313.835	1.075	1.077	1.086
19	3374.125	3269.035	3486.713	3357.346	1.089	1.091	1.095
20	3389.300	3241.669	3582.281	3384.873	1.098	1.100	1.099
21	3294.279	3142.718	3421.551	3306.050	1.072	1.074	1.069
22	3335.647	3147.788	3523.393	3342.772	1.084	1.086	1.082
23	3324.490	3118.781	3492.893	3353.882	1.088	1.090	1.078
24	3359.706	3169.795	3617.322	3361.535	1.090	1.092	1.090
25	3344.851	3191.893	3493.546	3343.911	1.085	1.086	1.085
26	3350.606	3196.353	3510.999	3330.595	1.080	1.082	1.087
27	3337.386	3243.533	3440.882	3323.072	1.078	1.080	1.083
28	3351.243	3248.805	3476.323	3337.166	1.083	1.084	1.087
29	3354.727	3213.264	3446.880	3369.216	1.093	1.095	1.088
30	3371.798	3268.800	3665.867	3344.261	1.085	1.087	1.094
31	3383.025	3286.509	3495.023	3387.317	1.099	1.100	1.097
32	3411.716	3273.365	3528.581	3423.639	1.111	1.112	1.107
33	3377.666	3256.805	3586.223	3347.242	1.086	1.087	1.096
34	3367.585	3280.694	3503.865	3338.766	1.083	1.085	1.092
35	3393.103	3295.775	3634.203	3364.790	1.092	1.093	1.101
36	3406.363	3194.408	3555.870	3394.591	1.101	1.103	1.105
37	3400.511	3175.044	3689.867	3396.284	1.102	1.103	1.103
38	3391.823	3237.034	3597.115	3368.747	1.093	1.094	1.100
39	3438.148	3265.175	3588.871	3445.410	1.118	1.119	1.115
40	3412.270	3240.669	3568.405	3368.990	1.093	1.095	1.107
41	3462.057	3225.543	3760.787	3413.437	1.107	1.109	1.123
42	3455.008	3259.978	3619.950	3464.168	1.124	1.125	1.121
43	3406.961	3256.087	3542.396	3438.876	1.116	1.117	1.105
44	3470.753	3295.079	3737.809	3453.722	1.120	1.122	1.126
45	3415.800	3245.136	3580.874	3428.876	1.112	1.114	1.108
46	3405.819	3250.810	3631.390	3397.301	1.102	1.104	1.105
47	3408.905	3260.346	3627.818	3386.245	1.098	1.100	1.106
48	3388.858	3201.076	3613.697	3407.658	1.105	1.107	1.099
49	3417.549	3341.227	3597.127	3373.824	1.094	1.096	1.109
50	3369.387	3209.795	3487.873	3390.697	1.100	1.102	1.093
51	3368.311	3232.894	3482.418	3360.378	1.090	1.092	1.093
52	3300.518	3206.860	3424.259	3267.898	1.060	1.062	1.071
53	3334.639	3254.872	3398.136	3327.683	1.079	1.081	1.082
54	3348.738	3243.512	3466.120	3365.391	1.092	1.093	1.086
55	3332.376	3214.150	3473.020	3334.752	1.082	1.083	1.081
56	3353.500	3211.581	3471.196	3366.063	1.092	1.094	1.088
57	3362.980	3223.054	3493.486	3389.019	1.099	1.101	1.091
58	3340.179	3237.368	3452.725	3353.284	1.088	1.089	1.084
59	3350.632	3224.932	3482.446	3344.221	1.085	1.086	1.087
60	3322.299	3244.620	3388.675	3320.758	1.077	1.079	1.078
61	3352.098	3295.514	3425.012	3371.590	1.094	1.095	1.087
62	3353.574	3265.942	3468.545	3330.282	1.080	1.082	1.088
63	3372.140	3239.263	3458.413	3395.113	1.101	1.103	1.094
64	3423.724	3284.921	3549.226	3433.844	1.114	1.116	1.111
65	3391.590	3289.509	3545.272	3378.842	1.096	1.098	1.100
66	3380.206	3274.816	3543.707	3349.348	1.086	1.088	1.097
67	3373.163	3276.854	3426.738	3381.362	1.097	1.099	1.094
68	3369.555	3277.460	3419.569	3395.574	1.101	1.103	1.093
69	3378.540	3285.861	3484.054	3384.132	1.098	1.099	1.096
70	3381.223	3231.216	3558.762	3393.869	1.101	1.103	1.097
71	3414.444	3218.603	3631.907	3407.616	1.105	1.107	1.108
72	3395.522	3207.834	3524.707	3431.542	1.113	1.115	1.101
73	3431.047	3258.540	3556.855	3438.971	1.116	1.117	1.113
74	3483.285	3359.141	3597.908	3496.048	1.134	1.136	1.130
75	3449.008	3306.738	3567.858	3434.316	1.114	1.116	1.119
76	3423.546	3267.823	3590.565	3411.250	1.107	1.108	1.111
77	3425.599	3250.128	3666.407	3416.598	1.108	1.110	1.111
78	3429.574	3338.077	3542.357	3410.033	1.106	1.108	1.113
79	3426.514	3294.905	3551.692	3416.016	1.108	1.110	1.112
80	3440.255	3216.640	3574.879	3477.236	1.128	1.130	1.116
81	3401.981	3135.315	3584.128	3458.359	1.122	1.124	1.104
82	3443.277	3305.197	3534.638	3454.688	1.121	1.122	1.117
83	3438.410	3182.297	3595.754	3480.690	1.129	1.131	1.115
84	3455.145	3320.492	3662.500	3428.463	1.112	1.114	1.121
85	3451.754	3325.107	3626.133	3435.935	1.115	1.116	1.120
86	3449.696	3218.818	3653.108	3441.496	1.116	1.118	1.119
87	3528.456	3326.531	3663.457	3551.945	1.152	1.154	1.145
88	3434.077	3293.751	3607.997	3440.817	1.116	1.118	1.114
89	3485.580	3344.029	3660.169	3472.689	1.127	1.128	1.131
90	3441.140	3310.829	3570.903	3448.942	1.119	1.121	1.116
91	3405.045	3312.527	3563.470	3384.119	1.098	1.099	1.105
92	3415.894	3288.698	3563.918	3420.330	1.110	1.111	1.108
93	3414.198	3224.224	3521.547	3451.939	1.120	1.121	1.108
94	3422.204	3309.839	3495.946	3446.867	1.118	1.120	1.110
95	3433.711	3324.875	3510.744	3452.386	1.120	1.122	1.114
96	3425.626	3284.323	3536.991	3430.137	1.113	1.114	1.111
97	3394.556	3286.417	3512.651	3375.259	1.095	1.097	1.101
98	3348.765	3248.213	3452.836	3357.394	1.089	1.091	1.086
99	3371.163	3164.760	3499.344	3390.075	1.100	1.101	1.094
100	3392.243	3289.268	3572.486	3345.798	1.085	1.087	1.100
101	3358.769	3250.990	3458.390	3349.583	1.087	1.088	1.090
102	3391.066	3229.047	3533.342	3414.648	1.108	1.109	1.100
103	3404.924	3241.826	3495.208	3439.985	1.116	1.118	1.105
104	3402.160	3215.949	3613.408	3385.793	1.098	1.100	1.104
105	3419.580	3319.447	3563.163	3409.611	1.106	1.108	1.109
106	3374.970	3229.163	3494.302	3381.982	1.097	1.099	1.095
107	3338.690	3227.628	3501.703	3322.752	1.078	1.080	1.083
108	3382.865	3292.927	3494.703	3391.673	1.100	1.102	1.097
109	3364.516	3225.664	3506.323	3358.784	1.090	1.091	1.091
110	3366.054	3305.004	3461.509	3358.420	1.089	1.091	1.092
111	3378.769	3317.516	3451.936	3371.531	1.094	1.095	1.096
112	3358.143	3257.338	3477.310	3356.160	1.089	1.090	1.089
113	3354.623	3248.140	3481.403	3326.367	1.079	1.081	1.088
114	3363.818	3254.201	3504.167	3358.898	1.090	1.091	1.091
115	3379.120	3301.787	3460.473	3369.849	1.093	1.095	1.096
116	3368.390	3245.574	3467.614	3392.342	1.100	1.102	1.093
117	3356.853	3230.008	3537.473	3333.757	1.081	1.083	1.089
118	3372.957	3200.586	3550.946	3372.787	1.094	1.096	1.094
119	3419.710	3254.997	3545.996	3404.348	1.104	1.106	1.109
120	3426.464	3330.272	3483.713	3436.104	1.115	1.116	1.112
121	3412.727	3239.926	3595.507	3412.554	1.107	1.109	1.107
122	3419.199	3305.040	3587.638	3393.904	1.101	1.103	1.109
123	3408.319	3181.178	3587.400	3426.668	1.112	1.113	1.106
124	3412.260	3238.804	3576.073	3433.964	1.114	1.116	1.107
125	3400.439	3301.344	3585.153	3406.352	1.105	1.107	1.103
126	3397.783	3193.588	3555.059	3402.535	1.104	1.105	1.102
127	3415.779	3293.783	3582.677	3381.255	1.097	1.099	1.108
128	3427.791	3228.797	3566.227	3435.305	1.114	1.116	1.112
129	3434.188	3245.570	3668.073	3418.433	1.109	1.111	1.114
130	3473.458	3332.323	3708.439	3440.503	1.116	1.118	1.127
131	3443.924	3317.387	3669.463	3413.632	1.107	1.109	1.117
132	3405.235	3323.973	3540.606	3399.964	1.103	1.105	1.105
133	3441.205	3348.605	3577.160	3430.937	1.113	1.115	1.116
134	3426.885	3312.812	3492.288	3454.989	1.121	1.122	1.112
135	3449.554	3276.427	3578.181	3476.348	1.128	1.129	1.119
136	3427.631	3235.939	3692.132	3403.969	1.104	1.106	1.112
137	3412.740	3254.350	3529.834	3426.973	1.112	1.113	1.107
138	3434.253	3254.076	3565.278	3449.639	1.119	1.121	1.114
139	3398.101	3230.315	3563.591	3404.929	1.105	1.106	1.102
140	3372.193	3270.246	3483.855	3356.228	1.089	1.090	1.094
141	3388.940	3258.090	3469.617	3426.813	1.112	1.113	1.099
142	3409.305	3243.330	3570.402	3396.466	1.102	1.103	1.106
143	3438.229	3323.222	3538.907	3430.767	1.113	1.115	1.115
144	3439.757	3301.963	3670.932	3410.009	1.106	1.108	1.116
145	3436.255	3227.880	3626.973	3427.889	1.112	1.114	1.115
146	3400.509	3221.336	3533.917	3424.643	1.111	1.113	1.103
147	3416.232	3161.416	3688.682	3416.461	1.108	1.110	1.108
148	3380.521	3204.908	3591.623	3396.603	1.102	1.104	1.097
149	3462.108	3301.433	3627.028	3438.609	1.115	1.117	1.123
150	3450.261	3293.620	3731.745	3391.814	1.100	1.102	1.119
151	3416.004	3216.938	3625.538	3394.027	1.101	1.103	1.108
152	3422.872	3259.579	3603.802	3412.525	1.107	1.109	1.110
153	3399.785	3293.945	3471.702	3406.448	1.105	1.107	1.103
154	3408.074	3214.661	3603.484	3401.953	1.104	1.105	1.106
155	3407.758	3269.179	3555.143	3397.238	1.102	1.104	1.105
156	3396.398	3258.372	3535.219	3419.454	1.109	1.111	1.102
157	3431.846	3318.359	3561.144	3425.687	1.111	1.113	1.113
158	3428.204	3314.953	3530.338	3417.717	1.109	1.110	1.112
159	3379.702	3203.229	3499.326	3360.318	1.090	1.092	1.096
160	3399.512	3305.977	3483.900	3405.795	1.105	1.106	1.103
161	3426.008	3238.509	3599.673	3418.745	1.109	1.111	1.111
162	3361.639	3203.279	3550.249	3351.732	1.087	1.089	1.090
163	3381.109	3244.495	3490.671	3412.086	1.107	1.109	1.097
164	3368.980	3224.150	3481.856	3392.178	1.100	1.102	1.093
165	3423.560	3315.609	3520.180	3409.059	1.106	1.108	1.111
166	3373.447	3244.696	3526.042	3367.441	1.092	1.094	1.094
167	3351.463	3295.227	3442.836	3346.729	1.086	1.087	1.087
168	3342.869	3184.447	3438.752	3354.178	1.088	1.090	1.084
169	3375.170	3264.800	3472.893	3363.920	1.091	1.093	1.095
170	3352.405	3236.257	3510.147	3338.043	1.083	1.084	1.087
171	3365.899	3300.695	3520.605	3333.902	1.081	1.083	1.092
172	3327.519	3185.881	3413.365	3348.453	1.086	1.088	1.079
173	3371.811	3222.303	3626.025	3354.790	1.088	1.090	1.094
174	3365.416	3227.044	3443.584	3355.781	1.089	1.090	1.092
175	3353.049	3243.683	3410.930	3369.671	1.093	1.095	1.088
176	3408.882	3291.615	3513.200	3391.357	1.100	1.102	1.106
177	3401.980	3293.174	3480.341	3411.043	1.107	1.108	1.104
178	3383.498	3283.001	3483.139	3388.202	1.099	1.101	1.098
179	3362.322	3252.365	3574.361	3331.206	1.081	1.082	1.091
180	3305.308	3167.535	3434.772	3319.630	1.077	1.079	1.072
181	3389.667	3296.570	3458.678	3412.720	1.107	1.109	1.100
182	3355.719	3118.205	3503.862	3345.488	1.085	1.087	1.089
183	3365.941	3181.804	3478.508	3381.588	1.097	1.099	1.092
184	3392.828	3179.738	3472.728	3409.794	1.106	1.108	1.101
185	3379.269	3280.671	3443.388	3390.288	1.100	1.101	1.096
186	3381.870	3241.745	3491.625	3393.864	1.101	1.103	1.097
187	3401.331	3230.958	3585.716	3409.899	1.106	1.108	1.103
188	3362.296	3197.139	3508.217	3369.053	1.093	1.095	1.091
189	3365.855	3236.373	3453.033	3399.664	1.103	1.105	1.092
190	3397.731	3247.692	3550.039	3398.192	1.102	1.104	1.102
191	3403.212	3268.019	3519.609	3399.199	1.103	1.104	1.104
192	3402.147	3266.886	3481.911	3410.891	1.106	1.108	1.104
193	3317.973	3180.821	3498.134	3304.585	1.072	1.074	1.076
194	3358.788	3200.526	3575.896	3327.391	1.079	1.081	1.090
195	3396.330	3223.159	3567.035	3388.602	1.099	1.101	1.102
196	3349.390	3298.655	3412.993	3338.603	1.083	1.085	1.087
197	3363.327	3253.816	3475.936	3366.236	1.092	1.094	1.091
198	3345.612	3233.251	3530.000	3299.496	1.070	1.072	1.085
199	3278.096	3193.504	3394.919	3267.430	1.060	1.062	1.063
200	3294.200	3158.939	3421.173	3285.312	1.066	1.067	1.069
201	3382.619	3234.254	3574.097	3356.405	1.089	1.090	1.097
202	3361.943	3206.089	3486.555	3344.412	1.085	1.087	1.091
203	3360.000	3274.418	3484.213	3369.422	1.093	1.095	1.090
204	3350.256	3270.240	3472.395	3325.400	1.079	1.080	1.087
205	3373.965	3262.506	3465.287	3362.204	1.091	1.092	1.094
206	3334.935	3241.000	3462.800	3324.287	1.078	1.080	1.082
207	3312.705	3185.247	3452.628	3319.404	1.077	1.078	1.075
208	3348.616	3230.018	3392.355	3366.350	1.092	1.094	1.086
209	3351.996	3263.974	3472.113	3345.801	1.085	1.087	1.087
210	3339.885	3217.698	3474.024	3352.755	1.088	1.089	1.083
211	3297.018	3207.182	3395.244	3302.525	1.071	1.073	1.070
212	3321.110	3254.737	3361.365	3334.107	1.082	1.083	1.077
213	3348.581	3245.012	3472.302	3346.374	1.086	1.087	1.086
214	3344.579	3236.897	3413.896	3354.868	1.088	1.090	1.085
215	3346.278	3272.013	3444.503	3348.002	1.086	1.088	1.086
216	3351.903	3242.317	3471.698	3351.681	1.087	1.089	1.087
217	3308.534	3193.398	3421.150	3296.395	1.069	1.071	1.073
218	3309.170	3213.675	3425.331	3281.931	1.065	1.066	1.073
219	3345.575	3250.009	3474.535	3338.072	1.083	1.084	1.085
220	3354.815	3221.754	3537.711	3344.283	1.085	1.087	1.088
221	3326.600	3210.562	3408.235	3333.000	1.081	1.083	1.079
222	3320.511	3220.257	3495.367	3304.627	1.072	1.074	1.077
223	3360.312	3132.513	3588.896	3398.599	1.102	1.104	1.090
224	3299.660	3235.449	3470.309	3273.190	1.062	1.063	1.070
225	3300.328	3211.826	3365.765	3307.212	1.073	1.074	1.071
226	3369.573	3277.073	3451.644	3357.962	1.089	1.091	1.093
227	3320.188	3251.503	3384.812	3327.344	1.079	1.081	1.077
228	3338.024	3244.996	3382.746	3355.307	1.088	1.090	1.083
229	3341.465	3258.189	3428.918	3339.929	1.083	1.085	1.084
230	3308.037	3205.864	3429.804	3288.643	1.067	1.068	1.073
231	3320.887	3185.252	3423.388	3312.023	1.074	1.076	1.077
232	3322.691	3238.256	3413.629	3313.961	1.075	1.077	1.078
233	3315.647	3161.611	3465.284	3304.657	1.072	1.074	1.076
234	3359.310	3258.929	3505.184	3348.265	1.086	1.088	1.090
235	3367.956	3215.665	3459.769	3392.539	1.101	1.102	1.093
236	3343.519	3244.859	3574.751	3324.115	1.078	1.080	1.085
237	3374.674	3315.795	3489.972	3355.506	1.088	1.090	1.095
238	3353.562	3310.752	3478.321	3330.449	1.080	1.082	1.088
239	3349.465	3286.071	3394.988	3357.763	1.089	1.091	1.087
240	3328.605	3233.951	3433.425	3333.834	1.081	1.083	1.080
241	3315.989	3197.380	3406.078	3333.212	1.081	1.083	1.076
242	3317.509	3211.590	3462.843	3298.995	1.070	1.072	1.076
243	3375.877	3300.280	3502.488	3348.834	1.086	1.088	1.095
244	3328.014	3189.078	3457.955	3329.846	1.080	1.082	1.080
245	3334.233	3250.023	3482.921	3322.130	1.078	1.079	1.082
246	3317.658	3234.625	3357.185	3332.833	1.081	1.083	1.076
247	3323.089	3249.303	3408.136	3314.155	1.075	1.077	1.078
248	3354.433	3283.147	3433.800	3365.990	1.092	1.094	1.088
249	3355.482	3244.212	3527.958	3315.379	1.075	1.077	1.088
250	3364.783	3236.071	3501.677	3368.194	1.093	1.094	1.092
251	3340.709	3165.027	3491.842	3355.182	1.088	1.090	1.084
252	3310.692	3203.126	3374.332	3325.221	1.079	1.080	1.074
253	3310.948	3231.501	3462.894	3303.158	1.072	1.073	1.074
254	3288.540	3201.136	3353.355	3302.202	1.071	1.073	1.067
255	3327.534	3189.787	3444.430	3322.392	1.078	1.079	1.079
256	3351.702	3207.013	3520.689	3346.692	1.086	1.087	1.087
257	3317.961	3245.432	3424.999	3301.758	1.071	1.073	1.076
258	3351.802	3265.064	3432.728	3365.531	1.092	1.093	1.087
259	3323.972	3223.706	3407.232	3324.250	1.078	1.080	1.078
260	3324.388	3191.151	3449.959	3328.423	1.080	1.081	1.078
261	3326.238	3241.606	3447.355	3313.407	1.075	1.076	1.079
262	3311.858	3218.261	3417.053	3316.366	1.076	1.077	1.074
263	3322.172	3159.951	3430.638	3334.847	1.082	1.083	1.078
264	3279.061	3149.890	3407.823	3290.801	1.068	1.069	1.064
265	3299.013	3190.869	3358.326	3314.673	1.075	1.077	1.070
266	3309.115	3262.721	3360.228	3305.037	1.072	1.074	1.073
267	3326.994	3181.791	3395.381	3348.880	1.086	1.088	1.079
268	3319.754	3223.226	3387.335	3315.034	1.075	1.077	1.077
269	3328.732	3222.222	3433.499	3344.099	1.085	1.086	1.080
270	3319.174	3238.173	3462.643	3321.238	1.077	1.079	1.077
271	3313.062	3200.113	3408.071	3313.679	1.075	1.077	1.075
272	3299.090	3177.096	3406.480	3295.597	1.069	1.071	1.070
273	3274.187	3153.329	3407.478	3260.235	1.058	1.059	1.062
274	3290.401	3214.078	3388.359	3282.023	1.065	1.066	1.067
275	3300.345	3249.823	3405.339	3300.376	1.071	1.072	1.071
276	3328.915	3249.657	3552.738	3309.607	1.074	1.075	1.080
277	3319.810	3246.871	3441.351	3320.731	1.077	1.079	1.077
278	3268.642	3187.954	3328.383	3273.413	1.062	1.063	1.060
279	3255.878	3185.390	3348.396	3256.685	1.056	1.058	1.056
280	3330.200	3262.166	3427.153	3329.660	1.080	1.082	1.080
281	3327.215	3244.022	3416.093	3327.993	1.080	1.081	1.079
282	3276.711	3212.057	3333.456	3275.212	1.062	1.064	1.063
283	3308.025	3254.298	3370.311	3300.033	1.071	1.072	1.073
284	3323.014	3256.838	3433.698	3316.586	1.076	1.078	1.078
285	3248.695	3184.950	3320.948	3251.581	1.055	1.056	1.054
286	3293.782	3192.569	3376.676	3307.540	1.073	1.075	1.068
287	3270.396	3176.156	3438.446	3256.427	1.056	1.058	1.061
288	3301.941	3210.537	3361.418	3327.434	1.079	1.081	1.071
289	3315.486	3241.782	3396.868	3315.050	1.075	1.077	1.076
290	3291.276	3241.771	3427.358	3277.339	1.063	1.065	1.068
291	3235.268	3125.084	3284.416	3253.983	1.056	1.057	1.049
292	3250.741	3168.827	3344.810	3240.288	1.051	1.053	1.055
293	3288.538	3190.127	3453.444	3296.865	1.069	1.071	1.067
294	3293.633	3227.129	3352.211	3283.801	1.065	1.067	1.068
295	3260.894	3140.670	3387.096	3254.268	1.056	1.057	1.058
296	3269.259	3226.031	3332.240	3263.880	1.059	1.060	1.061
297	3274.527	3175.631	3366.155	3287.189	1.066	1.068	1.062
298	3304.099	3264.704	3329.217	3314.423	1.075	1.077	1.072
299	3253.171	3193.822	3321.561	3241.302	1.051	1.053	1.055
300	3248.811	3218.478	3291.256	3244.060	1.052	1.054	1.054
301	3298.215	3229.823	3364.429	3300.639	1.071	1.072	1.070
302	3311.825	3212.701	3439.438	3323.237	1.078	1.080	1.074
303	3280.670	3200.735	3364.777	3293.911	1.069	1.070	1.064
304	3265.901	3171.918	3341.984	3259.665	1.057	1.059	1.059
305	3249.863	3162.070	3340.554	3240.551	1.051	1.053	1.054
306	3286.258	3237.828	3334.202	3291.186	1.068	1.069	1.066
307	3319.914	3194.504	3449.110	3327.697	1.079	1.081	1.077
308	3322.865	3241.287	3424.420	3320.838	1.077	1.079	1.078
309	3289.143	3192.164	3371.152	3292.219	1.068	1.070	1.067
310	3277.707	3177.614	3363.787	3271.614	1.061	1.063	1.063
311	3275.257	3213.259	3331.274	3284.446	1.065	1.067	1.062
312	3282.207	3210.696	3373.494	3287.849	1.067	1.068	1.065
313	3319.495	3217.777	3382.948	3337.751	1.083	1.084	1.077
314	3290.429	3234.725	3340.336	3294.629	1.069	1.070	1.067
315	3308.968	3220.521	3368.383	3323.119	1.078	1.080	1.073
316	3293.563	3223.087	3358.410	3288.711	1.067	1.068	1.068
317	3279.323	3180.083	3355.739	3283.526	1.065	1.067	1.064
318	3353.754	3224.567	3502.425	3333.303	1.081	1.083	1.088
319	3322.865	3248.923	3399.738	3312.075	1.074	1.076	1.078
320	3299.990	3244.601	3344.714	3302.877	1.071	1.073	1.070
321	3291.429	3203.768	3356.433	3305.634	1.072	1.074	1.068
322	3309.704	3221.841	3416.849	3303.612	1.072	1.073	1.074
323	3324.137	3246.568	3409.054	3318.021	1.076	1.078	1.078
324	3296.852	3226.258	3384.968	3301.217	1.071	1.073	1.069
325	3288.090	3212.685	3348.785	3295.966	1.069	1.071	1.067
326	3275.961	3200.836	3319.344	3281.267	1.064	1.066	1.063
327	3318.116	3208.201	3388.519	3342.889	1.084	1.086	1.076
328	3367.519	3242.458	3457.720	3380.301	1.097	1.098	1.092
329	3311.558	3214.661	3404.354	3297.635	1.070	1.071	1.074
330	3279.508	3241.013	3323.262	3281.874	1.065	1.066	1.064
331	3316.012	3267.348	3394.585	3307.998	1.073	1.075	1.076
332	3318.920	3251.753	3397.907	3310.280	1.074	1.075	1.077
333	3323.662	3184.646	3434.311	3343.844	1.085	1.086	1.078
334	3334.124	3229.243	3402.578	3345.095	1.085	1.087	1.082
335	3315.708	3214.820	3369.822	3325.505	1.079	1.080	1.076
336	3271.266	3183.739	3376.706	3272.631	1.062	1.063	1.061
337	3271.914	3147.410	3353.106	3319.179	1.077	1.078	1.061
338	3307.181	3188.839	3476.883	3316.429	1.076	1.077	1.073
339	3274.119	3183.081	3354.284	3284.331	1.065	1.067	1.062
340	3282.706	3216.297	3391.686	3263.609	1.059	1.060	1.065
341	3287.204	3210.862	3358.243	3274.155	1.062	1.064	1.066
342	3300.755	3241.041	3353.799	3295.739	1.069	1.071	1.071
343	3301.605	3245.871	3379.551	3297.030	1.070	1.071	1.071
344	3314.369	3192.379	3407.130	3295.579	1.069	1.071	1.075
345	3295.500	3214.933	3361.649	3296.064	1.069	1.071	1.069
346	3299.502	3218.943	3362.404	3302.341	1.071	1.073	1.070
347	3303.040	3193.363	3385.908	3316.113	1.076	1.077	1.071
348	3281.942	3191.593	3378.094	3281.872	1.065	1.066	1.065
349	3275.363	3229.676	3329.831	3275.790	1.063	1.064	1.062
350	3310.275	3249.949	3364.566	3318.696	1.077	1.078	1.074
351	3307.794	3155.439	3405.661	3324.894	1.079	1.080	1.073
352	3280.819	3172.680	3395.047	3266.512	1.060	1.061	1.064
353	3300.545	3178.185	3357.229	3320.056	1.077	1.079	1.071
354	3291.437	3179.171	3357.130	3286.852	1.066	1.068	1.068
355	3317.692	3205.129	3426.810	3306.102	1.072	1.074	1.076
356	3288.948	3191.548	3381.261	3282.529	1.065	1.066	1.067
357	3293.691	3247.131	3344.606	3282.313	1.065	1.066	1.068
358	3314.398	3225.729	3408.449	3309.673	1.074	1.075	1.075
359	3267.689	3147.332	3365.225	3264.152	1.059	1.060	1.060
360	3274.425	3181.126	3351.237	3275.616	1.063	1.064	1.062
361	3261.226	3149.561	3395.011	3262.542	1.058	1.060	1.058
362	3252.052	3112.544	3331.364	3256.420	1.056	1.058	1.055
363	3270.097	3135.641	3392.962	3293.129	1.068	1.070	1.061
364	3277.949	3195.408	3386.731	3272.058	1.061	1.063	1.063
365	3298.326	3157.363	3375.223	3307.153	1.073	1.074	1.070
366	3270.003	3227.710	3369.213	3263.866	1.059	1.060	1.061
367	3269.629	3174.195	3341.298	3272.009	1.061	1.063	1.061
368	3252.686	3203.801	3305.553	3255.557	1.056	1.058	1.055
369	3286.556	3186.339	3383.544	3292.546	1.068	1.070	1.066
370	3272.259	3173.583	3345.627	3277.111	1.063	1.065	1.061
371	3290.569	3150.042	3358.677	3305.947	1.072	1.074	1.067
372	3296.716	3221.634	3363.464	3301.862	1.071	1.073	1.069
373	3258.391	3138.547	3352.203	3263.608	1.059	1.060	1.057
374	3259.857	3132.509	3381.437	3264.353	1.059	1.061	1.057
375	3285.840	3204.759	3423.910	3280.814	1.064	1.066	1.066
376	3301.819	3197.966	3434.245	3289.818	1.067	1.069	1.071
377	3313.224	3180.442	3437.558	3302.090	1.071	1.073	1.075
378	3334.931	3235.226	3424.597	3340.691	1.084	1.085	1.082
379	3313.021	3236.729	3359.976	3316.058	1.076	1.077	1.075
380	3307.390	3155.010	3366.308	3322.733	1.078	1.080	1.073
381	3279.846	3192.351	3362.751	3290.573	1.067	1.069	1.064
382	3248.003	3160.071	3357.857	3236.679	1.050	1.052	1.054
383	3273.004	3161.736	3365.260	3287.035	1.066	1.068	1.062
384	3311.450	3156.603	3413.698	3314.653	1.075	1.077	1.074
385	3293.295	3202.154	3499.491	3268.472	1.060	1.062	1.068
386	3290.867	3158.552	3365.252	3300.928	1.071	1.072	1.068
387	3272.318	3213.340	3346.584	3275.422	1.063	1.064	1.062
388	3243.984	3150.869	3321.679	3270.122	1.061	1.062	1.052
389	3273.097	3147.107	3377.786	3274.989	1.062	1.064	1.062
390	3283.874	3218.956	3356.413	3274.580	1.062	1.064	1.065
391	3325.595	3240.629	3425.457	3327.714	1.079	1.081	1.079
392	3285.992	3162.199	3374.986	3314.664	1.075	1.077	1.066
393	3259.041	3137.618	3360.042	3261.827	1.058	1.060	1.057
394	3281.450	3247.729	3319.560	3276.027	1.063	1.064	1.064
395	3306.656	3273.279	3344.636	3304.714	1.072	1.074	1.073
396	3325.482	3170.982	3465.363	3325.427	1.079	1.080	1.079
397	3257.743	3143.714	3330.987	3266.899	1.060	1.061	1.057
398	3302.718	3258.501	3351.204	3295.773	1.069	1.071	1.071
399	3310.665	3237.743	3378.808	3311.684	1.074	1.076	1.074
400	3302.322	3210.721	3419.677	3287.868	1.067	1.068	1.071
401	3299.568	3153.661	3384.915	3329.346	1.080	1.082	1.070
402	3297.752	3164.571	3367.650	3311.856	1.074	1.076	1.070
403	3318.673	3204.153	3403.577	3316.277	1.076	1.077	1.077
404	3348.022	3255.017	3429.615	3342.078	1.084	1.086	1.086
405	3331.257	3262.331	3402.285	3332.740	1.081	1.083	1.081
406	3303.682	3179.861	3385.599	3301.565	1.071	1.073	1.072
407	3328.649	3218.755	3409.621	3328.537	1.080	1.081	1.080
408	3303.827	3201.265	3384.272	3315.431	1.075	1.077	1.072
409	3262.570	3166.625	3366.451	3262.593	1.058	1.060	1.058
410	3306.846	3233.489	3389.055	3296.182	1.069	1.071	1.073
411	3289.546	3134.824	3419.619	3276.157	1.063	1.064	1.067
412	3320.841	3219.646	3434.708	3325.381	1.079	1.080	1.077
413	3297.668	3189.537	3420.561	3305.236	1.072	1.074	1.070
414	3294.201	3234.551	3332.186	3295.425	1.069	1.071	1.069
415	3292.452	3212.490	3425.371	3290.725	1.067	1.069	1.068
416	3315.832	3241.657	3396.502	3306.764	1.073	1.074	1.076
417	3314.173	3218.329	3456.489	3302.880	1.071	1.073	1.075
418	3315.335	3188.216	3457.212	3313.636	1.075	1.077	1.075
419	3307.324	3226.144	3383.532	3303.529	1.072	1.073	1.073
420	3277.294	3200.362	3377.974	3265.969	1.059	1.061	1.063
421	3294.949	3206.172	3403.061	3299.185	1.070	1.072	1.069
422	3341.598	3231.263	3494.560	3317.836	1.076	1.078	1.084
423	3323.032	3181.009	3447.894	3315.284	1.075	1.077	1.078
424	3335.590	3154.120	3428.198	3350.499	1.087	1.089	1.082
425	3315.412	3135.327	3419.405	3308.597	1.073	1.075	1.075
426	3350.600	3204.984	3507.406	3335.113	1.082	1.084	1.087
427	3330.754	3212.751	3455.901	3321.919	1.078	1.079	1.080
428	3334.058	3272.545	3438.842	3337.492	1.083	1.084	1.082
429	3295.029	3178.539	3352.319	3315.880	1.076	1.077	1.069
430	3323.267	3222.975	3452.923	3319.099	1.077	1.078	1.078
431	3365.929	3281.346	3470.541	3365.014	1.092	1.093	1.092
432	3370.116	3226.296	3433.853	3380.587	1.097	1.098	1.093
433	3309.657	3175.665	3462.739	3308.020	1.073	1.075	1.074
434	3380.742	3252.155	3512.330	3378.629	1.096	1.098	1.097
435	3374.042	3212.000	3521.281	3382.616	1.097	1.099	1.095
436	3333.764	3247.758	3454.801	3299.396	1.070	1.072	1.081
437	3316.903	3108.202	3438.510	3322.365	1.078	1.079	1.076
438	3300.572	3181.956	3405.180	3298.697	1.070	1.072	1.071
439	3334.335	3162.023	3466.256	3351.390	1.087	1.089	1.082
440	3360.940	3273.385	3420.232	3376.731	1.095	1.097	1.090
441	3326.535	3237.618	3407.411	3330.925	1.081	1.082	1.079
442	3308.979	3230.168	3393.616	3307.924	1.073	1.075	1.073
443	3309.632	3192.791	3407.990	3312.833	1.075	1.076	1.074
444	3357.811	3249.100	3465.066	3358.584	1.089	1.091	1.089
445	3317.312	3164.284	3425.262	3316.280	1.076	1.077	1.076
446	3322.551	3203.160	3476.690	3326.249	1.079	1.081	1.078
447	3331.535	3215.645	3464.015	3343.418	1.085	1.086	1.081
448	3314.959	3252.784	3337.608	3321.954	1.078	1.079	1.075
449	3323.295	3155.990	3477.439	3352.514	1.088	1.089	1.078
450	3324.246	3223.799	3410.184	3361.233	1.090	1.092	1.078
451	3334.005	3255.364	3441.122	3316.630	1.076	1.078	1.082
452	3333.045	3202.898	3529.807	3311.423	1.074	1.076	1.081
453	3295.902	3134.987	3470.210	3287.351	1.066	1.068	1.069
454	3315.407	3122.397	3448.052	3329.634	1.080	1.082	1.075
455	3344.389	3237.708	3488.073	3323.971	1.078	1.080	1.085
456	3294.386	3186.411	3405.684	3284.126	1.065	1.067	1.069
457	3365.597	3222.977	3549.963	3367.450	1.092	1.094	1.092
458	3309.874	3129.322	3448.966	3313.161	1.075	1.076	1.074
459	3317.681	3235.871	3405.062	3317.533	1.076	1.078	1.076
460	3258.337	3208.520	3321.492	3256.549	1.056	1.058	1.057
461	3322.056	3238.360	3412.922	3315.123	1.075	1.077	1.078
462	3330.031	3237.753	3508.374	3285.853	1.066	1.068	1.080
463	3363.212	3206.616	3622.656	3346.660	1.086	1.087	1.091
464	3351.038	3241.845	3484.209	3356.212	1.089	1.090	1.087
465	3339.143	3237.941	3442.489	3324.422	1.078	1.080	1.083
466	3304.792	3223.437	3398.865	3314.056	1.075	1.077	1.072
467	3290.665	3182.841	3470.804	3276.154	1.063	1.064	1.067
468	3319.864	3170.038	3477.953	3302.701	1.071	1.073	1.077
469	3281.116	3153.949	3399.445	3270.364	1.061	1.062	1.064
470	3309.866	3233.176	3409.597	3303.063	1.071	1.073	1.074
471	3331.043	3183.520	3523.531	3296.185	1.069	1.071	1.081
472	3329.362	3172.545	3454.477	3334.243	1.082	1.083	1.080
473	3332.633	3213.922	3549.153	3339.452	1.083	1.085	1.081
474	3269.772	3184.669	3352.386	3241.542	1.052	1.053	1.061
475	3304.331	3222.745	3395.204	3314.098	1.075	1.077	1.072
476	3339.847	3299.922	3463.565	3325.785	1.079	1.081	1.083
477	3329.629	3248.897	3430.961	3332.811	1.081	1.083	1.080
478	3309.579	3201.750	3415.898	3301.880	1.071	1.073	1.074
479	3311.743	3202.268	3542.186	3256.138	1.056	1.058	1.074
480	3327.975	3187.794	3464.868	3312.910	1.075	1.076	1.080
481	3311.449	3184.218	3437.812	3321.273	1.077	1.079	1.074
482	3303.680	3218.745	3395.271	3292.428	1.068	1.070	1.072
483	3301.564	3127.120	3510.682	3302.109	1.071	1.073	1.071
484	3303.662	3161.525	3422.297	3305.813	1.072	1.074	1.072
485	3340.232	3244.907	3477.773	3337.449	1.083	1.084	1.084
486	3332.908	3278.353	3403.253	3331.128	1.081	1.082	1.081
487	3286.800	3214.860	3427.587	3275.108	1.062	1.064	1.066
488	3308.708	3201.099	3509.259	3303.542	1.072	1.073	1.073
489	3295.876	3185.036	3463.945	3277.211	1.063	1.065	1.069
490	3301.992	3216.279	3478.799	3265.498	1.059	1.061	1.071
491	3303.849	3198.804	3438.867	3314.564	1.075	1.077	1.072
492	3295.044	3205.455	3389.257	3297.366	1.070	1.071	1.069
493	3262.543	3191.783	3367.568	3257.696	1.057	1.058	1.058
494	3257.319	3126.709	3367.422	3261.123	1.058	1.059	1.057
495	3240.505	3116.826	3421.528	3225.236	1.046	1.048	1.051
496	3299.025	3161.481	3522.713	3291.555	1.068	1.069	1.070
497	3324.941	3206.746	3467.958	3326.968	1.079	1.081	1.079
498	3304.570	3189.902	3426.865	3284.830	1.066	1.067	1.072
499	3316.771	3234.002	3457.178	3285.244	1.066	1.067	1.076
500	3354.256	3216.278	3560.971	3307.636	1.073	1.075	1.088
501	3360.904	3188.156	3594.824	3323.032	1.078	1.080	1.090
502	3368.195	3175.668	3554.120	3316.369	1.076	1.077	1.093
503	3332.783	3239.924	3449.310	3308.286	1.073	1.075	1.081
504	3271.695	3191.365	3346.304	3280.472	1.064	1.066	1.061
505	3273.177	3165.688	3415.369	3227.401	1.047	1.049	1.062
506	3287.130	3181.060	3418.310	3265.251	1.059	1.061	1.066
507	3287.852	3170.482	3403.480	3272.818	1.062	1.063	1.067
508	3289.034	3152.698	3357.940	3305.533	1.072	1.074	1.067
509	3297.342	3190.335	3350.949	3305.243	1.072	1.074	1.070
510	3272.751	3127.751	3399.993	3270.214	1.061	1.062	1.062
511	3266.887	3150.524	3458.282	3204.493	1.040	1.041	1.060
512	3314.744	3211.528	3471.831	3281.127	1.064	1.066	1.075
513	3332.835	3283.460	3416.917	3306.331	1.073	1.074	1.081
514	3353.823	3258.901	3555.707	3317.063	1.076	1.078	1.088
515	3314.574	3210.508	3470.435	3321.786	1.078	1.079	1.075
516	3324.414	3183.265	3435.477	3335.086	1.082	1.084	1.078
517	3298.806	3202.218	3405.667	3295.347	1.069	1.071	1.070
518	3318.283	3231.417	3509.398	3315.071	1.075	1.077	1.076
519	3380.047	3259.686	3440.899	3383.690	1.098	1.099	1.096
520	3281.563	3189.941	3391.538	3283.359	1.065	1.067	1.065
521	3299.171	3217.766	3404.282	3291.086	1.068	1.069	1.070
522	3306.037	3216.985	3367.851	3308.040	1.073	1.075	1.072
523	3343.476	3201.336	3490.780	3314.942	1.075	1.077	1.085
524	3345.897	3251.165	3488.056	3335.011	1.082	1.083	1.085
525	3328.610	3213.716	3401.670	3340.425	1.084	1.085	1.080
526	3253.551	3135.769	3380.878	3290.312	1.067	1.069	1.055
527	3308.268	3203.698	3458.886	3314.142	1.075	1.077	1.073
528	3345.693	3229.224	3505.341	3328.217	1.080	1.081	1.085
529	3314.086	3226.212	3548.648	3290.311	1.067	1.069	1.075
530	3353.390	3299.101	3420.056	3344.550	1.085	1.087	1.088
531	3350.708	3296.161	3429.414	3345.039	1.085	1.087	1.087
532	3371.692	3286.433	3495.436	3366.051	1.092	1.094	1.094
533	3345.086	3221.469	3444.638	3365.109	1.092	1.093	1.085
534	3382.151	3282.077	3495.400	3370.405	1.093	1.095	1.097
535	3381.178	3307.071	3441.663	3385.759	1.098	1.100	1.097
536	3344.916	3193.551	3439.610	3350.166	1.087	1.088	1.085
537	3318.779	3254.246	3375.525	3323.104	1.078	1.080	1.077
538	3363.085	3314.548	3414.859	3356.070	1.089	1.090	1.091
539	3374.041	3248.568	3492.693	3374.361	1.095	1.096	1.095
540	3323.003	3266.624	3443.466	3307.760	1.073	1.075	1.078
541	3274.539	3168.775	3413.072	3279.909	1.064	1.066	1.062
542	3363.383	3202.012	3457.198	3390.443	1.100	1.102	1.091
543	3388.268	3212.389	3544.073	3381.247	1.097	1.099	1.099
544	3341.530	3230.171	3444.205	3312.857	1.075	1.076	1.084
545	3340.614	3204.226	3516.262	3341.338	1.084	1.086	1.084
546	3390.519	3274.488	3565.756	3374.781	1.095	1.096	1.100
547	3414.957	3334.805	3571.214	3413.707	1.107	1.109	1.108
548	3370.736	3217.907	3560.321	3343.234	1.085	1.086	1.093
549	3361.850	3184.208	3517.987	3348.666	1.086	1.088	1.091
550	3374.926	3273.383	3434.291	3391.512	1.100	1.102	1.095
551	3394.062	3183.980	3558.885	3412.300	1.107	1.109	1.101
552	3432.539	3300.901	3581.882	3449.581	1.119	1.121	1.113
553	3384.611	3244.139	3499.940	3408.223	1.106	1.107	1.098
554	3407.012	3311.900	3519.050	3405.603	1.105	1.106	1.105
555	3395.991	3248.935	3500.207	3404.343	1.104	1.106	1.102
556	3394.047	3199.254	3582.813	3408.208	1.106	1.107	1.101
557	3420.502	3223.444	3608.259	3409.620	1.106	1.108	1.110
558	3434.455	3230.218	3646.508	3436.165	1.115	1.116	1.114
559	3399.329	3275.575	3553.254	3394.063	1.101	1.103	1.103
560	3325.260	3229.009	3388.668	3337.688	1.083	1.084	1.079
561	3351.418	3214.046	3505.360	3327.482	1.079	1.081	1.087
562	3357.596	3233.694	3449.834	3371.427	1.094	1.095	1.089
563	3324.878	3154.891	3461.514	3299.583	1.070	1.072	1.079
564	3365.484	3235.265	3445.948	3366.589	1.092	1.094	1.092
565	3331.140	3163.558	3564.865	3314.909	1.075	1.077	1.081
566	3339.060	3231.786	3456.275	3360.972	1.090	1.092	1.083
567	3396.961	3339.014	3510.552	3382.485	1.097	1.099	1.102
568	3370.287	3148.215	3475.250	3392.155	1.100	1.102	1.093
569	3398.620	3321.023	3450.117	3401.992	1.104	1.105	1.102
570	3414.915	3310.286	3514.489	3429.918	1.113	1.114	1.108
571	3421.305	3317.016	3565.841	3406.536	1.105	1.107	1.110
572	3375.988	3270.208	3496.407	3381.755	1.097	1.099	1.095
573	3360.847	3280.423	3451.031	3363.081	1.091	1.093	1.090
574	3416.633	3317.368	3473.570	3430.209	1.113	1.114	1.108
575	3420.847	3259.340	3535.065	3453.887	1.120	1.122	1.110
576	3407.479	3317.898	3550.888	3380.950	1.097	1.098	1.105
577	3436.132	3232.865	3538.050	3468.273	1.125	1.127	1.115
578	3422.508	3232.739	3665.307	3410.794	1.106	1.108	1.110
579	3367.042	3192.183	3507.928	3399.905	1.103	1.105	1.092
580	3369.775	3266.834	3469.010	3361.912	1.091	1.092	1.093
581	3391.040	3258.881	3615.097	3375.971	1.095	1.097	1.100
582	3367.921	3269.863	3477.832	3359.029	1.090	1.091	1.093
583	3361.285	3243.930	3457.108	3372.150	1.094	1.096	1.090
584	3368.480	3235.272	3480.127	3359.957	1.090	1.092	1.093
585	3380.042	3235.207	3570.015	3349.004	1.086	1.088	1.096
586	3377.269	3244.112	3504.520	3387.303	1.099	1.100	1.096
587	3354.080	3192.580	3475.834	3414.010	1.107	1.109	1.088
588	3326.257	3193.712	3506.906	3291.408	1.068	1.069	1.079
589	3340.256	3235.079	3486.619	3322.056	1.078	1.079	1.084
590	3363.032	3261.309	3488.453	3349.925	1.087	1.088	1.091
591	3376.469	3312.966	3465.763	3359.974	1.090	1.092	1.095
592	3401.284	3315.500	3528.213	3396.107	1.102	1.103	1.103
593	3444.601	3265.184	3545.027	3451.112	1.120	1.121	1.117
594	3434.817	3284.970	3616.137	3423.784	1.111	1.112	1.114
595	3449.129	3329.216	3600.801	3420.388	1.110	1.111	1.119
596	3417.801	3230.757	3556.287	3422.796	1.110	1.112	1.109
597	3395.155	3317.253	3546.244	3383.443	1.098	1.099	1.101
598	3447.794	3309.822	3556.441	3451.259	1.120	1.121	1.118
599	3451.326	3322.368	3671.198	3458.367	1.122	1.124	1.120
600	3419.842	3288.578	3509.240	3440.800	1.116	1.118	1.109
601	3477.241	3404.010	3558.160	3476.009	1.128	1.129	1.128
602	3464.083	3353.742	3635.806	3447.376	1.118	1.120	1.124
603	3457.793	3244.876	3607.221	3476.583	1.128	1.129	1.122
604	3460.261	3324.764	3610.523	3466.229	1.124	1.126	1.122
605	3432.336	3278.656	3648.919	3447.486	1.118	1.120	1.113
606	3470.075	3288.551	3605.858	3487.652	1.131	1.133	1.126
607	3512.563	3362.677	3660.909	3489.148	1.132	1.134	1.139
608	3474.201	3365.657	3569.074	3506.073	1.137	1.139	1.127
609	3478.210	3396.588	3623.941	3461.622	1.123	1.125	1.128
610	3476.448	3374.029	3589.171	3468.500	1.125	1.127	1.128
611	3465.744	3302.698	3605.331	3450.175	1.119	1.121	1.124
612	3463.701	3251.270	3618.480	3454.258	1.121	1.122	1.124
613	3440.414	3302.884	3567.721	3431.390	1.113	1.115	1.116
614	3430.621	3318.638	3584.483	3406.607	1.105	1.107	1.113
615	3455.626	3347.226	3574.592	3459.845	1.122	1.124	1.121
616	3453.589	3388.150	3544.425	3447.890	1.118	1.120	1.120
617	3474.352	3312.667	3620.621	3467.715	1.125	1.127	1.127
618	3458.924	3309.589	3762.275	3416.486	1.108	1.110	1.122
619	3439.173	3301.328	3548.995	3446.739	1.118	1.120	1.116
620	3435.529	3264.783	3567.672	3456.807	1.121	1.123	1.114
621	3429.067	3276.024	3651.866	3406.371	1.105	1.107	1.112
622	3440.371	3308.368	3569.168	3414.019	1.107	1.109	1.116
623	3486.728	3364.166	3592.357	3506.096	1.137	1.139	1.131
624	3463.433	3347.391	3580.212	3464.063	1.124	1.125	1.124
625	3454.566	3378.168	3625.178	3432.485	1.113	1.115	1.121
626	3431.427	3344.008	3524.091	3427.751	1.112	1.114	1.113
627	3432.061	3339.733	3541.253	3440.410	1.116	1.118	1.113
628	3465.010	3358.023	3589.643	3451.348	1.120	1.121	1.124
629	3418.961	3304.684	3554.158	3421.355	1.110	1.112	1.109
630	3505.504	3296.075	3636.967	3538.490	1.148	1.150	1.137
631	3500.908	3346.621	3654.016	3503.253	1.136	1.138	1.136
632	3523.073	3325.387	3696.284	3517.759	1.141	1.143	1.143
633	3512.587	3339.021	3741.640	3484.322	1.130	1.132	1.139
634	3491.981	3300.520	3683.986	3495.976	1.134	1.136	1.133
635	3488.477	3230.700	3706.633	3485.170	1.131	1.132	1.132
636	3469.639	3230.679	3684.987	3404.267	1.104	1.106	1.126
637	3504.794	3188.697	3796.666	3578.290	1.161	1.163	1.137
638	3480.255	3233.103	3622.808	3554.579	1.153	1.155	1.129
639	3452.877	3300.485	3588.420	3431.405	1.113	1.115	1.120
640	3463.229	3297.094	3595.584	3461.755	1.123	1.125	1.123
641	3475.289	3373.291	3638.996	3456.651	1.121	1.123	1.127
642	3422.837	3280.951	3558.729	3434.740	1.114	1.116	1.110
643	3430.471	3282.304	3589.740	3444.651	1.117	1.119	1.113
644	3393.824	3266.737	3551.509	3394.710	1.101	1.103	1.101
645	3345.654	3157.394	3478.845	3359.646	1.090	1.092	1.085
646	3356.768	3214.945	3469.638	3385.312	1.098	1.100	1.089
647	3374.982	3275.456	3516.395	3355.226	1.088	1.090	1.095
648	3419.306	3262.770	3565.952	3445.235	1.118	1.119	1.109
649	3376.481	3237.759	3500.626	3367.598	1.092	1.094	1.095
650	3325.372	3206.485	3418.457	3331.164	1.081	1.082	1.079
651	3329.676	3249.371	3443.512	3319.835	1.077	1.079	1.080
652	3380.773	3231.080	3474.056	3398.106	1.102	1.104	1.097
653	3325.065	3270.757	3422.210	3302.321	1.071	1.073	1.079
654	3364.129	3299.174	3429.907	3359.657	1.090	1.092	1.091
655	3378.436	3298.360	3478.088	3379.551	1.096	1.098	1.096
656	3362.280	3272.668	3444.253	3360.855	1.090	1.092	1.091
657	3365.865	3278.209	3500.740	3365.038	1.092	1.093	1.092
658	3355.672	3242.118	3435.669	3363.856	1.091	1.093	1.089
659	3376.708	3232.546	3466.243	3385.630	1.098	1.100	1.095
660	3381.239	3306.887	3451.398	3388.610	1.099	1.101	1.097
661	3379.683	3306.047	3467.237	3371.790	1.094	1.095	1.096
662	3389.150	3319.146	3512.596	3383.171	1.097	1.099	1.099
663	3352.755	3165.354	3483.911	3359.507	1.090	1.091	1.088
664	3375.997	3321.528	3505.896	3354.619	1.088	1.090	1.095
665	3342.716	3242.672	3410.578	3351.799	1.087	1.089	1.084
666	3361.362	3222.857	3540.858	3353.743	1.088	1.090	1.090
667	3371.002	3233.689	3520.403	3368.124	1.093	1.094	1.094
668	3389.090	3248.177	3491.559	3412.709	1.107	1.109	1.099
669	3354.536	3259.212	3517.845	3340.470	1.084	1.085	1.088
670	3317.600	3233.129	3399.977	3320.628	1.077	1.079	1.076
671	3393.252	3328.025	3489.239	3380.910	1.097	1.098	1.101
672	3338.687	3270.246	3460.722	3331.564	1.081	1.082	1.083
673	3349.527	3294.165	3483.574	3321.039	1.077	1.079	1.087
674	3385.363	3299.046	3493.902	3369.970	1.093	1.095	1.098
675	3324.125	3238.880	3413.877	3329.740	1.080	1.082	1.078
676	3355.409	3257.144	3505.785	3332.996	1.081	1.083	1.088
677	3363.283	3264.135	3461.884	3360.168	1.090	1.092	1.091
678	3364.764	3248.857	3490.794	3351.674	1.087	1.089	1.091
679	3336.088	3220.838	3442.663	3332.840	1.081	1.083	1.082
680	3340.094	3201.053	3496.844	3316.562	1.076	1.078	1.083
681	3344.500	3193.435	3502.292	3341.683	1.084	1.086	1.085
682	3350.567	3274.452	3491.644	3342.740	1.084	1.086	1.087
683	3378.493	3279.811	3482.670	3376.313	1.095	1.097	1.096
684	3400.188	3281.885	3583.268	3383.059	1.097	1.099	1.103
685	3421.500	3314.111	3552.737	3411.527	1.107	1.108	1.110
686	3423.607	3267.708	3516.275	3455.001	1.121	1.122	1.111
687	3410.271	3223.828	3578.361	3403.115	1.104	1.106	1.106
688	3399.548	3267.600	3570.524	3396.172	1.102	1.103	1.103
689	3322.588	3224.522	3396.258	3335.107	1.082	1.084	1.078
690	3354.771	3260.591	3431.669	3360.389	1.090	1.092	1.088
691	3401.734	3322.819	3482.130	3395.636	1.102	1.103	1.103
692	3380.700	3273.971	3421.262	3394.365	1.101	1.103	1.097
693	3382.109	3290.470	3466.770	3381.338	1.097	1.099	1.097
694	3355.822	3230.927	3477.898	3353.747	1.088	1.090	1.089
695	3352.596	3289.135	3433.077	3352.859	1.088	1.089	1.088
696	3375.617	3328.861	3457.706	3356.852	1.089	1.091	1.095
697	3325.424	3258.652	3410.297	3314.890	1.075	1.077	1.079
698	3305.257	3150.276	3410.074	3295.140	1.069	1.071	1.072
699	3346.031	3248.891	3433.482	3333.159	1.081	1.083	1.085
700	3387.147	3153.834	3558.208	3359.628	1.090	1.091	1.099
701	3343.127	3264.997	3439.771	3330.628	1.080	1.082	1.084
702	3366.979	3316.049	3418.667	3363.928	1.091	1.093	1.092
703	3351.710	3262.554	3420.609	3353.107	1.088	1.089	1.087
704	3357.581	3262.784	3458.616	3349.105	1.086	1.088	1.089
705	3362.294	3260.897	3516.133	3340.882	1.084	1.085	1.091
706	3297.907	3189.712	3385.665	3288.916	1.067	1.069	1.070
707	3336.866	3242.420	3415.822	3331.520	1.081	1.082	1.082
708	3339.056	3233.676	3486.352	3337.590	1.083	1.084	1.083
709	3339.298	3194.604	3445.182	3350.972	1.087	1.089	1.083
710	3379.852	3242.214	3488.657	3397.999	1.102	1.104	1.096
711	3330.813	3188.950	3457.188	3310.014	1.074	1.075	1.080
712	3324.558	3220.055	3512.729	3298.662	1.070	1.072	1.078
713	3324.448	3201.007	3450.007	3317.552	1.076	1.078	1.078
714	3375.933	3196.184	3521.332	3362.707	1.091	1.092	1.095
715	3348.014	3241.602	3452.169	3347.165	1.086	1.087	1.086
716	3317.935	3193.490	3437.073	3329.684	1.080	1.082	1.076
717	3303.656	3226.007	3422.410	3292.860	1.068	1.070	1.072
718	3311.773	3247.281	3359.682	3315.140	1.075	1.077	1.074
719	3351.872	3215.645	3470.057	3352.195	1.087	1.089	1.087
720	3339.544	3241.237	3491.287	3346.800	1.086	1.087	1.083
721	3336.728	3212.905	3489.888	3335.134	1.082	1.084	1.082
722	3304.990	3143.150	3427.825	3293.273	1.068	1.070	1.072
723	3289.929	3185.669	3473.700	3290.087	1.067	1.069	1.067
724	3341.501	3242.087	3466.447	3336.914	1.082	1.084	1.084
725	3346.405	3226.207	3522.757	3346.563	1.086	1.087	1.086
726	3303.964	3200.742	3524.692	3283.871	1.065	1.067	1.072
727	3336.416	3225.537	3466.511	3354.669	1.088	1.090	1.082
728	3334.884	3236.049	3420.592	3335.985	1.082	1.084	1.082
729	3357.554	3267.856	3441.408	3355.485	1.088	1.090	1.089
730	3341.120	3222.075	3458.666	3350.490	1.087	1.089	1.084
731	3357.822	3263.883	3444.107	3346.007	1.085	1.087	1.089
732	3374.217	3296.694	3593.159	3351.005	1.087	1.089	1.095
733	3334.966	3223.927	3509.232	3312.669	1.075	1.076	1.082
734	3373.265	3235.756	3523.870	3360.338	1.090	1.092	1.094
735	3322.668	3223.308	3531.432	3278.298	1.063	1.065	1.078
736	3325.615	3209.757	3427.018	3332.752	1.081	1.083	1.079
737	3325.751	3241.948	3399.329	3330.267	1.080	1.082	1.079
738	3326.778	3265.021	3375.665	3329.687	1.080	1.082	1.079
739	3351.007	3302.808	3453.248	3351.457	1.087	1.089	1.087
740	3329.233	3255.455	3382.224	3328.222	1.080	1.081	1.080
741	3272.259	3173.583	3345.627	3277.111	1.063	1.065	1.061
742	3392.035	3271.896	3516.126	3389.335	1.099	1.101	1.100
743	3375.050	3257.988	3450.954	3395.135	1.101	1.103	1.095
744	3318.607	3235.171	3380.153	3321.753	1.078	1.079	1.077
745	3369.552	3247.465	3553.666	3341.073	1.084	1.085	1.093
746	3330.927	3220.667	3517.410	3304.340	1.072	1.074	1.081
747	3326.390	3264.820	3445.341	3326.092	1.079	1.081	1.079
748	3340.167	3257.345	3431.584	3330.095	1.080	1.082	1.084
749	3308.921	3222.030	3384.793	3303.046	1.071	1.073	1.073
750	3316.107	3214.436	3437.733	3329.833	1.080	1.082	1.076
751	3361.852	3269.415	3464.342	3352.769	1.088	1.089	1.091
752	3350.467	3223.726	3531.315	3344.715	1.085	1.087	1.087
753	3369.079	3229.783	3503.266	3368.777	1.093	1.094	1.093
754	3409.243	3271.648	3581.661	3375.239	1.095	1.097	1.106
755	3393.800	3277.637	3488.054	3380.355	1.097	1.098	1.101
756	3387.793	3251.461	3524.779	3388.137	1.099	1.101	1.099
757	3335.495	3226.488	3450.777	3317.753	1.076	1.078	1.082
758	3355.851	3216.756	3614.214	3294.302	1.069	1.070	1.089
759	3348.288	3233.492	3533.929	3313.835	1.075	1.077	1.086
760	3374.125	3269.035	3486.713	3357.346	1.089	1.091	1.095
761	3389.300	3241.669	3582.281	3384.873	1.098	1.100	1.099
762	3294.279	3142.718	3421.551	3306.050	1.072	1.074	1.069
763	3335.647	3147.788	3523.393	3342.772	1.084	1.086	1.082
764	3324.490	3118.781	3492.893	3353.882	1.088	1.090	1.078
765	3359.706	3169.795	3617.322	3361.535	1.090	1.092	1.090
766	3344.851	3191.893	3493.546	3343.911	1.085	1.086	1.085
767	3350.606	3196.353	3510.999	3330.595	1.080	1.082	1.087
768	3337.386	3243.533	3440.882	3323.072	1.078	1.080	1.083
769	3351.243	3248.805	3476.323	3337.166	1.083	1.084	1.087
770	3354.727	3213.264	3446.880	3369.216	1.093	1.095	1.088
771	3371.798	3268.800	3665.867	3344.261	1.085	1.087	1.094
772	3383.025	3286.509	3495.023	3387.317	1.099	1.100	1.097
773	3411.716	3273.365	3528.581	3423.639	1.111	1.112	1.107
774	3377.666	3256.805	3586.223	3347.242	1.086	1.087	1.096
775	3367.585	3280.694	3503.865	3338.766	1.083	1.085	1.092
776	3393.103	3295.775	3634.203	3364.790	1.092	1.093	1.101
777	3406.363	3194.408	3555.870	3394.591	1.101	1.103	1.105
778	3400.511	3175.044	3689.867	3396.284	1.102	1.103	1.103
779	3391.823	3237.034	3597.115	3368.747	1.093	1.094	1.100
780	3438.148	3265.175	3588.871	3445.410	1.118	1.119	1.115
781	3412.270	3240.669	3568.405	3368.990	1.093	1.095	1.107
782	3462.057	3225.543	3760.787	3413.437	1.107	1.109	1.123
783	3455.008	3259.978	3619.950	3464.168	1.124	1.125	1.121
784	3406.961	3256.087	3542.396	3438.876	1.116	1.117	1.105
785	3470.753	3295.079	3737.809	3453.722	1.120	1.122	1.126
786	3415.800	3245.136	3580.874	3428.876	1.112	1.114	1.108
787	3405.819	3250.810	3631.390	3397.301	1.102	1.104	1.105
788	3408.905	3260.346	3627.818	3386.245	1.098	1.100	1.106
789	3388.858	3201.076	3613.697	3407.658	1.105	1.107	1.099
790	3417.549	3341.227	3597.127	3373.824	1.094	1.096	1.109
791	3369.387	3209.795	3487.873	3390.697	1.100	1.102	1.093
792	3368.311	3232.894	3482.418	3360.378	1.090	1.092	1.093
793	3300.518	3206.860	3424.259	3267.898	1.060	1.062	1.071
794	3334.639	3254.872	3398.136	3327.683	1.079	1.081	1.082
795	3348.738	3243.512	3466.120	3365.391	1.092	1.093	1.086
796	3332.376	3214.150	3473.020	3334.752	1.082	1.083	1.081
797	3353.500	3211.581	3471.196	3366.063	1.092	1.094	1.088
798	3362.980	3223.054	3493.486	3389.019	1.099	1.101	1.091
799	3340.179	3237.368	3452.725	3353.284	1.088	1.089	1.084
800	3350.632	3224.932	3482.446	3344.221	1.085	1.086	1.087
801	3322.299	3244.620	3388.675	3320.758	1.077	1.079	1.078
802	3352.098	3295.514	3425.012	3371.590	1.094	1.095	1.087
803	3353.574	3265.942	3468.545	3330.282	1.080	1.082	1.088
804	3372.140	3239.263	3458.413	3395.113	1.101	1.103	1.094
805	3423.724	3284.921	3549.226	3433.844	1.114	1.116	1.111
806	3391.590	3289.509	3545.272	3378.842	1.096	1.098	1.100
807	3380.206	3274.816	3543.707	3349.348	1.086	1.088	1.097
808	3373.163	3276.854	3426.738	3381.362	1.097	1.099	1.094
809	3369.555	3277.460	3419.569	3395.574	1.101	1.103	1.093
810	3378.540	3285.861	3484.054	3384.132	1.098	1.099	1.096
811	3381.223	3231.216	3558.762	3393.869	1.101	1.103	1.097
812	3414.444	3218.603	3631.907	3407.616	1.105	1.107	1.108
813	3395.522	3207.834	3524.707	3431.542	1.113	1.115	1.101
814	3431.047	3258.540	3556.855	3438.971	1.116	1.117	1.113
815	3483.285	3359.141	3597.908	3496.048	1.134	1.136	1.130
816	3449.008	3306.738	3567.858	3434.316	1.114	1.116	1.119
817	3423.546	3267.823	3590.565	3411.250	1.107	1.108	1.111
818	3425.599	3250.128	3666.407	3416.598	1.108	1.110	1.111
819	3429.574	3338.077	3542.357	3410.033	1.106	1.108	1.113
820	3426.514	3294.905	3551.692	3416.016	1.108	1.110	1.112
821	3440.255	3216.640	3574.879	3477.236	1.128	1.130	1.116
822	3401.981	3135.315	3584.128	3458.359	1.122	1.124	1.104
823	3443.277	3305.197	3534.638	3454.688	1.121	1.122	1.117
824	3438.410	3182.297	3595.754	3480.690	1.129	1.131	1.115
825	3455.145	3320.492	3662.500	3428.463	1.112	1.114	1.121
826	3451.754	3325.107	3626.133	3435.935	1.115	1.116	1.120
827	3449.696	3218.818	3653.108	3441.496	1.116	1.118	1.119
828	3528.456	3326.531	3663.457	3551.945	1.152	1.154	1.145
829	3434.077	3293.751	3607.997	3440.817	1.116	1.118	1.114
830	3485.580	3344.029	3660.169	3472.689	1.127	1.128	1.131
831	3441.140	3310.829	3570.903	3448.942	1.119	1.121	1.116
832	3405.045	3312.527	3563.470	3384.119	1.098	1.099	1.105
833	3415.894	3288.698	3563.918	3420.330	1.110	1.111	1.108
834	3414.198	3224.224	3521.547	3451.939	1.120	1.121	1.108
835	3422.204	3309.839	3495.946	3446.867	1.118	1.120	1.110
836	3433.711	3324.875	3510.744	3452.386	1.120	1.122	1.114
837	3425.626	3284.323	3536.991	3430.137	1.113	1.114	1.111
838	3394.556	3286.417	3512.651	3375.259	1.095	1.097	1.101
839	3348.765	3248.213	3452.836	3357.394	1.089	1.091	1.086
840	3371.163	3164.760	3499.344	3390.075	1.100	1.101	1.094
841	3392.243	3289.268	3572.486	3345.798	1.085	1.087	1.100
842	3358.769	3250.990	3458.390	3349.583	1.087	1.088	1.090
843	3391.066	3229.047	3533.342	3414.648	1.108	1.109	1.100
844	3404.924	3241.826	3495.208	3439.985	1.116	1.118	1.105
845	3402.160	3215.949	3613.408	3385.793	1.098	1.100	1.104
846	3419.580	3319.447	3563.163	3409.611	1.106	1.108	1.109
847	3374.970	3229.163	3494.302	3381.982	1.097	1.099	1.095
848	3338.690	3227.628	3501.703	3322.752	1.078	1.080	1.083
849	3382.865	3292.927	3494.703	3391.673	1.100	1.102	1.097
850	3364.516	3225.664	3506.323	3358.784	1.090	1.091	1.091
851	3366.054	3305.004	3461.509	3358.420	1.089	1.091	1.092
852	3378.769	3317.516	3451.936	3371.531	1.094	1.095	1.096
853	3358.143	3257.338	3477.310	3356.160	1.089	1.090	1.089
854	3354.623	3248.140	3481.403	3326.367	1.079	1.081	1.088
855	3363.818	3254.201	3504.167	3358.898	1.090	1.091	1.091
856	3379.120	3301.787	3460.473	3369.849	1.093	1.095	1.096
857	3368.390	3245.574	3467.614	3392.342	1.100	1.102	1.093
858	3356.853	3230.008	3537.473	3333.757	1.081	1.083	1.089
859	3372.957	3200.586	3550.946	3372.787	1.094	1.096	1.094
860	3419.710	3254.997	3545.996	3404.348	1.104	1.106	1.109
861	3426.464	3330.272	3483.713	3436.104	1.115	1.116	1.112
862	3412.727	3239.926	3595.507	3412.554	1.107	1.109	1.107
863	3419.199	3305.040	3587.638	3393.904	1.101	1.103	1.109
864	3408.319	3181.178	3587.400	3426.668	1.112	1.113	1.106
865	3412.260	3238.804	3576.073	3433.964	1.114	1.116	1.107
866	3400.439	3301.344	3585.153	3406.352	1.105	1.107	1.103
867	3397.783	3193.588	3555.059	3402.535	1.104	1.105	1.102
868	3415.779	3293.783	3582.677	3381.255	1.097	1.099	1.108
869	3427.791	3228.797	3566.227	3435.305	1.114	1.116	1.112
870	3434.188	3245.570	3668.073	3418.433	1.109	1.111	1.114
871	3473.458	3332.323	3708.439	3440.503	1.116	1.118	1.127
872	3443.924	3317.387	3669.463	3413.632	1.107	1.109	1.117
873	3405.235	3323.973	3540.606	3399.964	1.103	1.105	1.105
874	3441.205	3348.605	3577.160	3430.937	1.113	1.115	1.116
875	3426.885	3312.812	3492.288	3454.989	1.121	1.122	1.112
876	3449.554	3276.427	3578.181	3476.348	1.128	1.129	1.119
877	3427.631	3235.939	3692.132	3403.969	1.104	1.106	1.112
878	3412.740	3254.350	3529.834	3426.973	1.112	1.113	1.107
879	3434.253	3254.076	3565.278	3449.639	1.119	1.121	1.114
880	3398.101	3230.315	3563.591	3404.929	1.105	1.106	1.102
881	3372.193	3270.246	3483.855	3356.228	1.089	1.090	1.094
882	3388.940	3258.090	3469.617	3426.813	1.112	1.113	1.099
883	3409.305	3243.330	3570.402	3396.466	1.102	1.103	1.106
884	3438.229	3323.222	3538.907	3430.767	1.113	1.115	1.115
885	3439.757	3301.963	3670.932	3410.009	1.106	1.108	1.116
886	3436.255	3227.880	3626.973	3427.889	1.112	1.114	1.115
887	3400.509	3221.336	3533.917	3424.643	1.111	1.113	1.103
888	3416.232	3161.416	3688.682	3416.461	1.108	1.110	1.108
889	3380.521	3204.908	3591.623	3396.603	1.102	1.104	1.097
890	3462.108	3301.433	3627.028	3438.609	1.115	1.117	1.123
891	3450.261	3293.620	3731.745	3391.814	1.100	1.102	1.119
892	3416.004	3216.938	3625.538	3394.027	1.101	1.103	1.108
893	3422.872	3259.579	3603.802	3412.525	1.107	1.109	1.110
894	3399.785	3293.945	3471.702	3406.448	1.105	1.107	1.103
895	3408.074	3214.661	3603.484	3401.953	1.104	1.105	1.106
896	3407.758	3269.179	3555.143	3397.238	1.102	1.104	1.105
897	3396.398	3258.372	3535.219	3419.454	1.109	1.111	1.102
898	3431.846	3318.359	3561.144	3425.687	1.111	1.113	1.113
899	3428.204	3314.953	3530.338	3417.717	1.109	1.110	1.112
900	3379.702	3203.229	3499.326	3360.318	1.090	1.092	1.096
901	3399.512	3305.977	3483.900	3405.795	1.105	1.106	1.103
902	3426.008	3238.509	3599.673	3418.745	1.109	1.111	1.111
903	3361.639	3203.279	3550.249	3351.732	1.087	1.089	1.090
904	3381.109	3244.495	3490.671	3412.086	1.107	1.109	1.097
905	3368.980	3224.150	3481.856	3392.178	1.100	1.102	1.093
906	3423.560	3315.609	3520.180	3409.059	1.106	1.108	1.111
907	3373.447	3244.696	3526.042	3367.441	1.092	1.094	1.094
908	3351.463	3295.227	3442.836	3346.729	1.086	1.087	1.087
909	3342.869	3184.447	3438.752	3354.178	1.088	1.090	1.084
910	3375.170	3264.800	3472.893	3363.920	1.091	1.093	1.095
911	3352.405	3236.257	3510.147	3338.043	1.083	1.084	1.087
912	3365.899	3300.695	3520.605	3333.902	1.081	1.083	1.092
913	3327.519	3185.881	3413.365	3348.453	1.086	1.088	1.079
914	3371.811	3222.303	3626.025	3354.790	1.088	1.090	1.094
915	3365.416	3227.044	3443.584	3355.781	1.089	1.090	1.092
916	3353.049	3243.683	3410.930	3369.671	1.093	1.095	1.088
917	3408.882	3291.615	3513.200	3391.357	1.100	1.102	1.106
918	3401.980	3293.174	3480.341	3411.043	1.107	1.108	1.104
919	3383.498	3283.001	3483.139	3388.202	1.099	1.101	1.098
920	3362.322	3252.365	3574.361	3331.206	1.081	1.082	1.091
921	3305.308	3167.535	3434.772	3319.630	1.077	1.079	1.072
922	3389.667	3296.570	3458.678	3412.720	1.107	1.109	1.100
923	3355.719	3118.205	3503.862	3345.488	1.085	1.087	1.089
924	3365.941	3181.804	3478.508	3381.588	1.097	1.099	1.092
925	3392.828	3179.738	3472.728	3409.794	1.106	1.108	1.101
926	3379.269	3280.671	3443.388	3390.288	1.100	1.101	1.096
927	3381.870	3241.745	3491.625	3393.864	1.101	1.103	1.097
928	3401.331	3230.958	3585.716	3409.899	1.106	1.108	1.103
929	3362.296	3197.139	3508.217	3369.053	1.093	1.095	1.091
930	3365.855	3236.373	3453.033	3399.664	1.103	1.105	1.092
931	3397.731	3247.692	3550.039	3398.192	1.102	1.104	1.102
932	3403.212	3268.019	3519.609	3399.199	1.103	1.104	1.104
933	3402.147	3266.886	3481.911	3410.891	1.106	1.108	1.104
934	3317.973	3180.821	3498.134	3304.585	1.072	1.074	1.076
935	3358.788	3200.526	3575.896	3327.391	1.079	1.081	1.090
936	3396.330	3223.159	3567.035	3388.602	1.099	1.101	1.102
937	3349.390	3298.655	3412.993	3338.603	1.083	1.085	1.087
938	3363.327	3253.816	3475.936	3366.236	1.092	1.094	1.091
939	3345.612	3233.251	3530.000	3299.496	1.070	1.072	1.085
940	3278.096	3193.504	3394.919	3267.430	1.060	1.062	1.063
941	3294.200	3158.939	3421.173	3285.312	1.066	1.067	1.069
942	3382.619	3234.254	3574.097	3356.405	1.089	1.090	1.097
943	3361.943	3206.089	3486.555	3344.412	1.085	1.087	1.091
944	3360.000	3274.418	3484.213	3369.422	1.093	1.095	1.090
945	3350.256	3270.240	3472.395	3325.400	1.079	1.080	1.087
946	3373.965	3262.506	3465.287	3362.204	1.091	1.092	1.094
947	3334.935	3241.000	3462.800	3324.287	1.078	1.080	1.082
948	3312.705	3185.247	3452.628	3319.404	1.077	1.078	1.075
949	3348.616	3230.018	3392.355	3366.350	1.092	1.094	1.086
950	3351.996	3263.974	3472.113	3345.801	1.085	1.087	1.087
951	3339.885	3217.698	3474.024	3352.755	1.088	1.089	1.083
952	3297.018	3207.182	3395.244	3302.525	1.071	1.073	1.070
953	3321.110	3254.737	3361.365	3334.107	1.082	1.083	1.077
954	3348.581	3245.012	3472.302	3346.374	1.086	1.087	1.086
955	3344.579	3236.897	3413.896	3354.868	1.088	1.090	1.085
956	3346.278	3272.013	3444.503	3348.002	1.086	1.088	1.086
957	3351.903	3242.317	3471.698	3351.681	1.087	1.089	1.087
958	3308.534	3193.398	3421.150	3296.395	1.069	1.071	1.073
959	3309.170	3213.675	3425.331	3281.931	1.065	1.066	1.073
960	3345.575	3250.009	3474.535	3338.072	1.083	1.084	1.085
961	3354.815	3221.754	3537.711	3344.283	1.085	1.087	1.088
962	3326.600	3210.562	3408.235	3333.000	1.081	1.083	1.079
963	3320.511	3220.257	3495.367	3304.627	1.072	1.074	1.077
964	3360.312	3132.513	3588.896	3398.599	1.102	1.104	1.090
965	3299.660	3235.449	3470.309	3273.190	1.062	1.063	1.070
966	3300.328	3211.826	3365.765	3307.212	1.073	1.074	1.071
967	3369.573	3277.073	3451.644	3357.962	1.089	1.091	1.093
968	3320.188	3251.503	3384.812	3327.344	1.079	1.081	1.077
969	3338.024	3244.996	3382.746	3355.307	1.088	1.090	1.083
970	3341.465	3258.189	3428.918	3339.929	1.083	1.085	1.084
971	3308.037	3205.864	3429.804	3288.643	1.067	1.068	1.073
972	3320.887	3185.252	3423.388	3312.023	1.074	1.076	1.077
973	3322.691	3238.256	3413.629	3313.961	1.075	1.077	1.078
974	3315.647	3161.611	3465.284	3304.657	1.072	1.074	1.076
975	3359.310	3258.929	3505.184	3348.265	1.086	1.088	1.090
976	3367.956	3215.665	3459.769	3392.539	1.101	1.102	1.093
977	3343.519	3244.859	3574.751	3324.115	1.078	1.080	1.085
978	3374.674	3315.795	3489.972	3355.506	1.088	1.090	1.095
979	3353.562	3310.752	3478.321	3330.449	1.080	1.082	1.088
980	3349.465	3286.071	3394.988	3357.763	1.089	1.091	1.087
981	3328.605	3233.951	3433.425	3333.834	1.081	1.083	1.080
982	3315.989	3197.380	3406.078	3333.212	1.081	1.083	1.076
983	3317.509	3211.590	3462.843	3298.995	1.070	1.072	1.076
984	3375.877	3300.280	3502.488	3348.834	1.086	1.088	1.095
985	3328.014	3189.078	3457.955	3329.846	1.080	1.082	1.080
986	3334.233	3250.023	3482.921	3322.130	1.078	1.079	1.082
987	3317.658	3234.625	3357.185	3332.833	1.081	1.083	1.076
988	3323.089	3249.303	3408.136	3314.155	1.075	1.077	1.078
989	3354.433	3283.147	3433.800	3365.990	1.092	1.094	1.088
990	3355.482	3244.212	3527.958	3315.379	1.075	1.077	1.088
991	3364.783	3236.071	3501.677	3368.194	1.093	1.094	1.092
992	3340.709	3165.027	3491.842	3355.182	1.088	1.090	1.084
993	3310.692	3203.126	3374.332	3325.221	1.079	1.080	1.074
994	3310.948	3231.501	3462.894	3303.158	1.072	1.073	1.074
995	3288.540	3201.136	3353.355	3302.202	1.071	1.073	1.067
996	3327.534	3189.787	3444.430	3322.392	1.078	1.079	1.079
997	3351.702	3207.013	3520.689	3346.692	1.086	1.087	1.087
998	3317.961	3245.432	3424.999	3301.758	1.071	1.073	1.076
999	3351.802	3265.064	3432.728	3365.531	1.092	1.093	1.087
1000	3323.972	3223.706	3407.232	3324.250	1.078	1.080	1.078
1001	3324.388	3191.151	3449.959	3328.423	1.080	1.081	1.078
1002	3326.238	3241.606	3447.355	3313.407	1.075	1.076	1.079
1003	3311.858	3218.261	3417.053	3316.366	1.076	1.077	1.074
1004	3322.172	3159.951	3430.638	3334.847	1.082	1.083	1.078
1005	3279.061	3149.890	3407.823	3290.801	1.068	1.069	1.064
1006	3299.013	3190.869	3358.326	3314.673	1.075	1.077	1.070
1007	3309.115	3262.721	3360.228	3305.037	1.072	1.074	1.073
1008	3326.994	3181.791	3395.381	3348.880	1.086	1.088	1.079
1009	3319.754	3223.226	3387.335	3315.034	1.075	1.077	1.077
1010	3328.732	3222.222	3433.499	3344.099	1.085	1.086	1.080
1011	3319.174	3238.173	3462.643	3321.238	1.077	1.079	1.077
1012	3313.062	3200.113	3408.071	3313.679	1.075	1.077	1.075
1013	3299.090	3177.096	3406.480	3295.597	1.069	1.071	1.070
1014	3274.187	3153.329	3407.478	3260.235	1.058	1.059	1.062
1015	3290.401	3214.078	3388.359	3282.023	1.065	1.066	1.067
1016	3300.345	3249.823	3405.339	3300.376	1.071	1.072	1.071
1017	3328.915	3249.657	3552.738	3309.607	1.074	1.075	1.080
1018	3319.810	3246.871	3441.351	3320.731	1.077	1.079	1.077
1019	3268.642	3187.954	3328.383	3273.413	1.062	1.063	1.060
1020	3255.878	3185.390	3348.396	3256.685	1.056	1.058	1.056
1021	3330.200	3262.166	3427.153	3329.660	1.080	1.082	1.080
1022	3327.215	3244.022	3416.093	3327.993	1.080	1.081	1.079
1023	3276.711	3212.057	3333.456	3275.212	1.062	1.064	1.063
1024	3308.025	3254.298	3370.311	3300.033	1.071	1.072	1.073
1025	3323.014	3256.838	3433.698	3316.586	1.076	1.078	1.078
1026	3248.695	3184.950	3320.948	3251.581	1.055	1.056	1.054
1027	3293.782	3192.569	3376.676	3307.540	1.073	1.075	1.068
1028	3270.396	3176.156	3438.446	3256.427	1.056	1.058	1.061
1029	3301.941	3210.537	3361.418	3327.434	1.079	1.081	1.071
1030	3315.486	3241.782	3396.868	3315.050	1.075	1.077	1.076
1031	3291.276	3241.771	3427.358	3277.339	1.063	1.065	1.068
1032	3235.268	3125.084	3284.416	3253.983	1.056	1.057	1.049
1033	3250.741	3168.827	3344.810	3240.288	1.051	1.053	1.055
1034	3288.538	3190.127	3453.444	3296.865	1.069	1.071	1.067
1035	3293.633	3227.129	3352.211	3283.801	1.065	1.067	1.068
1036	3260.894	3140.670	3387.096	3254.268	1.056	1.057	1.058
1037	3269.259	3226.031	3332.240	3263.880	1.059	1.060	1.061
1038	3274.527	3175.631	3366.155	3287.189	1.066	1.068	1.062
1039	3304.099	3264.704	3329.217	3314.423	1.075	1.077	1.072
1040	3253.171	3193.822	3321.561	3241.302	1.051	1.053	1.055
1041	3248.811	3218.478	3291.256	3244.060	1.052	1.054	1.054
1042	3298.215	3229.823	3364.429	3300.639	1.071	1.072	1.070
1043	3311.825	3212.701	3439.438	3323.237	1.078	1.080	1.074
1044	3280.670	3200.735	3364.777	3293.911	1.069	1.070	1.064
1045	3265.901	3171.918	3341.984	3259.665	1.057	1.059	1.059
1046	3249.863	3162.070	3340.554	3240.551	1.051	1.053	1.054
1047	3286.258	3237.828	3334.202	3291.186	1.068	1.069	1.066
1048	3319.914	3194.504	3449.110	3327.697	1.079	1.081	1.077
1049	3322.865	3241.287	3424.420	3320.838	1.077	1.079	1.078
1050	3289.143	3192.164	3371.152	3292.219	1.068	1.070	1.067
1051	3277.707	3177.614	3363.787	3271.614	1.061	1.063	1.063
1052	3275.257	3213.259	3331.274	3284.446	1.065	1.067	1.062
1053	3282.207	3210.696	3373.494	3287.849	1.067	1.068	1.065
1054	3319.495	3217.777	3382.948	3337.751	1.083	1.084	1.077
1055	3290.429	3234.725	3340.336	3294.629	1.069	1.070	1.067
1056	3308.968	3220.521	3368.383	3323.119	1.078	1.080	1.073
1057	3293.563	3223.087	3358.410	3288.711	1.067	1.068	1.068
1058	3279.323	3180.083	3355.739	3283.526	1.065	1.067	1.064
1059	3353.754	3224.567	3502.425	3333.303	1.081	1.083	1.088
1060	3322.865	3248.923	3399.738	3312.075	1.074	1.076	1.078
1061	3299.990	3244.601	3344.714	3302.877	1.071	1.073	1.070
1062	3291.429	3203.768	3356.433	3305.634	1.072	1.074	1.068
1063	3309.704	3221.841	3416.849	3303.612	1.072	1.073	1.074
1064	3324.137	3246.568	3409.054	3318.021	1.076	1.078	1.078
1065	3296.852	3226.258	3384.968	3301.217	1.071	1.073	1.069
1066	3288.090	3212.685	3348.785	3295.966	1.069	1.071	1.067
1067	3275.961	3200.836	3319.344	3281.267	1.064	1.066	1.063
1068	3318.116	3208.201	3388.519	3342.889	1.084	1.086	1.076
1069	3367.519	3242.458	3457.720	3380.301	1.097	1.098	1.092
1070	3311.558	3214.661	3404.354	3297.635	1.070	1.071	1.074
1071	3279.508	3241.013	3323.262	3281.874	1.065	1.066	1.064
1072	3316.012	3267.348	3394.585	3307.998	1.073	1.075	1.076
1073	3318.920	3251.753	3397.907	3310.280	1.074	1.075	1.077
1074	3323.662	3184.646	3434.311	3343.844	1.085	1.086	1.078
1075	3334.124	3229.243	3402.578	3345.095	1.085	1.087	1.082
1076	3315.708	3214.820	3369.822	3325.505	1.079	1.080	1.076
1077	3271.266	3183.739	3376.706	3272.631	1.062	1.063	1.061
1078	3271.914	3147.410	3353.106	3319.179	1.077	1.078	1.061
1079	3307.181	3188.839	3476.883	3316.429	1.076	1.077	1.073
1080	3274.119	3183.081	3354.284	3284.331	1.065	1.067	1.062
1081	3282.706	3216.297	3391.686	3263.609	1.059	1.060	1.065
1082	3287.204	3210.862	3358.243	3274.155	1.062	1.064	1.066
1083	3300.755	3241.041	3353.799	3295.739	1.069	1.071	1.071
1084	3301.605	3245.871	3379.551	3297.030	1.070	1.071	1.071
1085	3314.369	3192.379	3407.130	3295.579	1.069	1.071	1.075
1086	3295.500	3214.933	3361.649	3296.064	1.069	1.071	1.069
1087	3299.502	3218.943	3362.404	3302.341	1.071	1.073	1.070
1088	3303.040	3193.363	3385.908	3316.113	1.076	1.077	1.071
1089	3281.942	3191.593	3378.094	3281.872	1.065	1.066	1.065
1090	3275.363	3229.676	3329.831	3275.790	1.063	1.064	1.062
1091	3310.275	3249.949	3364.566	3318.696	1.077	1.078	1.074
1092	3307.794	3155.439	3405.661	3324.894	1.079	1.080	1.073
1093	3280.819	3172.680	3395.047	3266.512	1.060	1.061	1.064
1094	3300.545	3178.185	3357.229	3320.056	1.077	1.079	1.071
1095	3291.437	3179.171	3357.130	3286.852	1.066	1.068	1.068
1096	3317.692	3205.129	3426.810	3306.102	1.072	1.074	1.076
1097	3288.948	3191.548	3381.261	3282.529	1.065	1.066	1.067
1098	3293.691	3247.131	3344.606	3282.313	1.065	1.066	1.068
1099	3314.398	3225.729	3408.449	3309.673	1.074	1.075	1.075
1100	3267.689	3147.332	3365.225	3264.152	1.059	1.060	1.060
1101	3274.425	3181.126	3351.237	3275.616	1.063	1.064	1.062
1102	3261.226	3149.561	3395.011	3262.542	1.058	1.060	1.058
1103	3252.052	3112.544	3331.364	3256.420	1.056	1.058	1.055
1104	3270.097	3135.641	3392.962	3293.129	1.068	1.070	1.061
1105	3277.949	3195.408	3386.731	3272.058	1.061	1.063	1.063
1106	3298.326	3157.363	3375.223	3307.153	1.073	1.074	1.070
1107	3270.003	3227.710	3369.213	3263.866	1.059	1.060	1.061
1108	3269.629	3174.195	3341.298	3272.009	1.061	1.063	1.061
1109	3252.686	3203.801	3305.553	3255.557	1.056	1.058	1.055
1110	3286.556	3186.339	3383.544	3292.546	1.068	1.070	1.066
1111	3272.259	3173.583	3345.627	3277.111	1.063	1.065	1.061
1112	3290.569	3150.042	3358.677	3305.947	1.072	1.074	1.067
1113	3296.716	3221.634	3363.464	3301.862	1.071	1.073	1.069
1114	3258.391	3138.547	3352.203	3263.608	1.059	1.060	1.057
1115	3259.857	3132.509	3381.437	3264.353	1.059	1.061	1.057
1116	3285.840	3204.759	3423.910	3280.814	1.064	1.066	1.066
1117	3301.819	3197.966	3434.245	3289.818	1.067	1.069	1.071
1118	3313.224	3180.442	3437.558	3302.090	1.071	1.073	1.075
1119	3334.931	3235.226	3424.597	3340.691	1.084	1.085	1.082
1120	3313.021	3236.729	3359.976	3316.058	1.076	1.077	1.075
1121	3307.390	3155.010	3366.308	3322.733	1.078	1.080	1.073
1122	3279.846	3192.351	3362.751	3290.573	1.067	1.069	1.064
1123	3248.003	3160.071	3357.857	3236.679	1.050	1.052	1.054
1124	3273.004	3161.736	3365.260	3287.035	1.066	1.068	1.062
1125	3311.450	3156.603	3413.698	3314.653	1.075	1.077	1.074
1126	3293.295	3202.154	3499.491	3268.472	1.060	1.062	1.068
1127	3290.867	3158.552	3365.252	3300.928	1.071	1.072	1.068
1128	3272.318	3213.340	3346.584	3275.422	1.063	1.064	1.062
1129	3243.984	3150.869	3321.679	3270.122	1.061	1.062	1.052
1130	3273.097	3147.107	3377.786	3274.989	1.062	1.064	1.062
1131	3283.874	3218.956	3356.413	3274.580	1.062	1.064	1.065
1132	3325.595	3240.629	3425.457	3327.714	1.079	1.081	1.079
1133	3285.992	3162.199	3374.986	3314.664	1.075	1.077	1.066
1134	3259.041	3137.618	3360.042	3261.827	1.058	1.060	1.057
1135	3281.450	3247.729	3319.560	3276.027	1.063	1.064	1.064
1136	3306.656	3273.279	3344.636	3304.714	1.072	1.074	1.073
1137	3325.482	3170.982	3465.363	3325.427	1.079	1.080	1.079
1138	3257.743	3143.714	3330.987	3266.899	1.060	1.061	1.057
1139	3302.718	3258.501	3351.204	3295.773	1.069	1.071	1.071
1140	3310.665	3237.743	3378.808	3311.684	1.074	1.076	1.074
1141	3302.322	3210.721	3419.677	3287.868	1.067	1.068	1.071
1142	3299.568	3153.661	3384.915	3329.346	1.080	1.082	1.070
1143	3297.752	3164.571	3367.650	3311.856	1.074	1.076	1.070
1144	3318.673	3204.153	3403.577	3316.277	1.076	1.077	1.077
1145	3348.022	3255.017	3429.615	3342.078	1.084	1.086	1.086
1146	3331.257	3262.331	3402.285	3332.740	1.081	1.083	1.081
1147	3303.682	3179.861	3385.599	3301.565	1.071	1.073	1.072
1148	3328.649	3218.755	3409.621	3328.537	1.080	1.081	1.080
1149	3303.827	3201.265	3384.272	3315.431	1.075	1.077	1.072
1150	3262.570	3166.625	3366.451	3262.593	1.058	1.060	1.058
1151	3306.846	3233.489	3389.055	3296.182	1.069	1.071	1.073
1152	3289.546	3134.824	3419.619	3276.157	1.063	1.064	1.067
1153	3320.841	3219.646	3434.708	3325.381	1.079	1.080	1.077
1154	3297.668	3189.537	3420.561	3305.236	1.072	1.074	1.070
1155	3294.201	3234.551	3332.186	3295.425	1.069	1.071	1.069
1156	3292.452	3212.490	3425.371	3290.725	1.067	1.069	1.068
1157	3315.832	3241.657	3396.502	3306.764	1.073	1.074	1.076
1158	3314.173	3218.329	3456.489	3302.880	1.071	1.073	1.075
1159	3315.335	3188.216	3457.212	3313.636	1.075	1.077	1.075
1160	3307.324	3226.144	3383.532	3303.529	1.072	1.073	1.073
1161	3277.294	3200.362	3377.974	3265.969	1.059	1.061	1.063
1162	3294.949	3206.172	3403.061	3299.185	1.070	1.072	1.069
1163	3341.598	3231.263	3494.560	3317.836	1.076	1.078	1.084
1164	3323.032	3181.009	3447.894	3315.284	1.075	1.077	1.078
1165	3335.590	3154.120	3428.198	3350.499	1.087	1.089	1.082
1166	3315.412	3135.327	3419.405	3308.597	1.073	1.075	1.075
1167	3350.600	3204.984	3507.406	3335.113	1.082	1.084	1.087
1168	3330.754	3212.751	3455.901	3321.919	1.078	1.079	1.080
1169	3334.058	3272.545	3438.842	3337.492	1.083	1.084	1.082
1170	3295.029	3178.539	3352.319	3315.880	1.076	1.077	1.069
1171	3323.267	3222.975	3452.923	3319.099	1.077	1.078	1.078
1172	3365.929	3281.346	3470.541	3365.014	1.092	1.093	1.092
1173	3370.116	3226.296	3433.853	3380.587	1.097	1.098	1.093
1174	3309.657	3175.665	3462.739	3308.020	1.073	1.075	1.074
1175	3380.742	3252.155	3512.330	3378.629	1.096	1.098	1.097
1176	3374.042	3212.000	3521.281	3382.616	1.097	1.099	1.095
1177	3333.764	3247.758	3454.801	3299.396	1.070	1.072	1.081
1178	3316.903	3108.202	3438.510	3322.365	1.078	1.079	1.076
1179	3300.572	3181.956	3405.180	3298.697	1.070	1.072	1.071
1180	3334.335	3162.023	3466.256	3351.390	1.087	1.089	1.082
1181	3360.940	3273.385	3420.232	3376.731	1.095	1.097	1.090
1182	3326.535	3237.618	3407.411	3330.925	1.081	1.082	1.079
1183	3308.979	3230.168	3393.616	3307.924	1.073	1.075	1.073
1184	3309.632	3192.791	3407.990	3312.833	1.075	1.076	1.074
1185	3357.811	3249.100	3465.066	3358.584	1.089	1.091	1.089
1186	3317.312	3164.284	3425.262	3316.280	1.076	1.077	1.076
1187	3322.551	3203.160	3476.690	3326.249	1.079	1.081	1.078
1188	3331.535	3215.645	3464.015	3343.418	1.085	1.086	1.081
1189	3314.959	3252.784	3337.608	3321.954	1.078	1.079	1.075
1190	3323.295	3155.990	3477.439	3352.514	1.088	1.089	1.078
1191	3324.246	3223.799	3410.184	3361.233	1.090	1.092	1.078
1192	3334.005	3255.364	3441.122	3316.630	1.076	1.078	1.082
1193	3333.045	3202.898	3529.807	3311.423	1.074	1.076	1.081
1194	3295.902	3134.987	3470.210	3287.351	1.066	1.068	1.069
1195	3315.407	3122.397	3448.052	3329.634	1.080	1.082	1.075
1196	3344.389	3237.708	3488.073	3323.971	1.078	1.080	1.085
1197	3294.386	3186.411	3405.684	3284.126	1.065	1.067	1.069
1198	3365.597	3222.977	3549.963	3367.450	1.092	1.094	1.092
1199	3309.874	3129.322	3448.966	3313.161	1.075	1.076	1.074
1200	3317.681	3235.871	3405.062	3317.533	1.076	1.078	1.076
1201	3258.337	3208.520	3321.492	3256.549	1.056	1.058	1.057
1202	3322.056	3238.360	3412.922	3315.123	1.075	1.077	1.078
1203	3330.031	3237.753	3508.374	3285.853	1.066	1.068	1.080
1204	3363.212	3206.616	3622.656	3346.660	1.086	1.087	1.091
1205	3351.038	3241.845	3484.209	3356.212	1.089	1.090	1.087
1206	3339.143	3237.941	3442.489	3324.422	1.078	1.080	1.083
1207	3304.792	3223.437	3398.865	3314.056	1.075	1.077	1.072
1208	3290.665	3182.841	3470.804	3276.154	1.063	1.064	1.067
1209	3319.864	3170.038	3477.953	3302.701	1.071	1.073	1.077
1210	3281.116	3153.949	3399.445	3270.364	1.061	1.062	1.064
1211	3309.866	3233.176	3409.597	3303.063	1.071	1.073	1.074
1212	3331.043	3183.520	3523.531	3296.185	1.069	1.071	1.081
1213	3329.362	3172.545	3454.477	3334.243	1.082	1.083	1.080
1214	3332.633	3213.922	3549.153	3339.452	1.083	1.085	1.081
1215	3269.772	3184.669	3352.386	3241.542	1.052	1.053	1.061
1216	3304.331	3222.745	3395.204	3314.098	1.075	1.077	1.072
1217	3339.847	3299.922	3463.565	3325.785	1.079	1.081	1.083
1218	3329.629	3248.897	3430.961	3332.811	1.081	1.083	1.080
1219	3309.579	3201.750	3415.898	3301.880	1.071	1.073	1.074
1220	3311.743	3202.268	3542.186	3256.138	1.056	1.058	1.074
1221	3327.975	3187.794	3464.868	3312.910	1.075	1.076	1.080
1222	3311.449	3184.218	3437.812	3321.273	1.077	1.079	1.074
1223	3303.680	3218.745	3395.271	3292.428	1.068	1.070	1.072
1224	3301.564	3127.120	3510.682	3302.109	1.071	1.073	1.071
1225	3303.662	3161.525	3422.297	3305.813	1.072	1.074	1.072
1226	3340.232	3244.907	3477.773	3337.449	1.083	1.084	1.084
1227	3332.908	3278.353	3403.253	3331.128	1.081	1.082	1.081
1228	3286.800	3214.860	3427.587	3275.108	1.062	1.064	1.066
1229	3308.708	3201.099	3509.259	3303.542	1.072	1.073	1.073
1230	3295.876	3185.036	3463.945	3277.211	1.063	1.065	1.069
1231	3301.992	3216.279	3478.799	3265.498	1.059	1.061	1.071
1232	3303.849	3198.804	3438.867	3314.564	1.075	1.077	1.072
1233	3295.044	3205.455	3389.257	3297.366	1.070	1.071	1.069
1234	3262.543	3191.783	3367.568	3257.696	1.057	1.058	1.058
1235	3257.319	3126.709	3367.422	3261.123	1.058	1.059	1.057
1236	3240.505	3116.826	3421.528	3225.236	1.046	1.048	1.051
1237	3299.025	3161.481	3522.713	3291.555	1.068	1.069	1.070
1238	3324.941	3206.746	3467.958	3326.968	1.079	1.081	1.079
1239	3304.570	3189.902	3426.865	3284.830	1.066	1.067	1.072
1240	3316.771	3234.002	3457.178	3285.244	1.066	1.067	1.076
1241	3354.256	3216.278	3560.971	3307.636	1.073	1.075	1.088
1242	3360.904	3188.156	3594.824	3323.032	1.078	1.080	1.090
1243	3368.195	3175.668	3554.120	3316.369	1.076	1.077	1.093
1244	3332.783	3239.924	3449.310	3308.286	1.073	1.075	1.081
1245	3271.695	3191.365	3346.304	3280.472	1.064	1.066	1.061
1246	3273.177	3165.688	3415.369	3227.401	1.047	1.049	1.062
1247	3287.130	3181.060	3418.310	3265.251	1.059	1.061	1.066
1248	3287.852	3170.482	3403.480	3272.818	1.062	1.063	1.067
1249	3289.034	3152.698	3357.940	3305.533	1.072	1.074	1.067
1250	3297.342	3190.335	3350.949	3305.243	1.072	1.074	1.070
1251	3272.751	3127.751	3399.993	3270.214	1.061	1.062	1.062
1252	3266.887	3150.524	3458.282	3204.493	1.040	1.041	1.060
1253	3314.744	3211.528	3471.831	3281.127	1.064	1.066	1.075
1254	3332.835	3283.460	3416.917	3306.331	1.073	1.074	1.081
1255	3353.823	3258.901	3555.707	3317.063	1.076	1.078	1.088
1256	3314.574	3210.508	3470.435	3321.786	1.078	1.079	1.075
1257	3324.414	3183.265	3435.477	3335.086	1.082	1.084	1.078
1258	3298.806	3202.218	3405.667	3295.347	1.069	1.071	1.070
1259	3318.283	3231.417	3509.398	3315.071	1.075	1.077	1.076
1260	3380.047	3259.686	3440.899	3383.690	1.098	1.099	1.096
1261	3281.563	3189.941	3391.538	3283.359	1.065	1.067	1.065
1262	3299.171	3217.766	3404.282	3291.086	1.068	1.069	1.070
1263	3306.037	3216.985	3367.851	3308.040	1.073	1.075	1.072
1264	3343.476	3201.336	3490.780	3314.942	1.075	1.077	1.085
1265	3345.897	3251.165	3488.056	3335.011	1.082	1.083	1.085
1266	3328.610	3213.716	3401.670	3340.425	1.084	1.085	1.080
1267	3253.551	3135.769	3380.878	3290.312	1.067	1.069	1.055
1268	3308.268	3203.698	3458.886	3314.142	1.075	1.077	1.073
1269	3345.693	3229.224	3505.341	3328.217	1.080	1.081	1.085
1270	3314.086	3226.212	3548.648	3290.311	1.067	1.069	1.075
1271	3353.390	3299.101	3420.056	3344.550	1.085	1.087	1.088
1272	3350.708	3296.161	3429.414	3345.039	1.085	1.087	1.087
1273	3371.692	3286.433	3495.436	3366.051	1.092	1.094	1.094
1274	3345.086	3221.469	3444.638	3365.109	1.092	1.093	1.085
1275	3382.151	3282.077	3495.400	3370.405	1.093	1.095	1.097
1276	3381.178	3307.071	3441.663	3385.759	1.098	1.100	1.097
1277	3344.916	3193.551	3439.610	3350.166	1.087	1.088	1.085
1278	3318.779	3254.246	3375.525	3323.104	1.078	1.080	1.077
1279	3363.085	3314.548	3414.859	3356.070	1.089	1.090	1.091
1280	3374.041	3248.568	3492.693	3374.361	1.095	1.096	1.095
1281	3323.003	3266.624	3443.466	3307.760	1.073	1.075	1.078
1282	3274.539	3168.775	3413.072	3279.909	1.064	1.066	1.062
1283	3363.383	3202.012	3457.198	3390.443	1.100	1.102	1.091
1284	3388.268	3212.389	3544.073	3381.247	1.097	1.099	1.099
1285	3341.530	3230.171	3444.205	3312.857	1.075	1.076	1.084
1286	3340.614	3204.226	3516.262	3341.338	1.084	1.086	1.084
1287	3390.519	3274.488	3565.756	3374.781	1.095	1.096	1.100
1288	3414.957	3334.805	3571.214	3413.707	1.107	1.109	1.108
1289	3370.736	3217.907	3560.321	3343.234	1.085	1.086	1.093
1290	3361.850	3184.208	3517.987	3348.666	1.086	1.088	1.091
1291	3374.926	3273.383	3434.291	3391.512	1.100	1.102	1.095
1292	3394.062	3183.980	3558.885	3412.300	1.107	1.109	1.101
1293	3432.539	3300.901	3581.882	3449.581	1.119	1.121	1.113
1294	3384.611	3244.139	3499.940	3408.223	1.106	1.107	1.098
1295	3407.012	3311.900	3519.050	3405.603	1.105	1.106	1.105
1296	3395.991	3248.935	3500.207	3404.343	1.104	1.106	1.102
1297	3394.047	3199.254	3582.813	3408.208	1.106	1.107	1.101
1298	3420.502	3223.444	3608.259	3409.620	1.106	1.108	1.110
1299	3434.455	3230.218	3646.508	3436.165	1.115	1.116	1.114
1300	3399.329	3275.575	3553.254	3394.063	1.101	1.103	1.103
1301	3325.260	3229.009	3388.668	3337.688	1.083	1.084	1.079
1302	3351.418	3214.046	3505.360	3327.482	1.079	1.081	1.087
1303	3357.596	3233.694	3449.834	3371.427	1.094	1.095	1.089
1304	3324.878	3154.891	3461.514	3299.583	1.070	1.072	1.079
1305	3365.484	3235.265	3445.948	3366.589	1.092	1.094	1.092
1306	3331.140	3163.558	3564.865	3314.909	1.075	1.077	1.081
1307	3339.060	3231.786	3456.275	3360.972	1.090	1.092	1.083
1308	3396.961	3339.014	3510.552	3382.485	1.097	1.099	1.102
1309	3370.287	3148.215	3475.250	3392.155	1.100	1.102	1.093
1310	3398.620	3321.023	3450.117	3401.992	1.104	1.105	1.102
1311	3414.915	3310.286	3514.489	3429.918	1.113	1.114	1.108
1312	3421.305	3317.016	3565.841	3406.536	1.105	1.107	1.110
1313	3375.988	3270.208	3496.407	3381.755	1.097	1.099	1.095
1314	3360.847	3280.423	3451.031	3363.081	1.091	1.093	1.090
1315	3416.633	3317.368	3473.570	3430.209	1.113	1.114	1.108
1316	3420.847	3259.340	3535.065	3453.887	1.120	1.122	1.110
1317	3407.479	3317.898	3550.888	3380.950	1.097	1.098	1.105
1318	3436.132	3232.865	3538.050	3468.273	1.125	1.127	1.115
1319	3422.508	3232.739	3665.307	3410.794	1.106	1.108	1.110
1320	3367.042	3192.183	3507.928	3399.905	1.103	1.105	1.092
1321	3369.775	3266.834	3469.010	3361.912	1.091	1.092	1.093
1322	3391.040	3258.881	3615.097	3375.971	1.095	1.097	1.100
1323	3367.921	3269.863	3477.832	3359.029	1.090	1.091	1.093
1324	3361.285	3243.930	3457.108	3372.150	1.094	1.096	1.090
1325	3368.480	3235.272	3480.127	3359.957	1.090	1.092	1.093
1326	3380.042	3235.207	3570.015	3349.004	1.086	1.088	1.096
1327	3377.269	3244.112	3504.520	3387.303	1.099	1.100	1.096
1328	3354.080	3192.580	3475.834	3414.010	1.107	1.109	1.088
1329	3326.257	3193.712	3506.906	3291.408	1.068	1.069	1.079
1330	3340.256	3235.079	3486.619	3322.056	1.078	1.079	1.084
1331	3363.032	3261.309	3488.453	3349.925	1.087	1.088	1.091
1332	3376.469	3312.966	3465.763	3359.974	1.090	1.092	1.095
1333	3401.284	3315.500	3528.213	3396.107	1.102	1.103	1.103
1334	3444.601	3265.184	3545.027	3451.112	1.120	1.121	1.117
1335	3434.817	3284.970	3616.137	3423.784	1.111	1.112	1.114
1336	3449.129	3329.216	3600.801	3420.388	1.110	1.111	1.119
1337	3417.801	3230.757	3556.287	3422.796	1.110	1.112	1.109
1338	3395.155	3317.253	3546.244	3383.443	1.098	1.099	1.101
1339	3447.794	3309.822	3556.441	3451.259	1.120	1.121	1.118
1340	3451.326	3322.368	3671.198	3458.367	1.122	1.124	1.120
1341	3419.842	3288.578	3509.240	3440.800	1.116	1.118	1.109
1342	3477.241	3404.010	3558.160	3476.009	1.128	1.129	1.128
1343	3464.083	3353.742	3635.806	3447.376	1.118	1.120	1.124
1344	3457.793	3244.876	3607.221	3476.583	1.128	1.129	1.122
1345	3460.261	3324.764	3610.523	3466.229	1.124	1.126	1.122
1346	3432.336	3278.656	3648.919	3447.486	1.118	1.120	1.113
1347	3470.075	3288.551	3605.858	3487.652	1.131	1.133	1.126
1348	3512.563	3362.677	3660.909	3489.148	1.132	1.134	1.139
1349	3474.201	3365.657	3569.074	3506.073	1.137	1.139	1.127
1350	3478.210	3396.588	3623.941	3461.622	1.123	1.125	1.128
1351	3476.448	3374.029	3589.171	3468.500	1.125	1.127	1.128
1352	3465.744	3302.698	3605.331	3450.175	1.119	1.121	1.124
1353	3463.701	3251.270	3618.480	3454.258	1.121	1.122	1.124
1354	3440.414	3302.884	3567.721	3431.390	1.113	1.115	1.116
1355	3430.621	3318.638	3584.483	3406.607	1.105	1.107	1.113
1356	3455.626	3347.226	3574.592	3459.845	1.122	1.124	1.121
1357	3453.589	3388.150	3544.425	3447.890	1.118	1.120	1.120
1358	3474.352	3312.667	3620.621	3467.715	1.125	1.127	1.127
1359	3458.924	3309.589	3762.275	3416.486	1.108	1.110	1.122
1360	3439.173	3301.328	3548.995	3446.739	1.118	1.120	1.116
1361	3435.529	3264.783	3567.672	3456.807	1.121	1.123	1.114
1362	3429.067	3276.024	3651.866	3406.371	1.105	1.107	1.112
1363	3440.371	3308.368	3569.168	3414.019	1.107	1.109	1.116
1364	3486.728	3364.166	3592.357	3506.096	1.137	1.139	1.131
1365	3463.433	3347.391	3580.212	3464.063	1.124	1.125	1.124
1366	3454.566	3378.168	3625.178	3432.485	1.113	1.115	1.121
1367	3431.427	3344.008	3524.091	3427.751	1.112	1.114	1.113
1368	3432.061	3339.733	3541.253	3440.410	1.116	1.118	1.113
1369	3465.010	3358.023	3589.643	3451.348	1.120	1.121	1.124
1370	3418.961	3304.684	3554.158	3421.355	1.110	1.112	1.109
1371	3505.504	3296.075	3636.967	3538.490	1.148	1.150	1.137
1372	3500.908	3346.621	3654.016	3503.253	1.136	1.138	1.136
1373	3523.073	3325.387	3696.284	3517.759	1.141	1.143	1.143
1374	3512.587	3339.021	3741.640	3484.322	1.130	1.132	1.139
1375	3491.981	3300.520	3683.986	3495.976	1.134	1.136	1.133
1376	3488.477	3230.700	3706.633	3485.170	1.131	1.132	1.132
1377	3469.639	3230.679	3684.987	3404.267	1.104	1.106	1.126
1378	3504.794	3188.697	3796.666	3578.290	1.161	1.163	1.137
1379	3480.255	3233.103	3622.808	3554.579	1.153	1.155	1.129
1380	3452.877	3300.485	3588.420	3431.405	1.113	1.115	1.120
1381	3463.229	3297.094	3595.584	3461.755	1.123	1.125	1.123
1382	3475.289	3373.291	3638.996	3456.651	1.121	1.123	1.127
1383	3422.837	3280.951	3558.729	3434.740	1.114	1.116	1.110
1384	3430.471	3282.304	3589.740	3444.651	1.117	1.119	1.113
1385	3393.824	3266.737	3551.509	3394.710	1.101	1.103	1.101
1386	3345.654	3157.394	3478.845	3359.646	1.090	1.092	1.085
1387	3356.768	3214.945	3469.638	3385.312	1.098	1.100	1.089
1388	3374.982	3275.456	3516.395	3355.226	1.088	1.090	1.095
1389	3419.306	3262.770	3565.952	3445.235	1.118	1.119	1.109
1390	3376.481	3237.759	3500.626	3367.598	1.092	1.094	1.095
1391	3325.372	3206.485	3418.457	3331.164	1.081	1.082	1.079
1392	3329.676	3249.371	3443.512	3319.835	1.077	1.079	1.080
1393	3380.773	3231.080	3474.056	3398.106	1.102	1.104	1.097
1394	3325.065	3270.757	3422.210	3302.321	1.071	1.073	1.079
1395	3364.129	3299.174	3429.907	3359.657	1.090	1.092	1.091
1396	3378.436	3298.360	3478.088	3379.551	1.096	1.098	1.096
1397	3362.280	3272.668	3444.253	3360.855	1.090	1.092	1.091
1398	3365.865	3278.209	3500.740	3365.038	1.092	1.093	1.092
1399	3355.672	3242.118	3435.669	3363.856	1.091	1.093	1.089
1400	3376.708	3232.546	3466.243	3385.630	1.098	1.100	1.095
1401	3381.239	3306.887	3451.398	3388.610	1.099	1.101	1.097
1402	3379.683	3306.047	3467.237	3371.790	1.094	1.095	1.096
1403	3389.150	3319.146	3512.596	3383.171	1.097	1.099	1.099
1404	3352.755	3165.354	3483.911	3359.507	1.090	1.091	1.088
1405	3375.997	3321.528	3505.896	3354.619	1.088	1.090	1.095
1406	3342.716	3242.672	3410.578	3351.799	1.087	1.089	1.084
1407	3361.362	3222.857	3540.858	3353.743	1.088	1.090	1.090
1408	3371.002	3233.689	3520.403	3368.124	1.093	1.094	1.094
1409	3389.090	3248.177	3491.559	3412.709	1.107	1.109	1.099
1410	3354.536	3259.212	3517.845	3340.470	1.084	1.085	1.088
1411	3317.600	3233.129	3399.977	3320.628	1.077	1.079	1.076
1412	3393.252	3328.025	3489.239	3380.910	1.097	1.098	1.101
1413	3338.687	3270.246	3460.722	3331.564	1.081	1.082	1.083
1414	3349.527	3294.165	3483.574	3321.039	1.077	1.079	1.087
1415	3385.363	3299.046	3493.902	3369.970	1.093	1.095	1.098
1416	3324.125	3238.880	3413.877	3329.740	1.080	1.082	1.078
1417	3355.409	3257.144	3505.785	3332.996	1.081	1.083	1.088
1418	3363.283	3264.135	3461.884	3360.168	1.090	1.092	1.091
1419	3364.764	3248.857	3490.794	3351.674	1.087	1.089	1.091
1420	3336.088	3220.838	3442.663	3332.840	1.081	1.083	1.082
1421	3340.094	3201.053	3496.844	3316.562	1.076	1.078	1.083
1422	3344.500	3193.435	3502.292	3341.683	1.084	1.086	1.085
1423	3350.567	3274.452	3491.644	3342.740	1.084	1.086	1.087
1424	3378.493	3279.811	3482.670	3376.313	1.095	1.097	1.096
1425	3400.188	3281.885	3583.268	3383.059	1.097	1.099	1.103
1426	3421.500	3314.111	3552.737	3411.527	1.107	1.108	1.110
1427	3423.607	3267.708	3516.275	3455.001	1.121	1.122	1.111
1428	3410.271	3223.828	3578.361	3403.115	1.104	1.106	1.106
1429	3399.548	3267.600	3570.524	3396.172	1.102	1.103	1.103
1430	3322.588	3224.522	3396.258	3335.107	1.082	1.084	1.078
1431	3354.771	3260.591	3431.669	3360.389	1.090	1.092	1.088
1432	3401.734	3322.819	3482.130	3395.636	1.102	1.103	1.103
1433	3380.700	3273.971	3421.262	3394.365	1.101	1.103	1.097
1434	3382.109	3290.470	3466.770	3381.338	1.097	1.099	1.097
1435	3355.822	3230.927	3477.898	3353.747	1.088	1.090	1.089
1436	3352.596	3289.135	3433.077	3352.859	1.088	1.089	1.088
1437	3375.617	3328.861	3457.706	3356.852	1.089	1.091	1.095
1438	3325.424	3258.652	3410.297	3314.890	1.075	1.077	1.079
1439	3305.257	3150.276	3410.074	3295.140	1.069	1.071	1.072
1440	3346.031	3248.891	3433.482	3333.159	1.081	1.083	1.085
1441	3387.147	3153.834	3558.208	3359.628	1.090	1.091	1.099
1442	3343.127	3264.997	3439.771	3330.628	1.080	1.082	1.084
1443	3366.979	3316.049	3418.667	3363.928	1.091	1.093	1.092
1444	3351.710	3262.554	3420.609	3353.107	1.088	1.089	1.087
1445	3357.581	3262.784	3458.616	3349.105	1.086	1.088	1.089
1446	3362.294	3260.897	3516.133	3340.882	1.084	1.085	1.091
1447	3297.907	3189.712	3385.665	3288.916	1.067	1.069	1.070
1448	3336.866	3242.420	3415.822	3331.520	1.081	1.082	1.082
1449	3339.056	3233.676	3486.352	3337.590	1.083	1.084	1.083
1450	3339.298	3194.604	3445.182	3350.972	1.087	1.089	1.083
1451	3379.852	3242.214	3488.657	3397.999	1.102	1.104	1.096
1452	3330.813	3188.950	3457.188	3310.014	1.074	1.075	1.080
1453	3324.558	3220.055	3512.729	3298.662	1.070	1.072	1.078
1454	3324.448	3201.007	3450.007	3317.552	1.076	1.078	1.078
1455	3375.933	3196.184	3521.332	3362.707	1.091	1.092	1.095
1456	3348.014	3241.602	3452.169	3347.165	1.086	1.087	1.086
1457	3317.935	3193.490	3437.073	3329.684	1.080	1.082	1.076
1458	3303.656	3226.007	3422.410	3292.860	1.068	1.070	1.072
1459	3311.773	3247.281	3359.682	3315.140	1.075	1.077	1.074
1460	3351.872	3215.645	3470.057	3352.195	1.087	1.089	1.087
1461	3339.544	3241.237	3491.287	3346.800	1.086	1.087	1.083
1462	3336.728	3212.905	3489.888	3335.134	1.082	1.084	1.082
1463	3304.990	3143.150	3427.825	3293.273	1.068	1.070	1.072
1464	3289.929	3185.669	3473.700	3290.087	1.067	1.069	1.067
1465	3341.501	3242.087	3466.447	3336.914	1.082	1.084	1.084
1466	3346.405	3226.207	3522.757	3346.563	1.086	1.087	1.086
1467	3303.964	3200.742	3524.692	3283.871	1.065	1.067	1.072
1468	3336.416	3225.537	3466.511	3354.669	1.088	1.090	1.082
1469	3334.884	3236.049	3420.592	3335.985	1.082	1.084	1.082
1470	3357.554	3267.856	3441.408	3355.485	1.088	1.090	1.089
1471	3341.120	3222.075	3458.666	3350.490	1.087	1.089	1.084
1472	3357.822	3263.883	3444.107	3346.007	1.085	1.087	1.089
1473	3374.217	3296.694	3593.159	3351.005	1.087	1.089	1.095
1474	3334.966	3223.927	3509.232	3312.669	1.075	1.076	1.082
1475	3373.265	3235.756	3523.870	3360.338	1.090	1.092	1.094
1476	3322.668	3223.308	3531.432	3278.298	1.063	1.065	1.078
1477	3325.615	3209.757	3427.018	3332.752	1.081	1.083	1.079
1478	3325.751	3241.948	3399.329	3330.267	1.080	1.082	1.079
1479	3326.778	3265.021	3375.665	3329.687	1.080	1.082	1.079
1480	3351.007	3302.808	3453.248	3351.457	1.087	1.089	1.087
1481	3329.233	3255.455	3382.224	3328.222	1.080	1.081	1.080
