 	Mean	Min	Max	Median	Max_to_bgmean	Median_to_bgmedian	Mean_to_bgmean
1	3468.911	3275.892	3618.107	3503.273	1.079	1.081	1.068
2	3505.743	3241.899	3672.347	3545.266	1.092	1.094	1.080
3	3499.400	3300.578	3678.210	3502.955	1.079	1.081	1.078
4	3513.109	3359.842	3679.986	3525.087	1.086	1.088	1.082
5	3544.506	3317.415	3792.881	3576.092	1.101	1.104	1.092
6	3527.496	3364.012	3686.462	3496.886	1.077	1.079	1.086
7	3523.491	3391.966	3638.793	3512.697	1.082	1.084	1.085
8	3526.107	3429.216	3634.280	3546.487	1.092	1.095	1.086
9	3558.090	3408.920	3685.158	3579.479	1.102	1.105	1.096
10	3560.768	3348.922	3720.983	3583.196	1.103	1.106	1.097
11	3518.352	3288.546	3681.143	3542.383	1.091	1.093	1.084
12	3510.786	3286.690	3783.797	3485.470	1.073	1.076	1.081
13	3573.943	3312.088	3999.787	3550.272	1.093	1.096	1.101
14	3609.548	3298.177	3955.389	3639.549	1.121	1.123	1.112
15	3578.059	3344.387	3758.322	3636.870	1.120	1.122	1.102
16	3524.526	3284.535	3753.963	3552.828	1.094	1.097	1.085
17	3533.358	3233.594	3740.871	3607.463	1.111	1.113	1.088
18	3566.717	3276.288	3757.368	3627.804	1.117	1.120	1.098
19	3543.756	3309.721	3769.231	3561.822	1.097	1.099	1.091
20	3504.552	3247.979	3730.283	3544.407	1.092	1.094	1.079
21	3534.959	3297.816	3734.056	3536.062	1.089	1.091	1.089
22	3516.090	3319.548	3716.721	3507.763	1.080	1.083	1.083
23	3552.328	3282.573	3759.830	3584.686	1.104	1.106	1.094
24	3632.685	3337.128	3751.727	3681.920	1.134	1.136	1.119
25	3599.584	3402.178	3714.222	3619.340	1.115	1.117	1.109
26	3544.520	3299.784	3626.624	3560.652	1.097	1.099	1.092
27	3538.302	3268.847	3631.157	3579.767	1.102	1.105	1.090
28	3562.604	3294.495	3673.009	3582.918	1.103	1.106	1.097
29	3588.817	3330.054	3725.518	3617.095	1.114	1.116	1.105
30	3607.870	3367.706	3853.676	3646.848	1.123	1.126	1.111
31	3574.124	3379.024	3755.507	3589.999	1.106	1.108	1.101
32	3644.161	3334.297	3748.074	3708.049	1.142	1.144	1.122
33	3673.117	3320.421	3854.382	3742.637	1.153	1.155	1.131
34	3658.204	3348.850	3925.760	3654.512	1.125	1.128	1.127
35	3662.535	3354.446	3892.994	3716.885	1.145	1.147	1.128
36	3655.908	3376.714	3862.381	3695.250	1.138	1.141	1.126
37	3667.179	3366.894	3888.707	3688.316	1.136	1.138	1.129
38	3664.073	3345.976	3902.407	3662.656	1.128	1.130	1.128
39	3652.786	3310.760	3834.127	3707.763	1.142	1.144	1.125
40	3617.726	3329.382	3740.035	3649.304	1.124	1.126	1.114
41	3667.845	3380.543	3917.062	3673.937	1.131	1.134	1.130
42	3612.675	3442.304	3813.571	3594.711	1.107	1.109	1.113
43	3578.867	3350.073	3773.547	3579.732	1.102	1.105	1.102
44	3553.628	3479.010	3648.067	3555.346	1.095	1.097	1.094
45	3524.994	3437.123	3627.181	3518.208	1.083	1.086	1.086
46	3520.571	3404.739	3603.686	3527.038	1.086	1.089	1.084
47	3475.935	3368.843	3544.436	3497.664	1.077	1.080	1.070
48	3467.262	3438.043	3518.556	3454.248	1.064	1.066	1.068
49	3458.674	3323.932	3543.422	3446.708	1.061	1.064	1.065
50	3523.634	3400.028	3671.819	3479.451	1.072	1.074	1.085
51	3587.106	3482.260	3726.461	3553.754	1.094	1.097	1.105
52	3556.582	3401.806	3652.220	3560.366	1.096	1.099	1.095
53	3645.022	3448.185	3803.618	3641.748	1.122	1.124	1.123
54	3645.694	3436.335	3862.275	3612.576	1.113	1.115	1.123
55	3619.400	3411.728	3783.263	3620.514	1.115	1.117	1.115
56	3608.031	3438.868	3769.140	3572.918	1.100	1.103	1.111
57	3566.444	3393.898	3721.915	3553.173	1.094	1.097	1.098
58	3553.656	3409.329	3780.297	3559.120	1.096	1.098	1.094
59	3562.290	3424.187	3765.078	3511.380	1.081	1.084	1.097
60	3593.586	3510.819	3684.447	3603.347	1.110	1.112	1.107
61	3575.754	3497.569	3697.873	3591.234	1.106	1.108	1.101
62	3554.584	3412.969	3676.534	3551.526	1.094	1.096	1.095
63	3591.793	3405.198	3767.140	3583.039	1.103	1.106	1.106
64	3585.185	3480.728	3669.779	3593.565	1.107	1.109	1.104
65	3511.789	3354.796	3584.863	3518.576	1.084	1.086	1.082
66	3549.349	3435.675	3643.957	3543.147	1.091	1.094	1.093
67	3566.288	3476.223	3717.188	3545.764	1.092	1.094	1.098
68	3580.503	3506.082	3685.185	3562.933	1.097	1.100	1.103
69	3564.546	3424.534	3678.954	3567.528	1.099	1.101	1.098
70	3557.997	3386.242	3681.935	3556.606	1.095	1.098	1.096
71	3548.297	3406.644	3689.888	3548.353	1.093	1.095	1.093
72	3538.481	3333.750	3649.375	3570.127	1.099	1.102	1.090
73	3568.347	3448.182	3717.021	3583.976	1.104	1.106	1.099
74	3550.723	3438.623	3681.622	3519.825	1.084	1.086	1.093
75	3556.478	3429.737	3655.909	3573.618	1.101	1.103	1.095
76	3618.375	3378.967	3721.321	3648.688	1.124	1.126	1.114
77	3603.987	3395.890	3721.650	3637.519	1.120	1.123	1.110
78	3614.035	3435.950	3724.505	3631.628	1.118	1.121	1.113
79	3605.834	3487.181	3701.527	3596.648	1.108	1.110	1.110
80	3640.559	3433.706	3808.397	3661.173	1.128	1.130	1.121
81	3672.152	3411.639	3881.320	3683.760	1.134	1.137	1.131
82	3734.677	3464.300	3983.023	3753.912	1.156	1.159	1.150
83	3679.555	3480.033	3931.159	3639.669	1.121	1.123	1.133
84	3662.580	3485.343	3844.483	3666.343	1.129	1.132	1.128
85	3600.157	3367.613	3806.432	3608.328	1.111	1.114	1.109
86	3515.744	3342.601	3636.467	3538.426	1.090	1.092	1.083
87	3523.086	3410.613	3600.447	3531.764	1.088	1.090	1.085
88	3511.012	3415.719	3678.593	3505.951	1.080	1.082	1.081
89	3500.681	3401.825	3702.880	3487.503	1.074	1.076	1.078
90	3529.922	3435.154	3643.462	3530.425	1.087	1.090	1.087
91	3583.154	3438.019	3773.295	3556.235	1.095	1.098	1.103
92	3548.531	3418.881	3699.785	3546.264	1.092	1.095	1.093
93	3530.727	3405.545	3697.968	3512.791	1.082	1.084	1.087
94	3563.264	3504.228	3626.730	3565.978	1.098	1.101	1.097
95	3598.300	3435.021	3681.792	3613.800	1.113	1.115	1.108
96	3565.233	3419.827	3667.444	3564.410	1.098	1.100	1.098
97	3578.947	3470.240	3645.563	3587.133	1.105	1.107	1.102
98	3542.026	3397.606	3638.419	3554.955	1.095	1.097	1.091
99	3585.326	3408.308	3792.245	3555.941	1.095	1.098	1.104
100	3583.110	3415.091	3732.453	3568.953	1.099	1.102	1.103
101	3548.389	3465.926	3655.753	3552.017	1.094	1.096	1.093
102	3588.198	3450.109	3727.592	3607.128	1.111	1.113	1.105
103	3593.843	3459.827	3679.995	3598.016	1.108	1.110	1.107
104	3594.877	3465.565	3699.946	3614.184	1.113	1.115	1.107
105	3625.501	3500.257	3741.334	3621.150	1.115	1.118	1.117
106	3605.679	3492.574	3699.508	3592.739	1.106	1.109	1.110
107	3623.443	3441.663	3755.213	3636.041	1.120	1.122	1.116
108	3646.988	3374.296	3771.867	3657.508	1.126	1.129	1.123
109	3636.901	3456.127	3705.079	3663.292	1.128	1.131	1.120
110	3661.788	3373.626	3861.535	3680.297	1.133	1.136	1.128
111	3669.744	3381.212	3895.537	3670.581	1.130	1.133	1.130
112	3692.484	3367.862	3845.268	3699.440	1.139	1.142	1.137
113	3659.546	3404.253	3856.995	3634.678	1.119	1.122	1.127
114	3645.643	3403.216	3896.327	3680.253	1.133	1.136	1.123
115	3623.783	3411.788	3830.953	3665.249	1.129	1.131	1.116
116	3613.181	3423.095	3824.288	3615.568	1.113	1.116	1.113
117	3613.774	3365.447	3845.752	3620.370	1.115	1.117	1.113
118	3632.516	3259.527	3992.055	3618.060	1.114	1.117	1.119
119	3609.512	3200.559	3921.729	3604.268	1.110	1.112	1.112
120	3599.767	3204.562	3961.154	3641.942	1.122	1.124	1.109
121	3621.929	3280.980	4014.720	3669.500	1.130	1.133	1.115
122	3601.007	3231.987	4018.617	3559.783	1.096	1.099	1.109
123	3612.332	3258.424	4050.115	3601.140	1.109	1.111	1.112
124	3553.205	3202.224	3928.659	3506.643	1.080	1.082	1.094
125	3545.264	3208.176	3825.041	3560.648	1.097	1.099	1.092
126	3502.215	3236.044	3770.195	3446.748	1.061	1.064	1.079
127	3506.211	3213.314	3825.101	3414.816	1.052	1.054	1.080
128	3568.950	3228.189	3890.899	3585.193	1.104	1.107	1.099
129	3586.056	3274.360	3856.876	3576.362	1.101	1.104	1.104
130	3620.485	3307.571	3968.950	3657.499	1.126	1.129	1.115
131	3606.787	3255.889	3794.928	3664.308	1.128	1.131	1.111
132	3663.412	3376.745	3815.547	3734.865	1.150	1.153	1.128
133	3703.887	3323.589	3878.696	3770.173	1.161	1.164	1.141
134	3696.144	3366.740	3880.155	3735.839	1.151	1.153	1.138
135	3706.544	3425.569	3901.493	3730.827	1.149	1.151	1.141
136	3628.521	3314.294	3864.937	3627.362	1.117	1.120	1.117
137	3661.734	3462.387	3881.052	3654.000	1.125	1.128	1.128
138	3739.779	3538.809	4015.980	3691.057	1.137	1.139	1.152
139	3740.917	3565.359	3995.145	3744.452	1.153	1.156	1.152
140	3663.075	3462.522	3883.635	3626.129	1.117	1.119	1.128
141	3628.441	3357.404	3873.421	3575.297	1.101	1.103	1.117
142	3610.398	3461.894	3834.609	3573.297	1.100	1.103	1.112
143	3608.325	3372.634	3926.191	3567.767	1.099	1.101	1.111
144	3648.530	3425.127	3811.591	3632.119	1.119	1.121	1.124
145	3651.761	3470.781	3830.730	3659.288	1.127	1.129	1.125
146	3676.914	3450.152	3901.674	3650.122	1.124	1.127	1.132
147	3704.232	3417.336	3921.791	3750.479	1.155	1.158	1.141
148	3729.844	3486.664	3907.373	3717.679	1.145	1.147	1.149
149	3752.135	3600.891	3858.198	3765.106	1.160	1.162	1.156
150	3702.477	3490.140	3882.447	3714.921	1.144	1.147	1.140
151	3602.728	3429.845	3795.365	3581.576	1.103	1.105	1.110
152	3648.721	3547.367	3727.486	3656.304	1.126	1.128	1.124
153	3639.939	3520.212	3768.917	3652.064	1.125	1.127	1.121
154	3666.869	3460.570	3879.401	3709.368	1.142	1.145	1.129
155	3679.808	3454.574	3897.166	3684.455	1.135	1.137	1.133
156	3699.165	3462.539	4018.772	3726.083	1.147	1.150	1.139
157	3690.304	3488.715	3889.983	3723.374	1.147	1.149	1.136
158	3607.644	3482.426	3720.341	3620.141	1.115	1.117	1.111
159	3555.030	3372.054	3688.053	3574.570	1.101	1.103	1.095
160	3537.518	3422.576	3763.070	3521.348	1.084	1.087	1.089
161	3539.025	3410.256	3733.674	3544.097	1.091	1.094	1.090
162	3531.064	3407.268	3664.244	3536.713	1.089	1.092	1.087
163	3537.565	3334.614	3786.145	3527.760	1.086	1.089	1.089
164	3523.538	3365.997	3684.915	3522.008	1.085	1.087	1.085
165	3468.766	3364.616	3582.415	3443.958	1.061	1.063	1.068
166	3478.552	3331.903	3563.426	3496.018	1.077	1.079	1.071
167	3556.170	3359.116	3751.192	3597.007	1.108	1.110	1.095
168	3568.744	3362.300	3800.188	3555.048	1.095	1.097	1.099
169	3536.035	3441.128	3703.271	3523.816	1.085	1.088	1.089
170	3490.546	3365.234	3696.257	3488.566	1.074	1.077	1.075
171	3532.965	3427.902	3654.950	3512.083	1.082	1.084	1.088
172	3521.300	3379.560	3670.477	3506.574	1.080	1.082	1.084
173	3515.117	3347.937	3769.336	3478.652	1.071	1.074	1.083
174	3512.621	3321.741	3705.316	3482.496	1.072	1.075	1.082
175	3529.295	3429.528	3745.383	3508.980	1.081	1.083	1.087
176	3546.846	3365.335	3786.289	3543.313	1.091	1.094	1.092
177	3582.354	3314.377	3818.013	3620.280	1.115	1.117	1.103
178	3577.997	3380.938	3776.450	3525.835	1.086	1.088	1.102
179	3523.840	3296.254	3776.888	3495.734	1.077	1.079	1.085
180	3489.974	3310.526	3647.010	3506.287	1.080	1.082	1.075
181	3488.588	3290.452	3638.321	3524.207	1.085	1.088	1.074
182	3468.198	3307.128	3603.004	3503.864	1.079	1.081	1.068
183	3484.256	3307.340	3581.606	3502.910	1.079	1.081	1.073
184	3481.939	3330.427	3648.389	3461.109	1.066	1.068	1.072
185	3530.738	3362.855	3784.871	3465.496	1.067	1.070	1.087
186	3559.319	3380.503	3887.953	3488.643	1.074	1.077	1.096
187	3529.340	3345.520	3821.461	3505.615	1.080	1.082	1.087
188	3488.645	3276.979	3718.195	3464.548	1.067	1.069	1.074
189	3527.010	3353.197	3756.016	3507.742	1.080	1.083	1.086
190	3526.440	3270.425	3789.830	3584.213	1.104	1.106	1.086
191	3553.395	3400.242	3700.159	3569.317	1.099	1.102	1.094
192	3566.350	3362.893	3707.476	3608.477	1.111	1.114	1.098
193	3566.931	3417.806	3718.433	3577.276	1.102	1.104	1.098
194	3489.070	3371.345	3667.881	3460.564	1.066	1.068	1.075
195	3478.734	3366.041	3613.950	3441.909	1.060	1.062	1.071
196	3523.547	3399.148	3596.356	3553.288	1.094	1.097	1.085
197	3512.785	3303.842	3663.041	3507.803	1.080	1.083	1.082
198	3483.411	3262.492	3709.718	3472.692	1.069	1.072	1.073
199	3461.181	3295.652	3617.745	3487.922	1.074	1.077	1.066
200	3467.398	3328.073	3585.561	3498.161	1.077	1.080	1.068
201	3435.648	3343.562	3576.074	3441.931	1.060	1.062	1.058
202	3413.014	3362.154	3443.380	3421.344	1.054	1.056	1.051
203	3431.219	3305.709	3619.147	3430.463	1.056	1.059	1.057
204	3419.290	3203.826	3604.856	3443.571	1.060	1.063	1.053
205	3396.017	3173.847	3517.759	3450.703	1.063	1.065	1.046
206	3430.420	3282.423	3576.301	3423.251	1.054	1.057	1.056
207	3436.086	3267.379	3642.629	3426.989	1.055	1.058	1.058
208	3422.401	3283.360	3543.810	3435.975	1.058	1.060	1.054
209	3403.253	3253.307	3528.796	3418.241	1.053	1.055	1.048
210	3443.168	3345.260	3497.653	3454.236	1.064	1.066	1.060
211	3461.958	3319.832	3552.805	3497.859	1.077	1.080	1.066
212	3464.235	3346.199	3567.996	3482.936	1.073	1.075	1.067
213	3387.416	3309.333	3505.463	3386.027	1.043	1.045	1.043
214	3417.200	3356.125	3518.033	3410.997	1.050	1.053	1.052
215	3428.013	3279.700	3489.191	3450.233	1.063	1.065	1.056
216	3373.925	3251.103	3461.570	3386.555	1.043	1.045	1.039
217	3406.992	3314.051	3485.820	3424.440	1.055	1.057	1.049
218	3442.912	3342.333	3521.679	3445.124	1.061	1.063	1.060
219	3396.787	3340.177	3498.976	3386.102	1.043	1.045	1.046
220	3403.320	3307.290	3485.436	3405.633	1.049	1.051	1.048
221	3420.151	3357.658	3508.353	3411.305	1.051	1.053	1.053
222	3453.080	3334.340	3568.234	3459.825	1.066	1.068	1.063
223	3452.043	3241.882	3559.386	3469.928	1.069	1.071	1.063
224	3416.366	3281.185	3487.722	3438.085	1.059	1.061	1.052
225	3437.986	3273.846	3554.048	3450.651	1.063	1.065	1.059
226	3436.771	3328.101	3528.195	3448.411	1.062	1.064	1.058
227	3379.804	3272.298	3476.073	3390.544	1.044	1.046	1.041
228	3364.688	3240.353	3486.148	3359.040	1.034	1.037	1.036
229	3388.471	3278.655	3501.867	3406.845	1.049	1.051	1.044
230	3377.025	3269.463	3479.231	3370.084	1.038	1.040	1.040
231	3365.751	3212.277	3469.074	3372.571	1.039	1.041	1.037
232	3309.288	3176.572	3368.196	3326.461	1.024	1.027	1.019
233	3363.992	3249.276	3501.158	3356.536	1.034	1.036	1.036
234	3387.608	3311.820	3453.675	3385.613	1.043	1.045	1.043
235	3354.783	3238.466	3441.146	3364.650	1.036	1.038	1.033
236	3395.488	3274.527	3518.120	3401.244	1.047	1.050	1.046
237	3386.992	3255.723	3533.064	3356.002	1.034	1.036	1.043
238	3393.284	3310.481	3495.178	3381.842	1.041	1.044	1.045
239	3376.999	3223.737	3466.967	3388.477	1.044	1.046	1.040
240	3382.757	3312.986	3462.001	3375.177	1.039	1.042	1.042
241	3326.917	3238.527	3395.419	3320.466	1.023	1.025	1.025
242	3352.278	3232.341	3451.282	3362.083	1.035	1.038	1.032
243	3361.743	3302.071	3425.706	3353.865	1.033	1.035	1.035
244	3353.842	3229.720	3485.232	3351.863	1.032	1.035	1.033
245	3335.357	3224.505	3427.231	3349.175	1.031	1.034	1.027
246	3353.017	3301.519	3508.709	3342.564	1.029	1.032	1.033
247	3347.663	3244.011	3432.603	3356.494	1.034	1.036	1.031
248	3332.895	3244.384	3414.369	3326.941	1.025	1.027	1.026
249	3281.705	3152.797	3371.768	3294.188	1.014	1.017	1.011
250	3357.471	3260.908	3464.807	3343.175	1.030	1.032	1.034
251	3347.691	3215.357	3433.011	3352.055	1.032	1.035	1.031
252	3319.751	3252.915	3358.445	3316.990	1.022	1.024	1.022
253	3356.932	3244.753	3423.839	3362.362	1.035	1.038	1.034
254	3363.581	3305.833	3459.939	3351.021	1.032	1.034	1.036
255	3358.201	3219.963	3480.920	3345.441	1.030	1.033	1.034
256	3365.827	3239.555	3449.074	3370.844	1.038	1.040	1.037
257	3311.167	3246.569	3391.233	3305.068	1.018	1.020	1.020
258	3350.388	3260.673	3392.921	3361.997	1.035	1.038	1.032
259	3325.147	3259.437	3387.276	3328.625	1.025	1.027	1.024
260	3343.504	3194.384	3466.960	3355.693	1.033	1.036	1.030
261	3394.534	3274.927	3447.104	3416.901	1.052	1.055	1.045
262	3376.007	3264.583	3447.179	3392.439	1.045	1.047	1.040
263	3343.568	3239.986	3492.610	3352.020	1.032	1.035	1.030
264	3383.911	3218.430	3536.227	3370.672	1.038	1.040	1.042
265	3358.803	3237.560	3488.967	3337.823	1.028	1.030	1.034
266	3347.342	3267.633	3440.917	3350.695	1.032	1.034	1.031
267	3365.609	3272.240	3503.810	3357.494	1.034	1.036	1.036
268	3368.032	3254.865	3454.674	3412.101	1.051	1.053	1.037
269	3336.868	3219.027	3466.635	3334.346	1.027	1.029	1.028
270	3406.176	3251.542	3576.192	3439.326	1.059	1.062	1.049
271	3365.271	3171.568	3528.653	3364.731	1.036	1.038	1.036
272	3405.015	3159.286	3713.719	3384.716	1.042	1.045	1.049
273	3358.058	3198.823	3612.981	3309.667	1.019	1.022	1.034
274	3344.750	3180.172	3501.857	3305.375	1.018	1.020	1.030
275	3343.114	3186.891	3529.013	3329.977	1.026	1.028	1.030
276	3364.716	3178.700	3501.326	3404.258	1.048	1.051	1.036
277	3306.753	3183.933	3435.495	3315.690	1.021	1.023	1.018
278	3342.024	3186.292	3530.513	3347.509	1.031	1.033	1.029
279	3312.769	3239.729	3427.231	3300.274	1.016	1.019	1.020
280	3352.326	3239.840	3569.418	3309.651	1.019	1.021	1.032
281	3311.535	3175.351	3516.284	3271.411	1.007	1.010	1.020
282	3293.030	3175.254	3467.280	3271.686	1.008	1.010	1.014
283	3300.439	3123.885	3458.085	3302.592	1.017	1.019	1.016
284	3279.293	3135.635	3403.300	3287.241	1.012	1.015	1.010
285	3336.465	3242.674	3441.536	3348.869	1.031	1.034	1.028
286	3346.076	3216.347	3432.289	3357.962	1.034	1.036	1.030
287	3356.956	3236.893	3480.571	3334.158	1.027	1.029	1.034
288	3369.539	3295.916	3414.415	3370.646	1.038	1.040	1.038
289	3351.662	3270.102	3412.651	3353.122	1.033	1.035	1.032
290	3338.633	3244.332	3442.389	3324.440	1.024	1.026	1.028
291	3317.599	3211.591	3427.295	3322.777	1.023	1.026	1.022
292	3326.302	3187.893	3465.934	3332.995	1.026	1.029	1.024
293	3271.258	3194.609	3313.142	3273.291	1.008	1.010	1.007
294	3298.940	3240.649	3411.892	3278.551	1.010	1.012	1.016
295	3282.276	3232.396	3353.779	3288.863	1.013	1.015	1.011
296	3335.246	3193.235	3455.854	3318.594	1.022	1.024	1.027
297	3328.826	3217.289	3429.255	3352.386	1.032	1.035	1.025
298	3341.386	3212.948	3531.909	3335.282	1.027	1.029	1.029
299	3323.068	3234.238	3490.497	3303.255	1.017	1.020	1.023
300	3368.515	3251.911	3470.589	3380.770	1.041	1.043	1.037
301	3334.061	3202.862	3485.495	3328.366	1.025	1.027	1.027
302	3374.506	3296.918	3516.682	3365.635	1.036	1.039	1.039
303	3402.510	3240.675	3492.307	3414.130	1.051	1.054	1.048
304	3335.056	3265.809	3448.886	3331.807	1.026	1.028	1.027
305	3347.560	3267.098	3466.342	3335.745	1.027	1.030	1.031
306	3329.599	3284.713	3381.502	3326.222	1.024	1.027	1.025
307	3343.745	3233.984	3477.024	3351.052	1.032	1.034	1.030
308	3368.034	3258.906	3592.136	3349.813	1.032	1.034	1.037
309	3341.655	3267.820	3525.582	3302.814	1.017	1.019	1.029
310	3339.824	3247.205	3512.552	3312.669	1.020	1.022	1.029
311	3356.608	3235.950	3574.172	3345.311	1.030	1.033	1.034
312	3300.235	3236.162	3403.052	3299.721	1.016	1.018	1.016
313	3298.762	3217.015	3420.182	3302.863	1.017	1.019	1.016
314	3303.341	3206.919	3415.734	3300.744	1.017	1.019	1.017
315	3288.255	3231.963	3393.350	3264.824	1.005	1.008	1.013
316	3347.334	3219.106	3421.260	3383.261	1.042	1.044	1.031
317	3290.551	3207.849	3364.053	3290.395	1.013	1.016	1.013
318	3307.193	3246.985	3370.352	3309.979	1.019	1.022	1.018
319	3315.223	3250.585	3382.679	3318.275	1.022	1.024	1.021
320	3277.049	3209.460	3375.712	3268.988	1.007	1.009	1.009
321	3279.741	3177.339	3387.855	3271.836	1.008	1.010	1.010
322	3329.696	3197.021	3540.205	3316.577	1.021	1.024	1.025
323	3296.913	3196.959	3486.014	3262.031	1.005	1.007	1.015
324	3276.765	3132.356	3395.931	3289.711	1.013	1.015	1.009
325	3350.594	3230.758	3431.568	3359.017	1.034	1.037	1.032
326	3360.129	3238.370	3480.308	3363.568	1.036	1.038	1.035
327	3362.375	3273.775	3483.750	3344.325	1.030	1.032	1.035
328	3414.449	3238.690	3745.995	3340.082	1.029	1.031	1.052
329	3397.494	3234.486	3666.382	3344.446	1.030	1.032	1.046
330	3401.953	3208.392	3587.268	3384.601	1.042	1.045	1.048
331	3420.591	3273.629	3615.892	3387.424	1.043	1.046	1.053
332	3429.471	3249.885	3676.882	3370.092	1.038	1.040	1.056
333	3429.037	3235.560	3693.426	3393.889	1.045	1.047	1.056
334	3370.666	3184.313	3562.761	3344.046	1.030	1.032	1.038
335	3388.454	3245.335	3657.177	3331.208	1.026	1.028	1.044
336	3422.669	3163.720	3574.591	3448.754	1.062	1.064	1.054
337	3400.272	3230.673	3531.729	3402.912	1.048	1.050	1.047
338	3477.054	3320.652	3709.713	3454.393	1.064	1.066	1.071
339	3462.495	3295.401	3606.616	3482.967	1.073	1.075	1.066
340	3421.295	3271.732	3585.518	3446.050	1.061	1.064	1.054
341	3423.092	3285.049	3615.673	3409.132	1.050	1.052	1.054
342	3419.960	3293.889	3599.331	3403.841	1.048	1.051	1.053
343	3373.644	3295.008	3497.049	3375.475	1.040	1.042	1.039
344	3361.138	3260.750	3481.213	3338.552	1.028	1.030	1.035
345	3446.514	3307.342	3600.585	3430.467	1.056	1.059	1.061
346	3329.191	3178.572	3475.991	3305.630	1.018	1.020	1.025
347	3347.375	3215.848	3453.471	3348.746	1.031	1.034	1.031
348	3342.384	3197.997	3464.554	3347.373	1.031	1.033	1.029
349	3329.258	3250.169	3466.428	3339.570	1.028	1.031	1.025
350	3347.552	3231.363	3563.031	3336.216	1.027	1.030	1.031
351	3341.671	3269.131	3477.307	3332.729	1.026	1.029	1.029
352	3358.695	3259.390	3568.844	3355.772	1.033	1.036	1.034
353	3355.320	3243.774	3461.232	3376.828	1.040	1.042	1.033
354	3344.074	3214.150	3463.139	3359.777	1.035	1.037	1.030
355	3304.294	3130.362	3404.479	3329.496	1.025	1.028	1.018
356	3354.812	3230.906	3491.120	3372.317	1.039	1.041	1.033
357	3338.919	3213.654	3448.200	3315.997	1.021	1.023	1.028
358	3357.395	3156.191	3547.162	3365.067	1.036	1.039	1.034
359	3345.723	3172.004	3481.769	3363.754	1.036	1.038	1.030
360	3329.465	3222.503	3483.086	3313.545	1.020	1.023	1.025
361	3319.593	3157.221	3445.197	3324.848	1.024	1.026	1.022
362	3350.457	3214.331	3468.886	3352.288	1.032	1.035	1.032
363	3368.433	3235.427	3487.535	3357.803	1.034	1.036	1.037
364	3395.669	3238.465	3575.884	3372.854	1.039	1.041	1.046
365	3353.240	3230.048	3479.938	3351.547	1.032	1.034	1.033
366	3408.607	3302.833	3547.822	3400.766	1.047	1.050	1.050
367	3376.279	3219.268	3556.582	3350.337	1.032	1.034	1.040
368	3406.873	3253.379	3564.267	3434.182	1.058	1.060	1.049
369	3375.724	3258.360	3499.443	3379.977	1.041	1.043	1.040
370	3407.762	3254.640	3688.147	3376.751	1.040	1.042	1.049
371	3455.610	3243.018	3684.084	3421.700	1.054	1.056	1.064
372	3466.420	3305.000	3632.922	3440.556	1.060	1.062	1.068
373	3438.227	3239.327	3644.894	3462.347	1.066	1.069	1.059
374	3500.490	3294.557	3715.060	3511.819	1.082	1.084	1.078
375	3462.055	3253.672	3672.143	3426.604	1.055	1.058	1.066
376	3464.683	3318.031	3632.305	3426.528	1.055	1.058	1.067
377	3402.429	3257.935	3630.876	3397.768	1.046	1.049	1.048
378	3409.157	3297.513	3589.678	3391.677	1.045	1.047	1.050
379	3385.014	3270.811	3547.901	3372.923	1.039	1.041	1.042
380	3362.766	3264.331	3531.584	3339.069	1.028	1.031	1.036
381	3364.190	3303.854	3460.978	3354.316	1.033	1.035	1.036
382	3382.034	3303.552	3472.773	3385.125	1.042	1.045	1.042
383	3363.157	3185.731	3483.760	3359.440	1.035	1.037	1.036
384	3352.988	3232.857	3465.311	3351.242	1.032	1.034	1.033
385	3365.988	3228.915	3450.534	3378.242	1.040	1.043	1.037
386	3370.510	3263.362	3458.278	3361.129	1.035	1.037	1.038
387	3385.609	3256.897	3498.416	3394.225	1.045	1.048	1.043
388	3365.787	3265.190	3446.675	3378.213	1.040	1.043	1.037
389	3383.235	3273.262	3457.815	3391.716	1.045	1.047	1.042
390	3379.340	3258.863	3526.985	3350.423	1.032	1.034	1.041
391	3381.150	3225.973	3588.739	3376.027	1.040	1.042	1.041
392	3344.575	3230.385	3477.150	3322.136	1.023	1.025	1.030
393	3314.914	3163.729	3430.230	3326.885	1.025	1.027	1.021
394	3358.944	3275.001	3440.284	3355.004	1.033	1.035	1.034
395	3349.805	3261.510	3441.772	3351.118	1.032	1.034	1.032
396	3338.481	3250.260	3417.920	3333.482	1.027	1.029	1.028
397	3329.816	3237.978	3483.700	3314.668	1.021	1.023	1.025
398	3320.865	3237.043	3516.509	3279.333	1.010	1.012	1.023
399	3385.735	3259.593	3560.677	3373.119	1.039	1.041	1.043
400	3391.831	3256.837	3545.198	3363.875	1.036	1.038	1.045
401	3395.104	3261.916	3525.400	3395.846	1.046	1.048	1.046
402	3364.165	3212.135	3541.101	3339.103	1.028	1.031	1.036
403	3394.305	3199.022	3567.380	3406.072	1.049	1.051	1.045
404	3412.136	3268.488	3563.183	3435.322	1.058	1.060	1.051
405	3390.194	3202.574	3603.442	3385.093	1.042	1.045	1.044
406	3432.033	3250.539	3576.479	3456.877	1.065	1.067	1.057
407	3388.436	3239.461	3527.055	3414.951	1.052	1.054	1.044
408	3419.788	3165.037	3541.845	3461.487	1.066	1.068	1.053
409	3403.971	3275.436	3583.148	3367.463	1.037	1.039	1.048
410	3359.656	3168.493	3468.881	3376.146	1.040	1.042	1.035
411	3331.095	3255.723	3407.937	3326.933	1.025	1.027	1.026
412	3328.638	3229.564	3476.403	3285.823	1.012	1.014	1.025
413	3325.945	3184.970	3534.271	3316.625	1.021	1.024	1.024
414	3392.836	3261.456	3549.392	3372.983	1.039	1.041	1.045
415	3338.557	3190.224	3476.853	3309.113	1.019	1.021	1.028
416	3297.327	3186.005	3505.351	3252.194	1.002	1.004	1.015
417	3340.893	3190.558	3606.792	3299.057	1.016	1.018	1.029
418	3321.061	3198.594	3567.332	3281.917	1.011	1.013	1.023
419	3334.569	3207.571	3488.709	3325.853	1.024	1.026	1.027
420	3313.101	3220.164	3449.928	3293.625	1.014	1.017	1.020
421	3350.462	3250.112	3504.665	3316.133	1.021	1.023	1.032
422	3355.564	3202.611	3498.607	3329.398	1.025	1.028	1.033
423	3337.921	3239.386	3483.609	3299.798	1.016	1.018	1.028
424	3341.902	3142.581	3539.475	3319.073	1.022	1.024	1.029
425	3370.144	3178.664	3634.686	3359.934	1.035	1.037	1.038
426	3365.207	3247.981	3575.176	3328.873	1.025	1.027	1.036
427	3400.662	3274.135	3661.997	3378.380	1.040	1.043	1.047
428	3428.384	3261.700	3656.203	3403.421	1.048	1.050	1.056
429	3405.953	3261.197	3607.562	3394.040	1.045	1.048	1.049
430	3369.038	3181.679	3509.829	3374.590	1.039	1.042	1.038
431	3338.220	3226.599	3489.284	3325.384	1.024	1.026	1.028
432	3312.118	3171.847	3469.323	3285.204	1.012	1.014	1.020
433	3348.441	3180.865	3534.677	3352.806	1.033	1.035	1.031
434	3373.376	3245.657	3608.420	3306.768	1.018	1.021	1.039
435	3364.564	3219.796	3597.189	3301.989	1.017	1.019	1.036
436	3348.943	3221.854	3501.872	3335.763	1.027	1.030	1.031
437	3389.570	3213.681	3767.800	3334.821	1.027	1.029	1.044
438	3368.608	3240.010	3556.665	3309.263	1.019	1.021	1.037
439	3382.851	3177.590	3604.455	3355.963	1.034	1.036	1.042
440	3340.692	3192.626	3519.835	3320.324	1.023	1.025	1.029
441	3351.420	3262.681	3500.437	3326.295	1.024	1.027	1.032
442	3360.148	3211.661	3728.092	3282.704	1.011	1.013	1.035
443	3360.236	3169.108	3590.993	3332.984	1.026	1.029	1.035
444	3464.095	3260.156	3628.223	3495.597	1.077	1.079	1.067
445	3390.323	3218.969	3531.737	3413.319	1.051	1.053	1.044
446	3338.405	3202.575	3447.609	3347.919	1.031	1.033	1.028
447	3354.574	3251.450	3440.188	3352.237	1.032	1.035	1.033
448	3342.614	3169.420	3484.090	3337.126	1.028	1.030	1.029
449	3379.594	3270.656	3528.801	3352.067	1.032	1.035	1.041
450	3346.466	3189.836	3464.586	3360.031	1.035	1.037	1.031
451	3387.250	3220.908	3461.422	3413.488	1.051	1.054	1.043
452	3397.456	3249.112	3485.328	3399.964	1.047	1.049	1.046
453	3338.217	3224.831	3433.980	3347.077	1.031	1.033	1.028
454	3349.294	3206.580	3438.979	3364.792	1.036	1.039	1.031
455	3355.762	3279.621	3437.643	3358.290	1.034	1.037	1.033
456	3314.011	3232.541	3410.290	3304.835	1.018	1.020	1.021
457	3347.003	3179.006	3434.553	3356.378	1.034	1.036	1.031
458	3365.786	3295.833	3467.342	3364.821	1.036	1.039	1.037
459	3380.294	3248.805	3471.750	3372.513	1.039	1.041	1.041
460	3346.216	3252.681	3405.325	3354.206	1.033	1.035	1.031
461	3329.081	3261.628	3429.162	3300.432	1.016	1.019	1.025
462	3316.072	3249.141	3434.536	3285.591	1.012	1.014	1.021
463	3332.996	3258.610	3488.561	3312.703	1.020	1.022	1.026
464	3336.670	3278.537	3410.329	3327.254	1.025	1.027	1.028
465	3357.044	3276.470	3450.703	3357.434	1.034	1.036	1.034
466	3405.604	3321.971	3555.567	3389.772	1.044	1.046	1.049
467	3392.470	3311.398	3488.823	3390.243	1.044	1.046	1.045
468	3403.746	3241.525	3540.384	3396.748	1.046	1.048	1.048
469	3401.750	3219.098	3544.414	3404.533	1.048	1.051	1.048
470	3446.953	3214.800	3588.678	3471.501	1.069	1.071	1.062
471	3488.489	3248.585	3679.961	3498.148	1.077	1.080	1.074
472	3495.126	3359.132	3611.194	3512.295	1.082	1.084	1.076
473	3477.490	3280.828	3631.255	3503.720	1.079	1.081	1.071
474	3525.864	3395.116	3754.549	3490.811	1.075	1.077	1.086
475	3450.745	3395.303	3515.220	3436.888	1.058	1.061	1.063
476	3457.961	3334.278	3551.888	3455.885	1.064	1.067	1.065
477	3472.959	3309.184	3574.835	3484.553	1.073	1.075	1.070
478	3377.143	3245.087	3523.471	3363.773	1.036	1.038	1.040
479	3361.089	3291.523	3491.353	3331.097	1.026	1.028	1.035
480	3357.276	3270.644	3525.065	3328.689	1.025	1.027	1.034
481	3376.990	3262.733	3611.240	3340.791	1.029	1.031	1.040
482	3407.991	3245.388	3523.860	3430.414	1.056	1.059	1.050
483	3407.808	3261.626	3555.151	3416.676	1.052	1.055	1.049
484	3446.100	3280.365	3727.708	3451.641	1.063	1.065	1.061
485	3385.101	3250.537	3481.581	3395.591	1.046	1.048	1.042
486	3406.788	3212.332	3575.218	3426.432	1.055	1.058	1.049
487	3405.362	3272.152	3569.494	3396.461	1.046	1.048	1.049
488	3391.264	3276.774	3464.568	3403.972	1.048	1.051	1.044
489	3408.484	3310.043	3467.334	3405.097	1.049	1.051	1.050
490	3416.816	3316.840	3576.392	3408.537	1.050	1.052	1.052
491	3448.245	3235.034	3590.564	3442.285	1.060	1.062	1.062
492	3395.178	3241.784	3547.079	3428.018	1.056	1.058	1.046
493	3370.924	3305.424	3413.132	3384.750	1.042	1.045	1.038
494	3337.338	3268.074	3441.509	3336.860	1.028	1.030	1.028
495	3383.026	3290.538	3522.229	3346.346	1.031	1.033	1.042
496	3375.731	3259.189	3479.528	3387.105	1.043	1.045	1.040
497	3383.401	3288.507	3489.569	3404.411	1.048	1.051	1.042
498	3402.771	3311.026	3518.232	3400.453	1.047	1.050	1.048
499	3376.767	3221.135	3465.990	3377.917	1.040	1.043	1.040
500	3458.142	3349.939	3642.927	3446.634	1.061	1.064	1.065
501	3509.609	3379.386	3668.431	3510.213	1.081	1.083	1.081
502	3502.557	3372.204	3643.542	3497.487	1.077	1.079	1.079
503	3546.350	3309.614	3783.996	3542.049	1.091	1.093	1.092
504	3546.884	3325.005	3660.597	3581.526	1.103	1.105	1.092
505	3582.030	3359.516	3698.234	3621.908	1.115	1.118	1.103
506	3521.909	3321.185	3681.929	3532.871	1.088	1.090	1.085
507	3515.974	3295.133	3756.361	3522.237	1.085	1.087	1.083
508	3524.754	3336.378	3736.582	3527.061	1.086	1.089	1.085
509	3478.061	3381.260	3669.919	3445.440	1.061	1.063	1.071
510	3431.962	3363.274	3501.799	3414.517	1.052	1.054	1.057
511	3359.481	3267.732	3410.090	3366.845	1.037	1.039	1.035
512	3422.005	3345.742	3552.887	3401.346	1.047	1.050	1.054
513	3439.447	3329.997	3659.906	3383.759	1.042	1.044	1.059
514	3393.852	3279.758	3507.348	3391.021	1.044	1.047	1.045
515	3336.722	3226.989	3474.278	3331.267	1.026	1.028	1.028
516	3401.440	3318.685	3526.058	3381.126	1.041	1.044	1.048
517	3386.495	3250.770	3565.568	3379.626	1.041	1.043	1.043
518	3347.297	3212.462	3448.638	3353.479	1.033	1.035	1.031
519	3345.888	3250.964	3442.079	3328.919	1.025	1.027	1.030
520	3330.545	3162.440	3468.469	3313.416	1.020	1.023	1.026
521	3331.125	3222.558	3446.980	3337.240	1.028	1.030	1.026
522	3326.581	3211.279	3515.577	3312.728	1.020	1.022	1.024
523	3313.012	3222.193	3420.313	3318.789	1.022	1.024	1.020
524	3326.168	3259.077	3466.347	3305.411	1.018	1.020	1.024
525	3305.328	3256.128	3381.589	3301.281	1.017	1.019	1.018
526	3274.650	3182.357	3381.115	3263.087	1.005	1.007	1.008
527	3291.422	3228.085	3454.365	3272.234	1.008	1.010	1.014
528	3305.942	3226.887	3384.069	3313.604	1.020	1.023	1.018
529	3296.293	3211.410	3421.773	3288.813	1.013	1.015	1.015
530	3289.279	3223.590	3348.634	3294.132	1.014	1.017	1.013
531	3324.010	3250.104	3465.678	3312.520	1.020	1.022	1.024
532	3330.184	3234.388	3457.414	3322.412	1.023	1.025	1.026
533	3328.305	3230.155	3513.583	3298.958	1.016	1.018	1.025
534	3354.188	3253.661	3457.751	3335.444	1.027	1.029	1.033
535	3290.954	3135.021	3391.083	3322.374	1.023	1.025	1.013
536	3315.126	3155.445	3437.357	3343.042	1.030	1.032	1.021
537	3387.048	3200.423	3497.621	3406.444	1.049	1.051	1.043
538	3357.883	3257.097	3439.268	3366.585	1.037	1.039	1.034
539	3378.803	3262.223	3456.983	3393.488	1.045	1.047	1.041
540	3367.957	3245.947	3491.929	3377.692	1.040	1.042	1.037
541	3429.768	3309.952	3581.174	3452.825	1.063	1.066	1.056
542	3440.555	3233.205	3562.922	3436.399	1.058	1.061	1.060
543	3402.091	3252.204	3590.395	3385.240	1.043	1.045	1.048
544	3401.720	3281.873	3702.780	3380.771	1.041	1.043	1.048
545	3351.933	3244.815	3388.794	3366.237	1.037	1.039	1.032
546	3380.193	3281.020	3493.970	3379.468	1.041	1.043	1.041
547	3360.616	3240.616	3570.919	3338.589	1.028	1.030	1.035
548	3347.891	3241.232	3437.528	3363.664	1.036	1.038	1.031
549	3301.746	3125.958	3493.251	3302.564	1.017	1.019	1.017
550	3351.683	3180.306	3691.808	3319.091	1.022	1.024	1.032
551	3333.205	3208.704	3578.433	3304.678	1.018	1.020	1.027
552	3278.539	3129.478	3439.878	3291.525	1.014	1.016	1.010
553	3252.373	3097.101	3395.997	3257.290	1.003	1.005	1.002
554	3252.525	3097.669	3404.044	3257.443	1.003	1.005	1.002
555	3271.294	3156.383	3473.854	3207.021	0.988	0.990	1.007
556	3264.027	3172.586	3429.855	3253.169	1.002	1.004	1.005
557	3271.374	3151.896	3421.057	3263.291	1.005	1.007	1.007
558	3245.666	3099.495	3380.308	3258.422	1.003	1.006	1.000
559	3241.092	3133.034	3371.766	3248.531	1.000	1.003	0.998
560	3257.849	3112.678	3401.477	3254.492	1.002	1.004	1.003
561	3224.895	3154.448	3271.146	3230.640	0.995	0.997	0.993
562	3241.077	3138.603	3328.835	3262.174	1.005	1.007	0.998
563	3236.753	3137.775	3346.020	3248.311	1.000	1.003	0.997
564	3267.425	3189.003	3386.127	3260.684	1.004	1.006	1.006
565	3235.766	3158.744	3366.796	3211.947	0.989	0.991	0.996
566	3236.395	3136.620	3357.283	3247.320	1.000	1.002	0.997
567	3227.706	3158.227	3336.430	3221.356	0.992	0.994	0.994
568	3256.486	3145.890	3490.440	3234.736	0.996	0.998	1.003
569	3271.954	3167.784	3423.446	3240.878	0.998	1.000	1.008
570	3285.343	3157.346	3437.005	3271.695	1.008	1.010	1.012
571	3291.594	3191.336	3419.062	3287.079	1.012	1.015	1.014
572	3299.197	3179.012	3468.146	3237.379	0.997	0.999	1.016
573	3303.005	3175.061	3498.579	3273.920	1.008	1.010	1.017
574	3329.736	3151.582	3520.229	3289.567	1.013	1.015	1.025
575	3338.466	3181.212	3632.830	3253.005	1.002	1.004	1.028
576	3335.396	3194.038	3554.351	3282.640	1.011	1.013	1.027
577	3332.257	3178.647	3604.086	3280.789	1.010	1.013	1.026
578	3341.978	3119.519	3593.646	3344.691	1.030	1.032	1.029
579	3334.464	3122.638	3518.857	3302.975	1.017	1.019	1.027
580	3314.723	3200.389	3475.338	3319.970	1.022	1.025	1.021
581	3300.570	3130.003	3427.811	3305.231	1.018	1.020	1.016
582	3311.982	3177.414	3495.244	3307.929	1.019	1.021	1.020
583	3299.628	3194.333	3405.421	3319.062	1.022	1.024	1.016
584	3253.194	3136.937	3310.246	3267.987	1.006	1.009	1.002
585	3241.269	3133.996	3337.671	3227.576	0.994	0.996	0.998
586	3272.816	3135.792	3422.758	3265.243	1.006	1.008	1.008
587	3292.593	3141.296	3463.091	3261.492	1.004	1.007	1.014
588	3339.213	3220.024	3685.710	3296.760	1.015	1.018	1.028
589	3309.354	3185.404	3491.212	3307.082	1.018	1.021	1.019
590	3316.103	3260.592	3409.303	3313.430	1.020	1.023	1.021
591	3267.050	3180.348	3339.885	3276.934	1.009	1.011	1.006
592	3272.891	3159.600	3426.490	3254.438	1.002	1.004	1.008
593	3323.827	3156.315	3577.567	3324.438	1.024	1.026	1.024
594	3318.971	3159.290	3454.725	3309.093	1.019	1.021	1.022
595	3317.103	3204.674	3527.818	3272.469	1.008	1.010	1.022
596	3340.039	3172.655	3578.865	3317.119	1.022	1.024	1.029
597	3314.416	3177.909	3585.452	3270.810	1.007	1.010	1.021
598	3308.441	3199.326	3455.875	3282.574	1.011	1.013	1.019
599	3300.759	3154.466	3483.653	3260.962	1.004	1.006	1.017
600	3312.487	3145.693	3454.975	3308.793	1.019	1.021	1.020
601	3344.229	3119.321	3518.777	3360.622	1.035	1.037	1.030
602	3324.215	3094.880	3542.131	3343.092	1.030	1.032	1.024
603	3345.114	3143.011	3472.323	3394.764	1.045	1.048	1.030
604	3365.062	3222.172	3522.771	3322.387	1.023	1.025	1.036
605	3348.303	3154.042	3528.976	3340.012	1.029	1.031	1.031
606	3338.242	3243.196	3469.597	3328.080	1.025	1.027	1.028
607	3388.080	3259.131	3493.493	3368.098	1.037	1.040	1.043
608	3388.200	3210.748	3564.706	3356.846	1.034	1.036	1.043
609	3369.270	3246.208	3562.071	3339.959	1.029	1.031	1.038
610	3367.056	3168.340	3624.208	3349.084	1.031	1.034	1.037
611	3378.967	3286.023	3555.029	3350.808	1.032	1.034	1.041
612	3363.502	3212.205	3484.002	3364.276	1.036	1.038	1.036
613	3425.073	3242.023	3752.636	3371.163	1.038	1.040	1.055
614	3376.187	3194.564	3479.633	3399.842	1.047	1.049	1.040
615	3389.056	3204.289	3599.063	3406.033	1.049	1.051	1.044
616	3468.798	3302.349	3638.054	3496.478	1.077	1.079	1.068
617	3458.840	3350.759	3577.939	3459.239	1.065	1.068	1.065
618	3468.404	3284.590	3642.756	3473.971	1.070	1.072	1.068
619	3484.351	3325.954	3685.037	3461.283	1.066	1.068	1.073
620	3513.515	3419.910	3655.156	3487.936	1.074	1.077	1.082
621	3531.536	3392.488	3651.658	3523.374	1.085	1.087	1.088
622	3535.119	3390.264	3687.275	3539.704	1.090	1.093	1.089
623	3513.125	3297.986	3710.800	3519.235	1.084	1.086	1.082
624	3519.546	3341.771	3773.638	3507.824	1.080	1.083	1.084
625	3493.189	3351.220	3567.025	3514.449	1.082	1.085	1.076
626	3498.551	3343.856	3697.970	3492.885	1.076	1.078	1.077
627	3554.599	3404.027	3707.514	3583.381	1.104	1.106	1.095
628	3569.396	3346.050	3765.097	3592.955	1.106	1.109	1.099
629	3526.853	3230.733	3709.713	3599.183	1.108	1.111	1.086
630	3518.903	3345.157	3622.981	3544.841	1.092	1.094	1.084
631	3504.211	3378.716	3612.175	3514.938	1.082	1.085	1.079
632	3575.879	3410.497	3765.801	3580.488	1.103	1.105	1.101
633	3570.410	3383.726	3678.003	3583.286	1.104	1.106	1.100
634	3565.798	3383.845	3659.733	3602.952	1.110	1.112	1.098
635	3535.308	3370.326	3746.447	3543.970	1.091	1.094	1.089
636	3497.172	3321.311	3659.315	3492.554	1.076	1.078	1.077
637	3540.029	3429.227	3728.551	3534.255	1.088	1.091	1.090
638	3509.467	3420.819	3627.691	3516.997	1.083	1.085	1.081
639	3449.744	3382.768	3552.621	3434.317	1.058	1.060	1.062
640	3449.520	3348.835	3555.890	3432.143	1.057	1.059	1.062
641	3447.354	3348.354	3497.417	3470.723	1.069	1.071	1.062
642	3486.153	3377.447	3615.626	3483.297	1.073	1.075	1.074
643	3487.976	3276.734	3731.069	3468.659	1.068	1.071	1.074
644	3487.326	3300.252	3633.693	3515.817	1.083	1.085	1.074
645	3512.917	3296.183	3635.065	3527.400	1.086	1.089	1.082
646	3476.421	3362.762	3561.001	3485.505	1.073	1.076	1.071
647	3455.000	3272.973	3570.267	3451.916	1.063	1.065	1.064
648	3433.782	3267.759	3579.128	3431.336	1.057	1.059	1.057
649	3486.736	3409.672	3580.541	3477.121	1.071	1.073	1.074
650	3473.543	3307.605	3606.889	3460.894	1.066	1.068	1.070
651	3460.634	3216.447	3668.464	3470.958	1.069	1.071	1.066
652	3454.266	3315.639	3646.873	3441.500	1.060	1.062	1.064
653	3425.903	3246.412	3655.483	3396.304	1.046	1.048	1.055
654	3476.915	3413.052	3534.641	3476.813	1.071	1.073	1.071
655	3471.909	3325.514	3568.328	3479.837	1.072	1.074	1.069
656	3468.254	3287.474	3611.131	3497.130	1.077	1.079	1.068
657	3458.711	3183.977	3718.228	3416.752	1.052	1.055	1.065
658	3546.051	3340.819	3757.718	3534.880	1.089	1.091	1.092
659	3533.807	3432.507	3729.304	3492.800	1.076	1.078	1.088
660	3518.162	3386.094	3627.305	3519.467	1.084	1.086	1.083
661	3555.122	3441.053	3662.565	3567.701	1.099	1.101	1.095
662	3554.357	3484.910	3667.317	3542.894	1.091	1.093	1.095
663	3602.682	3522.008	3719.964	3591.774	1.106	1.109	1.109
664	3589.083	3448.337	3735.323	3593.605	1.107	1.109	1.105
665	3592.610	3409.807	3798.154	3572.924	1.100	1.103	1.106
666	3571.598	3446.341	3704.982	3565.362	1.098	1.100	1.100
667	3613.858	3516.071	3809.474	3590.406	1.106	1.108	1.113
668	3568.891	3384.533	3735.230	3530.629	1.087	1.090	1.099
669	3530.063	3369.679	3645.908	3546.908	1.092	1.095	1.087
670	3514.886	3392.780	3662.871	3485.749	1.073	1.076	1.082
671	3512.283	3288.253	3672.838	3524.796	1.086	1.088	1.082
672	3657.251	3377.030	3994.392	3655.671	1.126	1.128	1.126
673	3631.430	3393.135	3920.404	3630.916	1.118	1.121	1.118
674	3544.802	3307.680	3686.811	3587.388	1.105	1.107	1.092
675	3553.976	3294.672	3783.876	3531.797	1.088	1.090	1.094
676	3576.303	3352.818	3836.709	3498.578	1.077	1.080	1.101
677	3505.531	3376.913	3662.154	3450.875	1.063	1.065	1.080
678	3491.863	3316.020	3628.068	3492.444	1.076	1.078	1.075
679	3519.347	3297.004	3694.958	3592.744	1.106	1.109	1.084
680	3546.115	3283.195	3713.043	3590.116	1.106	1.108	1.092
681	3497.760	3303.491	3659.822	3534.923	1.089	1.091	1.077
682	3478.180	3305.361	3649.662	3493.268	1.076	1.078	1.071
683	3493.533	3314.648	3718.357	3457.616	1.065	1.067	1.076
684	3480.336	3348.036	3652.506	3469.554	1.068	1.071	1.072
685	3470.050	3344.764	3615.667	3474.560	1.070	1.072	1.069
686	3437.858	3318.630	3578.905	3410.669	1.050	1.053	1.059
687	3472.337	3308.533	3604.591	3514.231	1.082	1.085	1.069
688	3504.469	3386.429	3660.698	3501.306	1.078	1.081	1.079
689	3447.909	3342.707	3534.021	3461.083	1.066	1.068	1.062
690	3441.311	3348.264	3546.093	3451.787	1.063	1.065	1.060
691	3424.548	3285.579	3569.875	3409.503	1.050	1.052	1.055
692	3442.715	3283.276	3594.823	3448.022	1.062	1.064	1.060
693	3512.663	3360.550	3708.282	3499.267	1.078	1.080	1.082
694	3529.270	3360.743	3760.202	3502.560	1.079	1.081	1.087
695	3598.743	3431.713	3781.011	3553.100	1.094	1.097	1.108
696	3553.781	3389.582	3750.488	3486.910	1.074	1.076	1.094
697	3603.930	3410.953	3804.389	3593.463	1.107	1.109	1.110
698	3636.109	3509.712	3759.410	3634.590	1.119	1.122	1.120
699	3662.203	3475.025	3810.954	3673.345	1.131	1.134	1.128
700	3687.992	3522.547	3841.017	3675.752	1.132	1.134	1.136
701	3653.666	3406.511	3887.764	3695.839	1.138	1.141	1.125
702	3619.882	3404.234	3857.688	3640.697	1.121	1.124	1.115
703	3653.846	3480.330	3819.364	3660.817	1.127	1.130	1.125
704	3621.655	3429.151	3810.663	3592.426	1.106	1.109	1.115
705	3633.435	3503.595	3810.185	3632.152	1.119	1.121	1.119
706	3682.916	3499.310	4101.902	3646.673	1.123	1.126	1.134
707	3679.891	3320.968	3903.677	3721.957	1.146	1.149	1.133
708	3714.794	3504.494	4023.146	3683.646	1.134	1.137	1.144
709	3688.460	3452.747	3874.136	3698.479	1.139	1.142	1.136
710	3679.484	3556.907	3885.832	3671.701	1.131	1.133	1.133
711	3679.084	3544.824	3853.797	3691.459	1.137	1.139	1.133
712	3688.823	3420.393	3918.524	3679.096	1.133	1.136	1.136
713	3693.740	3480.221	3907.682	3681.578	1.134	1.136	1.138
714	3660.469	3429.335	3871.568	3684.742	1.135	1.137	1.127
715	3667.760	3419.275	3852.817	3665.440	1.129	1.131	1.130
716	3663.449	3469.656	3876.341	3652.819	1.125	1.127	1.128
717	3647.278	3445.825	3826.179	3638.156	1.120	1.123	1.123
718	3620.869	3385.055	3722.993	3663.689	1.128	1.131	1.115
719	3588.870	3373.153	3821.282	3599.115	1.108	1.111	1.105
720	3578.659	3275.165	3851.559	3563.056	1.097	1.100	1.102
721	3662.855	3344.138	4013.312	3665.869	1.129	1.131	1.128
722	3769.830	3484.560	4143.434	3741.878	1.152	1.155	1.161
723	3766.471	3531.046	4012.347	3748.526	1.154	1.157	1.160
724	3757.303	3466.435	3987.468	3765.466	1.160	1.162	1.157
725	3764.213	3474.878	3946.956	3803.817	1.171	1.174	1.159
726	3674.317	3470.930	3854.199	3650.262	1.124	1.127	1.132
727	3675.689	3468.271	3932.390	3644.427	1.122	1.125	1.132
728	3660.385	3541.234	3857.090	3669.767	1.130	1.133	1.127
729	3625.294	3420.562	3765.884	3656.301	1.126	1.128	1.116
730	3594.489	3480.728	3790.166	3554.318	1.095	1.097	1.107
731	3625.770	3439.538	3842.186	3623.587	1.116	1.118	1.117
732	3539.779	3432.924	3681.312	3520.748	1.084	1.087	1.090
733	3511.830	3322.568	3715.827	3488.678	1.074	1.077	1.082
734	3558.371	3402.272	3776.133	3529.422	1.087	1.089	1.096
735	3538.596	3355.840	3619.493	3556.982	1.095	1.098	1.090
736	3479.371	3372.133	3635.777	3485.970	1.074	1.076	1.072
737	3536.237	3407.540	3685.710	3535.658	1.089	1.091	1.089
738	3609.238	3482.098	3912.070	3559.479	1.096	1.099	1.112
739	3595.514	3444.743	3708.288	3600.974	1.109	1.111	1.107
740	3658.075	3510.418	3842.096	3646.144	1.123	1.125	1.127
741	3586.682	3322.479	3802.457	3584.020	1.104	1.106	1.105
742	3625.450	3247.958	3774.034	3633.288	1.119	1.121	1.117
743	3616.246	3392.760	3817.878	3613.812	1.113	1.115	1.114
744	3671.497	3422.731	3865.969	3680.166	1.133	1.136	1.131
745	3689.564	3437.665	3961.265	3673.405	1.131	1.134	1.136
746	3679.169	3380.444	3990.081	3678.004	1.133	1.135	1.133
747	3682.327	3435.366	3939.652	3684.524	1.135	1.137	1.134
748	3663.815	3431.327	3824.861	3707.468	1.142	1.144	1.128
749	3690.620	3414.982	3984.687	3662.194	1.128	1.130	1.137
750	3631.749	3516.025	3811.662	3605.878	1.110	1.113	1.118
751	3587.874	3314.403	3775.798	3610.896	1.112	1.114	1.105
752	3587.083	3288.314	3775.544	3576.315	1.101	1.104	1.105
753	3664.948	3389.348	3868.496	3703.027	1.140	1.143	1.129
754	3677.428	3418.667	3832.864	3650.903	1.124	1.127	1.133
755	3638.829	3320.069	3791.735	3678.430	1.133	1.135	1.121
756	3639.340	3404.639	3990.919	3645.757	1.123	1.125	1.121
757	3602.082	3385.109	3807.694	3640.060	1.121	1.123	1.109
758	3561.251	3383.408	3713.725	3581.565	1.103	1.105	1.097
759	3584.577	3402.617	3714.925	3596.087	1.107	1.110	1.104
760	3511.767	3308.022	3661.772	3534.208	1.088	1.091	1.081
761	3546.716	3232.577	3718.454	3589.057	1.105	1.108	1.092
762	3565.102	3276.436	3714.866	3595.145	1.107	1.110	1.098
763	3527.392	3284.977	3680.024	3498.876	1.078	1.080	1.086
764	3509.497	3352.724	3648.346	3527.608	1.086	1.089	1.081
765	3587.973	3519.391	3779.359	3559.062	1.096	1.098	1.105
766	3594.856	3360.316	3805.986	3594.048	1.107	1.109	1.107
767	3615.829	3354.142	3889.027	3613.426	1.113	1.115	1.114
768	3594.669	3490.319	3709.196	3606.188	1.111	1.113	1.107
769	3613.226	3333.097	3785.327	3644.041	1.122	1.125	1.113
770	3665.658	3348.679	3847.377	3699.396	1.139	1.142	1.129
771	3677.240	3462.101	3894.652	3677.281	1.132	1.135	1.132
772	3667.129	3212.567	3819.861	3724.435	1.147	1.150	1.129
773	3580.766	3380.630	3723.898	3575.693	1.101	1.104	1.103
774	3533.143	3338.867	3665.582	3567.727	1.099	1.101	1.088
775	3540.312	3335.806	3708.450	3553.578	1.094	1.097	1.090
776	3489.267	3235.961	3769.684	3518.484	1.084	1.086	1.075
777	3485.782	3243.020	3630.007	3497.198	1.077	1.079	1.073
778	3508.137	3331.328	3716.245	3512.335	1.082	1.084	1.080
779	3504.991	3334.338	3778.324	3495.305	1.076	1.079	1.079
780	3639.223	3317.355	3895.096	3676.537	1.132	1.135	1.121
781	3592.320	3300.016	3904.367	3588.934	1.105	1.108	1.106
782	3560.829	3284.305	3796.103	3618.357	1.114	1.117	1.097
783	3588.364	3344.854	3746.447	3636.084	1.120	1.122	1.105
784	3562.479	3281.862	3733.711	3620.395	1.115	1.117	1.097
785	3565.439	3302.545	3824.248	3658.629	1.127	1.129	1.098
786	3517.686	3336.875	3745.130	3554.312	1.095	1.097	1.083
787	3519.451	3210.075	3869.939	3482.331	1.072	1.075	1.084
788	3526.060	3246.318	3816.560	3465.768	1.067	1.070	1.086
789	3502.831	3211.543	3808.951	3501.279	1.078	1.081	1.079
790	3494.367	3284.603	3728.495	3428.837	1.056	1.058	1.076
791	3532.416	3284.167	4016.313	3425.367	1.055	1.057	1.088
792	3492.167	3218.879	3778.755	3419.297	1.053	1.055	1.075
793	3474.929	3242.651	3746.115	3453.577	1.064	1.066	1.070
794	3519.492	3257.425	3821.304	3477.170	1.071	1.073	1.084
795	3546.115	3181.033	3806.721	3581.055	1.103	1.105	1.092
796	3532.967	3272.251	3900.176	3490.357	1.075	1.077	1.088
797	3581.696	3343.681	3930.790	3488.853	1.074	1.077	1.103
798	3615.767	3364.733	3906.839	3612.698	1.113	1.115	1.114
799	3545.775	3292.499	3834.333	3579.375	1.102	1.105	1.092
800	3583.790	3358.487	3901.752	3595.370	1.107	1.110	1.104
801	3593.080	3306.271	3892.117	3602.001	1.109	1.112	1.107
802	3543.622	3350.979	3700.226	3556.633	1.095	1.098	1.091
803	3556.748	3335.053	3698.649	3627.725	1.117	1.120	1.095
804	3553.429	3358.393	3713.321	3558.653	1.096	1.098	1.094
805	3526.322	3372.587	3687.548	3515.630	1.083	1.085	1.086
806	3553.413	3323.554	3759.011	3597.700	1.108	1.110	1.094
807	3520.036	3326.679	3666.637	3487.151	1.074	1.076	1.084
808	3511.092	3375.907	3717.897	3495.021	1.076	1.079	1.081
809	3474.763	3322.719	3609.114	3495.601	1.077	1.079	1.070
810	3501.394	3362.431	3698.802	3517.918	1.083	1.086	1.078
811	3508.896	3240.882	3680.529	3490.066	1.075	1.077	1.081
812	3491.062	3395.938	3736.219	3473.880	1.070	1.072	1.075
813	3560.374	3458.388	3709.506	3562.922	1.097	1.100	1.096
814	3566.134	3385.164	3674.294	3582.195	1.103	1.106	1.098
815	3474.433	3305.258	3597.121	3480.503	1.072	1.074	1.070
816	3490.606	3270.158	3651.352	3508.653	1.081	1.083	1.075
817	3484.364	3227.212	3612.636	3533.377	1.088	1.091	1.073
818	3554.106	3376.464	3730.968	3574.493	1.101	1.103	1.095
819	3549.103	3411.783	3735.314	3527.168	1.086	1.089	1.093
820	3509.856	3241.934	3704.194	3596.474	1.108	1.110	1.081
821	3568.197	3349.684	3735.200	3613.732	1.113	1.115	1.099
822	3551.300	3345.462	3727.243	3540.880	1.090	1.093	1.094
823	3581.376	3394.775	3861.370	3575.717	1.101	1.104	1.103
824	3517.858	3312.250	3613.330	3562.538	1.097	1.100	1.083
825	3499.686	3277.680	3688.424	3525.901	1.086	1.088	1.078
826	3476.876	3221.178	3709.218	3487.384	1.074	1.076	1.071
827	3501.299	3282.988	3634.664	3546.699	1.092	1.095	1.078
828	3544.879	3302.899	3697.785	3559.603	1.096	1.099	1.092
829	3566.580	3324.627	3731.259	3604.349	1.110	1.112	1.098
830	3548.470	3352.033	3812.923	3586.248	1.104	1.107	1.093
831	3500.809	3253.439	3768.148	3512.845	1.082	1.084	1.078
832	3515.814	3360.028	3653.986	3543.890	1.091	1.094	1.083
833	3523.103	3257.786	3711.775	3539.332	1.090	1.092	1.085
834	3512.932	3362.507	3633.456	3536.136	1.089	1.091	1.082
835	3504.302	3384.522	3577.786	3514.285	1.082	1.085	1.079
836	3464.165	3274.352	3593.068	3472.981	1.070	1.072	1.067
837	3463.174	3311.166	3610.323	3445.252	1.061	1.063	1.067
838	3481.382	3299.403	3613.904	3516.928	1.083	1.085	1.072
839	3466.111	3227.328	3634.600	3470.968	1.069	1.071	1.067
840	3458.076	3336.968	3664.927	3450.274	1.063	1.065	1.065
841	3484.232	3205.912	3644.241	3505.873	1.080	1.082	1.073
842	3446.167	3305.318	3604.266	3424.020	1.054	1.057	1.061
843	3452.900	3318.494	3521.667	3461.052	1.066	1.068	1.063
844	3464.748	3367.586	3586.322	3454.988	1.064	1.066	1.067
845	3355.564	3202.611	3498.607	3329.398	1.025	1.028	1.033
846	3355.564	3202.611	3498.607	3329.398	1.025	1.028	1.033
847	3355.564	3202.611	3498.607	3329.398	1.025	1.028	1.033
848	3355.564	3202.611	3498.607	3329.398	1.025	1.028	1.033
849	3355.564	3202.611	3498.607	3329.398	1.025	1.028	1.033
850	3355.564	3202.611	3498.607	3329.398	1.025	1.028	1.033
851	3355.564	3202.611	3498.607	3329.398	1.025	1.028	1.033
852	3468.911	3275.892	3618.107	3503.273	1.079	1.081	1.068
853	3505.743	3241.899	3672.347	3545.266	1.092	1.094	1.080
854	3499.400	3300.578	3678.210	3502.955	1.079	1.081	1.078
855	3513.109	3359.842	3679.986	3525.087	1.086	1.088	1.082
856	3544.506	3317.415	3792.881	3576.092	1.101	1.104	1.092
857	3527.496	3364.012	3686.462	3496.886	1.077	1.079	1.086
858	3523.491	3391.966	3638.793	3512.697	1.082	1.084	1.085
859	3526.107	3429.216	3634.280	3546.487	1.092	1.095	1.086
860	3558.090	3408.920	3685.158	3579.479	1.102	1.105	1.096
861	3560.768	3348.922	3720.983	3583.196	1.103	1.106	1.097
862	3518.352	3288.546	3681.143	3542.383	1.091	1.093	1.084
863	3510.786	3286.690	3783.797	3485.470	1.073	1.076	1.081
864	3573.943	3312.088	3999.787	3550.272	1.093	1.096	1.101
865	3609.548	3298.177	3955.389	3639.549	1.121	1.123	1.112
866	3578.059	3344.387	3758.322	3636.870	1.120	1.122	1.102
867	3524.526	3284.535	3753.963	3552.828	1.094	1.097	1.085
868	3533.358	3233.594	3740.871	3607.463	1.111	1.113	1.088
869	3566.717	3276.288	3757.368	3627.804	1.117	1.120	1.098
870	3543.756	3309.721	3769.231	3561.822	1.097	1.099	1.091
871	3504.552	3247.979	3730.283	3544.407	1.092	1.094	1.079
872	3534.959	3297.816	3734.056	3536.062	1.089	1.091	1.089
873	3516.090	3319.548	3716.721	3507.763	1.080	1.083	1.083
874	3552.328	3282.573	3759.830	3584.686	1.104	1.106	1.094
875	3632.685	3337.128	3751.727	3681.920	1.134	1.136	1.119
876	3599.584	3402.178	3714.222	3619.340	1.115	1.117	1.109
877	3544.520	3299.784	3626.624	3560.652	1.097	1.099	1.092
878	3538.302	3268.847	3631.157	3579.767	1.102	1.105	1.090
879	3562.604	3294.495	3673.009	3582.918	1.103	1.106	1.097
880	3588.817	3330.054	3725.518	3617.095	1.114	1.116	1.105
881	3607.870	3367.706	3853.676	3646.848	1.123	1.126	1.111
882	3574.124	3379.024	3755.507	3589.999	1.106	1.108	1.101
883	3644.161	3334.297	3748.074	3708.049	1.142	1.144	1.122
884	3673.117	3320.421	3854.382	3742.637	1.153	1.155	1.131
885	3658.204	3348.850	3925.760	3654.512	1.125	1.128	1.127
886	3662.535	3354.446	3892.994	3716.885	1.145	1.147	1.128
887	3655.908	3376.714	3862.381	3695.250	1.138	1.141	1.126
888	3667.179	3366.894	3888.707	3688.316	1.136	1.138	1.129
889	3664.073	3345.976	3902.407	3662.656	1.128	1.130	1.128
890	3652.786	3310.760	3834.127	3707.763	1.142	1.144	1.125
891	3617.726	3329.382	3740.035	3649.304	1.124	1.126	1.114
892	3667.845	3380.543	3917.062	3673.937	1.131	1.134	1.130
893	3612.675	3442.304	3813.571	3594.711	1.107	1.109	1.113
894	3578.867	3350.073	3773.547	3579.732	1.102	1.105	1.102
895	3553.628	3479.010	3648.067	3555.346	1.095	1.097	1.094
896	3524.994	3437.123	3627.181	3518.208	1.083	1.086	1.086
897	3520.571	3404.739	3603.686	3527.038	1.086	1.089	1.084
898	3475.935	3368.843	3544.436	3497.664	1.077	1.080	1.070
899	3467.262	3438.043	3518.556	3454.248	1.064	1.066	1.068
900	3458.674	3323.932	3543.422	3446.708	1.061	1.064	1.065
901	3523.634	3400.028	3671.819	3479.451	1.072	1.074	1.085
902	3587.106	3482.260	3726.461	3553.754	1.094	1.097	1.105
903	3556.582	3401.806	3652.220	3560.366	1.096	1.099	1.095
904	3645.022	3448.185	3803.618	3641.748	1.122	1.124	1.123
905	3645.694	3436.335	3862.275	3612.576	1.113	1.115	1.123
906	3619.400	3411.728	3783.263	3620.514	1.115	1.117	1.115
907	3608.031	3438.868	3769.140	3572.918	1.100	1.103	1.111
908	3566.444	3393.898	3721.915	3553.173	1.094	1.097	1.098
909	3553.656	3409.329	3780.297	3559.120	1.096	1.098	1.094
910	3562.290	3424.187	3765.078	3511.380	1.081	1.084	1.097
911	3593.586	3510.819	3684.447	3603.347	1.110	1.112	1.107
912	3575.754	3497.569	3697.873	3591.234	1.106	1.108	1.101
913	3554.584	3412.969	3676.534	3551.526	1.094	1.096	1.095
914	3591.793	3405.198	3767.140	3583.039	1.103	1.106	1.106
915	3585.185	3480.728	3669.779	3593.565	1.107	1.109	1.104
916	3511.789	3354.796	3584.863	3518.576	1.084	1.086	1.082
917	3549.349	3435.675	3643.957	3543.147	1.091	1.094	1.093
918	3566.288	3476.223	3717.188	3545.764	1.092	1.094	1.098
919	3580.503	3506.082	3685.185	3562.933	1.097	1.100	1.103
920	3564.546	3424.534	3678.954	3567.528	1.099	1.101	1.098
921	3557.997	3386.242	3681.935	3556.606	1.095	1.098	1.096
922	3548.297	3406.644	3689.888	3548.353	1.093	1.095	1.093
923	3538.481	3333.750	3649.375	3570.127	1.099	1.102	1.090
924	3568.347	3448.182	3717.021	3583.976	1.104	1.106	1.099
925	3550.723	3438.623	3681.622	3519.825	1.084	1.086	1.093
926	3556.478	3429.737	3655.909	3573.618	1.101	1.103	1.095
927	3618.375	3378.967	3721.321	3648.688	1.124	1.126	1.114
928	3603.987	3395.890	3721.650	3637.519	1.120	1.123	1.110
929	3614.035	3435.950	3724.505	3631.628	1.118	1.121	1.113
930	3605.834	3487.181	3701.527	3596.648	1.108	1.110	1.110
931	3640.559	3433.706	3808.397	3661.173	1.128	1.130	1.121
932	3672.152	3411.639	3881.320	3683.760	1.134	1.137	1.131
933	3734.677	3464.300	3983.023	3753.912	1.156	1.159	1.150
934	3679.555	3480.033	3931.159	3639.669	1.121	1.123	1.133
935	3662.580	3485.343	3844.483	3666.343	1.129	1.132	1.128
936	3600.157	3367.613	3806.432	3608.328	1.111	1.114	1.109
937	3515.744	3342.601	3636.467	3538.426	1.090	1.092	1.083
938	3523.086	3410.613	3600.447	3531.764	1.088	1.090	1.085
939	3511.012	3415.719	3678.593	3505.951	1.080	1.082	1.081
940	3500.681	3401.825	3702.880	3487.503	1.074	1.076	1.078
941	3529.922	3435.154	3643.462	3530.425	1.087	1.090	1.087
942	3583.154	3438.019	3773.295	3556.235	1.095	1.098	1.103
943	3548.531	3418.881	3699.785	3546.264	1.092	1.095	1.093
944	3530.727	3405.545	3697.968	3512.791	1.082	1.084	1.087
945	3563.264	3504.228	3626.730	3565.978	1.098	1.101	1.097
946	3598.300	3435.021	3681.792	3613.800	1.113	1.115	1.108
947	3565.233	3419.827	3667.444	3564.410	1.098	1.100	1.098
948	3578.947	3470.240	3645.563	3587.133	1.105	1.107	1.102
949	3542.026	3397.606	3638.419	3554.955	1.095	1.097	1.091
950	3585.326	3408.308	3792.245	3555.941	1.095	1.098	1.104
951	3583.110	3415.091	3732.453	3568.953	1.099	1.102	1.103
952	3548.389	3465.926	3655.753	3552.017	1.094	1.096	1.093
953	3588.198	3450.109	3727.592	3607.128	1.111	1.113	1.105
954	3593.843	3459.827	3679.995	3598.016	1.108	1.110	1.107
955	3594.877	3465.565	3699.946	3614.184	1.113	1.115	1.107
956	3625.501	3500.257	3741.334	3621.150	1.115	1.118	1.117
957	3605.679	3492.574	3699.508	3592.739	1.106	1.109	1.110
958	3623.443	3441.663	3755.213	3636.041	1.120	1.122	1.116
959	3646.988	3374.296	3771.867	3657.508	1.126	1.129	1.123
960	3636.901	3456.127	3705.079	3663.292	1.128	1.131	1.120
961	3661.788	3373.626	3861.535	3680.297	1.133	1.136	1.128
962	3669.744	3381.212	3895.537	3670.581	1.130	1.133	1.130
963	3692.484	3367.862	3845.268	3699.440	1.139	1.142	1.137
964	3659.546	3404.253	3856.995	3634.678	1.119	1.122	1.127
965	3645.643	3403.216	3896.327	3680.253	1.133	1.136	1.123
966	3623.783	3411.788	3830.953	3665.249	1.129	1.131	1.116
967	3613.181	3423.095	3824.288	3615.568	1.113	1.116	1.113
968	3613.774	3365.447	3845.752	3620.370	1.115	1.117	1.113
969	3632.516	3259.527	3992.055	3618.060	1.114	1.117	1.119
970	3609.512	3200.559	3921.729	3604.268	1.110	1.112	1.112
971	3599.767	3204.562	3961.154	3641.942	1.122	1.124	1.109
972	3621.929	3280.980	4014.720	3669.500	1.130	1.133	1.115
973	3601.007	3231.987	4018.617	3559.783	1.096	1.099	1.109
974	3612.332	3258.424	4050.115	3601.140	1.109	1.111	1.112
975	3553.205	3202.224	3928.659	3506.643	1.080	1.082	1.094
976	3545.264	3208.176	3825.041	3560.648	1.097	1.099	1.092
977	3502.215	3236.044	3770.195	3446.748	1.061	1.064	1.079
978	3506.211	3213.314	3825.101	3414.816	1.052	1.054	1.080
979	3568.950	3228.189	3890.899	3585.193	1.104	1.107	1.099
980	3586.056	3274.360	3856.876	3576.362	1.101	1.104	1.104
981	3620.485	3307.571	3968.950	3657.499	1.126	1.129	1.115
982	3606.787	3255.889	3794.928	3664.308	1.128	1.131	1.111
983	3663.412	3376.745	3815.547	3734.865	1.150	1.153	1.128
984	3703.887	3323.589	3878.696	3770.173	1.161	1.164	1.141
985	3696.144	3366.740	3880.155	3735.839	1.151	1.153	1.138
986	3706.544	3425.569	3901.493	3730.827	1.149	1.151	1.141
987	3628.521	3314.294	3864.937	3627.362	1.117	1.120	1.117
988	3661.734	3462.387	3881.052	3654.000	1.125	1.128	1.128
989	3739.779	3538.809	4015.980	3691.057	1.137	1.139	1.152
990	3740.917	3565.359	3995.145	3744.452	1.153	1.156	1.152
991	3663.075	3462.522	3883.635	3626.129	1.117	1.119	1.128
992	3628.441	3357.404	3873.421	3575.297	1.101	1.103	1.117
993	3610.398	3461.894	3834.609	3573.297	1.100	1.103	1.112
994	3608.325	3372.634	3926.191	3567.767	1.099	1.101	1.111
995	3648.530	3425.127	3811.591	3632.119	1.119	1.121	1.124
996	3651.761	3470.781	3830.730	3659.288	1.127	1.129	1.125
997	3676.914	3450.152	3901.674	3650.122	1.124	1.127	1.132
998	3704.232	3417.336	3921.791	3750.479	1.155	1.158	1.141
999	3729.844	3486.664	3907.373	3717.679	1.145	1.147	1.149
1000	3752.135	3600.891	3858.198	3765.106	1.160	1.162	1.156
1001	3702.477	3490.140	3882.447	3714.921	1.144	1.147	1.140
1002	3602.728	3429.845	3795.365	3581.576	1.103	1.105	1.110
1003	3648.721	3547.367	3727.486	3656.304	1.126	1.128	1.124
1004	3639.939	3520.212	3768.917	3652.064	1.125	1.127	1.121
1005	3666.869	3460.570	3879.401	3709.368	1.142	1.145	1.129
1006	3679.808	3454.574	3897.166	3684.455	1.135	1.137	1.133
1007	3699.165	3462.539	4018.772	3726.083	1.147	1.150	1.139
1008	3690.304	3488.715	3889.983	3723.374	1.147	1.149	1.136
1009	3607.644	3482.426	3720.341	3620.141	1.115	1.117	1.111
1010	3555.030	3372.054	3688.053	3574.570	1.101	1.103	1.095
1011	3537.518	3422.576	3763.070	3521.348	1.084	1.087	1.089
1012	3539.025	3410.256	3733.674	3544.097	1.091	1.094	1.090
1013	3531.064	3407.268	3664.244	3536.713	1.089	1.092	1.087
1014	3537.565	3334.614	3786.145	3527.760	1.086	1.089	1.089
1015	3523.538	3365.997	3684.915	3522.008	1.085	1.087	1.085
1016	3468.766	3364.616	3582.415	3443.958	1.061	1.063	1.068
1017	3478.552	3331.903	3563.426	3496.018	1.077	1.079	1.071
1018	3556.170	3359.116	3751.192	3597.007	1.108	1.110	1.095
1019	3568.744	3362.300	3800.188	3555.048	1.095	1.097	1.099
1020	3536.035	3441.128	3703.271	3523.816	1.085	1.088	1.089
1021	3490.546	3365.234	3696.257	3488.566	1.074	1.077	1.075
1022	3532.965	3427.902	3654.950	3512.083	1.082	1.084	1.088
1023	3521.300	3379.560	3670.477	3506.574	1.080	1.082	1.084
1024	3515.117	3347.937	3769.336	3478.652	1.071	1.074	1.083
1025	3512.621	3321.741	3705.316	3482.496	1.072	1.075	1.082
1026	3529.295	3429.528	3745.383	3508.980	1.081	1.083	1.087
1027	3546.846	3365.335	3786.289	3543.313	1.091	1.094	1.092
1028	3582.354	3314.377	3818.013	3620.280	1.115	1.117	1.103
1029	3577.997	3380.938	3776.450	3525.835	1.086	1.088	1.102
1030	3523.840	3296.254	3776.888	3495.734	1.077	1.079	1.085
1031	3489.974	3310.526	3647.010	3506.287	1.080	1.082	1.075
1032	3488.588	3290.452	3638.321	3524.207	1.085	1.088	1.074
1033	3468.198	3307.128	3603.004	3503.864	1.079	1.081	1.068
1034	3484.256	3307.340	3581.606	3502.910	1.079	1.081	1.073
1035	3481.939	3330.427	3648.389	3461.109	1.066	1.068	1.072
1036	3530.738	3362.855	3784.871	3465.496	1.067	1.070	1.087
1037	3559.319	3380.503	3887.953	3488.643	1.074	1.077	1.096
1038	3529.340	3345.520	3821.461	3505.615	1.080	1.082	1.087
1039	3488.645	3276.979	3718.195	3464.548	1.067	1.069	1.074
1040	3527.010	3353.197	3756.016	3507.742	1.080	1.083	1.086
1041	3526.440	3270.425	3789.830	3584.213	1.104	1.106	1.086
1042	3553.395	3400.242	3700.159	3569.317	1.099	1.102	1.094
1043	3566.350	3362.893	3707.476	3608.477	1.111	1.114	1.098
1044	3566.931	3417.806	3718.433	3577.276	1.102	1.104	1.098
1045	3489.070	3371.345	3667.881	3460.564	1.066	1.068	1.075
1046	3478.734	3366.041	3613.950	3441.909	1.060	1.062	1.071
1047	3523.547	3399.148	3596.356	3553.288	1.094	1.097	1.085
1048	3512.785	3303.842	3663.041	3507.803	1.080	1.083	1.082
1049	3483.411	3262.492	3709.718	3472.692	1.069	1.072	1.073
1050	3461.181	3295.652	3617.745	3487.922	1.074	1.077	1.066
1051	3467.398	3328.073	3585.561	3498.161	1.077	1.080	1.068
1052	3435.648	3343.562	3576.074	3441.931	1.060	1.062	1.058
1053	3413.014	3362.154	3443.380	3421.344	1.054	1.056	1.051
1054	3431.219	3305.709	3619.147	3430.463	1.056	1.059	1.057
1055	3419.290	3203.826	3604.856	3443.571	1.060	1.063	1.053
1056	3396.017	3173.847	3517.759	3450.703	1.063	1.065	1.046
1057	3430.420	3282.423	3576.301	3423.251	1.054	1.057	1.056
1058	3436.086	3267.379	3642.629	3426.989	1.055	1.058	1.058
1059	3422.401	3283.360	3543.810	3435.975	1.058	1.060	1.054
1060	3403.253	3253.307	3528.796	3418.241	1.053	1.055	1.048
1061	3443.168	3345.260	3497.653	3454.236	1.064	1.066	1.060
1062	3461.958	3319.832	3552.805	3497.859	1.077	1.080	1.066
1063	3464.235	3346.199	3567.996	3482.936	1.073	1.075	1.067
1064	3387.416	3309.333	3505.463	3386.027	1.043	1.045	1.043
1065	3417.200	3356.125	3518.033	3410.997	1.050	1.053	1.052
1066	3428.013	3279.700	3489.191	3450.233	1.063	1.065	1.056
1067	3373.925	3251.103	3461.570	3386.555	1.043	1.045	1.039
1068	3406.992	3314.051	3485.820	3424.440	1.055	1.057	1.049
1069	3442.912	3342.333	3521.679	3445.124	1.061	1.063	1.060
1070	3396.787	3340.177	3498.976	3386.102	1.043	1.045	1.046
1071	3403.320	3307.290	3485.436	3405.633	1.049	1.051	1.048
1072	3420.151	3357.658	3508.353	3411.305	1.051	1.053	1.053
1073	3453.080	3334.340	3568.234	3459.825	1.066	1.068	1.063
1074	3452.043	3241.882	3559.386	3469.928	1.069	1.071	1.063
1075	3416.366	3281.185	3487.722	3438.085	1.059	1.061	1.052
1076	3437.986	3273.846	3554.048	3450.651	1.063	1.065	1.059
1077	3436.771	3328.101	3528.195	3448.411	1.062	1.064	1.058
1078	3379.804	3272.298	3476.073	3390.544	1.044	1.046	1.041
1079	3364.688	3240.353	3486.148	3359.040	1.034	1.037	1.036
1080	3388.471	3278.655	3501.867	3406.845	1.049	1.051	1.044
1081	3377.025	3269.463	3479.231	3370.084	1.038	1.040	1.040
1082	3365.751	3212.277	3469.074	3372.571	1.039	1.041	1.037
1083	3309.288	3176.572	3368.196	3326.461	1.024	1.027	1.019
1084	3363.992	3249.276	3501.158	3356.536	1.034	1.036	1.036
1085	3387.608	3311.820	3453.675	3385.613	1.043	1.045	1.043
1086	3354.783	3238.466	3441.146	3364.650	1.036	1.038	1.033
1087	3395.488	3274.527	3518.120	3401.244	1.047	1.050	1.046
1088	3386.992	3255.723	3533.064	3356.002	1.034	1.036	1.043
1089	3393.284	3310.481	3495.178	3381.842	1.041	1.044	1.045
1090	3376.999	3223.737	3466.967	3388.477	1.044	1.046	1.040
1091	3382.757	3312.986	3462.001	3375.177	1.039	1.042	1.042
1092	3326.917	3238.527	3395.419	3320.466	1.023	1.025	1.025
1093	3352.278	3232.341	3451.282	3362.083	1.035	1.038	1.032
1094	3361.743	3302.071	3425.706	3353.865	1.033	1.035	1.035
1095	3353.842	3229.720	3485.232	3351.863	1.032	1.035	1.033
1096	3335.357	3224.505	3427.231	3349.175	1.031	1.034	1.027
1097	3353.017	3301.519	3508.709	3342.564	1.029	1.032	1.033
1098	3347.663	3244.011	3432.603	3356.494	1.034	1.036	1.031
1099	3332.895	3244.384	3414.369	3326.941	1.025	1.027	1.026
1100	3281.705	3152.797	3371.768	3294.188	1.014	1.017	1.011
1101	3357.471	3260.908	3464.807	3343.175	1.030	1.032	1.034
1102	3347.691	3215.357	3433.011	3352.055	1.032	1.035	1.031
1103	3319.751	3252.915	3358.445	3316.990	1.022	1.024	1.022
1104	3356.932	3244.753	3423.839	3362.362	1.035	1.038	1.034
1105	3363.581	3305.833	3459.939	3351.021	1.032	1.034	1.036
1106	3358.201	3219.963	3480.920	3345.441	1.030	1.033	1.034
1107	3365.827	3239.555	3449.074	3370.844	1.038	1.040	1.037
1108	3311.167	3246.569	3391.233	3305.068	1.018	1.020	1.020
1109	3350.388	3260.673	3392.921	3361.997	1.035	1.038	1.032
1110	3325.147	3259.437	3387.276	3328.625	1.025	1.027	1.024
1111	3343.504	3194.384	3466.960	3355.693	1.033	1.036	1.030
1112	3394.534	3274.927	3447.104	3416.901	1.052	1.055	1.045
1113	3376.007	3264.583	3447.179	3392.439	1.045	1.047	1.040
1114	3343.568	3239.986	3492.610	3352.020	1.032	1.035	1.030
1115	3383.911	3218.430	3536.227	3370.672	1.038	1.040	1.042
1116	3358.803	3237.560	3488.967	3337.823	1.028	1.030	1.034
1117	3347.342	3267.633	3440.917	3350.695	1.032	1.034	1.031
1118	3365.609	3272.240	3503.810	3357.494	1.034	1.036	1.036
1119	3368.032	3254.865	3454.674	3412.101	1.051	1.053	1.037
1120	3336.868	3219.027	3466.635	3334.346	1.027	1.029	1.028
1121	3406.176	3251.542	3576.192	3439.326	1.059	1.062	1.049
1122	3365.271	3171.568	3528.653	3364.731	1.036	1.038	1.036
1123	3405.015	3159.286	3713.719	3384.716	1.042	1.045	1.049
1124	3358.058	3198.823	3612.981	3309.667	1.019	1.022	1.034
1125	3344.750	3180.172	3501.857	3305.375	1.018	1.020	1.030
1126	3343.114	3186.891	3529.013	3329.977	1.026	1.028	1.030
1127	3364.716	3178.700	3501.326	3404.258	1.048	1.051	1.036
1128	3306.753	3183.933	3435.495	3315.690	1.021	1.023	1.018
1129	3342.024	3186.292	3530.513	3347.509	1.031	1.033	1.029
1130	3312.769	3239.729	3427.231	3300.274	1.016	1.019	1.020
1131	3352.326	3239.840	3569.418	3309.651	1.019	1.021	1.032
1132	3311.535	3175.351	3516.284	3271.411	1.007	1.010	1.020
1133	3293.030	3175.254	3467.280	3271.686	1.008	1.010	1.014
1134	3300.439	3123.885	3458.085	3302.592	1.017	1.019	1.016
1135	3279.293	3135.635	3403.300	3287.241	1.012	1.015	1.010
1136	3336.465	3242.674	3441.536	3348.869	1.031	1.034	1.028
1137	3346.076	3216.347	3432.289	3357.962	1.034	1.036	1.030
1138	3356.956	3236.893	3480.571	3334.158	1.027	1.029	1.034
1139	3369.539	3295.916	3414.415	3370.646	1.038	1.040	1.038
1140	3351.662	3270.102	3412.651	3353.122	1.033	1.035	1.032
1141	3338.633	3244.332	3442.389	3324.440	1.024	1.026	1.028
1142	3317.599	3211.591	3427.295	3322.777	1.023	1.026	1.022
1143	3326.302	3187.893	3465.934	3332.995	1.026	1.029	1.024
1144	3271.258	3194.609	3313.142	3273.291	1.008	1.010	1.007
1145	3298.940	3240.649	3411.892	3278.551	1.010	1.012	1.016
1146	3282.276	3232.396	3353.779	3288.863	1.013	1.015	1.011
1147	3335.246	3193.235	3455.854	3318.594	1.022	1.024	1.027
1148	3328.826	3217.289	3429.255	3352.386	1.032	1.035	1.025
1149	3341.386	3212.948	3531.909	3335.282	1.027	1.029	1.029
1150	3323.068	3234.238	3490.497	3303.255	1.017	1.020	1.023
1151	3368.515	3251.911	3470.589	3380.770	1.041	1.043	1.037
1152	3334.061	3202.862	3485.495	3328.366	1.025	1.027	1.027
1153	3374.506	3296.918	3516.682	3365.635	1.036	1.039	1.039
1154	3402.510	3240.675	3492.307	3414.130	1.051	1.054	1.048
1155	3335.056	3265.809	3448.886	3331.807	1.026	1.028	1.027
1156	3347.560	3267.098	3466.342	3335.745	1.027	1.030	1.031
1157	3329.599	3284.713	3381.502	3326.222	1.024	1.027	1.025
1158	3343.745	3233.984	3477.024	3351.052	1.032	1.034	1.030
1159	3368.034	3258.906	3592.136	3349.813	1.032	1.034	1.037
1160	3341.655	3267.820	3525.582	3302.814	1.017	1.019	1.029
1161	3339.824	3247.205	3512.552	3312.669	1.020	1.022	1.029
1162	3356.608	3235.950	3574.172	3345.311	1.030	1.033	1.034
1163	3300.235	3236.162	3403.052	3299.721	1.016	1.018	1.016
1164	3298.762	3217.015	3420.182	3302.863	1.017	1.019	1.016
1165	3303.341	3206.919	3415.734	3300.744	1.017	1.019	1.017
1166	3288.255	3231.963	3393.350	3264.824	1.005	1.008	1.013
1167	3347.334	3219.106	3421.260	3383.261	1.042	1.044	1.031
1168	3290.551	3207.849	3364.053	3290.395	1.013	1.016	1.013
1169	3307.193	3246.985	3370.352	3309.979	1.019	1.022	1.018
1170	3315.223	3250.585	3382.679	3318.275	1.022	1.024	1.021
1171	3277.049	3209.460	3375.712	3268.988	1.007	1.009	1.009
1172	3279.741	3177.339	3387.855	3271.836	1.008	1.010	1.010
1173	3329.696	3197.021	3540.205	3316.577	1.021	1.024	1.025
1174	3296.913	3196.959	3486.014	3262.031	1.005	1.007	1.015
1175	3276.765	3132.356	3395.931	3289.711	1.013	1.015	1.009
1176	3350.594	3230.758	3431.568	3359.017	1.034	1.037	1.032
1177	3360.129	3238.370	3480.308	3363.568	1.036	1.038	1.035
1178	3362.375	3273.775	3483.750	3344.325	1.030	1.032	1.035
1179	3414.449	3238.690	3745.995	3340.082	1.029	1.031	1.052
1180	3397.494	3234.486	3666.382	3344.446	1.030	1.032	1.046
1181	3401.953	3208.392	3587.268	3384.601	1.042	1.045	1.048
1182	3420.591	3273.629	3615.892	3387.424	1.043	1.046	1.053
1183	3429.471	3249.885	3676.882	3370.092	1.038	1.040	1.056
1184	3429.037	3235.560	3693.426	3393.889	1.045	1.047	1.056
1185	3370.666	3184.313	3562.761	3344.046	1.030	1.032	1.038
1186	3388.454	3245.335	3657.177	3331.208	1.026	1.028	1.044
1187	3422.669	3163.720	3574.591	3448.754	1.062	1.064	1.054
1188	3400.272	3230.673	3531.729	3402.912	1.048	1.050	1.047
1189	3477.054	3320.652	3709.713	3454.393	1.064	1.066	1.071
1190	3462.495	3295.401	3606.616	3482.967	1.073	1.075	1.066
1191	3421.295	3271.732	3585.518	3446.050	1.061	1.064	1.054
1192	3423.092	3285.049	3615.673	3409.132	1.050	1.052	1.054
1193	3419.960	3293.889	3599.331	3403.841	1.048	1.051	1.053
1194	3373.644	3295.008	3497.049	3375.475	1.040	1.042	1.039
1195	3361.138	3260.750	3481.213	3338.552	1.028	1.030	1.035
1196	3446.514	3307.342	3600.585	3430.467	1.056	1.059	1.061
1197	3329.191	3178.572	3475.991	3305.630	1.018	1.020	1.025
1198	3347.375	3215.848	3453.471	3348.746	1.031	1.034	1.031
1199	3342.384	3197.997	3464.554	3347.373	1.031	1.033	1.029
1200	3329.258	3250.169	3466.428	3339.570	1.028	1.031	1.025
1201	3347.552	3231.363	3563.031	3336.216	1.027	1.030	1.031
1202	3341.671	3269.131	3477.307	3332.729	1.026	1.029	1.029
1203	3358.695	3259.390	3568.844	3355.772	1.033	1.036	1.034
1204	3355.320	3243.774	3461.232	3376.828	1.040	1.042	1.033
1205	3344.074	3214.150	3463.139	3359.777	1.035	1.037	1.030
1206	3304.294	3130.362	3404.479	3329.496	1.025	1.028	1.018
1207	3354.812	3230.906	3491.120	3372.317	1.039	1.041	1.033
1208	3338.919	3213.654	3448.200	3315.997	1.021	1.023	1.028
1209	3357.395	3156.191	3547.162	3365.067	1.036	1.039	1.034
1210	3345.723	3172.004	3481.769	3363.754	1.036	1.038	1.030
1211	3329.465	3222.503	3483.086	3313.545	1.020	1.023	1.025
1212	3319.593	3157.221	3445.197	3324.848	1.024	1.026	1.022
1213	3350.457	3214.331	3468.886	3352.288	1.032	1.035	1.032
1214	3368.433	3235.427	3487.535	3357.803	1.034	1.036	1.037
1215	3395.669	3238.465	3575.884	3372.854	1.039	1.041	1.046
1216	3353.240	3230.048	3479.938	3351.547	1.032	1.034	1.033
1217	3408.607	3302.833	3547.822	3400.766	1.047	1.050	1.050
1218	3376.279	3219.268	3556.582	3350.337	1.032	1.034	1.040
1219	3406.873	3253.379	3564.267	3434.182	1.058	1.060	1.049
1220	3375.724	3258.360	3499.443	3379.977	1.041	1.043	1.040
1221	3407.762	3254.640	3688.147	3376.751	1.040	1.042	1.049
1222	3455.610	3243.018	3684.084	3421.700	1.054	1.056	1.064
1223	3466.420	3305.000	3632.922	3440.556	1.060	1.062	1.068
1224	3438.227	3239.327	3644.894	3462.347	1.066	1.069	1.059
1225	3500.490	3294.557	3715.060	3511.819	1.082	1.084	1.078
1226	3462.055	3253.672	3672.143	3426.604	1.055	1.058	1.066
1227	3464.683	3318.031	3632.305	3426.528	1.055	1.058	1.067
1228	3402.429	3257.935	3630.876	3397.768	1.046	1.049	1.048
1229	3409.157	3297.513	3589.678	3391.677	1.045	1.047	1.050
1230	3385.014	3270.811	3547.901	3372.923	1.039	1.041	1.042
1231	3362.766	3264.331	3531.584	3339.069	1.028	1.031	1.036
1232	3364.190	3303.854	3460.978	3354.316	1.033	1.035	1.036
1233	3382.034	3303.552	3472.773	3385.125	1.042	1.045	1.042
1234	3363.157	3185.731	3483.760	3359.440	1.035	1.037	1.036
1235	3352.988	3232.857	3465.311	3351.242	1.032	1.034	1.033
1236	3365.988	3228.915	3450.534	3378.242	1.040	1.043	1.037
1237	3370.510	3263.362	3458.278	3361.129	1.035	1.037	1.038
1238	3385.609	3256.897	3498.416	3394.225	1.045	1.048	1.043
1239	3365.787	3265.190	3446.675	3378.213	1.040	1.043	1.037
1240	3383.235	3273.262	3457.815	3391.716	1.045	1.047	1.042
1241	3379.340	3258.863	3526.985	3350.423	1.032	1.034	1.041
1242	3381.150	3225.973	3588.739	3376.027	1.040	1.042	1.041
1243	3344.575	3230.385	3477.150	3322.136	1.023	1.025	1.030
1244	3314.914	3163.729	3430.230	3326.885	1.025	1.027	1.021
1245	3358.944	3275.001	3440.284	3355.004	1.033	1.035	1.034
1246	3349.805	3261.510	3441.772	3351.118	1.032	1.034	1.032
1247	3338.481	3250.260	3417.920	3333.482	1.027	1.029	1.028
1248	3329.816	3237.978	3483.700	3314.668	1.021	1.023	1.025
1249	3320.865	3237.043	3516.509	3279.333	1.010	1.012	1.023
1250	3385.735	3259.593	3560.677	3373.119	1.039	1.041	1.043
1251	3391.831	3256.837	3545.198	3363.875	1.036	1.038	1.045
1252	3395.104	3261.916	3525.400	3395.846	1.046	1.048	1.046
1253	3364.165	3212.135	3541.101	3339.103	1.028	1.031	1.036
1254	3394.305	3199.022	3567.380	3406.072	1.049	1.051	1.045
1255	3412.136	3268.488	3563.183	3435.322	1.058	1.060	1.051
1256	3390.194	3202.574	3603.442	3385.093	1.042	1.045	1.044
1257	3432.033	3250.539	3576.479	3456.877	1.065	1.067	1.057
1258	3388.436	3239.461	3527.055	3414.951	1.052	1.054	1.044
1259	3419.788	3165.037	3541.845	3461.487	1.066	1.068	1.053
1260	3403.971	3275.436	3583.148	3367.463	1.037	1.039	1.048
1261	3359.656	3168.493	3468.881	3376.146	1.040	1.042	1.035
1262	3331.095	3255.723	3407.937	3326.933	1.025	1.027	1.026
1263	3328.638	3229.564	3476.403	3285.823	1.012	1.014	1.025
1264	3325.945	3184.970	3534.271	3316.625	1.021	1.024	1.024
1265	3392.836	3261.456	3549.392	3372.983	1.039	1.041	1.045
1266	3338.557	3190.224	3476.853	3309.113	1.019	1.021	1.028
1267	3297.327	3186.005	3505.351	3252.194	1.002	1.004	1.015
1268	3340.893	3190.558	3606.792	3299.057	1.016	1.018	1.029
1269	3321.061	3198.594	3567.332	3281.917	1.011	1.013	1.023
1270	3334.569	3207.571	3488.709	3325.853	1.024	1.026	1.027
1271	3313.101	3220.164	3449.928	3293.625	1.014	1.017	1.020
1272	3350.462	3250.112	3504.665	3316.133	1.021	1.023	1.032
1273	3355.564	3202.611	3498.607	3329.398	1.025	1.028	1.033
1274	3337.921	3239.386	3483.609	3299.798	1.016	1.018	1.028
1275	3341.902	3142.581	3539.475	3319.073	1.022	1.024	1.029
1276	3370.144	3178.664	3634.686	3359.934	1.035	1.037	1.038
1277	3365.207	3247.981	3575.176	3328.873	1.025	1.027	1.036
1278	3400.662	3274.135	3661.997	3378.380	1.040	1.043	1.047
1279	3428.384	3261.700	3656.203	3403.421	1.048	1.050	1.056
1280	3405.953	3261.197	3607.562	3394.040	1.045	1.048	1.049
1281	3369.038	3181.679	3509.829	3374.590	1.039	1.042	1.038
1282	3338.220	3226.599	3489.284	3325.384	1.024	1.026	1.028
1283	3312.118	3171.847	3469.323	3285.204	1.012	1.014	1.020
1284	3348.441	3180.865	3534.677	3352.806	1.033	1.035	1.031
1285	3373.376	3245.657	3608.420	3306.768	1.018	1.021	1.039
1286	3364.564	3219.796	3597.189	3301.989	1.017	1.019	1.036
1287	3348.943	3221.854	3501.872	3335.763	1.027	1.030	1.031
1288	3389.570	3213.681	3767.800	3334.821	1.027	1.029	1.044
1289	3368.608	3240.010	3556.665	3309.263	1.019	1.021	1.037
1290	3382.851	3177.590	3604.455	3355.963	1.034	1.036	1.042
1291	3340.692	3192.626	3519.835	3320.324	1.023	1.025	1.029
1292	3351.420	3262.681	3500.437	3326.295	1.024	1.027	1.032
1293	3360.148	3211.661	3728.092	3282.704	1.011	1.013	1.035
1294	3360.236	3169.108	3590.993	3332.984	1.026	1.029	1.035
1295	3464.095	3260.156	3628.223	3495.597	1.077	1.079	1.067
1296	3390.323	3218.969	3531.737	3413.319	1.051	1.053	1.044
1297	3338.405	3202.575	3447.609	3347.919	1.031	1.033	1.028
1298	3354.574	3251.450	3440.188	3352.237	1.032	1.035	1.033
1299	3342.614	3169.420	3484.090	3337.126	1.028	1.030	1.029
1300	3379.594	3270.656	3528.801	3352.067	1.032	1.035	1.041
1301	3346.466	3189.836	3464.586	3360.031	1.035	1.037	1.031
1302	3387.250	3220.908	3461.422	3413.488	1.051	1.054	1.043
1303	3397.456	3249.112	3485.328	3399.964	1.047	1.049	1.046
1304	3338.217	3224.831	3433.980	3347.077	1.031	1.033	1.028
1305	3349.294	3206.580	3438.979	3364.792	1.036	1.039	1.031
1306	3355.762	3279.621	3437.643	3358.290	1.034	1.037	1.033
1307	3314.011	3232.541	3410.290	3304.835	1.018	1.020	1.021
1308	3347.003	3179.006	3434.553	3356.378	1.034	1.036	1.031
1309	3365.786	3295.833	3467.342	3364.821	1.036	1.039	1.037
1310	3380.294	3248.805	3471.750	3372.513	1.039	1.041	1.041
1311	3346.216	3252.681	3405.325	3354.206	1.033	1.035	1.031
1312	3329.081	3261.628	3429.162	3300.432	1.016	1.019	1.025
1313	3316.072	3249.141	3434.536	3285.591	1.012	1.014	1.021
1314	3332.996	3258.610	3488.561	3312.703	1.020	1.022	1.026
1315	3336.670	3278.537	3410.329	3327.254	1.025	1.027	1.028
1316	3357.044	3276.470	3450.703	3357.434	1.034	1.036	1.034
1317	3405.604	3321.971	3555.567	3389.772	1.044	1.046	1.049
1318	3392.470	3311.398	3488.823	3390.243	1.044	1.046	1.045
1319	3403.746	3241.525	3540.384	3396.748	1.046	1.048	1.048
1320	3401.750	3219.098	3544.414	3404.533	1.048	1.051	1.048
1321	3446.953	3214.800	3588.678	3471.501	1.069	1.071	1.062
1322	3488.489	3248.585	3679.961	3498.148	1.077	1.080	1.074
1323	3495.126	3359.132	3611.194	3512.295	1.082	1.084	1.076
1324	3477.490	3280.828	3631.255	3503.720	1.079	1.081	1.071
1325	3525.864	3395.116	3754.549	3490.811	1.075	1.077	1.086
1326	3450.745	3395.303	3515.220	3436.888	1.058	1.061	1.063
1327	3457.961	3334.278	3551.888	3455.885	1.064	1.067	1.065
1328	3472.959	3309.184	3574.835	3484.553	1.073	1.075	1.070
1329	3377.143	3245.087	3523.471	3363.773	1.036	1.038	1.040
1330	3361.089	3291.523	3491.353	3331.097	1.026	1.028	1.035
1331	3357.276	3270.644	3525.065	3328.689	1.025	1.027	1.034
1332	3376.990	3262.733	3611.240	3340.791	1.029	1.031	1.040
1333	3407.991	3245.388	3523.860	3430.414	1.056	1.059	1.050
1334	3407.808	3261.626	3555.151	3416.676	1.052	1.055	1.049
1335	3446.100	3280.365	3727.708	3451.641	1.063	1.065	1.061
1336	3385.101	3250.537	3481.581	3395.591	1.046	1.048	1.042
1337	3406.788	3212.332	3575.218	3426.432	1.055	1.058	1.049
1338	3405.362	3272.152	3569.494	3396.461	1.046	1.048	1.049
1339	3391.264	3276.774	3464.568	3403.972	1.048	1.051	1.044
1340	3408.484	3310.043	3467.334	3405.097	1.049	1.051	1.050
1341	3416.816	3316.840	3576.392	3408.537	1.050	1.052	1.052
1342	3448.245	3235.034	3590.564	3442.285	1.060	1.062	1.062
1343	3395.178	3241.784	3547.079	3428.018	1.056	1.058	1.046
1344	3370.924	3305.424	3413.132	3384.750	1.042	1.045	1.038
1345	3337.338	3268.074	3441.509	3336.860	1.028	1.030	1.028
1346	3383.026	3290.538	3522.229	3346.346	1.031	1.033	1.042
1347	3375.731	3259.189	3479.528	3387.105	1.043	1.045	1.040
1348	3383.401	3288.507	3489.569	3404.411	1.048	1.051	1.042
1349	3402.771	3311.026	3518.232	3400.453	1.047	1.050	1.048
1350	3376.767	3221.135	3465.990	3377.917	1.040	1.043	1.040
1351	3458.142	3349.939	3642.927	3446.634	1.061	1.064	1.065
1352	3509.609	3379.386	3668.431	3510.213	1.081	1.083	1.081
1353	3502.557	3372.204	3643.542	3497.487	1.077	1.079	1.079
1354	3546.350	3309.614	3783.996	3542.049	1.091	1.093	1.092
1355	3546.884	3325.005	3660.597	3581.526	1.103	1.105	1.092
1356	3582.030	3359.516	3698.234	3621.908	1.115	1.118	1.103
1357	3521.909	3321.185	3681.929	3532.871	1.088	1.090	1.085
1358	3515.974	3295.133	3756.361	3522.237	1.085	1.087	1.083
1359	3524.754	3336.378	3736.582	3527.061	1.086	1.089	1.085
1360	3478.061	3381.260	3669.919	3445.440	1.061	1.063	1.071
1361	3431.962	3363.274	3501.799	3414.517	1.052	1.054	1.057
1362	3359.481	3267.732	3410.090	3366.845	1.037	1.039	1.035
1363	3422.005	3345.742	3552.887	3401.346	1.047	1.050	1.054
1364	3439.447	3329.997	3659.906	3383.759	1.042	1.044	1.059
1365	3393.852	3279.758	3507.348	3391.021	1.044	1.047	1.045
1366	3336.722	3226.989	3474.278	3331.267	1.026	1.028	1.028
1367	3401.440	3318.685	3526.058	3381.126	1.041	1.044	1.048
1368	3386.495	3250.770	3565.568	3379.626	1.041	1.043	1.043
1369	3347.297	3212.462	3448.638	3353.479	1.033	1.035	1.031
1370	3345.888	3250.964	3442.079	3328.919	1.025	1.027	1.030
1371	3330.545	3162.440	3468.469	3313.416	1.020	1.023	1.026
1372	3331.125	3222.558	3446.980	3337.240	1.028	1.030	1.026
1373	3326.581	3211.279	3515.577	3312.728	1.020	1.022	1.024
1374	3313.012	3222.193	3420.313	3318.789	1.022	1.024	1.020
1375	3326.168	3259.077	3466.347	3305.411	1.018	1.020	1.024
1376	3305.328	3256.128	3381.589	3301.281	1.017	1.019	1.018
1377	3274.650	3182.357	3381.115	3263.087	1.005	1.007	1.008
1378	3291.422	3228.085	3454.365	3272.234	1.008	1.010	1.014
1379	3305.942	3226.887	3384.069	3313.604	1.020	1.023	1.018
1380	3296.293	3211.410	3421.773	3288.813	1.013	1.015	1.015
1381	3289.279	3223.590	3348.634	3294.132	1.014	1.017	1.013
1382	3324.010	3250.104	3465.678	3312.520	1.020	1.022	1.024
1383	3330.184	3234.388	3457.414	3322.412	1.023	1.025	1.026
1384	3328.305	3230.155	3513.583	3298.958	1.016	1.018	1.025
1385	3354.188	3253.661	3457.751	3335.444	1.027	1.029	1.033
1386	3290.954	3135.021	3391.083	3322.374	1.023	1.025	1.013
1387	3315.126	3155.445	3437.357	3343.042	1.030	1.032	1.021
1388	3387.048	3200.423	3497.621	3406.444	1.049	1.051	1.043
1389	3357.883	3257.097	3439.268	3366.585	1.037	1.039	1.034
1390	3378.803	3262.223	3456.983	3393.488	1.045	1.047	1.041
1391	3367.957	3245.947	3491.929	3377.692	1.040	1.042	1.037
1392	3429.768	3309.952	3581.174	3452.825	1.063	1.066	1.056
1393	3440.555	3233.205	3562.922	3436.399	1.058	1.061	1.060
1394	3402.091	3252.204	3590.395	3385.240	1.043	1.045	1.048
1395	3401.720	3281.873	3702.780	3380.771	1.041	1.043	1.048
1396	3351.933	3244.815	3388.794	3366.237	1.037	1.039	1.032
1397	3380.193	3281.020	3493.970	3379.468	1.041	1.043	1.041
1398	3360.616	3240.616	3570.919	3338.589	1.028	1.030	1.035
1399	3347.891	3241.232	3437.528	3363.664	1.036	1.038	1.031
1400	3301.746	3125.958	3493.251	3302.564	1.017	1.019	1.017
1401	3351.683	3180.306	3691.808	3319.091	1.022	1.024	1.032
1402	3333.205	3208.704	3578.433	3304.678	1.018	1.020	1.027
1403	3278.539	3129.478	3439.878	3291.525	1.014	1.016	1.010
1404	3252.373	3097.101	3395.997	3257.290	1.003	1.005	1.002
1405	3252.525	3097.669	3404.044	3257.443	1.003	1.005	1.002
1406	3271.294	3156.383	3473.854	3207.021	0.988	0.990	1.007
1407	3264.027	3172.586	3429.855	3253.169	1.002	1.004	1.005
1408	3271.374	3151.896	3421.057	3263.291	1.005	1.007	1.007
1409	3245.666	3099.495	3380.308	3258.422	1.003	1.006	1.000
1410	3241.092	3133.034	3371.766	3248.531	1.000	1.003	0.998
1411	3257.849	3112.678	3401.477	3254.492	1.002	1.004	1.003
1412	3224.895	3154.448	3271.146	3230.640	0.995	0.997	0.993
1413	3241.077	3138.603	3328.835	3262.174	1.005	1.007	0.998
1414	3236.753	3137.775	3346.020	3248.311	1.000	1.003	0.997
1415	3267.425	3189.003	3386.127	3260.684	1.004	1.006	1.006
1416	3235.766	3158.744	3366.796	3211.947	0.989	0.991	0.996
1417	3236.395	3136.620	3357.283	3247.320	1.000	1.002	0.997
1418	3227.706	3158.227	3336.430	3221.356	0.992	0.994	0.994
1419	3256.486	3145.890	3490.440	3234.736	0.996	0.998	1.003
1420	3271.954	3167.784	3423.446	3240.878	0.998	1.000	1.008
1421	3285.343	3157.346	3437.005	3271.695	1.008	1.010	1.012
1422	3291.594	3191.336	3419.062	3287.079	1.012	1.015	1.014
1423	3299.197	3179.012	3468.146	3237.379	0.997	0.999	1.016
1424	3303.005	3175.061	3498.579	3273.920	1.008	1.010	1.017
1425	3329.736	3151.582	3520.229	3289.567	1.013	1.015	1.025
1426	3338.466	3181.212	3632.830	3253.005	1.002	1.004	1.028
1427	3335.396	3194.038	3554.351	3282.640	1.011	1.013	1.027
1428	3332.257	3178.647	3604.086	3280.789	1.010	1.013	1.026
1429	3341.978	3119.519	3593.646	3344.691	1.030	1.032	1.029
1430	3334.464	3122.638	3518.857	3302.975	1.017	1.019	1.027
1431	3314.723	3200.389	3475.338	3319.970	1.022	1.025	1.021
1432	3300.570	3130.003	3427.811	3305.231	1.018	1.020	1.016
1433	3311.982	3177.414	3495.244	3307.929	1.019	1.021	1.020
1434	3299.628	3194.333	3405.421	3319.062	1.022	1.024	1.016
1435	3253.194	3136.937	3310.246	3267.987	1.006	1.009	1.002
1436	3241.269	3133.996	3337.671	3227.576	0.994	0.996	0.998
1437	3272.816	3135.792	3422.758	3265.243	1.006	1.008	1.008
1438	3292.593	3141.296	3463.091	3261.492	1.004	1.007	1.014
1439	3339.213	3220.024	3685.710	3296.760	1.015	1.018	1.028
1440	3309.354	3185.404	3491.212	3307.082	1.018	1.021	1.019
1441	3316.103	3260.592	3409.303	3313.430	1.020	1.023	1.021
1442	3267.050	3180.348	3339.885	3276.934	1.009	1.011	1.006
1443	3272.891	3159.600	3426.490	3254.438	1.002	1.004	1.008
1444	3323.827	3156.315	3577.567	3324.438	1.024	1.026	1.024
1445	3318.971	3159.290	3454.725	3309.093	1.019	1.021	1.022
1446	3317.103	3204.674	3527.818	3272.469	1.008	1.010	1.022
1447	3340.039	3172.655	3578.865	3317.119	1.022	1.024	1.029
1448	3314.416	3177.909	3585.452	3270.810	1.007	1.010	1.021
1449	3308.441	3199.326	3455.875	3282.574	1.011	1.013	1.019
1450	3300.759	3154.466	3483.653	3260.962	1.004	1.006	1.017
1451	3312.487	3145.693	3454.975	3308.793	1.019	1.021	1.020
1452	3344.229	3119.321	3518.777	3360.622	1.035	1.037	1.030
1453	3324.215	3094.880	3542.131	3343.092	1.030	1.032	1.024
1454	3345.114	3143.011	3472.323	3394.764	1.045	1.048	1.030
1455	3365.062	3222.172	3522.771	3322.387	1.023	1.025	1.036
1456	3348.303	3154.042	3528.976	3340.012	1.029	1.031	1.031
1457	3338.242	3243.196	3469.597	3328.080	1.025	1.027	1.028
1458	3388.080	3259.131	3493.493	3368.098	1.037	1.040	1.043
1459	3388.200	3210.748	3564.706	3356.846	1.034	1.036	1.043
1460	3369.270	3246.208	3562.071	3339.959	1.029	1.031	1.038
1461	3367.056	3168.340	3624.208	3349.084	1.031	1.034	1.037
1462	3378.967	3286.023	3555.029	3350.808	1.032	1.034	1.041
1463	3363.502	3212.205	3484.002	3364.276	1.036	1.038	1.036
1464	3425.073	3242.023	3752.636	3371.163	1.038	1.040	1.055
1465	3376.187	3194.564	3479.633	3399.842	1.047	1.049	1.040
1466	3389.056	3204.289	3599.063	3406.033	1.049	1.051	1.044
1467	3468.798	3302.349	3638.054	3496.478	1.077	1.079	1.068
1468	3458.840	3350.759	3577.939	3459.239	1.065	1.068	1.065
1469	3468.404	3284.590	3642.756	3473.971	1.070	1.072	1.068
1470	3484.351	3325.954	3685.037	3461.283	1.066	1.068	1.073
1471	3513.515	3419.910	3655.156	3487.936	1.074	1.077	1.082
1472	3531.536	3392.488	3651.658	3523.374	1.085	1.087	1.088
1473	3535.119	3390.264	3687.275	3539.704	1.090	1.093	1.089
1474	3513.125	3297.986	3710.800	3519.235	1.084	1.086	1.082
1475	3519.546	3341.771	3773.638	3507.824	1.080	1.083	1.084
1476	3493.189	3351.220	3567.025	3514.449	1.082	1.085	1.076
1477	3498.551	3343.856	3697.970	3492.885	1.076	1.078	1.077
1478	3554.599	3404.027	3707.514	3583.381	1.104	1.106	1.095
1479	3569.396	3346.050	3765.097	3592.955	1.106	1.109	1.099
1480	3526.853	3230.733	3709.713	3599.183	1.108	1.111	1.086
1481	3518.903	3345.157	3622.981	3544.841	1.092	1.094	1.084
1482	3504.211	3378.716	3612.175	3514.938	1.082	1.085	1.079
1483	3575.879	3410.497	3765.801	3580.488	1.103	1.105	1.101
1484	3570.410	3383.726	3678.003	3583.286	1.104	1.106	1.100
1485	3565.798	3383.845	3659.733	3602.952	1.110	1.112	1.098
1486	3535.308	3370.326	3746.447	3543.970	1.091	1.094	1.089
1487	3497.172	3321.311	3659.315	3492.554	1.076	1.078	1.077
1488	3540.029	3429.227	3728.551	3534.255	1.088	1.091	1.090
1489	3509.467	3420.819	3627.691	3516.997	1.083	1.085	1.081
1490	3449.744	3382.768	3552.621	3434.317	1.058	1.060	1.062
1491	3449.520	3348.835	3555.890	3432.143	1.057	1.059	1.062
1492	3447.354	3348.354	3497.417	3470.723	1.069	1.071	1.062
1493	3486.153	3377.447	3615.626	3483.297	1.073	1.075	1.074
1494	3487.976	3276.734	3731.069	3468.659	1.068	1.071	1.074
1495	3487.326	3300.252	3633.693	3515.817	1.083	1.085	1.074
1496	3512.917	3296.183	3635.065	3527.400	1.086	1.089	1.082
1497	3476.421	3362.762	3561.001	3485.505	1.073	1.076	1.071
1498	3455.000	3272.973	3570.267	3451.916	1.063	1.065	1.064
1499	3433.782	3267.759	3579.128	3431.336	1.057	1.059	1.057
1500	3486.736	3409.672	3580.541	3477.121	1.071	1.073	1.074
1501	3473.543	3307.605	3606.889	3460.894	1.066	1.068	1.070
1502	3460.634	3216.447	3668.464	3470.958	1.069	1.071	1.066
1503	3454.266	3315.639	3646.873	3441.500	1.060	1.062	1.064
1504	3425.903	3246.412	3655.483	3396.304	1.046	1.048	1.055
1505	3476.915	3413.052	3534.641	3476.813	1.071	1.073	1.071
1506	3471.909	3325.514	3568.328	3479.837	1.072	1.074	1.069
1507	3468.254	3287.474	3611.131	3497.130	1.077	1.079	1.068
1508	3458.711	3183.977	3718.228	3416.752	1.052	1.055	1.065
1509	3546.051	3340.819	3757.718	3534.880	1.089	1.091	1.092
1510	3533.807	3432.507	3729.304	3492.800	1.076	1.078	1.088
1511	3518.162	3386.094	3627.305	3519.467	1.084	1.086	1.083
1512	3555.122	3441.053	3662.565	3567.701	1.099	1.101	1.095
1513	3554.357	3484.910	3667.317	3542.894	1.091	1.093	1.095
1514	3602.682	3522.008	3719.964	3591.774	1.106	1.109	1.109
1515	3589.083	3448.337	3735.323	3593.605	1.107	1.109	1.105
1516	3592.610	3409.807	3798.154	3572.924	1.100	1.103	1.106
1517	3571.598	3446.341	3704.982	3565.362	1.098	1.100	1.100
1518	3613.858	3516.071	3809.474	3590.406	1.106	1.108	1.113
1519	3568.891	3384.533	3735.230	3530.629	1.087	1.090	1.099
1520	3530.063	3369.679	3645.908	3546.908	1.092	1.095	1.087
1521	3514.886	3392.780	3662.871	3485.749	1.073	1.076	1.082
1522	3512.283	3288.253	3672.838	3524.796	1.086	1.088	1.082
1523	3657.251	3377.030	3994.392	3655.671	1.126	1.128	1.126
1524	3631.430	3393.135	3920.404	3630.916	1.118	1.121	1.118
1525	3544.802	3307.680	3686.811	3587.388	1.105	1.107	1.092
1526	3553.976	3294.672	3783.876	3531.797	1.088	1.090	1.094
1527	3576.303	3352.818	3836.709	3498.578	1.077	1.080	1.101
1528	3505.531	3376.913	3662.154	3450.875	1.063	1.065	1.080
1529	3491.863	3316.020	3628.068	3492.444	1.076	1.078	1.075
1530	3519.347	3297.004	3694.958	3592.744	1.106	1.109	1.084
1531	3546.115	3283.195	3713.043	3590.116	1.106	1.108	1.092
1532	3497.760	3303.491	3659.822	3534.923	1.089	1.091	1.077
1533	3478.180	3305.361	3649.662	3493.268	1.076	1.078	1.071
1534	3493.533	3314.648	3718.357	3457.616	1.065	1.067	1.076
1535	3480.336	3348.036	3652.506	3469.554	1.068	1.071	1.072
1536	3470.050	3344.764	3615.667	3474.560	1.070	1.072	1.069
1537	3437.858	3318.630	3578.905	3410.669	1.050	1.053	1.059
1538	3472.337	3308.533	3604.591	3514.231	1.082	1.085	1.069
1539	3504.469	3386.429	3660.698	3501.306	1.078	1.081	1.079
1540	3447.909	3342.707	3534.021	3461.083	1.066	1.068	1.062
1541	3441.311	3348.264	3546.093	3451.787	1.063	1.065	1.060
1542	3424.548	3285.579	3569.875	3409.503	1.050	1.052	1.055
1543	3442.715	3283.276	3594.823	3448.022	1.062	1.064	1.060
1544	3512.663	3360.550	3708.282	3499.267	1.078	1.080	1.082
1545	3529.270	3360.743	3760.202	3502.560	1.079	1.081	1.087
1546	3598.743	3431.713	3781.011	3553.100	1.094	1.097	1.108
1547	3553.781	3389.582	3750.488	3486.910	1.074	1.076	1.094
1548	3603.930	3410.953	3804.389	3593.463	1.107	1.109	1.110
1549	3636.109	3509.712	3759.410	3634.590	1.119	1.122	1.120
1550	3662.203	3475.025	3810.954	3673.345	1.131	1.134	1.128
1551	3687.992	3522.547	3841.017	3675.752	1.132	1.134	1.136
1552	3653.666	3406.511	3887.764	3695.839	1.138	1.141	1.125
1553	3619.882	3404.234	3857.688	3640.697	1.121	1.124	1.115
1554	3653.846	3480.330	3819.364	3660.817	1.127	1.130	1.125
1555	3621.655	3429.151	3810.663	3592.426	1.106	1.109	1.115
1556	3633.435	3503.595	3810.185	3632.152	1.119	1.121	1.119
1557	3682.916	3499.310	4101.902	3646.673	1.123	1.126	1.134
1558	3679.891	3320.968	3903.677	3721.957	1.146	1.149	1.133
1559	3714.794	3504.494	4023.146	3683.646	1.134	1.137	1.144
1560	3688.460	3452.747	3874.136	3698.479	1.139	1.142	1.136
1561	3679.484	3556.907	3885.832	3671.701	1.131	1.133	1.133
1562	3679.084	3544.824	3853.797	3691.459	1.137	1.139	1.133
1563	3688.823	3420.393	3918.524	3679.096	1.133	1.136	1.136
1564	3693.740	3480.221	3907.682	3681.578	1.134	1.136	1.138
1565	3660.469	3429.335	3871.568	3684.742	1.135	1.137	1.127
1566	3667.760	3419.275	3852.817	3665.440	1.129	1.131	1.130
1567	3663.449	3469.656	3876.341	3652.819	1.125	1.127	1.128
1568	3647.278	3445.825	3826.179	3638.156	1.120	1.123	1.123
1569	3620.869	3385.055	3722.993	3663.689	1.128	1.131	1.115
1570	3588.870	3373.153	3821.282	3599.115	1.108	1.111	1.105
1571	3578.659	3275.165	3851.559	3563.056	1.097	1.100	1.102
1572	3662.855	3344.138	4013.312	3665.869	1.129	1.131	1.128
1573	3769.830	3484.560	4143.434	3741.878	1.152	1.155	1.161
1574	3766.471	3531.046	4012.347	3748.526	1.154	1.157	1.160
1575	3757.303	3466.435	3987.468	3765.466	1.160	1.162	1.157
1576	3764.213	3474.878	3946.956	3803.817	1.171	1.174	1.159
1577	3674.317	3470.930	3854.199	3650.262	1.124	1.127	1.132
1578	3675.689	3468.271	3932.390	3644.427	1.122	1.125	1.132
1579	3660.385	3541.234	3857.090	3669.767	1.130	1.133	1.127
1580	3625.294	3420.562	3765.884	3656.301	1.126	1.128	1.116
1581	3594.489	3480.728	3790.166	3554.318	1.095	1.097	1.107
1582	3625.770	3439.538	3842.186	3623.587	1.116	1.118	1.117
1583	3539.779	3432.924	3681.312	3520.748	1.084	1.087	1.090
1584	3511.830	3322.568	3715.827	3488.678	1.074	1.077	1.082
1585	3558.371	3402.272	3776.133	3529.422	1.087	1.089	1.096
1586	3538.596	3355.840	3619.493	3556.982	1.095	1.098	1.090
1587	3479.371	3372.133	3635.777	3485.970	1.074	1.076	1.072
1588	3536.237	3407.540	3685.710	3535.658	1.089	1.091	1.089
1589	3609.238	3482.098	3912.070	3559.479	1.096	1.099	1.112
1590	3595.514	3444.743	3708.288	3600.974	1.109	1.111	1.107
1591	3658.075	3510.418	3842.096	3646.144	1.123	1.125	1.127
1592	3586.682	3322.479	3802.457	3584.020	1.104	1.106	1.105
1593	3625.450	3247.958	3774.034	3633.288	1.119	1.121	1.117
1594	3616.246	3392.760	3817.878	3613.812	1.113	1.115	1.114
1595	3671.497	3422.731	3865.969	3680.166	1.133	1.136	1.131
1596	3689.564	3437.665	3961.265	3673.405	1.131	1.134	1.136
1597	3679.169	3380.444	3990.081	3678.004	1.133	1.135	1.133
1598	3682.327	3435.366	3939.652	3684.524	1.135	1.137	1.134
1599	3663.815	3431.327	3824.861	3707.468	1.142	1.144	1.128
1600	3690.620	3414.982	3984.687	3662.194	1.128	1.130	1.137
1601	3631.749	3516.025	3811.662	3605.878	1.110	1.113	1.118
1602	3587.874	3314.403	3775.798	3610.896	1.112	1.114	1.105
1603	3587.083	3288.314	3775.544	3576.315	1.101	1.104	1.105
1604	3664.948	3389.348	3868.496	3703.027	1.140	1.143	1.129
1605	3677.428	3418.667	3832.864	3650.903	1.124	1.127	1.133
1606	3638.829	3320.069	3791.735	3678.430	1.133	1.135	1.121
1607	3639.340	3404.639	3990.919	3645.757	1.123	1.125	1.121
1608	3602.082	3385.109	3807.694	3640.060	1.121	1.123	1.109
1609	3561.251	3383.408	3713.725	3581.565	1.103	1.105	1.097
1610	3584.577	3402.617	3714.925	3596.087	1.107	1.110	1.104
1611	3511.767	3308.022	3661.772	3534.208	1.088	1.091	1.081
1612	3546.716	3232.577	3718.454	3589.057	1.105	1.108	1.092
1613	3565.102	3276.436	3714.866	3595.145	1.107	1.110	1.098
1614	3527.392	3284.977	3680.024	3498.876	1.078	1.080	1.086
1615	3509.497	3352.724	3648.346	3527.608	1.086	1.089	1.081
1616	3587.973	3519.391	3779.359	3559.062	1.096	1.098	1.105
1617	3594.856	3360.316	3805.986	3594.048	1.107	1.109	1.107
1618	3615.829	3354.142	3889.027	3613.426	1.113	1.115	1.114
1619	3594.669	3490.319	3709.196	3606.188	1.111	1.113	1.107
1620	3613.226	3333.097	3785.327	3644.041	1.122	1.125	1.113
1621	3665.658	3348.679	3847.377	3699.396	1.139	1.142	1.129
1622	3677.240	3462.101	3894.652	3677.281	1.132	1.135	1.132
1623	3667.129	3212.567	3819.861	3724.435	1.147	1.150	1.129
1624	3580.766	3380.630	3723.898	3575.693	1.101	1.104	1.103
1625	3533.143	3338.867	3665.582	3567.727	1.099	1.101	1.088
1626	3540.312	3335.806	3708.450	3553.578	1.094	1.097	1.090
1627	3489.267	3235.961	3769.684	3518.484	1.084	1.086	1.075
1628	3485.782	3243.020	3630.007	3497.198	1.077	1.079	1.073
1629	3508.137	3331.328	3716.245	3512.335	1.082	1.084	1.080
1630	3504.991	3334.338	3778.324	3495.305	1.076	1.079	1.079
1631	3639.223	3317.355	3895.096	3676.537	1.132	1.135	1.121
1632	3592.320	3300.016	3904.367	3588.934	1.105	1.108	1.106
1633	3560.829	3284.305	3796.103	3618.357	1.114	1.117	1.097
1634	3588.364	3344.854	3746.447	3636.084	1.120	1.122	1.105
1635	3562.479	3281.862	3733.711	3620.395	1.115	1.117	1.097
1636	3565.439	3302.545	3824.248	3658.629	1.127	1.129	1.098
1637	3517.686	3336.875	3745.130	3554.312	1.095	1.097	1.083
1638	3519.451	3210.075	3869.939	3482.331	1.072	1.075	1.084
1639	3526.060	3246.318	3816.560	3465.768	1.067	1.070	1.086
1640	3502.831	3211.543	3808.951	3501.279	1.078	1.081	1.079
1641	3494.367	3284.603	3728.495	3428.837	1.056	1.058	1.076
1642	3532.416	3284.167	4016.313	3425.367	1.055	1.057	1.088
1643	3492.167	3218.879	3778.755	3419.297	1.053	1.055	1.075
1644	3474.929	3242.651	3746.115	3453.577	1.064	1.066	1.070
1645	3519.492	3257.425	3821.304	3477.170	1.071	1.073	1.084
1646	3546.115	3181.033	3806.721	3581.055	1.103	1.105	1.092
1647	3532.967	3272.251	3900.176	3490.357	1.075	1.077	1.088
1648	3581.696	3343.681	3930.790	3488.853	1.074	1.077	1.103
1649	3615.767	3364.733	3906.839	3612.698	1.113	1.115	1.114
1650	3545.775	3292.499	3834.333	3579.375	1.102	1.105	1.092
1651	3583.790	3358.487	3901.752	3595.370	1.107	1.110	1.104
1652	3593.080	3306.271	3892.117	3602.001	1.109	1.112	1.107
1653	3543.622	3350.979	3700.226	3556.633	1.095	1.098	1.091
1654	3556.748	3335.053	3698.649	3627.725	1.117	1.120	1.095
1655	3553.429	3358.393	3713.321	3558.653	1.096	1.098	1.094
1656	3526.322	3372.587	3687.548	3515.630	1.083	1.085	1.086
1657	3553.413	3323.554	3759.011	3597.700	1.108	1.110	1.094
1658	3520.036	3326.679	3666.637	3487.151	1.074	1.076	1.084
1659	3511.092	3375.907	3717.897	3495.021	1.076	1.079	1.081
1660	3474.763	3322.719	3609.114	3495.601	1.077	1.079	1.070
1661	3501.394	3362.431	3698.802	3517.918	1.083	1.086	1.078
1662	3508.896	3240.882	3680.529	3490.066	1.075	1.077	1.081
1663	3491.062	3395.938	3736.219	3473.880	1.070	1.072	1.075
1664	3560.374	3458.388	3709.506	3562.922	1.097	1.100	1.096
1665	3566.134	3385.164	3674.294	3582.195	1.103	1.106	1.098
1666	3474.433	3305.258	3597.121	3480.503	1.072	1.074	1.070
1667	3490.606	3270.158	3651.352	3508.653	1.081	1.083	1.075
1668	3484.364	3227.212	3612.636	3533.377	1.088	1.091	1.073
1669	3554.106	3376.464	3730.968	3574.493	1.101	1.103	1.095
1670	3549.103	3411.783	3735.314	3527.168	1.086	1.089	1.093
1671	3509.856	3241.934	3704.194	3596.474	1.108	1.110	1.081
1672	3568.197	3349.684	3735.200	3613.732	1.113	1.115	1.099
1673	3551.300	3345.462	3727.243	3540.880	1.090	1.093	1.094
1674	3581.376	3394.775	3861.370	3575.717	1.101	1.104	1.103
1675	3517.858	3312.250	3613.330	3562.538	1.097	1.100	1.083
1676	3499.686	3277.680	3688.424	3525.901	1.086	1.088	1.078
1677	3476.876	3221.178	3709.218	3487.384	1.074	1.076	1.071
1678	3501.299	3282.988	3634.664	3546.699	1.092	1.095	1.078
1679	3544.879	3302.899	3697.785	3559.603	1.096	1.099	1.092
1680	3566.580	3324.627	3731.259	3604.349	1.110	1.112	1.098
1681	3548.470	3352.033	3812.923	3586.248	1.104	1.107	1.093
1682	3500.809	3253.439	3768.148	3512.845	1.082	1.084	1.078
1683	3515.814	3360.028	3653.986	3543.890	1.091	1.094	1.083
1684	3523.103	3257.786	3711.775	3539.332	1.090	1.092	1.085
1685	3512.932	3362.507	3633.456	3536.136	1.089	1.091	1.082
1686	3504.302	3384.522	3577.786	3514.285	1.082	1.085	1.079
1687	3464.165	3274.352	3593.068	3472.981	1.070	1.072	1.067
1688	3463.174	3311.166	3610.323	3445.252	1.061	1.063	1.067
1689	3481.382	3299.403	3613.904	3516.928	1.083	1.085	1.072
1690	3466.111	3227.328	3634.600	3470.968	1.069	1.071	1.067
1691	3458.076	3336.968	3664.927	3450.274	1.063	1.065	1.065
1692	3484.232	3205.912	3644.241	3505.873	1.080	1.082	1.073
1693	3446.167	3305.318	3604.266	3424.020	1.054	1.057	1.061
1694	3452.900	3318.494	3521.667	3461.052	1.066	1.068	1.063
1695	3464.748	3367.586	3586.322	3454.988	1.064	1.066	1.067
