 	Mean	Min	Max	Median	Max_to_bgmean	Median_to_bgmedian	Mean_to_bgmean
1	3510.811	3358.023	3744.190	3489.007	1.108	1.112	1.115
2	3458.340	3330.921	3606.292	3469.263	1.102	1.106	1.098
3	3486.684	3413.135	3602.890	3469.814	1.102	1.106	1.107
4	3475.878	3350.948	3606.658	3474.393	1.103	1.107	1.104
5	3482.705	3340.979	3583.288	3518.622	1.117	1.121	1.106
6	3498.953	3275.390	3612.738	3553.451	1.128	1.133	1.111
7	3496.634	3303.207	3674.057	3500.831	1.112	1.116	1.110
8	3486.335	3386.245	3585.646	3503.542	1.113	1.117	1.107
9	3472.568	3397.042	3521.785	3486.452	1.107	1.111	1.103
10	3474.769	3350.088	3675.881	3470.675	1.102	1.106	1.103
11	3509.425	3299.665	3674.453	3525.457	1.120	1.124	1.114
12	3561.795	3413.042	3707.966	3577.679	1.136	1.140	1.131
13	3488.517	3282.982	3767.261	3456.096	1.098	1.102	1.108
14	3410.007	3314.469	3538.731	3384.162	1.075	1.079	1.083
15	3447.953	3341.958	3611.920	3425.816	1.088	1.092	1.095
16	3495.170	3404.713	3580.530	3493.302	1.109	1.113	1.110
17	3483.669	3371.902	3762.903	3452.985	1.097	1.101	1.106
18	3470.305	3367.877	3745.522	3449.086	1.095	1.099	1.102
19	3483.333	3367.305	3697.918	3470.616	1.102	1.106	1.106
20	3529.460	3416.331	3739.122	3517.357	1.117	1.121	1.121
21	3536.125	3390.668	3720.731	3526.428	1.120	1.124	1.123
22	3457.392	3346.010	3612.890	3442.323	1.093	1.097	1.098
23	3445.458	3269.953	3574.668	3445.116	1.094	1.098	1.094
24	3490.938	3388.521	3627.289	3495.675	1.110	1.114	1.109
25	3468.971	3338.627	3557.222	3490.410	1.108	1.112	1.102
26	3459.311	3367.982	3609.315	3434.007	1.091	1.095	1.099
27	3498.310	3323.642	3691.830	3503.571	1.113	1.117	1.111
28	3475.420	3396.297	3547.221	3480.301	1.105	1.109	1.104
29	3506.298	3413.131	3599.952	3506.447	1.114	1.118	1.113
30	3476.043	3322.896	3564.542	3493.332	1.109	1.113	1.104
31	3478.376	3390.666	3605.923	3480.386	1.105	1.109	1.105
32	3450.944	3305.883	3689.406	3411.446	1.083	1.087	1.096
33	3416.908	3264.159	3615.745	3409.255	1.083	1.087	1.085
34	3378.643	3286.656	3474.111	3369.681	1.070	1.074	1.073
35	3440.846	3291.381	3613.593	3450.224	1.096	1.100	1.093
36	3480.301	3315.942	3603.068	3492.045	1.109	1.113	1.105
37	3463.860	3391.613	3543.697	3451.743	1.096	1.100	1.100
38	3439.323	3318.546	3534.886	3453.155	1.097	1.101	1.092
39	3431.043	3167.055	3631.905	3419.522	1.086	1.090	1.090
40	3480.860	3378.508	3665.590	3464.572	1.100	1.104	1.105
41	3478.586	3349.694	3523.382	3491.404	1.109	1.113	1.105
42	3512.433	3348.573	3720.853	3468.193	1.101	1.105	1.115
43	3522.190	3378.253	3674.607	3540.709	1.124	1.129	1.119
44	3485.306	3374.361	3620.878	3466.319	1.101	1.105	1.107
45	3428.019	3212.089	3641.772	3406.046	1.082	1.086	1.089
46	3464.944	3288.731	3560.739	3485.000	1.107	1.111	1.100
47	3426.000	3355.887	3571.602	3396.525	1.079	1.083	1.088
48	3449.405	3252.047	3643.690	3432.390	1.090	1.094	1.095
49	3440.308	3272.925	3579.242	3431.261	1.090	1.094	1.093
50	3446.589	3337.751	3575.148	3432.760	1.090	1.094	1.095
51	3489.864	3392.432	3698.928	3434.167	1.091	1.095	1.108
52	3426.007	3358.343	3565.186	3419.005	1.086	1.090	1.088
53	3416.635	3262.668	3593.500	3412.618	1.084	1.088	1.085
54	3402.189	3327.459	3641.189	3373.540	1.071	1.075	1.080
55	3441.011	3350.921	3538.098	3422.975	1.087	1.091	1.093
56	3418.184	3259.105	3523.640	3418.503	1.086	1.090	1.086
57	3405.067	3224.903	3576.538	3375.394	1.072	1.076	1.081
58	3437.802	3269.780	3628.710	3453.697	1.097	1.101	1.092
59	3422.984	3261.112	3672.713	3405.064	1.081	1.085	1.087
60	3436.227	3232.950	3759.402	3406.438	1.082	1.086	1.091
61	3472.525	3298.700	3652.450	3483.093	1.106	1.110	1.103
62	3493.180	3385.483	3601.179	3502.606	1.112	1.116	1.109
63	3523.697	3403.735	3609.552	3527.555	1.120	1.124	1.119
64	3517.240	3351.195	3635.417	3523.923	1.119	1.123	1.117
65	3501.874	3370.886	3848.944	3462.656	1.100	1.104	1.112
66	3450.427	3287.498	3663.059	3453.126	1.097	1.101	1.096
67	3412.925	3277.564	3541.708	3417.834	1.085	1.089	1.084
68	3455.809	3340.629	3578.756	3454.276	1.097	1.101	1.097
69	3479.098	3347.539	3605.685	3497.632	1.111	1.115	1.105
70	3445.665	3377.424	3543.159	3431.456	1.090	1.094	1.094
71	3433.568	3344.448	3514.300	3448.806	1.095	1.099	1.090
72	3438.573	3295.258	3556.797	3444.780	1.094	1.098	1.092
73	3369.953	3284.676	3503.620	3382.851	1.074	1.078	1.070
74	3427.044	3294.577	3626.728	3430.200	1.089	1.093	1.088
75	3425.588	3354.869	3483.163	3421.302	1.087	1.090	1.088
76	3509.796	3435.365	3605.625	3493.555	1.109	1.113	1.115
77	3494.589	3358.094	3679.148	3475.916	1.104	1.108	1.110
78	3445.185	3340.833	3648.070	3424.755	1.088	1.092	1.094
79	3395.843	3282.013	3461.163	3407.714	1.082	1.086	1.078
80	3421.615	3285.195	3640.348	3401.854	1.080	1.084	1.087
81	3433.052	3355.262	3501.453	3425.179	1.088	1.092	1.090
82	3483.802	3338.771	3656.622	3508.227	1.114	1.118	1.106
83	3502.294	3404.744	3639.176	3484.985	1.107	1.111	1.112
84	3534.430	3268.920	3711.834	3545.235	1.126	1.130	1.122
85	3452.852	3371.351	3587.998	3442.224	1.093	1.097	1.097
86	3437.613	3367.121	3541.176	3433.028	1.090	1.094	1.092
87	3481.775	3371.823	3637.590	3475.165	1.104	1.108	1.106
88	3429.758	3285.475	3513.346	3457.395	1.098	1.102	1.089
89	3422.887	3241.153	3539.614	3451.153	1.096	1.100	1.087
90	3465.426	3224.447	3579.195	3487.570	1.108	1.112	1.101
91	3440.933	3337.370	3600.619	3411.712	1.083	1.087	1.093
92	3427.319	3238.725	3578.299	3428.125	1.089	1.093	1.088
93	3345.929	3259.380	3505.283	3313.900	1.052	1.056	1.063
94	3384.908	3334.228	3502.983	3352.018	1.065	1.068	1.075
95	3426.850	3283.180	3594.242	3405.936	1.082	1.086	1.088
96	3426.440	3299.194	3508.096	3447.518	1.095	1.099	1.088
97	3443.500	3310.523	3691.074	3439.463	1.092	1.096	1.094
98	3446.837	3370.292	3570.290	3428.167	1.089	1.093	1.095
99	3357.708	3232.313	3507.260	3355.627	1.066	1.070	1.066
100	3366.391	3304.413	3415.872	3363.515	1.068	1.072	1.069
101	3409.881	3338.058	3574.962	3379.564	1.073	1.077	1.083
102	3428.444	3308.741	3539.380	3443.911	1.094	1.098	1.089
103	3422.418	3369.363	3503.489	3412.070	1.084	1.088	1.087
104	3420.774	3346.284	3555.866	3406.570	1.082	1.086	1.086
105	3424.130	3299.492	3512.882	3439.702	1.092	1.096	1.087
106	3503.780	3242.076	3790.400	3505.288	1.113	1.117	1.113
107	3473.637	3356.157	3605.606	3452.603	1.096	1.100	1.103
108	3423.759	3315.535	3553.739	3415.595	1.085	1.089	1.087
109	3456.074	3273.020	3543.469	3463.385	1.100	1.104	1.098
110	3456.550	3162.555	3598.420	3458.131	1.098	1.102	1.098
111	3421.100	3275.086	3630.740	3396.982	1.079	1.083	1.086
112	3484.959	3285.245	3710.817	3508.049	1.114	1.118	1.107
113	3479.355	3276.011	3654.653	3465.782	1.101	1.105	1.105
114	3471.259	3331.184	3610.699	3451.959	1.096	1.100	1.102
115	3453.694	3256.387	3688.974	3433.917	1.091	1.094	1.097
116	3494.184	3337.110	3698.451	3469.718	1.102	1.106	1.110
117	3515.671	3332.283	3772.452	3495.866	1.110	1.114	1.116
118	3484.636	3360.595	3622.457	3513.424	1.116	1.120	1.107
119	3540.551	3395.636	3739.536	3506.435	1.114	1.118	1.124
120	3501.117	3311.865	3674.623	3489.970	1.108	1.112	1.112
121	3511.920	3397.649	3651.364	3479.960	1.105	1.109	1.115
122	3523.214	3405.046	3636.858	3514.208	1.116	1.120	1.119
123	3436.404	3375.798	3583.340	3434.160	1.091	1.095	1.091
124	3490.483	3248.862	3682.215	3509.130	1.114	1.118	1.108
125	3483.480	3369.927	3592.944	3492.623	1.109	1.113	1.106
126	3476.539	3299.891	3671.909	3455.233	1.097	1.101	1.104
127	3488.863	3309.051	3656.488	3474.299	1.103	1.107	1.108
128	3479.831	3351.379	3647.661	3471.688	1.103	1.107	1.105
129	3490.603	3333.326	3678.052	3494.906	1.110	1.114	1.109
130	3525.989	3399.074	3655.771	3515.615	1.116	1.121	1.120
131	3449.912	3347.586	3535.580	3453.980	1.097	1.101	1.096
132	3518.034	3356.891	3694.367	3498.445	1.111	1.115	1.117
133	3539.204	3444.530	3673.008	3541.634	1.125	1.129	1.124
134	3515.550	3391.218	3689.413	3521.735	1.118	1.122	1.116
135	3551.134	3419.641	3795.994	3516.353	1.117	1.121	1.128
136	3522.737	3386.021	3711.799	3493.649	1.109	1.114	1.119
137	3505.168	3360.150	3749.060	3466.345	1.101	1.105	1.113
138	3490.099	3364.027	3782.728	3470.927	1.102	1.106	1.108
139	3518.187	3348.745	3804.583	3515.785	1.117	1.121	1.117
140	3613.436	3470.040	3814.142	3584.213	1.138	1.142	1.148
141	3605.743	3445.729	3884.792	3569.078	1.133	1.138	1.145
142	3518.477	3355.902	3699.158	3528.968	1.121	1.125	1.117
143	3498.477	3240.830	3824.529	3467.321	1.101	1.105	1.111
144	3511.960	3424.917	3570.839	3528.880	1.121	1.125	1.115
145	3455.017	3257.780	3660.864	3441.688	1.093	1.097	1.097
146	3480.591	3269.974	3712.056	3456.439	1.098	1.102	1.105
147	3522.933	3441.708	3621.994	3521.816	1.118	1.122	1.119
148	3471.333	3352.439	3647.729	3467.283	1.101	1.105	1.102
149	3531.629	3379.257	3748.510	3527.265	1.120	1.124	1.122
150	3500.826	3333.696	3732.957	3496.074	1.110	1.114	1.112
151	3538.805	3428.277	3817.286	3509.446	1.114	1.119	1.124
152	3534.259	3420.978	3698.443	3517.816	1.117	1.121	1.122
153	3566.969	3462.581	3701.819	3549.828	1.127	1.131	1.133
154	3567.295	3480.716	3686.317	3554.812	1.129	1.133	1.133
155	3565.452	3451.802	3719.795	3571.516	1.134	1.138	1.132
156	3536.915	3433.043	3639.011	3536.074	1.123	1.127	1.123
157	3568.233	3392.070	3785.110	3526.637	1.120	1.124	1.133
158	3605.220	3408.715	3926.402	3585.709	1.139	1.143	1.145
159	3584.464	3391.512	3861.600	3597.051	1.142	1.146	1.138
160	3581.219	3370.981	3895.212	3534.514	1.122	1.127	1.137
161	3628.658	3466.638	3918.322	3560.331	1.131	1.135	1.152
162	3624.148	3421.392	3732.034	3645.715	1.158	1.162	1.151
163	3617.660	3476.390	3843.349	3613.505	1.148	1.152	1.149
164	3596.689	3417.724	3675.262	3627.566	1.152	1.156	1.142
165	3568.602	3446.591	3672.102	3565.511	1.132	1.136	1.133
166	3611.277	3469.929	3771.268	3587.958	1.139	1.144	1.147
167	3591.318	3413.227	3848.933	3585.498	1.139	1.143	1.140
168	3584.453	3426.705	3869.393	3563.418	1.132	1.136	1.138
169	3627.295	3399.243	3878.491	3611.215	1.147	1.151	1.152
170	3698.077	3564.928	3986.727	3655.873	1.161	1.165	1.174
171	3598.886	3426.010	3802.115	3584.928	1.138	1.143	1.143
172	3619.987	3475.311	3788.299	3603.227	1.144	1.148	1.150
173	3682.268	3460.236	3964.869	3651.630	1.160	1.164	1.169
174	3739.673	3530.322	3966.178	3780.072	1.200	1.205	1.188
175	3583.827	3383.141	3773.230	3558.238	1.130	1.134	1.138
176	3655.559	3436.258	3821.862	3682.768	1.170	1.174	1.161
177	3650.306	3409.054	3878.145	3660.072	1.162	1.167	1.159
178	3629.011	3433.303	3930.248	3614.204	1.148	1.152	1.152
179	3615.860	3445.311	3774.547	3619.944	1.150	1.154	1.148
180	3667.419	3418.473	3915.785	3662.558	1.163	1.167	1.165
181	3616.359	3455.107	3845.422	3599.167	1.143	1.147	1.148
182	3655.816	3483.335	3935.851	3636.307	1.155	1.159	1.161
183	3588.831	3429.659	3704.536	3589.292	1.140	1.144	1.140
184	3606.914	3484.450	3840.614	3568.836	1.133	1.137	1.145
185	3619.070	3473.962	3781.114	3587.387	1.139	1.143	1.149
186	3604.157	3386.887	3831.789	3597.208	1.142	1.147	1.145
187	3587.528	3395.129	3844.270	3592.405	1.141	1.145	1.139
188	3629.838	3411.274	3938.021	3630.506	1.153	1.157	1.153
189	3665.329	3373.827	3840.876	3701.087	1.175	1.180	1.164
190	3616.995	3388.558	3742.780	3638.722	1.156	1.160	1.149
191	3615.549	3308.869	3821.758	3585.526	1.139	1.143	1.148
192	3586.350	3414.047	3731.279	3581.946	1.138	1.142	1.139
193	3579.377	3386.760	3769.999	3572.328	1.134	1.139	1.137
194	3617.421	3443.415	3779.541	3620.386	1.150	1.154	1.149
195	3554.537	3375.366	3880.618	3536.409	1.123	1.127	1.129
196	3636.413	3479.750	3937.891	3619.991	1.150	1.154	1.155
197	3556.038	3379.908	3728.754	3547.341	1.127	1.131	1.129
198	3516.192	3329.215	3606.711	3544.209	1.126	1.130	1.117
199	3608.253	3350.300	3907.870	3617.722	1.149	1.153	1.146
200	3583.735	3262.204	3769.507	3556.561	1.129	1.134	1.138
201	3629.897	3436.907	4002.449	3593.195	1.141	1.145	1.153
202	3604.298	3302.729	3921.923	3637.002	1.155	1.159	1.145
203	3596.899	3277.233	3931.077	3619.161	1.149	1.154	1.142
204	3613.154	3362.995	3837.545	3634.172	1.154	1.158	1.147
205	3625.559	3471.327	3791.035	3621.365	1.150	1.154	1.151
206	3560.941	3336.693	3754.409	3587.258	1.139	1.143	1.131
207	3529.608	3279.700	3765.182	3501.277	1.112	1.116	1.121
208	3652.015	3369.398	3851.011	3701.688	1.176	1.180	1.160
209	3708.176	3476.249	3911.118	3705.725	1.177	1.181	1.178
210	3652.293	3493.412	3903.997	3640.778	1.156	1.160	1.160
211	3701.150	3499.421	3872.663	3677.089	1.168	1.172	1.175
212	3712.749	3462.689	3925.191	3668.379	1.165	1.169	1.179
213	3779.283	3507.693	4029.337	3763.311	1.195	1.199	1.200
214	3749.413	3394.904	4023.523	3779.929	1.200	1.205	1.191
215	3707.056	3410.155	3958.729	3726.726	1.184	1.188	1.177
216	3737.968	3467.716	3932.560	3721.051	1.182	1.186	1.187
217	3741.743	3486.941	4152.164	3719.598	1.181	1.186	1.188
218	3725.083	3558.274	3956.965	3737.576	1.187	1.191	1.183
219	3759.227	3447.040	4049.894	3794.821	1.205	1.210	1.194
220	3736.780	3472.576	4068.495	3751.648	1.191	1.196	1.187
221	3693.013	3443.575	4010.445	3676.345	1.168	1.172	1.173
222	3636.450	3453.101	3867.869	3633.154	1.154	1.158	1.155
223	3681.651	3345.828	4049.739	3724.605	1.183	1.187	1.169
224	3788.210	3422.351	4228.270	3762.209	1.195	1.199	1.203
225	3775.030	3479.474	4088.787	3753.354	1.192	1.196	1.199
226	3661.013	3435.783	3911.664	3658.322	1.162	1.166	1.163
227	3705.237	3570.638	3897.539	3683.012	1.170	1.174	1.177
228	3689.462	3447.436	3971.907	3685.350	1.170	1.175	1.172
229	3629.437	3363.753	3958.365	3628.614	1.152	1.157	1.153
230	3564.742	3354.127	3898.766	3531.557	1.122	1.126	1.132
231	3618.635	3492.530	3781.104	3582.514	1.138	1.142	1.149
232	3617.784	3485.000	3802.781	3619.359	1.149	1.154	1.149
233	3576.692	3393.879	3731.047	3591.041	1.140	1.145	1.136
234	3592.081	3449.337	3732.665	3579.234	1.137	1.141	1.141
235	3671.115	3467.035	3900.323	3670.562	1.166	1.170	1.166
236	3603.767	3274.309	3887.024	3586.558	1.139	1.143	1.144
237	3587.200	3348.119	4020.099	3576.768	1.136	1.140	1.139
238	3612.337	3354.064	3962.925	3621.104	1.150	1.154	1.147
239	3630.067	3349.423	3935.705	3604.538	1.145	1.149	1.153
240	3626.697	3393.785	3912.146	3585.189	1.139	1.143	1.152
241	3623.345	3471.772	3756.375	3629.835	1.153	1.157	1.151
242	3643.527	3415.211	3801.538	3694.402	1.173	1.177	1.157
243	3537.058	3271.640	3850.453	3544.572	1.126	1.130	1.123
244	3532.077	3289.372	3707.163	3559.374	1.130	1.134	1.122
245	3601.781	3392.591	3848.866	3608.055	1.146	1.150	1.144
246	3573.425	3481.812	3742.419	3566.324	1.133	1.137	1.135
247	3608.360	3375.526	3839.659	3649.199	1.159	1.163	1.146
248	3604.996	3280.831	3830.602	3622.108	1.150	1.154	1.145
249	3632.645	3455.946	4022.886	3575.769	1.136	1.140	1.154
250	3703.087	3479.979	3985.012	3620.696	1.150	1.154	1.176
251	3568.040	3257.343	3844.007	3548.001	1.127	1.131	1.133
252	3627.927	3353.996	3879.962	3631.711	1.153	1.158	1.152
253	3654.781	3404.639	3933.277	3667.418	1.165	1.169	1.161
254	3545.783	3401.564	3846.670	3521.047	1.118	1.122	1.126
255	3614.232	3334.844	4175.755	3558.470	1.130	1.134	1.148
256	3581.238	3290.877	3809.369	3618.935	1.149	1.153	1.137
257	3635.452	3359.063	4028.891	3636.768	1.155	1.159	1.155
258	3607.241	3398.111	3754.489	3636.522	1.155	1.159	1.146
259	3635.038	3485.136	3842.588	3641.750	1.157	1.161	1.154
260	3596.458	3363.357	3823.882	3568.119	1.133	1.137	1.142
261	3593.399	3331.224	3789.051	3635.074	1.154	1.159	1.141
262	3606.682	3453.092	3755.904	3611.113	1.147	1.151	1.145
263	3557.198	3323.987	3735.869	3637.239	1.155	1.159	1.130
264	3597.655	3340.463	3920.254	3614.999	1.148	1.152	1.143
265	3603.774	3396.298	3795.740	3606.861	1.145	1.150	1.144
266	3577.622	3347.039	3704.596	3576.873	1.136	1.140	1.136
267	3566.416	3341.246	3747.053	3563.456	1.132	1.136	1.133
268	3512.066	3332.189	3612.907	3514.626	1.116	1.120	1.115
269	3538.984	3362.663	3705.924	3536.966	1.123	1.127	1.124
270	3543.066	3357.549	3738.026	3554.388	1.129	1.133	1.125
271	3546.984	3255.531	3832.003	3566.586	1.133	1.137	1.126
272	3547.537	3262.579	3796.171	3605.712	1.145	1.149	1.127
273	3559.384	3324.864	3881.425	3580.568	1.137	1.141	1.130
274	3537.737	3343.353	3726.042	3555.530	1.129	1.133	1.123
275	3535.163	3262.718	3853.680	3521.527	1.118	1.122	1.123
276	3525.140	3265.764	3853.249	3514.495	1.116	1.120	1.119
277	3574.191	3398.101	3771.689	3580.704	1.137	1.141	1.135
278	3605.517	3340.686	3788.394	3631.738	1.153	1.158	1.145
279	3596.774	3355.635	3921.923	3572.746	1.135	1.139	1.142
280	3537.141	3334.300	3743.140	3560.067	1.131	1.135	1.123
281	3507.515	3342.887	3630.729	3522.124	1.119	1.123	1.114
282	3492.086	3236.406	3726.728	3493.126	1.109	1.113	1.109
283	3527.704	3409.514	3627.678	3521.029	1.118	1.122	1.120
284	3565.557	3400.993	3702.356	3557.396	1.130	1.134	1.132
285	3516.330	3285.285	3668.909	3559.176	1.130	1.134	1.117
286	3479.184	3330.091	3628.898	3482.567	1.106	1.110	1.105
287	3499.311	3344.595	3597.904	3515.901	1.117	1.121	1.111
288	3514.170	3349.465	3601.179	3552.822	1.128	1.132	1.116
289	3560.952	3311.418	3695.860	3602.676	1.144	1.148	1.131
290	3530.023	3368.232	3793.646	3504.579	1.113	1.117	1.121
291	3531.693	3380.069	3847.819	3490.018	1.108	1.112	1.122
292	3507.386	3347.746	3633.459	3507.278	1.114	1.118	1.114
293	3514.383	3326.620	3687.253	3553.272	1.128	1.133	1.116
294	3499.001	3344.825	3664.018	3492.802	1.109	1.113	1.111
295	3458.083	3280.638	3606.661	3463.491	1.100	1.104	1.098
296	3532.953	3407.759	3810.621	3499.978	1.111	1.116	1.122
297	3523.872	3215.458	3896.276	3516.818	1.117	1.121	1.119
298	3560.173	3331.376	3779.299	3601.212	1.144	1.148	1.131
299	3570.360	3402.331	3827.014	3567.187	1.133	1.137	1.134
300	3533.091	3316.858	3668.943	3545.429	1.126	1.130	1.122
301	3577.960	3432.462	3699.348	3570.047	1.134	1.138	1.136
302	3537.778	3463.246	3656.155	3523.719	1.119	1.123	1.123
303	3557.179	3464.474	3726.020	3561.319	1.131	1.135	1.130
304	3601.837	3350.730	3937.464	3574.533	1.135	1.139	1.144
305	3582.256	3362.549	3784.104	3558.954	1.130	1.134	1.138
306	3559.772	3446.884	3730.839	3505.616	1.113	1.117	1.130
307	3433.395	3302.106	3536.469	3444.767	1.094	1.098	1.090
308	3483.456	3319.135	3618.495	3496.733	1.110	1.114	1.106
309	3518.029	3365.920	3687.333	3545.196	1.126	1.130	1.117
310	3516.676	3329.619	3769.145	3497.539	1.111	1.115	1.117
311	3555.282	3337.959	3747.677	3549.982	1.127	1.131	1.129
312	3508.466	3361.948	3813.997	3427.405	1.088	1.092	1.114
313	3488.603	3324.254	3736.934	3476.829	1.104	1.108	1.108
314	3497.623	3273.847	3788.020	3501.521	1.112	1.116	1.111
315	3461.733	3307.997	3619.257	3446.577	1.095	1.099	1.099
316	3515.990	3245.488	3679.587	3502.427	1.112	1.116	1.117
317	3534.450	3344.748	3726.164	3538.168	1.124	1.128	1.122
318	3534.840	3348.756	3744.473	3526.671	1.120	1.124	1.123
319	3495.932	3307.946	3670.243	3516.901	1.117	1.121	1.110
320	3474.176	3253.645	3688.308	3489.757	1.108	1.112	1.103
321	3531.419	3297.031	3757.559	3537.042	1.123	1.127	1.121
322	3546.201	3358.892	3768.705	3519.404	1.118	1.122	1.126
323	3521.654	3344.359	3622.075	3541.808	1.125	1.129	1.118
324	3460.974	3173.430	3756.339	3401.238	1.080	1.084	1.099
325	3512.276	3274.841	3806.302	3543.521	1.125	1.129	1.115
326	3537.031	3334.290	3747.013	3527.469	1.120	1.124	1.123
327	3489.308	3375.729	3697.622	3467.481	1.101	1.105	1.108
328	3568.459	3285.479	3810.927	3593.883	1.141	1.145	1.133
329	3604.621	3328.736	3794.387	3629.049	1.152	1.157	1.145
330	3586.788	3378.419	3805.185	3616.643	1.149	1.153	1.139
331	3572.576	3317.533	3771.662	3595.831	1.142	1.146	1.135
332	3548.820	3286.420	3733.814	3573.098	1.135	1.139	1.127
333	3568.268	3292.287	3897.535	3619.333	1.149	1.154	1.133
334	3638.308	3343.002	4077.055	3626.567	1.152	1.156	1.155
335	3686.330	3372.092	4047.793	3672.607	1.166	1.171	1.171
336	3619.361	3343.549	3954.980	3594.250	1.141	1.146	1.149
337	3525.466	3404.751	3785.121	3517.479	1.117	1.121	1.120
338	3654.175	3399.565	3959.448	3636.991	1.155	1.159	1.160
339	3754.766	3577.364	3884.103	3787.561	1.203	1.207	1.192
340	3699.236	3425.085	3892.608	3742.433	1.188	1.193	1.175
341	3683.445	3295.015	3982.419	3704.821	1.177	1.181	1.170
342	3673.722	3344.693	4007.936	3708.026	1.178	1.182	1.167
343	3739.228	3458.970	3959.934	3806.110	1.209	1.213	1.187
344	3681.484	3291.784	3931.891	3682.563	1.169	1.174	1.169
345	3707.760	3403.313	3901.472	3742.708	1.189	1.193	1.177
346	3703.848	3560.313	3833.324	3707.435	1.177	1.182	1.176
347	3728.726	3463.668	3844.898	3759.029	1.194	1.198	1.184
348	3682.656	3402.768	3845.060	3723.549	1.182	1.187	1.170
349	3687.209	3472.760	3948.918	3646.088	1.158	1.162	1.171
350	3777.455	3512.588	3985.286	3826.537	1.215	1.220	1.200
351	3761.577	3318.729	4044.470	3799.203	1.207	1.211	1.195
352	3748.455	3478.985	3920.706	3779.393	1.200	1.205	1.190
353	3709.899	3492.120	3909.704	3703.353	1.176	1.180	1.178
354	3710.822	3502.594	3840.199	3738.774	1.187	1.192	1.178
355	3750.549	3248.586	4040.709	3804.488	1.208	1.213	1.191
356	3782.307	3596.919	3860.119	3808.453	1.209	1.214	1.201
357	3819.342	3645.518	3932.346	3828.620	1.216	1.220	1.213
358	3738.748	3550.090	3969.155	3725.786	1.183	1.188	1.187
359	3733.391	3491.422	3979.008	3720.971	1.182	1.186	1.186
360	3839.499	3488.355	4222.041	3839.506	1.219	1.224	1.219
361	3681.379	3411.885	3906.708	3716.215	1.180	1.184	1.169
362	3610.471	3483.891	3854.070	3597.639	1.143	1.147	1.147
363	3579.263	3513.273	3733.681	3548.310	1.127	1.131	1.137
364	3615.780	3480.700	3871.502	3601.707	1.144	1.148	1.148
365	3673.828	3503.723	3887.341	3658.160	1.162	1.166	1.167
366	3723.151	3587.146	3985.003	3727.138	1.184	1.188	1.182
367	3746.360	3573.810	3951.469	3759.204	1.194	1.198	1.190
368	3774.014	3445.709	4031.966	3798.482	1.206	1.211	1.199
369	3767.953	3559.851	3960.875	3784.421	1.202	1.206	1.197
370	3722.384	3549.858	4076.700	3654.112	1.160	1.165	1.182
371	3601.142	3367.670	3907.067	3555.676	1.129	1.133	1.144
372	3658.542	3518.369	3838.608	3612.655	1.147	1.151	1.162
373	3706.005	3584.828	3880.110	3710.542	1.178	1.183	1.177
374	3594.107	3440.012	3775.968	3600.445	1.143	1.148	1.141
375	3666.675	3337.375	3880.648	3635.883	1.155	1.159	1.164
376	3711.431	3494.688	3950.325	3689.072	1.172	1.176	1.179
377	3680.275	3506.941	3903.344	3655.612	1.161	1.165	1.169
378	3685.298	3418.427	3943.442	3738.260	1.187	1.191	1.170
379	3655.964	3431.676	4048.001	3652.082	1.160	1.164	1.161
380	3640.368	3427.849	3956.477	3629.890	1.153	1.157	1.156
381	3713.996	3378.450	4071.399	3740.286	1.188	1.192	1.179
382	3664.618	3397.326	3968.196	3687.497	1.171	1.175	1.164
383	3607.560	3454.777	3825.114	3586.281	1.139	1.143	1.146
384	3570.009	3308.287	3834.858	3573.661	1.135	1.139	1.134
385	3588.717	3344.835	3806.218	3560.614	1.131	1.135	1.140
386	3497.688	3342.688	3697.366	3492.166	1.109	1.113	1.111
387	3546.265	3463.091	3688.389	3544.152	1.126	1.130	1.126
388	3533.068	3372.190	3830.253	3512.599	1.116	1.120	1.122
389	3532.419	3372.439	3743.254	3538.329	1.124	1.128	1.122
390	3538.049	3368.584	3668.623	3542.900	1.125	1.129	1.124
391	3597.130	3439.571	3862.178	3573.933	1.135	1.139	1.142
392	3646.304	3428.284	3930.037	3649.692	1.159	1.163	1.158
393	3648.294	3389.040	3840.927	3708.423	1.178	1.182	1.159
394	3675.769	3421.151	3968.208	3687.816	1.171	1.175	1.167
395	3753.563	3549.093	4047.423	3745.637	1.190	1.194	1.192
396	3665.028	3349.652	4100.789	3668.366	1.165	1.169	1.164
397	3655.339	3439.869	3878.647	3656.823	1.161	1.166	1.161
398	3715.312	3521.462	3905.692	3711.778	1.179	1.183	1.180
399	3763.624	3403.269	4089.084	3818.660	1.213	1.217	1.195
400	3735.861	3350.122	4041.665	3849.198	1.222	1.227	1.186
401	3779.532	3328.201	4305.043	3783.785	1.202	1.206	1.200
402	3688.754	3480.786	3923.210	3655.351	1.161	1.165	1.171
403	3730.091	3461.745	4036.493	3774.332	1.199	1.203	1.185
404	3754.570	3403.108	3945.829	3804.394	1.208	1.213	1.192
405	3644.361	3324.266	3955.953	3676.037	1.167	1.172	1.157
406	3769.525	3429.050	4063.793	3847.611	1.222	1.226	1.197
407	3683.794	3374.473	3983.387	3685.508	1.170	1.175	1.170
408	3684.711	3507.959	3854.775	3688.201	1.171	1.176	1.170
409	3783.678	3538.692	3999.286	3818.468	1.213	1.217	1.202
410	3758.451	3523.484	4005.521	3795.983	1.205	1.210	1.194
411	3698.724	3473.795	3967.820	3659.675	1.162	1.166	1.175
412	3692.266	3425.484	3896.355	3708.221	1.178	1.182	1.173
413	3599.247	3460.689	3758.607	3598.094	1.143	1.147	1.143
414	3674.672	3420.033	3862.323	3706.503	1.177	1.181	1.167
415	3724.296	3393.026	3953.010	3745.838	1.190	1.194	1.183
416	3725.713	3446.745	3922.035	3732.521	1.185	1.190	1.183
417	3755.664	3557.447	3901.343	3755.015	1.192	1.197	1.193
418	3712.551	3512.115	3866.229	3712.659	1.179	1.183	1.179
419	3748.227	3478.693	3937.582	3814.751	1.211	1.216	1.190
420	3773.380	3323.126	3942.794	3859.254	1.226	1.230	1.198
421	3706.966	3448.688	4004.260	3768.031	1.197	1.201	1.177
422	3726.751	3535.265	3894.291	3732.745	1.185	1.190	1.184
423	3715.176	3503.760	4094.912	3685.337	1.170	1.175	1.180
424	3742.331	3540.206	3909.556	3778.189	1.200	1.204	1.188
425	3778.107	3529.866	3980.262	3721.565	1.182	1.186	1.200
426	3772.670	3555.740	4025.039	3704.880	1.177	1.181	1.198
427	3700.655	3453.726	3974.000	3707.853	1.178	1.182	1.175
428	3730.553	3586.581	4082.006	3723.674	1.183	1.187	1.185
429	3692.247	3508.182	4061.776	3652.811	1.160	1.164	1.173
430	3732.591	3558.802	3918.755	3722.533	1.182	1.186	1.185
431	3805.691	3563.607	3947.343	3861.747	1.226	1.231	1.209
432	3705.284	3393.408	3919.272	3760.540	1.194	1.199	1.177
433	3790.290	3631.984	4005.774	3778.636	1.200	1.204	1.204
434	3792.013	3659.606	4034.848	3742.006	1.188	1.193	1.204
435	3803.528	3647.626	4086.288	3751.179	1.191	1.196	1.208
436	3815.806	3651.495	4019.260	3813.035	1.211	1.215	1.212
437	3834.798	3563.405	4155.714	3828.702	1.216	1.220	1.218
438	3773.131	3669.401	3882.384	3786.847	1.203	1.207	1.198
439	3797.200	3580.339	4062.449	3762.482	1.195	1.199	1.206
440	3786.152	3584.177	3951.138	3774.892	1.199	1.203	1.202
441	3827.610	3652.431	4117.543	3849.812	1.223	1.227	1.216
442	3845.223	3648.204	4065.468	3841.027	1.220	1.224	1.221
443	3816.157	3653.530	4089.475	3769.865	1.197	1.202	1.212
444	3944.547	3682.444	4214.556	3948.615	1.254	1.259	1.253
445	3925.847	3754.304	4125.060	3913.370	1.243	1.247	1.247
446	3972.464	3773.087	4174.410	3959.447	1.257	1.262	1.262
447	3896.937	3742.799	4039.267	3889.509	1.235	1.240	1.238
448	3964.075	3550.786	4358.013	3971.917	1.261	1.266	1.259
449	4042.256	3862.263	4311.382	3988.007	1.266	1.271	1.284
450	4100.007	3812.161	4430.695	4154.700	1.319	1.324	1.302
451	3986.943	3646.367	4328.435	3970.397	1.261	1.265	1.266
452	4086.033	3891.982	4276.694	4080.612	1.296	1.301	1.298
453	4182.900	3957.232	4547.370	4186.186	1.329	1.334	1.328
454	4133.388	3939.133	4531.648	4059.300	1.289	1.294	1.313
455	4116.338	3916.810	4394.000	4101.217	1.302	1.307	1.307
456	4065.880	3850.187	4204.284	4122.837	1.309	1.314	1.291
457	4068.526	3694.530	4298.826	4117.168	1.307	1.312	1.292
458	4088.220	3792.292	4353.468	4089.989	1.299	1.304	1.298
459	4054.408	3788.572	4271.679	4077.257	1.295	1.300	1.288
460	4057.548	3820.778	4379.946	3992.740	1.268	1.273	1.289
461	4065.198	3761.712	4236.686	4063.219	1.290	1.295	1.291
462	4048.565	3714.003	4332.494	4076.686	1.295	1.299	1.286
463	4105.021	3759.163	4292.542	4153.954	1.319	1.324	1.304
464	4050.000	3737.673	4353.840	4058.275	1.289	1.293	1.286
465	3947.987	3439.704	4488.070	3963.636	1.259	1.263	1.254
466	4022.779	3877.082	4250.584	3969.215	1.261	1.265	1.278
467	3912.260	3553.390	4233.296	3886.341	1.234	1.239	1.242
468	3881.737	3571.326	4146.215	3884.439	1.234	1.238	1.233
469	3877.960	3701.465	3983.298	3933.258	1.249	1.254	1.232
470	3849.525	3548.313	4086.448	3859.008	1.226	1.230	1.222
471	3809.075	3467.679	3987.837	3861.473	1.226	1.231	1.210
472	3850.940	3605.019	4114.896	3868.272	1.228	1.233	1.223
473	3886.585	3573.831	4098.637	3912.545	1.243	1.247	1.234
474	3812.558	3493.325	4130.088	3818.055	1.213	1.217	1.211
475	3806.457	3378.056	4042.762	3900.834	1.239	1.243	1.209
476	3852.133	3513.279	4167.847	3860.322	1.226	1.230	1.223
477	3888.900	3455.888	4104.870	3932.896	1.249	1.254	1.235
478	3837.364	3449.904	4301.224	3832.427	1.217	1.221	1.219
479	3829.978	3475.031	4234.182	3843.866	1.221	1.225	1.216
480	3794.000	3524.805	4095.220	3749.206	1.191	1.195	1.205
481	3763.057	3373.096	4175.916	3768.410	1.197	1.201	1.195
482	3850.774	3404.385	4153.027	3861.126	1.226	1.231	1.223
483	3784.720	3467.764	4005.253	3839.265	1.219	1.224	1.202
484	3830.293	3528.273	4354.634	3758.549	1.194	1.198	1.216
485	3869.939	3446.176	4557.831	3849.837	1.223	1.227	1.229
486	3847.643	3498.425	4145.215	3794.388	1.205	1.209	1.222
487	3899.075	3626.604	4141.506	3901.290	1.239	1.243	1.238
488	3925.609	3620.502	4224.520	3937.830	1.251	1.255	1.247
489	3805.679	3538.690	4186.308	3769.219	1.197	1.201	1.209
490	3865.010	3633.478	4171.890	3857.829	1.225	1.230	1.227
491	3908.480	3626.049	4188.509	3870.650	1.229	1.234	1.241
492	3925.495	3575.153	4149.939	3941.383	1.252	1.256	1.247
493	3898.204	3715.411	4208.690	3897.281	1.238	1.242	1.238
494	3831.681	3572.265	4359.141	3745.733	1.190	1.194	1.217
495	3926.580	3537.324	4395.700	3856.075	1.225	1.229	1.247
496	3864.990	3564.280	4104.681	3900.069	1.239	1.243	1.227
497	3958.617	3677.605	4251.620	3987.390	1.266	1.271	1.257
498	4022.956	3781.344	4247.885	4023.313	1.278	1.282	1.278
499	3910.836	3637.843	4146.785	3923.401	1.246	1.250	1.242
500	3917.839	3596.126	4407.026	3894.035	1.237	1.241	1.244
501	3835.531	3443.429	4161.145	3843.078	1.220	1.225	1.218
502	3887.709	3460.831	4286.664	3910.798	1.242	1.246	1.235
503	3791.019	3515.457	4065.931	3804.379	1.208	1.213	1.204
504	3857.083	3484.802	4252.238	3841.809	1.220	1.224	1.225
505	3853.082	3476.086	4203.991	3900.947	1.239	1.243	1.224
506	3862.557	3482.231	4387.617	3830.801	1.217	1.221	1.227
507	3853.863	3456.988	4405.379	3846.123	1.221	1.226	1.224
508	3843.789	3444.439	4159.073	3874.339	1.230	1.235	1.221
509	3755.185	3460.939	4052.596	3744.706	1.189	1.194	1.193
510	3819.600	3401.704	4210.794	3846.276	1.221	1.226	1.213
511	3931.877	3445.066	4408.718	3883.137	1.233	1.238	1.249
512	3838.265	3487.824	4199.046	3754.582	1.192	1.197	1.219
513	3898.352	3527.745	4391.334	3882.467	1.233	1.237	1.238
514	3861.499	3398.848	4117.733	3931.735	1.249	1.253	1.226
515	3889.771	3401.133	4377.874	3909.615	1.242	1.246	1.235
516	3856.945	3486.471	4268.594	3871.980	1.230	1.234	1.225
517	3782.409	3516.572	4114.042	3768.301	1.197	1.201	1.201
518	3835.347	3525.549	3978.388	3926.654	1.247	1.252	1.218
519	3856.777	3561.328	4121.043	3894.349	1.237	1.241	1.225
520	3931.401	3545.782	4322.392	3994.749	1.269	1.273	1.248
521	3841.835	3526.273	4032.802	3906.956	1.241	1.245	1.220
522	3824.209	3614.883	4202.018	3829.802	1.216	1.221	1.214
523	3898.348	3573.308	4303.167	3840.053	1.219	1.224	1.238
524	3934.709	3531.884	4213.107	4048.342	1.286	1.290	1.250
525	3866.635	3527.790	4253.636	3859.210	1.226	1.230	1.228
526	3927.301	3457.719	4203.896	3964.469	1.259	1.264	1.247
527	3907.575	3543.908	4121.458	3916.535	1.244	1.248	1.241
528	3936.235	3535.933	4373.211	3915.255	1.243	1.248	1.250
529	3893.476	3647.719	4180.541	3914.593	1.243	1.248	1.236
530	3985.136	3621.711	4534.543	3974.820	1.262	1.267	1.266
531	4050.678	3760.922	4462.262	3950.141	1.254	1.259	1.286
532	3900.418	3641.035	4091.728	3914.296	1.243	1.248	1.239
533	3876.699	3633.844	4096.678	3867.405	1.228	1.233	1.231
534	3898.012	3556.409	4117.609	3987.728	1.266	1.271	1.238
535	3841.026	3551.047	4090.070	3833.665	1.217	1.222	1.220
536	3927.669	3697.509	4262.162	3955.063	1.256	1.261	1.247
537	3978.557	3707.888	4354.636	3945.898	1.253	1.258	1.263
538	3889.746	3691.853	4088.365	3848.867	1.222	1.227	1.235
539	3968.139	3800.367	4126.000	3962.467	1.258	1.263	1.260
540	3999.177	3806.174	4183.174	3999.835	1.270	1.275	1.270
541	3951.777	3583.135	4298.210	3996.395	1.269	1.274	1.255
542	3952.636	3400.911	4359.519	3974.949	1.262	1.267	1.255
543	3938.107	3592.898	4202.900	4015.975	1.275	1.280	1.251
544	3994.377	3710.526	4384.704	3987.958	1.266	1.271	1.268
545	3948.226	3724.557	4199.939	3951.911	1.255	1.260	1.254
546	3936.798	3757.945	4132.431	3935.580	1.250	1.254	1.250
547	3931.064	3749.103	4110.496	3945.867	1.253	1.258	1.248
548	3917.804	3660.913	4197.692	3903.513	1.240	1.244	1.244
549	3928.477	3729.852	4169.613	3925.663	1.247	1.251	1.248
550	3912.483	3806.411	4050.717	3898.454	1.238	1.243	1.242
551	4015.014	3775.649	4288.766	4034.686	1.281	1.286	1.275
552	4018.748	3797.198	4322.575	4008.862	1.273	1.278	1.276
553	4090.004	3850.158	4318.566	4115.140	1.307	1.312	1.299
554	4028.010	3730.785	4263.657	4053.200	1.287	1.292	1.279
555	4060.464	3770.469	4249.487	4071.950	1.293	1.298	1.289
556	4129.141	3975.681	4319.209	4094.057	1.300	1.305	1.311
557	4060.957	3774.013	4329.708	4072.525	1.293	1.298	1.290
558	4016.499	3705.624	4245.940	3997.384	1.269	1.274	1.276
559	3918.847	3797.330	4164.783	3872.191	1.230	1.234	1.245
560	3863.325	3685.438	4021.274	3882.330	1.233	1.237	1.227
561	3900.961	3736.805	4086.728	3874.419	1.230	1.235	1.239
562	4009.387	3712.913	4401.993	3980.281	1.264	1.269	1.273
563	3993.200	3789.260	4343.192	3956.163	1.256	1.261	1.268
564	3998.769	3794.901	4187.523	4012.241	1.274	1.279	1.270
565	3951.201	3778.023	4175.911	3895.396	1.237	1.242	1.255
566	3991.050	3891.853	4116.391	3970.701	1.261	1.266	1.267
567	4033.856	3848.363	4283.958	4005.815	1.272	1.277	1.281
568	3960.650	3740.185	4234.759	3929.034	1.248	1.252	1.258
569	4021.297	3968.391	4188.918	4005.924	1.272	1.277	1.277
570	3988.130	3881.518	4118.681	3967.594	1.260	1.265	1.267
571	3974.529	3741.159	4164.626	3968.169	1.260	1.265	1.262
572	4006.216	3664.804	4264.232	4013.669	1.275	1.279	1.272
573	4027.328	3890.301	4241.258	4013.183	1.274	1.279	1.279
574	4014.896	3896.458	4183.643	4000.177	1.270	1.275	1.275
575	3939.627	3683.452	4262.954	3936.689	1.250	1.255	1.251
576	3945.360	3550.691	4283.091	3846.765	1.222	1.226	1.253
577	3977.527	3762.015	4256.509	3946.022	1.253	1.258	1.263
578	4027.145	3814.233	4224.244	4080.026	1.296	1.300	1.279
579	3919.656	3723.618	4027.619	3927.861	1.247	1.252	1.245
580	3886.652	3697.725	4046.947	3882.473	1.233	1.237	1.234
581	3887.300	3670.436	4024.475	3950.029	1.254	1.259	1.234
582	3915.236	3796.479	4100.792	3854.253	1.224	1.228	1.243
583	3987.390	3850.095	4125.985	3973.203	1.262	1.266	1.266
584	3907.219	3672.707	4088.726	3945.319	1.253	1.257	1.241
585	3927.202	3558.180	4138.085	3955.964	1.256	1.261	1.247
586	3931.180	3794.328	4183.545	3901.235	1.239	1.243	1.248
587	3993.789	3858.370	4075.365	4004.750	1.272	1.276	1.268
588	3946.124	3869.570	4024.877	3935.517	1.250	1.254	1.253
589	3891.011	3699.762	4128.994	3863.386	1.227	1.231	1.236
590	3969.113	3726.931	4237.993	3967.268	1.260	1.264	1.260
591	3958.626	3808.978	4087.603	3979.361	1.264	1.268	1.257
592	3885.821	3743.785	4026.599	3876.553	1.231	1.236	1.234
593	3922.014	3686.150	4207.409	3896.267	1.237	1.242	1.246
594	4014.814	3651.119	4413.843	4034.838	1.281	1.286	1.275
595	4014.941	3831.622	4149.904	4035.269	1.281	1.286	1.275
596	3911.724	3794.548	4074.190	3896.816	1.238	1.242	1.242
597	3919.320	3627.218	4303.664	3960.326	1.258	1.262	1.245
598	3902.369	3703.054	4115.841	3919.685	1.245	1.249	1.239
599	3975.048	3802.615	4210.372	3964.130	1.259	1.263	1.262
600	3959.474	3705.141	4310.762	3920.034	1.245	1.249	1.257
601	3914.127	3670.755	4290.417	3908.813	1.241	1.246	1.243
602	3816.840	3632.679	4031.850	3802.998	1.208	1.212	1.212
603	3860.570	3691.468	4016.318	3852.440	1.223	1.228	1.226
604	3962.823	3753.172	4138.585	3988.665	1.267	1.271	1.258
605	3993.693	3745.457	4243.689	3931.257	1.248	1.253	1.268
606	3937.831	3725.452	4109.276	3932.951	1.249	1.254	1.251
607	4021.338	3857.448	4265.952	3963.341	1.259	1.263	1.277
608	3914.079	3707.887	4173.392	3912.990	1.243	1.247	1.243
609	3795.453	3611.020	4099.123	3754.245	1.192	1.197	1.205
610	3820.869	3649.338	3981.611	3806.615	1.209	1.213	1.213
611	3933.154	3691.122	4090.121	3943.719	1.252	1.257	1.249
612	3993.285	3859.501	4149.805	4004.113	1.272	1.276	1.268
613	4013.578	3864.189	4251.196	3982.053	1.265	1.269	1.275
614	4048.768	3892.893	4338.721	4006.339	1.272	1.277	1.286
615	3945.099	3629.400	4097.572	3993.664	1.268	1.273	1.253
616	3854.822	3785.502	4035.676	3828.188	1.216	1.220	1.224
617	3946.073	3825.683	4287.188	3895.999	1.237	1.242	1.253
618	3970.136	3811.830	4121.459	3973.508	1.262	1.266	1.261
619	4052.057	3748.878	4431.566	4038.528	1.283	1.287	1.287
620	3920.464	3725.510	4276.125	3880.780	1.232	1.237	1.245
621	3992.746	3768.003	4254.696	4021.317	1.277	1.282	1.268
622	3827.725	3649.643	4074.510	3844.151	1.221	1.225	1.216
623	3868.172	3686.953	4226.042	3844.987	1.221	1.225	1.228
624	3856.814	3760.634	3997.516	3840.544	1.220	1.224	1.225
625	3850.984	3633.256	4201.357	3857.959	1.225	1.230	1.223
626	3872.431	3667.926	4183.326	3807.390	1.209	1.214	1.230
627	3816.536	3606.918	3975.505	3865.283	1.228	1.232	1.212
628	3871.279	3565.402	4078.850	3949.738	1.254	1.259	1.229
629	3870.579	3554.335	4066.906	3884.520	1.234	1.238	1.229
630	3886.877	3735.405	4038.856	3895.267	1.237	1.242	1.234
631	3886.095	3793.654	4136.935	3859.541	1.226	1.230	1.234
632	3864.916	3624.696	4083.791	3886.649	1.234	1.239	1.227
633	3906.494	3793.172	3994.358	3914.820	1.243	1.248	1.241
634	3846.776	3677.445	4138.636	3854.421	1.224	1.229	1.222
635	3915.312	3684.812	4121.707	3928.191	1.247	1.252	1.243
636	3870.651	3518.060	4082.022	3927.297	1.247	1.252	1.229
637	3861.642	3481.739	4184.640	3901.539	1.239	1.244	1.226
638	3795.680	3665.668	3950.756	3777.979	1.200	1.204	1.205
639	3767.134	3547.038	3939.176	3795.750	1.205	1.210	1.196
640	3922.652	3689.499	4101.247	3921.693	1.245	1.250	1.246
641	3826.566	3566.340	4048.653	3837.044	1.219	1.223	1.215
642	3834.842	3632.940	3955.375	3810.618	1.210	1.215	1.218
643	3829.763	3580.455	4047.614	3803.040	1.208	1.212	1.216
644	3879.665	3716.080	3990.343	3895.938	1.237	1.242	1.232
645	3830.691	3681.667	3945.290	3829.490	1.216	1.221	1.217
646	3858.681	3677.007	4179.540	3832.734	1.217	1.222	1.225
647	3907.356	3733.689	4101.909	3927.881	1.247	1.252	1.241
648	3866.632	3552.726	4146.867	3887.692	1.235	1.239	1.228
649	3855.444	3626.944	3960.657	3898.720	1.238	1.243	1.224
650	3825.267	3501.531	4117.897	3803.781	1.208	1.212	1.215
651	3884.895	3788.795	4007.058	3885.435	1.234	1.238	1.234
652	3782.976	3529.158	4042.736	3748.647	1.190	1.195	1.201
653	3814.420	3641.396	3993.764	3830.408	1.216	1.221	1.211
654	3818.058	3670.441	4004.914	3804.307	1.208	1.213	1.213
655	3929.453	3758.485	4169.889	3903.334	1.240	1.244	1.248
656	3770.601	3632.100	3980.589	3756.440	1.193	1.197	1.197
657	3899.950	3705.697	4185.701	3933.037	1.249	1.254	1.239
658	3846.674	3583.729	4065.965	3859.971	1.226	1.230	1.222
659	3843.806	3468.942	4185.522	3769.527	1.197	1.201	1.221
660	3794.433	3498.462	3972.815	3804.500	1.208	1.213	1.205
661	3714.766	3555.263	3840.696	3730.226	1.185	1.189	1.180
662	3749.846	3542.984	3998.307	3695.902	1.174	1.178	1.191
663	3728.726	3480.911	3895.315	3771.681	1.198	1.202	1.184
664	3801.561	3664.615	3990.253	3720.079	1.181	1.186	1.207
665	3718.925	3590.083	3837.588	3729.099	1.184	1.189	1.181
666	3776.548	3636.474	3914.330	3767.776	1.197	1.201	1.199
667	3759.220	3587.704	3969.804	3719.790	1.181	1.186	1.194
668	3736.653	3500.877	3979.170	3735.540	1.186	1.191	1.187
669	3697.746	3606.346	3939.638	3678.847	1.168	1.173	1.174
670	3692.725	3574.266	3854.413	3697.566	1.174	1.179	1.173
671	3833.690	3647.615	4126.693	3815.128	1.212	1.216	1.217
672	3680.955	3595.931	3791.605	3677.037	1.168	1.172	1.169
673	3653.781	3501.918	3809.597	3645.105	1.158	1.162	1.160
674	3668.796	3559.060	3940.607	3662.347	1.163	1.167	1.165
675	3583.879	3426.343	3713.798	3571.455	1.134	1.138	1.138
676	3611.824	3429.152	3843.449	3587.476	1.139	1.143	1.147
677	3659.490	3488.553	3876.409	3647.420	1.158	1.163	1.162
678	3653.097	3440.957	3824.679	3662.448	1.163	1.167	1.160
679	3696.554	3499.316	3971.947	3663.902	1.164	1.168	1.174
680	3632.767	3509.777	3837.818	3632.455	1.154	1.158	1.154
681	3641.911	3548.825	3769.639	3630.103	1.153	1.157	1.157
682	3757.692	3589.252	4022.606	3751.859	1.191	1.196	1.193
683	3662.008	3555.724	3854.632	3639.646	1.156	1.160	1.163
684	3633.969	3543.665	3835.500	3614.149	1.148	1.152	1.154
685	3661.084	3520.723	3865.152	3634.385	1.154	1.158	1.163
686	3644.600	3547.461	3811.441	3624.576	1.151	1.155	1.157
687	3641.579	3484.285	3730.827	3666.082	1.164	1.168	1.156
688	3565.476	3411.043	3687.848	3574.958	1.135	1.139	1.132
689	3581.920	3424.740	3775.636	3552.290	1.128	1.132	1.138
690	3664.654	3523.484	3868.347	3662.187	1.163	1.167	1.164
691	3534.767	3448.311	3677.401	3536.530	1.123	1.127	1.123
692	3557.708	3444.456	3665.816	3573.089	1.135	1.139	1.130
693	3640.843	3489.607	3842.788	3654.326	1.161	1.165	1.156
694	3682.909	3508.765	3882.281	3690.709	1.172	1.176	1.170
695	3662.194	3479.808	3793.940	3673.828	1.167	1.171	1.163
696	3599.798	3474.747	3748.090	3596.614	1.142	1.146	1.143
697	3654.851	3533.377	3844.221	3647.136	1.158	1.162	1.161
698	3622.302	3299.479	3794.992	3609.315	1.146	1.150	1.150
699	3580.457	3390.960	3759.470	3572.420	1.134	1.139	1.137
700	3690.662	3524.959	3828.210	3732.647	1.185	1.190	1.172
701	3640.474	3450.742	3894.003	3656.098	1.161	1.165	1.156
702	3696.550	3492.784	3913.352	3679.022	1.168	1.173	1.174
703	3727.637	3576.111	3900.606	3672.738	1.166	1.171	1.184
704	3694.155	3563.452	3819.873	3669.525	1.165	1.170	1.173
705	3699.575	3590.206	3982.119	3666.271	1.164	1.169	1.175
706	3688.118	3556.143	3869.442	3690.900	1.172	1.176	1.171
707	3632.307	3419.301	3812.678	3624.877	1.151	1.155	1.154
708	3634.769	3483.732	3753.458	3634.982	1.154	1.159	1.154
709	3690.936	3563.674	3836.260	3685.490	1.170	1.175	1.172
710	3708.469	3477.528	3948.538	3724.751	1.183	1.187	1.178
711	3658.606	3475.902	3895.479	3627.255	1.152	1.156	1.162
712	3659.028	3449.539	3807.716	3668.968	1.165	1.169	1.162
713	3638.998	3412.017	3772.365	3648.662	1.159	1.163	1.156
714	3683.219	3506.113	3826.882	3722.836	1.182	1.187	1.170
715	3605.085	3275.515	3754.959	3630.460	1.153	1.157	1.145
716	3544.168	3380.287	3670.856	3563.368	1.132	1.136	1.126
717	3543.626	3373.166	3666.410	3564.464	1.132	1.136	1.125
718	3686.640	3379.732	3934.519	3703.214	1.176	1.180	1.171
719	3744.243	3555.438	3967.991	3679.688	1.169	1.173	1.189
720	3655.531	3360.942	3849.973	3693.659	1.173	1.177	1.161
721	3622.305	3427.356	3805.501	3667.468	1.165	1.169	1.150
722	3595.373	3460.439	3673.444	3618.196	1.149	1.153	1.142
723	3669.601	3511.663	3791.722	3675.073	1.167	1.171	1.165
724	3565.337	3384.643	3753.895	3571.267	1.134	1.138	1.132
725	3590.909	3451.854	3796.863	3575.632	1.136	1.140	1.140
726	3679.197	3520.885	3862.436	3667.535	1.165	1.169	1.168
727	3605.560	3356.438	3807.126	3616.849	1.149	1.153	1.145
728	3623.598	3509.514	3710.992	3626.991	1.152	1.156	1.151
729	3670.061	3515.373	3755.077	3687.701	1.171	1.175	1.166
730	3649.567	3500.851	3802.823	3643.219	1.157	1.161	1.159
731	3604.072	3492.955	3699.812	3619.147	1.149	1.154	1.145
732	3611.479	3520.482	3887.662	3584.466	1.138	1.142	1.147
733	3583.570	3422.841	3771.661	3591.659	1.141	1.145	1.138
734	3523.805	3405.177	3667.281	3511.094	1.115	1.119	1.119
735	3643.777	3503.223	3823.975	3644.534	1.157	1.162	1.157
736	3624.586	3554.537	3752.568	3615.656	1.148	1.152	1.151
737	3585.700	3437.004	3713.732	3583.914	1.138	1.142	1.139
738	3612.694	3394.897	3836.316	3627.014	1.152	1.156	1.147
739	3650.647	3531.169	3854.106	3644.492	1.157	1.162	1.159
740	3624.625	3434.006	3884.893	3632.966	1.154	1.158	1.151
741	3620.244	3480.766	3786.440	3662.004	1.163	1.167	1.150
742	3596.549	3438.653	3755.557	3597.025	1.142	1.146	1.142
743	3680.284	3561.447	3882.117	3645.587	1.158	1.162	1.169
744	3625.599	3518.471	3754.501	3633.646	1.154	1.158	1.151
745	3645.970	3520.977	3751.188	3640.230	1.156	1.160	1.158
746	3496.296	3316.630	3663.632	3484.689	1.107	1.111	1.110
747	3522.602	3419.577	3603.933	3522.668	1.119	1.123	1.119
748	3598.071	3417.640	3750.749	3606.647	1.145	1.150	1.143
749	3604.327	3512.042	3836.292	3574.668	1.135	1.139	1.145
750	3525.255	3422.793	3604.642	3523.092	1.119	1.123	1.120
751	3568.492	3371.450	3662.013	3561.203	1.131	1.135	1.133
752	3553.314	3376.880	3766.362	3546.151	1.126	1.130	1.128
753	3556.201	3437.438	3748.142	3525.648	1.120	1.124	1.129
754	3585.435	3413.325	3748.405	3587.203	1.139	1.143	1.139
755	3629.327	3475.212	3914.245	3615.012	1.148	1.152	1.153
756	3593.427	3542.056	3685.732	3600.122	1.143	1.147	1.141
757	3636.667	3502.505	4000.968	3601.133	1.144	1.148	1.155
758	3579.782	3416.197	3716.380	3605.288	1.145	1.149	1.137
759	3615.070	3472.330	3897.867	3610.173	1.146	1.151	1.148
760	3588.684	3401.073	3816.835	3589.012	1.140	1.144	1.140
761	3657.280	3534.586	3764.628	3667.421	1.165	1.169	1.161
762	3664.336	3578.174	3826.947	3645.172	1.158	1.162	1.164
763	3656.009	3505.441	3764.085	3665.238	1.164	1.168	1.161
764	3610.315	3448.270	3689.850	3633.454	1.154	1.158	1.147
765	3630.327	3459.284	3798.866	3607.243	1.146	1.150	1.153
766	3603.860	3449.763	3729.826	3600.091	1.143	1.147	1.144
767	3546.527	3365.561	3680.710	3563.221	1.132	1.136	1.126
768	3659.522	3453.711	3952.884	3655.205	1.161	1.165	1.162
769	3641.431	3474.967	3730.719	3653.483	1.160	1.164	1.156
770	3671.160	3432.085	3882.084	3656.669	1.161	1.165	1.166
771	3680.844	3393.711	3948.955	3699.586	1.175	1.179	1.169
772	3607.755	3462.280	3817.431	3581.476	1.137	1.142	1.146
773	3564.573	3432.813	3802.653	3529.439	1.121	1.125	1.132
774	3589.313	3389.010	3769.505	3625.729	1.151	1.156	1.140
775	3619.064	3431.503	3746.274	3608.809	1.146	1.150	1.149
776	3655.947	3500.989	3823.347	3661.149	1.163	1.167	1.161
777	3708.991	3509.326	3861.120	3706.594	1.177	1.181	1.178
778	3704.161	3590.254	3825.980	3688.095	1.171	1.175	1.176
779	3673.442	3477.994	3908.083	3639.490	1.156	1.160	1.167
780	3631.230	3367.535	3898.810	3659.903	1.162	1.167	1.153
781	3688.818	3464.359	3853.469	3714.101	1.179	1.184	1.171
782	3689.495	3600.716	3756.089	3690.254	1.172	1.176	1.172
783	3705.737	3621.298	3818.984	3707.823	1.177	1.182	1.177
784	3734.640	3532.532	3934.172	3723.268	1.182	1.187	1.186
785	3645.559	3493.221	3744.124	3659.165	1.162	1.166	1.158
786	3634.346	3457.276	3790.555	3658.042	1.162	1.166	1.154
787	3603.056	3480.933	3753.832	3602.422	1.144	1.148	1.144
788	3686.073	3595.660	3834.925	3684.692	1.170	1.174	1.171
789	3711.874	3575.091	3836.820	3736.142	1.186	1.191	1.179
790	3648.372	3482.774	3756.314	3650.863	1.159	1.164	1.159
791	3569.523	3342.157	3674.050	3600.067	1.143	1.147	1.134
792	3659.444	3524.777	3910.563	3624.338	1.151	1.155	1.162
793	3680.936	3526.618	3866.358	3685.118	1.170	1.175	1.169
794	3647.623	3490.253	3873.283	3649.671	1.159	1.163	1.158
795	3617.283	3538.087	3714.551	3614.397	1.148	1.152	1.149
796	3730.376	3452.459	4017.253	3731.373	1.185	1.189	1.185
797	3637.347	3493.115	3838.896	3640.846	1.156	1.160	1.155
798	3696.263	3473.529	3936.290	3702.970	1.176	1.180	1.174
799	3664.140	3548.127	3802.054	3646.370	1.158	1.162	1.164
800	3588.596	3418.138	3900.096	3590.523	1.140	1.144	1.140
801	3549.586	3326.209	3818.990	3558.085	1.130	1.134	1.127
802	3642.044	3458.632	3786.933	3632.600	1.154	1.158	1.157
803	3677.306	3530.692	3801.857	3715.736	1.180	1.184	1.168
804	3672.898	3451.007	3818.348	3711.832	1.179	1.183	1.166
805	3571.051	3385.257	3701.551	3569.673	1.134	1.138	1.134
806	3580.040	3397.844	3797.521	3559.170	1.130	1.134	1.137
807	3673.339	3486.523	3893.088	3656.309	1.161	1.165	1.167
808	3589.290	3271.761	3736.340	3647.691	1.158	1.163	1.140
809	3567.273	3347.963	3774.890	3550.489	1.128	1.132	1.133
810	3548.125	3427.041	3679.424	3539.951	1.124	1.128	1.127
811	3583.252	3425.275	3759.332	3583.485	1.138	1.142	1.138
812	3557.411	3388.092	3669.079	3544.766	1.126	1.130	1.130
813	3584.391	3430.904	3710.562	3596.488	1.142	1.146	1.138
814	3627.316	3512.722	3718.086	3634.242	1.154	1.158	1.152
815	3713.301	3433.025	3941.750	3714.729	1.180	1.184	1.179
816	3588.340	3493.767	3688.037	3576.153	1.136	1.140	1.140
817	3565.256	3437.213	3695.013	3577.134	1.136	1.140	1.132
818	3625.637	3509.843	3799.204	3604.642	1.145	1.149	1.151
819	3661.560	3463.692	3844.025	3662.987	1.163	1.167	1.163
820	3596.232	3467.410	3750.635	3571.897	1.134	1.138	1.142
821	3592.903	3485.286	3714.451	3576.847	1.136	1.140	1.141
822	3530.392	3382.089	3782.498	3509.165	1.114	1.118	1.121
823	3545.812	3320.156	3709.853	3568.856	1.133	1.137	1.126
824	3564.948	3440.613	3669.778	3578.616	1.136	1.141	1.132
825	3555.412	3430.185	3641.487	3573.645	1.135	1.139	1.129
826	3529.226	3395.955	3723.044	3528.593	1.121	1.125	1.121
827	3523.033	3299.122	3652.535	3537.522	1.123	1.127	1.119
828	3546.728	3321.277	3710.104	3538.181	1.124	1.128	1.126
829	3606.664	3480.480	3766.105	3576.197	1.136	1.140	1.145
830	3583.280	3385.800	3699.473	3603.357	1.144	1.148	1.138
831	3546.960	3323.127	3718.947	3544.241	1.126	1.130	1.126
832	3516.311	3335.858	3646.912	3528.216	1.120	1.125	1.117
833	3519.180	3381.105	3715.512	3520.315	1.118	1.122	1.118
834	3545.325	3380.000	3744.066	3547.631	1.127	1.131	1.126
835	3617.090	3483.978	3792.952	3582.529	1.138	1.142	1.149
836	3583.508	3397.454	3780.584	3575.187	1.135	1.140	1.138
837	3564.943	3370.978	3800.753	3549.970	1.127	1.131	1.132
838	3547.312	3310.999	3857.403	3515.801	1.117	1.121	1.127
839	3519.149	3346.165	3863.257	3461.663	1.099	1.103	1.118
840	3577.476	3453.838	3792.016	3546.037	1.126	1.130	1.136
841	3496.260	3391.764	3675.257	3469.988	1.102	1.106	1.110
842	3506.774	3400.091	3689.354	3493.260	1.109	1.113	1.114
843	3550.628	3390.130	3895.185	3526.758	1.120	1.124	1.128
844	3531.133	3368.468	3703.374	3533.442	1.122	1.126	1.121
845	3507.075	3240.161	3679.050	3510.745	1.115	1.119	1.114
846	3519.999	3341.703	3703.590	3475.673	1.104	1.108	1.118
847	3527.881	3381.926	3670.369	3508.215	1.114	1.118	1.120
848	3546.068	3435.676	3708.998	3520.871	1.118	1.122	1.126
849	3524.635	3402.505	3714.840	3524.713	1.119	1.123	1.119
850	3473.225	3332.139	3613.778	3511.230	1.115	1.119	1.103
851	3457.793	3320.621	3591.643	3456.946	1.098	1.102	1.098
852	3527.954	3256.528	3680.090	3563.956	1.132	1.136	1.120
853	3560.077	3364.241	3700.538	3587.730	1.139	1.143	1.131
854	3497.703	3230.698	3738.536	3502.366	1.112	1.116	1.111
855	3508.781	3346.718	3754.077	3476.723	1.104	1.108	1.114
856	3569.334	3445.057	3790.332	3560.195	1.131	1.135	1.134
857	3483.101	3349.571	3691.452	3464.528	1.100	1.104	1.106
858	3461.699	3358.246	3594.110	3453.076	1.097	1.101	1.099
859	3506.623	3327.566	3710.450	3526.312	1.120	1.124	1.114
860	3524.313	3413.755	3654.772	3528.125	1.120	1.125	1.119
861	3507.848	3407.287	3597.937	3506.061	1.113	1.117	1.114
862	3511.120	3404.228	3628.253	3496.700	1.110	1.114	1.115
863	3543.487	3415.758	3725.458	3512.147	1.115	1.119	1.125
864	3572.482	3411.250	3691.000	3597.749	1.143	1.147	1.135
865	3545.284	3274.757	3721.806	3558.431	1.130	1.134	1.126
866	3499.352	3397.302	3603.321	3489.275	1.108	1.112	1.111
867	3532.025	3336.362	3748.145	3531.472	1.121	1.126	1.122
868	3569.080	3433.471	3809.250	3562.719	1.131	1.136	1.133
869	3605.354	3492.941	3751.288	3609.447	1.146	1.150	1.145
870	3611.420	3434.545	3762.125	3590.727	1.140	1.144	1.147
871	3590.639	3401.457	3715.195	3583.138	1.138	1.142	1.140
872	3568.825	3431.163	3738.350	3554.209	1.129	1.133	1.133
873	3557.007	3451.261	3643.796	3564.882	1.132	1.136	1.130
874	3614.894	3499.463	3753.793	3592.206	1.141	1.145	1.148
875	3563.285	3353.745	3778.455	3542.835	1.125	1.129	1.132
876	3622.073	3454.193	3784.492	3609.255	1.146	1.150	1.150
877	3652.981	3465.377	3799.190	3698.592	1.175	1.179	1.160
878	3672.873	3500.837	3894.056	3675.289	1.167	1.171	1.166
879	3659.726	3543.468	3760.025	3654.296	1.160	1.165	1.162
880	3621.211	3448.790	3746.199	3645.865	1.158	1.162	1.150
881	3581.788	3428.103	3646.816	3603.868	1.144	1.149	1.137
882	3571.652	3384.914	3683.910	3570.137	1.134	1.138	1.134
883	3602.679	3462.175	3715.230	3585.594	1.139	1.143	1.144
884	3660.649	3530.316	3898.473	3638.920	1.156	1.160	1.163
885	3608.278	3430.857	3712.568	3617.417	1.149	1.153	1.146
886	3592.762	3408.613	3760.309	3595.535	1.142	1.146	1.141
887	3613.889	3350.714	3995.989	3629.895	1.153	1.157	1.148
888	3570.125	3341.799	3710.679	3588.213	1.140	1.144	1.134
889	3571.852	3391.102	3649.971	3591.428	1.141	1.145	1.134
890	3596.251	3471.419	3706.233	3602.860	1.144	1.148	1.142
891	3613.574	3546.031	3718.948	3597.974	1.143	1.147	1.148
892	3631.856	3523.818	3798.144	3596.247	1.142	1.146	1.153
893	3585.293	3376.546	3746.858	3591.162	1.140	1.145	1.139
894	3583.057	3492.663	3734.641	3576.319	1.136	1.140	1.138
895	3576.927	3455.382	3701.691	3556.781	1.130	1.134	1.136
896	3539.267	3382.218	3868.507	3494.480	1.110	1.114	1.124
897	3561.151	3387.427	3787.386	3545.069	1.126	1.130	1.131
898	3641.916	3411.249	3837.776	3641.767	1.157	1.161	1.157
899	3624.940	3380.413	3780.191	3661.683	1.163	1.167	1.151
900	3618.866	3415.812	3879.162	3611.452	1.147	1.151	1.149
901	3630.583	3391.277	3787.814	3667.644	1.165	1.169	1.153
902	3704.836	3531.838	3899.609	3708.490	1.178	1.182	1.177
903	3685.401	3552.270	3935.885	3647.096	1.158	1.162	1.170
904	3652.950	3495.894	3903.219	3602.118	1.144	1.148	1.160
905	3619.064	3490.127	3778.681	3617.844	1.149	1.153	1.149
906	3655.205	3403.717	3931.256	3655.777	1.161	1.165	1.161
907	3678.052	3538.172	3950.558	3678.221	1.168	1.172	1.168
908	3614.583	3495.853	3851.106	3582.073	1.138	1.142	1.148
909	3630.868	3462.428	3842.820	3653.022	1.160	1.164	1.153
910	3684.461	3421.152	3818.149	3723.931	1.183	1.187	1.170
911	3661.135	3240.805	3863.796	3702.976	1.176	1.180	1.163
912	3645.477	3402.810	3910.460	3618.893	1.149	1.153	1.158
913	3648.040	3394.824	3835.035	3626.544	1.152	1.156	1.159
914	3627.685	3534.106	3840.333	3611.604	1.147	1.151	1.152
915	3654.307	3528.319	3802.609	3631.897	1.153	1.158	1.161
916	3637.401	3537.854	3770.488	3619.258	1.149	1.154	1.155
917	3684.302	3526.894	3902.155	3665.168	1.164	1.168	1.170
918	3643.744	3518.440	3719.398	3653.035	1.160	1.164	1.157
919	3715.758	3576.632	3938.677	3692.316	1.173	1.177	1.180
920	3679.194	3540.741	3769.423	3695.869	1.174	1.178	1.168
921	3664.196	3475.681	3811.078	3690.290	1.172	1.176	1.164
922	3704.203	3481.621	3930.105	3712.835	1.179	1.183	1.176
923	3639.035	3420.444	3846.078	3609.268	1.146	1.150	1.156
924	3667.286	3410.199	3850.782	3698.835	1.175	1.179	1.165
925	3738.698	3623.287	3915.333	3720.093	1.181	1.186	1.187
926	3714.077	3652.871	3815.206	3694.723	1.173	1.178	1.179
927	3625.042	3516.815	3740.622	3630.505	1.153	1.157	1.151
928	3749.899	3551.031	3923.680	3784.964	1.202	1.206	1.191
929	3662.708	3492.871	3868.511	3655.130	1.161	1.165	1.163
930	3563.510	3456.308	3664.780	3557.290	1.130	1.134	1.132
931	3601.066	3306.279	3785.015	3612.696	1.147	1.151	1.144
932	3665.037	3505.710	3850.496	3662.781	1.163	1.167	1.164
933	3678.731	3484.364	3982.332	3656.053	1.161	1.165	1.168
934	3614.950	3455.406	3719.918	3614.180	1.148	1.152	1.148
935	3621.363	3497.469	3712.552	3625.200	1.151	1.155	1.150
936	3620.334	3403.191	3929.363	3601.572	1.144	1.148	1.150
937	3657.094	3413.365	3838.150	3698.982	1.175	1.179	1.161
938	3641.238	3517.360	3766.872	3655.487	1.161	1.165	1.156
939	3610.490	3491.604	3707.539	3620.523	1.150	1.154	1.147
940	3616.414	3510.208	3701.902	3637.095	1.155	1.159	1.148
941	3593.448	3385.206	3659.611	3610.325	1.147	1.151	1.141
942	3614.750	3514.771	3835.274	3595.115	1.142	1.146	1.148
943	3680.355	3574.314	3833.814	3665.390	1.164	1.168	1.169
944	3687.385	3497.604	3800.887	3694.884	1.173	1.178	1.171
945	3660.843	3499.779	3872.684	3660.444	1.162	1.167	1.163
946	3663.682	3453.329	3879.509	3660.305	1.162	1.167	1.163
947	3725.714	3389.706	4091.115	3696.421	1.174	1.178	1.183
948	3681.547	3585.395	3819.671	3655.408	1.161	1.165	1.169
949	3747.719	3609.169	3903.771	3742.095	1.188	1.193	1.190
950	3680.819	3448.101	3875.076	3680.821	1.169	1.173	1.169
951	3739.319	3498.273	3870.263	3722.421	1.182	1.186	1.188
952	3669.190	3492.475	3787.954	3683.359	1.170	1.174	1.165
953	3618.123	3413.335	3737.016	3612.896	1.147	1.152	1.149
954	3614.223	3405.569	3730.027	3627.083	1.152	1.156	1.148
955	3624.767	3472.437	3766.887	3667.873	1.165	1.169	1.151
956	3651.059	3468.839	3817.763	3650.581	1.159	1.164	1.159
957	3633.842	3497.912	3905.004	3611.768	1.147	1.151	1.154
958	3621.189	3415.425	3769.955	3622.619	1.150	1.155	1.150
959	3604.774	3529.152	3679.360	3596.045	1.142	1.146	1.145
960	3545.452	3433.191	3670.950	3541.705	1.125	1.129	1.126
961	3604.034	3481.543	3736.577	3608.578	1.146	1.150	1.145
962	3664.290	3484.058	3752.661	3675.114	1.167	1.171	1.164
963	3656.160	3529.205	3934.661	3643.725	1.157	1.161	1.161
964	3600.779	3437.411	3852.094	3612.368	1.147	1.151	1.144
965	3561.263	3428.760	3728.079	3565.974	1.132	1.137	1.131
966	3614.660	3414.910	3807.293	3652.743	1.160	1.164	1.148
967	3589.350	3467.091	3835.628	3590.095	1.140	1.144	1.140
968	3598.274	3496.681	3761.356	3584.182	1.138	1.142	1.143
969	3559.727	3394.381	3705.110	3560.610	1.131	1.135	1.130
970	3641.689	3447.616	3794.296	3639.662	1.156	1.160	1.156
971	3619.563	3494.588	3899.968	3615.879	1.148	1.152	1.149
972	3600.522	3396.562	3735.731	3627.571	1.152	1.156	1.143
973	3589.236	3287.391	3886.051	3561.223	1.131	1.135	1.140
974	3638.977	3480.843	3795.956	3631.838	1.153	1.158	1.156
975	3644.873	3539.127	3727.939	3654.266	1.160	1.165	1.158
976	3738.013	3517.705	4018.451	3713.620	1.179	1.184	1.187
977	3728.844	3517.156	3882.288	3758.528	1.194	1.198	1.184
978	3724.749	3520.181	3849.828	3738.825	1.187	1.192	1.183
979	3643.347	3421.849	3769.155	3661.913	1.163	1.167	1.157
980	3612.545	3460.235	3715.891	3639.251	1.156	1.160	1.147
981	3697.605	3537.438	3834.350	3703.883	1.176	1.181	1.174
982	3650.913	3534.960	3781.294	3627.496	1.152	1.156	1.159
983	3606.845	3501.121	3846.641	3573.580	1.135	1.139	1.145
984	3630.983	3522.110	3781.404	3631.612	1.153	1.157	1.153
985	3602.754	3509.111	3737.133	3588.506	1.140	1.144	1.144
986	3617.527	3448.452	3803.055	3612.732	1.147	1.151	1.149
987	3662.391	3414.215	3798.760	3679.829	1.169	1.173	1.163
988	3683.564	3537.418	3886.462	3663.266	1.163	1.168	1.170
989	3685.218	3524.478	3786.661	3706.531	1.177	1.181	1.170
990	3703.262	3558.182	3899.839	3702.229	1.176	1.180	1.176
991	3658.420	3511.158	3787.595	3665.826	1.164	1.168	1.162
992	3602.628	3420.066	3846.150	3584.229	1.138	1.142	1.144
993	3603.554	3423.287	3725.868	3620.629	1.150	1.154	1.144
994	3591.973	3470.779	3789.269	3555.121	1.129	1.133	1.141
995	3616.148	3503.297	3729.280	3631.458	1.153	1.157	1.148
996	3614.237	3478.407	4013.382	3561.521	1.131	1.135	1.148
997	3634.784	3428.394	3914.838	3574.782	1.135	1.139	1.154
998	3658.049	3495.778	3798.525	3658.017	1.162	1.166	1.162
999	3708.947	3596.689	3945.614	3676.146	1.167	1.172	1.178
1000	3667.495	3482.100	3821.714	3660.393	1.162	1.167	1.165
1001	3666.895	3448.781	3826.055	3664.798	1.164	1.168	1.165
1002	3604.608	3453.324	3763.352	3582.729	1.138	1.142	1.145
1003	3597.306	3456.393	3839.002	3582.393	1.138	1.142	1.142
1004	3660.503	3551.811	3860.601	3614.096	1.148	1.152	1.162
1005	3723.720	3500.627	3916.178	3768.378	1.197	1.201	1.183
1006	3610.721	3507.012	3681.157	3620.882	1.150	1.154	1.147
1007	3545.159	3422.611	3742.022	3513.379	1.116	1.120	1.126
1008	3601.516	3422.165	3721.025	3623.057	1.151	1.155	1.144
1009	3623.697	3403.676	3828.779	3673.161	1.166	1.171	1.151
1010	3639.361	3384.315	4198.318	3594.784	1.142	1.146	1.156
1011	3603.403	3482.676	3789.669	3563.038	1.132	1.136	1.144
1012	3643.832	3329.877	3802.645	3706.044	1.177	1.181	1.157
1013	3626.983	3485.465	3803.499	3604.627	1.145	1.149	1.152
1014	3667.075	3454.353	3869.341	3672.241	1.166	1.170	1.165
1015	3624.456	3316.121	3738.124	3679.639	1.169	1.173	1.151
1016	3612.407	3435.069	3729.202	3608.213	1.146	1.150	1.147
1017	3658.171	3561.519	3748.919	3678.157	1.168	1.172	1.162
1018	3619.894	3481.222	3767.186	3631.038	1.153	1.157	1.150
1019	3620.695	3405.550	3875.471	3595.884	1.142	1.146	1.150
1020	3635.567	3475.292	3746.614	3652.231	1.160	1.164	1.155
1021	3538.608	3394.754	3640.997	3539.743	1.124	1.128	1.124
1022	3484.517	3281.205	3689.361	3512.074	1.115	1.119	1.107
1023	3528.379	3316.738	3640.303	3546.516	1.126	1.130	1.121
1024	3638.713	3462.360	3900.009	3611.183	1.147	1.151	1.156
1025	3597.706	3464.287	3750.596	3593.319	1.141	1.145	1.143
1026	3611.921	3466.027	3755.295	3614.710	1.148	1.152	1.147
1027	3600.179	3430.554	3778.496	3605.998	1.145	1.149	1.143
1028	3559.658	3417.530	3766.316	3540.035	1.124	1.128	1.130
1029	3560.593	3414.423	3666.051	3548.609	1.127	1.131	1.131
1030	3581.825	3496.015	3646.092	3588.163	1.139	1.144	1.137
1031	3590.234	3417.207	3783.438	3562.455	1.131	1.135	1.140
1032	3552.307	3426.761	3774.290	3525.463	1.120	1.124	1.128
1033	3584.149	3452.097	3742.866	3569.453	1.134	1.138	1.138
1034	3598.584	3437.652	3720.040	3614.904	1.148	1.152	1.143
1035	3551.462	3379.981	3719.308	3540.216	1.124	1.128	1.128
1036	3563.448	3440.322	3719.191	3537.237	1.123	1.127	1.132
1037	3594.703	3413.505	3724.993	3608.052	1.146	1.150	1.142
1038	3647.556	3576.397	3769.840	3638.429	1.155	1.160	1.158
1039	3651.375	3524.061	3826.405	3644.846	1.157	1.162	1.160
1040	3557.779	3293.950	3746.110	3571.531	1.134	1.138	1.130
1041	3507.049	3339.162	3664.348	3484.561	1.107	1.111	1.114
1042	3567.237	3431.395	3678.366	3565.428	1.132	1.136	1.133
1043	3567.317	3438.359	3707.284	3574.483	1.135	1.139	1.133
1044	3559.279	3385.559	3756.134	3585.839	1.139	1.143	1.130
1045	3654.780	3384.141	3825.621	3706.638	1.177	1.181	1.161
1046	3549.557	3368.456	3820.569	3539.468	1.124	1.128	1.127
1047	3516.163	3370.938	3660.453	3510.497	1.115	1.119	1.117
1048	3590.158	3368.749	3724.641	3592.033	1.141	1.145	1.140
1049	3588.652	3423.514	3823.770	3541.234	1.125	1.129	1.140
1050	3563.072	3414.724	3858.539	3538.981	1.124	1.128	1.132
1051	3611.351	3486.254	3730.320	3608.500	1.146	1.150	1.147
1052	3600.272	3466.226	3761.230	3585.913	1.139	1.143	1.143
1053	3522.428	3430.449	3685.288	3514.395	1.116	1.120	1.119
1054	3542.991	3460.529	3655.406	3535.348	1.123	1.127	1.125
1055	3576.334	3510.250	3664.120	3558.901	1.130	1.134	1.136
1056	3519.787	3416.109	3604.923	3526.773	1.120	1.124	1.118
1057	3536.372	3329.080	3651.804	3562.112	1.131	1.135	1.123
1058	3638.614	3315.810	3801.775	3670.492	1.166	1.170	1.156
1059	3623.904	3539.001	3808.712	3608.192	1.146	1.150	1.151
1060	3522.930	3379.689	3698.786	3518.728	1.117	1.122	1.119
1061	3576.168	3458.614	3777.730	3558.538	1.130	1.134	1.136
1062	3540.114	3457.372	3647.133	3519.977	1.118	1.122	1.124
1063	3592.728	3461.896	3661.801	3591.222	1.140	1.145	1.141
1064	3615.831	3482.002	3784.962	3623.102	1.151	1.155	1.148
1065	3588.381	3413.351	3862.421	3550.781	1.128	1.132	1.140
1066	3560.737	3457.631	3696.778	3538.933	1.124	1.128	1.131
1067	3518.695	3401.520	3694.631	3507.465	1.114	1.118	1.117
1068	3504.093	3398.513	3572.740	3514.612	1.116	1.120	1.113
1069	3590.718	3385.086	3937.365	3571.775	1.134	1.138	1.140
1070	3590.068	3466.686	3713.030	3605.338	1.145	1.149	1.140
1071	3574.359	3494.989	3667.909	3583.538	1.138	1.142	1.135
1072	3609.865	3497.210	3765.283	3603.979	1.145	1.149	1.146
1073	3577.879	3378.770	3879.916	3547.422	1.127	1.131	1.136
1074	3527.307	3415.053	3628.377	3540.513	1.124	1.128	1.120
1075	3522.474	3408.075	3671.409	3524.560	1.119	1.123	1.119
1076	3522.366	3375.558	3618.971	3524.979	1.119	1.123	1.119
1077	3580.036	3474.751	3712.356	3566.572	1.133	1.137	1.137
1078	3549.806	3424.055	3696.089	3560.222	1.131	1.135	1.127
1079	3555.913	3458.975	3661.101	3542.192	1.125	1.129	1.129
1080	3586.571	3521.176	3709.828	3580.538	1.137	1.141	1.139
1081	3540.080	3360.180	3758.200	3551.429	1.128	1.132	1.124
1082	3524.455	3447.460	3740.766	3489.382	1.108	1.112	1.119
1083	3540.286	3368.460	3709.905	3571.439	1.134	1.138	1.124
1084	3483.721	3323.486	3713.792	3476.324	1.104	1.108	1.106
1085	3554.901	3363.938	3657.103	3579.642	1.137	1.141	1.129
1086	3534.809	3298.936	3678.387	3563.203	1.132	1.136	1.123
1087	3539.025	3362.830	3676.926	3529.126	1.121	1.125	1.124
1088	3582.823	3340.407	3768.670	3576.684	1.136	1.140	1.138
1089	3547.127	3367.026	3777.595	3528.649	1.121	1.125	1.126
1090	3582.268	3405.154	3824.704	3568.583	1.133	1.137	1.138
1091	3514.231	3354.760	3754.704	3475.608	1.104	1.108	1.116
1092	3599.559	3451.670	3692.069	3602.728	1.144	1.148	1.143
1093	3568.569	3421.948	3765.196	3554.140	1.129	1.133	1.133
1094	3544.595	3367.696	3649.149	3583.064	1.138	1.142	1.126
1095	3531.766	3404.740	3769.619	3529.497	1.121	1.125	1.122
1096	3490.036	3403.795	3573.378	3489.029	1.108	1.112	1.108
1097	3532.460	3399.716	3688.124	3551.734	1.128	1.132	1.122
1098	3644.833	3471.164	3799.607	3648.617	1.159	1.163	1.157
1099	3562.408	3412.810	3665.881	3577.936	1.136	1.140	1.131
1100	3532.269	3317.458	3661.750	3540.638	1.124	1.128	1.122
1101	3574.533	3456.307	3707.450	3547.900	1.127	1.131	1.135
1102	3545.403	3311.874	3766.913	3564.182	1.132	1.136	1.126
1103	3554.998	3385.688	3705.308	3578.863	1.137	1.141	1.129
1104	3563.776	3410.041	3678.774	3601.153	1.144	1.148	1.132
1105	3485.776	3315.511	3617.386	3479.965	1.105	1.109	1.107
1106	3541.358	3354.579	3744.524	3490.269	1.108	1.112	1.125
1107	3513.975	3321.204	3615.380	3542.922	1.125	1.129	1.116
1108	3560.892	3413.978	3743.733	3523.747	1.119	1.123	1.131
1109	3614.206	3437.937	3764.469	3617.620	1.149	1.153	1.148
1110	3645.310	3520.843	3805.241	3634.378	1.154	1.158	1.158
1111	3639.595	3466.572	3736.474	3667.875	1.165	1.169	1.156
1112	3594.515	3410.667	3769.711	3636.099	1.155	1.159	1.142
1113	3554.419	3407.631	3709.708	3543.009	1.125	1.129	1.129
1114	3574.015	3465.635	3646.372	3589.812	1.140	1.144	1.135
