 	Mean	Min	Max	Median	Max_to_bgmean	Median_to_bgmedian	Mean_to_bgmean
1	3562.289	3387.950	3746.421	3598.864	1.117	1.117	1.106
2	3659.003	3482.070	3841.950	3668.844	1.139	1.139	1.136
3	3591.019	3426.232	3771.630	3575.137	1.110	1.110	1.115
4	3612.548	3356.901	3814.076	3618.216	1.123	1.123	1.122
5	3646.568	3480.930	3859.160	3637.018	1.129	1.129	1.132
6	3693.777	3540.346	3882.781	3726.838	1.157	1.157	1.147
7	3648.886	3511.640	3764.025	3657.011	1.135	1.136	1.133
8	3687.964	3426.076	4072.648	3680.595	1.143	1.143	1.145
9	3614.539	3543.366	3715.956	3605.936	1.120	1.120	1.122
10	3637.933	3595.990	3688.883	3634.170	1.128	1.128	1.129
11	3609.623	3433.581	3748.388	3613.302	1.122	1.122	1.121
12	3638.622	3443.746	3827.381	3595.014	1.116	1.116	1.130
13	3675.957	3389.048	3969.730	3738.287	1.161	1.161	1.141
14	3733.496	3386.118	3998.563	3773.847	1.172	1.172	1.159
15	3653.120	3534.431	3784.466	3657.222	1.135	1.136	1.134
16	3649.891	3507.239	3782.560	3661.407	1.137	1.137	1.133
17	3683.649	3516.620	3833.289	3686.141	1.144	1.145	1.144
18	3695.804	3600.277	3857.154	3666.868	1.138	1.139	1.147
19	3674.938	3483.781	3789.503	3699.300	1.149	1.149	1.141
20	3713.315	3495.284	3923.524	3718.894	1.155	1.155	1.153
21	3705.508	3438.304	3940.165	3675.767	1.141	1.141	1.150
22	3730.373	3448.567	4307.446	3637.244	1.129	1.129	1.158
23	3787.610	3600.810	3986.610	3813.760	1.184	1.184	1.176
24	3938.215	3647.974	4115.169	3941.100	1.224	1.224	1.223
25	3882.151	3633.889	4053.447	3957.271	1.229	1.229	1.205
26	3861.635	3653.075	3995.533	3877.444	1.204	1.204	1.199
27	3783.540	3615.576	3963.004	3784.393	1.175	1.175	1.175
28	3814.936	3548.287	3945.945	3874.175	1.203	1.203	1.184
29	3877.892	3671.695	4066.518	3888.910	1.207	1.208	1.204
30	3731.013	3592.575	4015.346	3738.040	1.161	1.161	1.158
31	3778.445	3668.328	3941.192	3767.833	1.170	1.170	1.173
32	3801.665	3682.455	3999.040	3778.760	1.173	1.173	1.180
33	3770.955	3605.019	3861.267	3766.362	1.169	1.169	1.171
34	3724.368	3505.835	3888.953	3748.136	1.164	1.164	1.156
35	3689.129	3475.410	3944.556	3682.309	1.143	1.143	1.145
36	3629.837	3485.653	3797.539	3657.910	1.136	1.136	1.127
37	3693.422	3577.533	3819.818	3701.268	1.149	1.149	1.147
38	3736.097	3575.347	4029.121	3702.575	1.150	1.150	1.160
39	3692.129	3562.881	3791.977	3709.198	1.152	1.152	1.146
40	3792.359	3610.687	4192.642	3732.193	1.159	1.159	1.177
41	3849.596	3717.771	4097.013	3821.300	1.186	1.187	1.195
42	3872.354	3619.384	4036.522	3891.635	1.208	1.208	1.202
43	3960.165	3906.045	4011.440	3960.491	1.230	1.230	1.230
44	3896.335	3834.687	3989.200	3890.686	1.208	1.208	1.210
45	3807.060	3588.586	3908.751	3838.827	1.192	1.192	1.182
46	3802.770	3619.175	4011.538	3789.381	1.176	1.177	1.181
47	3872.884	3632.910	4148.630	3885.956	1.206	1.207	1.202
48	3817.791	3691.915	4018.364	3788.347	1.176	1.176	1.185
49	3785.567	3573.450	3931.865	3798.499	1.179	1.179	1.175
50	3769.110	3664.706	3895.139	3759.043	1.167	1.167	1.170
51	3705.936	3577.146	3859.844	3710.667	1.152	1.152	1.151
52	3717.958	3641.762	3828.926	3709.464	1.152	1.152	1.154
53	3730.692	3572.033	3958.766	3701.630	1.149	1.149	1.158
54	3728.361	3376.137	3904.689	3739.854	1.161	1.161	1.158
55	3673.061	3306.635	3927.958	3703.495	1.150	1.150	1.140
56	3645.183	3489.972	3777.215	3631.651	1.128	1.128	1.132
57	3679.788	3527.985	3901.245	3664.137	1.138	1.138	1.142
58	3746.558	3563.339	4014.170	3696.753	1.148	1.148	1.163
59	3708.682	3570.716	3890.676	3682.570	1.143	1.143	1.151
60	3659.421	3480.094	3775.857	3691.042	1.146	1.146	1.136
61	3772.961	3516.354	3949.702	3824.516	1.187	1.188	1.171
62	3699.556	3572.118	3905.590	3679.474	1.142	1.143	1.149
63	3717.901	3495.083	4155.948	3688.856	1.145	1.145	1.154
64	3698.851	3525.463	3918.055	3706.036	1.151	1.151	1.148
65	3772.993	3701.730	3852.877	3770.775	1.171	1.171	1.171
66	3724.539	3567.056	3875.297	3733.252	1.159	1.159	1.156
67	3751.265	3645.790	3833.573	3760.849	1.168	1.168	1.165
68	3796.876	3728.288	3902.561	3781.157	1.174	1.174	1.179
69	3700.884	3500.265	3948.634	3670.648	1.140	1.140	1.149
70	3757.532	3602.258	3895.057	3764.229	1.169	1.169	1.167
71	3762.131	3629.722	4089.750	3704.384	1.150	1.150	1.168
72	3718.874	3526.800	3929.922	3731.628	1.159	1.159	1.155
73	3662.659	3528.956	3786.047	3707.378	1.151	1.151	1.137
74	3699.917	3590.243	3882.461	3687.426	1.145	1.145	1.149
75	3682.513	3498.150	3845.066	3680.520	1.143	1.143	1.143
76	3647.466	3501.452	3913.825	3611.712	1.121	1.121	1.132
77	3715.555	3534.958	3867.115	3753.196	1.165	1.165	1.154
78	3675.137	3511.667	3801.458	3686.418	1.145	1.145	1.141
79	3707.075	3574.604	3816.938	3743.197	1.162	1.162	1.151
80	3692.208	3508.564	3835.702	3710.216	1.152	1.152	1.146
81	3775.723	3654.328	4070.436	3732.669	1.159	1.159	1.172
82	3735.259	3595.987	3929.716	3727.022	1.157	1.157	1.160
83	3765.299	3624.166	3958.163	3724.889	1.156	1.157	1.169
84	3781.071	3656.652	3899.796	3783.419	1.175	1.175	1.174
85	3782.987	3630.472	4002.095	3748.624	1.164	1.164	1.175
86	3753.257	3638.713	3921.368	3720.685	1.155	1.155	1.165
87	3672.633	3566.212	3876.889	3634.701	1.128	1.129	1.140
88	3726.092	3561.997	3906.213	3723.524	1.156	1.156	1.157
89	3763.156	3577.403	4102.710	3713.208	1.153	1.153	1.168
90	3688.166	3596.153	3820.862	3673.276	1.140	1.141	1.145
91	3705.120	3557.789	3895.491	3690.437	1.146	1.146	1.150
92	3688.399	3547.955	3840.239	3672.151	1.140	1.140	1.145
93	3714.260	3486.404	4237.842	3673.744	1.141	1.141	1.153
94	3749.781	3602.178	3927.402	3725.368	1.157	1.157	1.164
95	3795.183	3675.390	3991.073	3765.824	1.169	1.169	1.178
96	3750.128	3663.759	3835.641	3738.436	1.161	1.161	1.164
97	3748.995	3661.600	3829.683	3754.514	1.166	1.166	1.164
98	3680.332	3517.520	3796.251	3686.043	1.144	1.145	1.143
99	3694.487	3602.027	3838.078	3667.267	1.139	1.139	1.147
100	3698.203	3443.584	3810.805	3711.536	1.152	1.152	1.148
101	3761.202	3526.146	3926.558	3777.623	1.173	1.173	1.168
102	3699.092	3565.626	3836.141	3705.234	1.150	1.151	1.148
103	3702.378	3528.157	3878.045	3718.762	1.155	1.155	1.149
104	3719.727	3595.172	3887.807	3707.011	1.151	1.151	1.155
105	3709.903	3423.007	3907.055	3711.818	1.152	1.153	1.152
106	3618.459	3397.288	3825.323	3624.302	1.125	1.125	1.123
107	3606.112	3351.949	3824.448	3592.521	1.115	1.116	1.120
108	3594.890	3436.688	3802.156	3573.163	1.109	1.110	1.116
109	3619.001	3510.921	3763.686	3595.745	1.116	1.117	1.124
110	3656.645	3496.889	3759.183	3658.519	1.136	1.136	1.135
111	3600.502	3334.881	3820.006	3558.713	1.105	1.105	1.118
112	3641.037	3495.652	3885.669	3625.859	1.126	1.126	1.130
113	3741.198	3621.252	3892.439	3741.183	1.162	1.162	1.162
114	3824.610	3652.735	3991.081	3835.996	1.191	1.191	1.187
115	3738.942	3501.568	3933.962	3758.115	1.167	1.167	1.161
116	3733.267	3593.647	4036.542	3712.249	1.153	1.153	1.159
117	3689.084	3482.284	3964.301	3644.703	1.132	1.132	1.145
118	3664.175	3513.446	3735.477	3693.046	1.147	1.147	1.138
119	3668.569	3536.051	3851.291	3651.236	1.134	1.134	1.139
120	3700.086	3579.367	3858.572	3695.613	1.147	1.148	1.149
121	3706.252	3392.741	3850.367	3744.344	1.163	1.163	1.151
122	3660.988	3472.898	3787.578	3710.172	1.152	1.152	1.137
123	3632.545	3509.483	3747.020	3624.959	1.125	1.126	1.128
124	3687.415	3555.587	3831.151	3676.458	1.141	1.142	1.145
125	3580.213	3449.023	3771.360	3575.433	1.110	1.110	1.112
126	3605.158	3436.085	3754.554	3639.905	1.130	1.130	1.119
127	3714.650	3614.457	3829.312	3733.104	1.159	1.159	1.153
128	3714.947	3603.691	3822.360	3702.077	1.149	1.150	1.153
129	3696.182	3469.880	3856.217	3706.874	1.151	1.151	1.148
130	3732.274	3545.335	3949.888	3687.862	1.145	1.145	1.159
131	3606.485	3524.852	3708.307	3619.259	1.124	1.124	1.120
132	3644.685	3520.870	3817.703	3641.689	1.131	1.131	1.132
133	3677.374	3524.942	3834.986	3684.065	1.144	1.144	1.142
134	3617.763	3432.098	3741.645	3648.347	1.133	1.133	1.123
135	3601.607	3501.657	3874.296	3570.607	1.109	1.109	1.118
136	3648.819	3493.693	3904.980	3652.335	1.134	1.134	1.133
137	3617.899	3442.043	3824.432	3596.455	1.117	1.117	1.123
138	3640.129	3527.060	3798.966	3637.824	1.129	1.130	1.130
139	3700.281	3586.050	3869.635	3661.087	1.137	1.137	1.149
140	3642.677	3532.508	3758.264	3652.144	1.134	1.134	1.131
141	3640.038	3434.702	3803.089	3678.562	1.142	1.142	1.130
142	3741.168	3612.732	3908.495	3731.358	1.158	1.159	1.162
143	3741.678	3607.116	3952.791	3741.774	1.162	1.162	1.162
144	3667.770	3509.054	3893.421	3662.023	1.137	1.137	1.139
145	3637.248	3453.840	3911.861	3609.724	1.121	1.121	1.129
146	3616.223	3459.917	3736.495	3628.962	1.127	1.127	1.123
147	3581.791	3379.585	3787.237	3572.712	1.109	1.109	1.112
148	3595.348	3466.572	3740.827	3608.977	1.120	1.121	1.116
149	3616.386	3433.792	3760.214	3628.146	1.126	1.127	1.123
150	3636.476	3472.760	3838.844	3643.648	1.131	1.131	1.129
151	3619.887	3400.165	3829.217	3590.712	1.115	1.115	1.124
152	3638.777	3490.528	3731.635	3644.802	1.132	1.132	1.130
153	3630.510	3440.614	3790.646	3643.908	1.131	1.131	1.127
154	3649.836	3493.466	3794.895	3652.216	1.134	1.134	1.133
155	3599.599	3510.965	3772.788	3557.435	1.104	1.105	1.118
156	3601.203	3468.887	3702.857	3609.174	1.121	1.121	1.118
157	3650.050	3483.810	3805.144	3647.418	1.132	1.133	1.133
158	3629.722	3415.362	3847.020	3598.544	1.117	1.117	1.127
159	3593.699	3434.109	3709.590	3639.795	1.130	1.130	1.116
160	3651.149	3512.159	3777.934	3650.335	1.133	1.133	1.134
161	3559.584	3403.295	3636.619	3570.211	1.108	1.109	1.105
162	3613.275	3449.616	3670.082	3637.249	1.129	1.129	1.122
163	3632.529	3482.786	3795.145	3642.930	1.131	1.131	1.128
164	3650.025	3475.814	3949.870	3621.620	1.124	1.125	1.133
165	3618.630	3403.534	3981.917	3579.709	1.111	1.112	1.123
166	3716.167	3497.791	3908.873	3703.206	1.150	1.150	1.154
167	3653.782	3507.806	3920.278	3611.579	1.121	1.121	1.134
168	3620.640	3503.015	3678.828	3642.586	1.131	1.131	1.124
169	3615.395	3499.206	3674.985	3614.657	1.122	1.122	1.122
170	3645.488	3451.162	3816.819	3636.504	1.129	1.129	1.132
171	3676.786	3498.921	3964.102	3643.554	1.131	1.131	1.142
172	3636.055	3480.997	3841.683	3649.913	1.133	1.133	1.129
173	3660.476	3415.647	3837.018	3722.510	1.156	1.156	1.136
174	3690.462	3530.665	3829.724	3674.922	1.141	1.141	1.146
175	3678.777	3441.543	3840.754	3681.496	1.143	1.143	1.142
176	3639.955	3459.722	3844.212	3632.128	1.128	1.128	1.130
177	3626.033	3424.848	3874.706	3618.820	1.124	1.124	1.126
178	3696.865	3477.808	3868.697	3693.754	1.147	1.147	1.148
179	3722.243	3543.142	3860.474	3723.255	1.156	1.156	1.156
180	3683.165	3501.732	3843.162	3665.020	1.138	1.138	1.144
181	3693.219	3605.425	3865.994	3674.552	1.141	1.141	1.147
182	3684.010	3547.099	3866.772	3671.404	1.140	1.140	1.144
183	3705.716	3575.555	4022.093	3687.195	1.145	1.145	1.151
184	3671.486	3463.593	3959.735	3673.719	1.141	1.141	1.140
185	3617.749	3503.933	3744.214	3611.045	1.121	1.121	1.123
186	3688.444	3535.560	3853.062	3701.113	1.149	1.149	1.145
187	3641.720	3443.918	3774.807	3672.998	1.140	1.141	1.131
188	3646.029	3484.543	3926.199	3635.037	1.129	1.129	1.132
189	3613.238	3430.107	3752.406	3644.555	1.132	1.132	1.122
190	3602.981	3441.301	3702.729	3607.367	1.120	1.120	1.119
191	3620.022	3434.855	3968.182	3598.316	1.117	1.117	1.124
192	3617.263	3505.985	3756.954	3605.814	1.120	1.120	1.123
193	3552.045	3519.901	3624.176	3545.873	1.101	1.101	1.103
194	3585.367	3491.252	3641.601	3602.937	1.119	1.119	1.113
195	3674.444	3566.054	3755.933	3681.276	1.143	1.143	1.141
196	3657.956	3441.386	3892.908	3637.826	1.129	1.130	1.136
197	3600.013	3473.131	3761.251	3604.380	1.119	1.119	1.118
198	3559.578	3423.955	3742.066	3570.646	1.109	1.109	1.105
199	3698.606	3446.091	4053.445	3671.486	1.140	1.140	1.148
200	3643.116	3510.321	3716.754	3653.283	1.134	1.134	1.131
201	3572.121	3451.064	3698.157	3592.074	1.115	1.115	1.109
202	3609.144	3428.809	3905.242	3596.737	1.117	1.117	1.121
203	3624.591	3378.670	3888.452	3624.295	1.125	1.125	1.125
204	3625.006	3467.161	3848.567	3621.755	1.124	1.125	1.125
205	3652.932	3525.897	3823.449	3624.650	1.125	1.125	1.134
206	3595.928	3485.212	3712.336	3579.579	1.111	1.111	1.116
207	3537.441	3440.270	3747.539	3525.877	1.095	1.095	1.098
208	3573.485	3366.434	3752.769	3567.912	1.108	1.108	1.109
209	3604.019	3401.345	3790.889	3617.223	1.123	1.123	1.119
210	3621.050	3548.994	3769.798	3601.397	1.118	1.118	1.124
211	3598.303	3515.901	3676.181	3608.084	1.120	1.120	1.117
212	3543.828	3367.841	3695.531	3576.516	1.110	1.111	1.100
213	3539.057	3439.185	3737.567	3538.570	1.099	1.099	1.099
214	3631.664	3442.777	3820.236	3620.484	1.124	1.124	1.128
215	3638.785	3545.341	3759.503	3624.496	1.125	1.125	1.130
216	3584.771	3503.231	3775.532	3568.084	1.108	1.108	1.113
217	3596.767	3355.646	3720.839	3607.584	1.120	1.120	1.117
218	3559.773	3398.980	3694.846	3562.029	1.106	1.106	1.105
219	3615.688	3455.948	3819.706	3603.891	1.119	1.119	1.123
220	3592.485	3450.328	3779.560	3586.488	1.114	1.114	1.115
221	3653.373	3371.021	3828.271	3665.146	1.138	1.138	1.134
222	3667.826	3495.681	3782.336	3708.650	1.151	1.152	1.139
223	3582.449	3485.433	3665.496	3573.141	1.109	1.109	1.112
224	3602.148	3417.901	3747.492	3618.097	1.123	1.123	1.118
225	3642.839	3408.664	3836.444	3645.496	1.132	1.132	1.131
226	3630.384	3501.631	3840.793	3566.792	1.107	1.108	1.127
227	3597.542	3407.306	3834.278	3600.231	1.118	1.118	1.117
228	3611.550	3442.162	3759.768	3611.361	1.121	1.121	1.121
229	3583.764	3482.779	3716.324	3591.193	1.115	1.115	1.113
230	3594.378	3423.623	3793.676	3596.817	1.117	1.117	1.116
231	3608.968	3398.780	3779.256	3603.654	1.119	1.119	1.120
232	3672.626	3433.721	3939.018	3660.273	1.136	1.137	1.140
233	3626.302	3397.240	3908.177	3611.404	1.121	1.121	1.126
234	3608.248	3458.829	3738.024	3618.524	1.123	1.124	1.120
235	3653.394	3571.751	3812.791	3636.663	1.129	1.129	1.134
236	3649.102	3516.707	3837.309	3621.518	1.124	1.125	1.133
237	3625.652	3407.216	3936.739	3559.453	1.105	1.105	1.126
238	3543.562	3392.368	3649.045	3523.711	1.094	1.094	1.100
239	3501.666	3315.280	3639.488	3515.285	1.091	1.092	1.087
240	3588.843	3448.742	3730.168	3583.936	1.113	1.113	1.114
241	3580.901	3492.163	3666.589	3577.090	1.111	1.111	1.112
242	3573.608	3394.465	3704.012	3576.388	1.110	1.111	1.110
243	3652.908	3309.977	4017.857	3677.503	1.142	1.142	1.134
244	3612.740	3477.890	3722.912	3613.032	1.122	1.122	1.122
245	3580.446	3471.177	3802.438	3563.963	1.107	1.107	1.112
246	3543.717	3382.392	3710.125	3550.098	1.102	1.102	1.100
247	3572.934	3496.560	3652.847	3584.267	1.113	1.113	1.109
248	3566.130	3431.711	3718.307	3557.527	1.105	1.105	1.107
249	3614.730	3516.796	3725.023	3616.090	1.123	1.123	1.122
250	3559.506	3394.963	3669.613	3583.628	1.113	1.113	1.105
251	3616.250	3528.630	3743.405	3620.206	1.124	1.124	1.123
252	3629.285	3496.080	3759.515	3616.410	1.123	1.123	1.127
253	3581.651	3485.097	3688.573	3593.332	1.116	1.116	1.112
254	3559.267	3425.481	3747.237	3528.854	1.096	1.096	1.105
255	3611.327	3470.900	3743.769	3610.016	1.121	1.121	1.121
256	3592.323	3535.531	3679.237	3588.190	1.114	1.114	1.115
257	3621.260	3505.791	3723.894	3612.182	1.121	1.122	1.124
258	3571.185	3390.147	3769.079	3532.682	1.097	1.097	1.109
259	3507.034	3351.166	3646.801	3485.128	1.082	1.082	1.089
260	3591.489	3403.998	3730.959	3592.418	1.115	1.115	1.115
261	3578.351	3500.259	3789.048	3562.712	1.106	1.106	1.111
262	3513.881	3301.448	3666.581	3526.019	1.095	1.095	1.091
263	3474.670	3316.410	3650.742	3440.619	1.068	1.068	1.079
264	3515.490	3344.391	3700.829	3501.363	1.087	1.087	1.091
265	3584.235	3428.850	3723.711	3591.854	1.115	1.115	1.113
266	3569.259	3490.047	3604.284	3577.423	1.111	1.111	1.108
267	3520.499	3334.651	3647.622	3544.461	1.100	1.101	1.093
268	3542.421	3330.177	3664.661	3554.116	1.103	1.104	1.100
269	3538.148	3383.036	3745.952	3534.200	1.097	1.097	1.098
270	3613.495	3371.361	3806.036	3631.408	1.127	1.128	1.122
271	3624.715	3498.789	3809.866	3584.861	1.113	1.113	1.125
272	3568.444	3412.418	3691.575	3590.444	1.115	1.115	1.108
273	3581.282	3428.182	3741.603	3592.093	1.115	1.115	1.112
274	3584.677	3415.563	3774.274	3575.312	1.110	1.110	1.113
275	3539.207	3422.120	3704.056	3502.131	1.087	1.087	1.099
276	3529.693	3376.364	3626.367	3544.504	1.100	1.101	1.096
277	3540.454	3454.849	3737.530	3521.635	1.093	1.094	1.099
278	3570.055	3452.642	3859.581	3551.764	1.103	1.103	1.108
279	3551.871	3403.381	3685.031	3559.083	1.105	1.105	1.103
280	3644.216	3422.307	3919.714	3638.776	1.130	1.130	1.131
281	3597.884	3424.090	3708.317	3593.033	1.116	1.116	1.117
282	3510.375	3337.110	3797.363	3476.834	1.079	1.080	1.090
283	3517.530	3334.697	3716.531	3513.965	1.091	1.091	1.092
284	3513.784	3314.720	3647.490	3523.049	1.094	1.094	1.091
285	3570.583	3483.688	3647.609	3577.220	1.111	1.111	1.109
286	3612.998	3486.792	3706.946	3618.143	1.123	1.123	1.122
287	3582.483	3375.842	3944.266	3573.079	1.109	1.109	1.112
288	3485.704	3321.201	3616.509	3470.611	1.078	1.078	1.082
289	3493.223	3313.491	3744.153	3503.313	1.088	1.088	1.085
290	3528.121	3399.924	3771.431	3511.571	1.090	1.090	1.095
291	3567.560	3488.169	3691.456	3563.607	1.106	1.107	1.108
292	3515.297	3425.782	3645.350	3499.037	1.086	1.086	1.091
293	3463.771	3389.718	3538.066	3457.363	1.073	1.074	1.075
294	3479.775	3380.458	3590.427	3486.479	1.082	1.083	1.080
295	3513.485	3418.263	3611.959	3506.124	1.089	1.089	1.091
296	3524.578	3421.909	3790.133	3486.500	1.082	1.083	1.094
297	3512.864	3394.056	3698.573	3493.700	1.085	1.085	1.091
298	3491.955	3394.200	3607.070	3497.483	1.086	1.086	1.084
299	3563.680	3382.234	3627.894	3580.761	1.112	1.112	1.106
300	3511.961	3342.301	3616.421	3522.824	1.094	1.094	1.090
301	3499.261	3350.399	3721.411	3492.899	1.084	1.085	1.086
302	3559.278	3365.596	3795.086	3587.485	1.114	1.114	1.105
303	3544.653	3416.901	3705.870	3537.483	1.098	1.098	1.101
304	3507.626	3336.279	3598.566	3549.059	1.102	1.102	1.089
305	3522.709	3355.999	3690.681	3530.739	1.096	1.096	1.094
306	3462.310	3312.366	3668.388	3417.237	1.061	1.061	1.075
307	3500.972	3404.580	3686.102	3487.609	1.083	1.083	1.087
308	3504.908	3348.459	3627.207	3499.284	1.086	1.087	1.088
309	3534.495	3366.292	3788.077	3524.230	1.094	1.094	1.097
310	3516.327	3405.168	3671.512	3512.206	1.090	1.091	1.092
311	3460.661	3332.996	3575.230	3444.698	1.069	1.070	1.074
312	3447.510	3320.569	3612.641	3409.229	1.058	1.059	1.070
313	3460.389	3354.827	3548.808	3480.579	1.081	1.081	1.074
314	3503.790	3427.293	3698.537	3453.425	1.072	1.072	1.088
315	3522.847	3369.483	3660.930	3487.730	1.083	1.083	1.094
316	3515.899	3389.427	3627.728	3491.058	1.084	1.084	1.092
317	3479.324	3399.576	3565.789	3481.871	1.081	1.081	1.080
318	3468.031	3383.126	3551.542	3455.269	1.073	1.073	1.077
319	3503.378	3393.541	3634.614	3496.362	1.086	1.086	1.088
320	3484.809	3359.914	3641.277	3472.576	1.078	1.078	1.082
321	3474.772	3355.505	3689.643	3455.330	1.073	1.073	1.079
322	3453.156	3369.344	3569.644	3449.452	1.071	1.071	1.072
323	3434.606	3346.771	3589.904	3432.375	1.066	1.066	1.066
324	3455.982	3339.415	3646.618	3414.248	1.060	1.060	1.073
325	3475.133	3363.181	3725.266	3436.469	1.067	1.067	1.079
326	3465.957	3367.849	3533.412	3478.270	1.080	1.080	1.076
327	3451.250	3235.662	3615.216	3467.569	1.077	1.077	1.072
328	3458.205	3276.248	3654.241	3433.897	1.066	1.066	1.074
329	3467.716	3309.649	3636.053	3443.726	1.069	1.069	1.077
330	3500.730	3412.501	3683.913	3465.954	1.076	1.076	1.087
331	3477.728	3237.674	3692.753	3484.794	1.082	1.082	1.080
332	3468.215	3307.078	3731.077	3446.453	1.070	1.070	1.077
333	3495.723	3349.476	3719.722	3488.820	1.083	1.083	1.085
334	3484.511	3365.036	3667.278	3466.381	1.076	1.076	1.082
335	3513.959	3361.732	3644.465	3500.735	1.087	1.087	1.091
336	3564.350	3465.850	3716.753	3569.802	1.108	1.108	1.107
337	3521.587	3402.609	3639.061	3538.428	1.099	1.099	1.093
338	3569.940	3376.994	3795.556	3585.333	1.113	1.113	1.108
339	3562.829	3340.571	3739.966	3585.892	1.113	1.113	1.106
340	3511.688	3396.160	3693.302	3512.048	1.090	1.091	1.090
341	3463.410	3298.780	3603.104	3463.460	1.075	1.075	1.075
342	3526.241	3396.956	3698.020	3492.241	1.084	1.084	1.095
343	3532.822	3401.608	3613.937	3530.538	1.096	1.096	1.097
344	3513.887	3347.411	3745.916	3488.689	1.083	1.083	1.091
345	3531.035	3329.325	3672.746	3588.479	1.114	1.114	1.096
346	3544.718	3316.776	3746.886	3535.076	1.098	1.098	1.101
347	3522.491	3305.302	3718.208	3530.023	1.096	1.096	1.094
348	3552.226	3396.877	3698.073	3568.656	1.108	1.108	1.103
349	3557.952	3439.227	3684.049	3528.151	1.095	1.096	1.105
350	3557.757	3402.422	3717.354	3581.854	1.112	1.112	1.105
351	3526.498	3347.874	3709.290	3525.215	1.094	1.095	1.095
352	3538.062	3337.758	3652.452	3577.621	1.111	1.111	1.098
353	3511.841	3352.302	3625.086	3512.041	1.090	1.091	1.090
354	3506.552	3181.020	3676.355	3534.016	1.097	1.097	1.089
355	3619.226	3457.795	3788.233	3620.070	1.124	1.124	1.124
356	3533.551	3426.290	3670.753	3514.990	1.091	1.091	1.097
357	3492.910	3411.200	3613.010	3474.467	1.079	1.079	1.084
358	3555.678	3460.483	3862.431	3500.102	1.087	1.087	1.104
359	3595.503	3447.437	3735.881	3593.723	1.116	1.116	1.116
360	3538.035	3389.832	3688.411	3530.915	1.096	1.096	1.098
361	3576.946	3419.642	3846.419	3532.002	1.097	1.097	1.111
362	3541.204	3377.719	3676.690	3551.237	1.103	1.103	1.099
363	3562.777	3353.984	3760.665	3568.490	1.108	1.108	1.106
364	3502.909	3252.483	3611.118	3537.249	1.098	1.098	1.088
365	3549.408	3416.222	3638.199	3538.375	1.099	1.099	1.102
366	3542.718	3325.783	3639.710	3579.831	1.111	1.112	1.100
367	3571.659	3341.376	3785.160	3549.514	1.102	1.102	1.109
368	3621.756	3439.117	3816.507	3621.620	1.124	1.125	1.124
369	3554.545	3312.523	3704.750	3563.095	1.106	1.106	1.104
370	3513.020	3370.760	3691.077	3498.753	1.086	1.086	1.091
371	3534.403	3437.404	3654.087	3539.607	1.099	1.099	1.097
372	3530.718	3442.454	3722.662	3492.579	1.084	1.084	1.096
373	3613.000	3477.261	3779.667	3601.830	1.118	1.118	1.122
374	3612.925	3424.351	3832.025	3630.527	1.127	1.127	1.122
375	3559.539	3296.841	3896.413	3532.434	1.097	1.097	1.105
376	3566.278	3383.294	3807.792	3538.780	1.099	1.099	1.107
377	3538.757	3417.758	3591.880	3551.016	1.102	1.103	1.099
378	3570.324	3433.921	3732.269	3566.973	1.107	1.108	1.108
379	3524.306	3424.389	3802.736	3492.399	1.084	1.084	1.094
380	3537.903	3347.174	3710.288	3512.161	1.090	1.091	1.098
381	3573.126	3261.089	3923.224	3559.504	1.105	1.105	1.109
382	3489.493	3373.805	3684.460	3456.229	1.073	1.073	1.083
383	3488.338	3261.716	3644.671	3473.655	1.078	1.079	1.083
384	3501.079	3367.414	3710.456	3483.912	1.082	1.082	1.087
385	3622.170	3405.814	3863.021	3598.194	1.117	1.117	1.125
386	3641.049	3522.408	3808.378	3652.641	1.134	1.134	1.130
387	3613.555	3460.282	3793.827	3635.214	1.129	1.129	1.122
388	3609.720	3387.893	3838.481	3560.626	1.105	1.106	1.121
389	3556.814	3399.978	3771.158	3535.214	1.098	1.098	1.104
390	3556.154	3402.143	3699.693	3550.194	1.102	1.102	1.104
391	3580.274	3395.360	3821.197	3568.590	1.108	1.108	1.112
392	3573.912	3406.288	3687.568	3560.494	1.105	1.106	1.110
393	3564.298	3446.948	3679.092	3556.989	1.104	1.104	1.107
394	3546.957	3437.660	3679.647	3514.998	1.091	1.091	1.101
395	3630.445	3487.131	3752.664	3632.159	1.128	1.128	1.127
396	3613.640	3479.418	3781.232	3568.001	1.108	1.108	1.122
397	3665.190	3515.088	3824.991	3663.003	1.137	1.137	1.138
398	3593.480	3487.588	3751.838	3557.266	1.104	1.105	1.116
399	3537.779	3401.381	3614.323	3551.082	1.103	1.103	1.098
400	3552.085	3380.490	3819.138	3512.954	1.091	1.091	1.103
401	3597.783	3484.228	3708.189	3607.187	1.120	1.120	1.117
402	3551.328	3346.601	3697.552	3545.262	1.101	1.101	1.103
403	3543.150	3323.503	3659.064	3586.729	1.114	1.114	1.100
404	3558.516	3276.112	3806.251	3543.079	1.100	1.100	1.105
405	3574.975	3382.859	3787.389	3575.680	1.110	1.110	1.110
406	3554.595	3410.520	3736.143	3537.282	1.098	1.098	1.104
407	3595.450	3369.880	3786.617	3586.447	1.113	1.114	1.116
408	3607.319	3461.620	3776.149	3595.406	1.116	1.116	1.120
409	3505.370	3274.779	3762.559	3519.980	1.093	1.093	1.088
410	3526.954	3381.223	3766.923	3499.444	1.086	1.087	1.095
411	3550.218	3439.460	3809.777	3492.455	1.084	1.084	1.102
412	3614.894	3420.673	3771.346	3681.853	1.143	1.143	1.122
413	3635.749	3465.055	3751.194	3633.310	1.128	1.128	1.129
414	3557.021	3448.145	3649.498	3551.061	1.103	1.103	1.104
415	3532.815	3461.375	3634.195	3513.203	1.091	1.091	1.097
416	3482.682	3345.852	3591.402	3499.390	1.086	1.087	1.081
417	3562.574	3417.134	3780.598	3589.922	1.115	1.115	1.106
418	3608.127	3525.600	3712.027	3597.832	1.117	1.117	1.120
419	3584.211	3466.416	3738.230	3577.210	1.111	1.111	1.113
420	3551.393	3411.743	3684.899	3562.387	1.106	1.106	1.103
421	3569.707	3475.615	3651.541	3564.684	1.107	1.107	1.108
422	3569.708	3370.532	3782.353	3576.468	1.110	1.111	1.108
423	3562.070	3427.243	3762.483	3536.754	1.098	1.098	1.106
424	3521.140	3393.913	3700.556	3513.644	1.091	1.091	1.093
425	3488.759	3386.590	3592.760	3484.966	1.082	1.082	1.083
426	3543.039	3375.716	3706.231	3549.083	1.102	1.102	1.100
427	3543.749	3453.489	3657.849	3518.706	1.092	1.093	1.100
428	3550.225	3447.302	3639.767	3566.370	1.107	1.107	1.102
429	3586.698	3458.733	3712.637	3592.088	1.115	1.115	1.114
430	3563.223	3422.806	3744.603	3552.770	1.103	1.103	1.106
431	3598.493	3491.449	3739.504	3600.017	1.118	1.118	1.117
432	3585.741	3407.354	3705.421	3593.161	1.116	1.116	1.113
433	3624.949	3516.503	3883.434	3592.673	1.115	1.116	1.125
434	3644.939	3522.356	3797.764	3617.587	1.123	1.123	1.132
435	3616.796	3417.628	3831.215	3568.762	1.108	1.108	1.123
436	3603.724	3393.047	3960.812	3544.075	1.100	1.100	1.119
437	3540.501	3359.099	3686.572	3560.989	1.106	1.106	1.099
438	3523.119	3261.754	3654.101	3570.920	1.109	1.109	1.094
439	3524.489	3354.102	3791.875	3505.358	1.088	1.088	1.094
440	3524.172	3391.879	3706.519	3501.997	1.087	1.087	1.094
441	3528.393	3404.096	3738.467	3499.357	1.086	1.087	1.095
442	3616.561	3463.581	3767.391	3625.887	1.126	1.126	1.123
443	3613.281	3430.865	3934.769	3570.174	1.108	1.109	1.122
444	3568.794	3354.710	3790.566	3589.098	1.114	1.114	1.108
445	3544.697	3333.374	3734.521	3568.634	1.108	1.108	1.101
446	3629.009	3481.302	3907.038	3607.248	1.120	1.120	1.127
447	3630.486	3410.086	3847.252	3650.233	1.133	1.133	1.127
448	3604.342	3370.240	3870.043	3540.308	1.099	1.099	1.119
449	3632.891	3411.857	3971.445	3633.042	1.128	1.128	1.128
450	3603.659	3354.418	3876.793	3562.370	1.106	1.106	1.119
451	3567.282	3318.227	3941.886	3565.341	1.107	1.107	1.108
452	3561.315	3292.823	3890.790	3523.848	1.094	1.094	1.106
453	3515.095	3332.085	3817.843	3491.663	1.084	1.084	1.091
454	3520.999	3376.466	3701.209	3515.349	1.091	1.092	1.093
455	3518.377	3364.089	3726.539	3491.746	1.084	1.084	1.092
456	3485.701	3335.864	3656.853	3484.140	1.082	1.082	1.082
457	3512.246	3413.571	3634.371	3523.561	1.094	1.094	1.090
458	3639.699	3474.476	3843.072	3614.280	1.122	1.122	1.130
459	3561.197	3315.419	3792.987	3573.162	1.109	1.110	1.106
460	3505.630	3317.454	3827.854	3499.552	1.087	1.087	1.088
461	3498.818	3430.479	3582.200	3493.628	1.085	1.085	1.086
462	3505.673	3432.602	3605.885	3495.598	1.085	1.085	1.088
463	3511.828	3414.987	3645.304	3496.127	1.085	1.086	1.090
464	3519.981	3280.687	3740.906	3529.597	1.096	1.096	1.093
465	3511.044	3373.129	3717.377	3483.552	1.082	1.082	1.090
466	3530.084	3411.938	3650.546	3529.506	1.096	1.096	1.096
467	3562.757	3444.889	3737.337	3547.758	1.101	1.102	1.106
468	3541.010	3315.678	3686.942	3561.625	1.106	1.106	1.099
469	3537.274	3351.721	3973.615	3479.383	1.080	1.080	1.098
470	3511.961	3433.530	3632.238	3510.870	1.090	1.090	1.090
471	3510.127	3381.718	3675.388	3482.827	1.081	1.081	1.090
472	3513.205	3364.043	3673.397	3500.447	1.087	1.087	1.091
473	3594.861	3516.467	3725.259	3581.293	1.112	1.112	1.116
474	3554.981	3284.321	3778.002	3524.354	1.094	1.094	1.104
475	3488.335	3386.617	3590.534	3468.088	1.077	1.077	1.083
476	3591.703	3377.030	3868.125	3576.610	1.110	1.111	1.115
477	3601.601	3505.895	3754.212	3591.657	1.115	1.115	1.118
478	3629.796	3428.922	3763.820	3640.506	1.130	1.130	1.127
479	3570.647	3438.584	3792.403	3534.453	1.097	1.097	1.109
480	3513.033	3385.743	3632.849	3511.822	1.090	1.090	1.091
481	3542.735	3430.719	3682.206	3538.044	1.098	1.099	1.100
482	3539.918	3431.248	3670.027	3530.932	1.096	1.096	1.099
483	3576.231	3467.415	3691.238	3555.589	1.104	1.104	1.110
484	3560.432	3328.895	3717.119	3550.602	1.102	1.103	1.105
485	3595.152	3480.455	3831.285	3569.268	1.108	1.108	1.116
486	3567.089	3397.430	3808.311	3590.280	1.115	1.115	1.107
487	3570.413	3425.332	3805.752	3548.006	1.102	1.102	1.109
488	3590.655	3383.510	3742.838	3586.273	1.113	1.114	1.115
489	3609.785	3503.738	3736.266	3585.841	1.113	1.113	1.121
490	3564.424	3386.020	3773.006	3586.970	1.114	1.114	1.107
491	3585.598	3425.012	3775.945	3588.850	1.114	1.114	1.113
492	3579.484	3506.925	3706.088	3570.845	1.109	1.109	1.111
493	3596.182	3361.317	3740.648	3613.436	1.122	1.122	1.117
494	3523.730	3346.551	3645.500	3536.058	1.098	1.098	1.094
495	3571.901	3439.002	3745.200	3539.922	1.099	1.099	1.109
496	3605.668	3543.802	3687.271	3591.075	1.115	1.115	1.119
497	3593.352	3490.378	3826.528	3552.807	1.103	1.103	1.116
498	3578.249	3443.790	3724.280	3584.674	1.113	1.113	1.111
499	3608.915	3482.937	3753.644	3608.312	1.120	1.120	1.120
500	3545.120	3440.938	3657.213	3536.587	1.098	1.098	1.101
501	3589.169	3398.287	3783.433	3575.211	1.110	1.110	1.114
502	3596.428	3380.505	3783.800	3604.728	1.119	1.119	1.117
503	3589.145	3509.726	3772.484	3564.486	1.107	1.107	1.114
504	3553.264	3314.864	3667.630	3575.349	1.110	1.110	1.103
505	3575.575	3460.127	3725.143	3546.492	1.101	1.101	1.110
506	3581.502	3443.330	3762.967	3571.458	1.109	1.109	1.112
507	3514.109	3370.004	3732.270	3487.776	1.083	1.083	1.091
508	3554.084	3416.135	3702.834	3559.405	1.105	1.105	1.103
509	3583.251	3463.512	3708.353	3574.590	1.110	1.110	1.113
510	3540.697	3328.510	3673.678	3546.384	1.101	1.101	1.099
511	3573.042	3467.709	3688.217	3560.337	1.105	1.106	1.109
512	3553.969	3390.708	3697.459	3555.993	1.104	1.104	1.103
513	3555.202	3299.840	3875.908	3547.616	1.101	1.102	1.104
514	3564.188	3424.094	3687.850	3558.816	1.105	1.105	1.107
515	3590.530	3469.542	3677.703	3606.864	1.120	1.120	1.115
516	3665.004	3458.258	4013.772	3677.574	1.142	1.142	1.138
517	3645.391	3431.100	3803.267	3640.244	1.130	1.130	1.132
518	3648.582	3455.448	3984.602	3624.677	1.125	1.126	1.133
519	3570.387	3345.401	3694.158	3598.504	1.117	1.117	1.109
520	3624.404	3498.868	3835.542	3574.107	1.110	1.110	1.125
521	3577.440	3433.277	3727.159	3558.928	1.105	1.105	1.111
522	3511.540	3362.953	3668.596	3523.841	1.094	1.094	1.090
523	3622.068	3416.338	3869.491	3646.039	1.132	1.132	1.125
524	3602.970	3460.881	3795.658	3622.146	1.125	1.125	1.119
525	3638.618	3507.233	3747.273	3637.538	1.129	1.129	1.130
526	3693.467	3478.063	4127.014	3647.269	1.132	1.133	1.147
527	3587.307	3362.539	3791.828	3597.146	1.117	1.117	1.114
528	3591.580	3409.648	3773.912	3601.789	1.118	1.118	1.115
529	3667.551	3516.903	3799.117	3682.163	1.143	1.143	1.139
530	3646.189	3487.375	3813.478	3662.017	1.137	1.137	1.132
531	3687.189	3460.496	3895.032	3638.752	1.130	1.130	1.145
532	3652.099	3530.655	3790.162	3633.843	1.128	1.128	1.134
533	3623.420	3373.256	3810.141	3634.513	1.128	1.129	1.125
534	3610.008	3373.847	3827.276	3638.965	1.130	1.130	1.121
535	3611.274	3491.923	3729.443	3634.773	1.128	1.129	1.121
536	3620.262	3460.115	3884.906	3578.833	1.111	1.111	1.124
537	3635.136	3509.484	3807.813	3617.259	1.123	1.123	1.129
538	3644.532	3471.724	3864.359	3657.542	1.136	1.136	1.132
539	3644.000	3372.990	3764.908	3659.372	1.136	1.136	1.131
540	3534.596	3302.537	3630.838	3568.921	1.108	1.108	1.097
541	3595.840	3381.725	3816.491	3578.788	1.111	1.111	1.116
542	3612.365	3514.494	3717.182	3597.946	1.117	1.117	1.122
543	3662.281	3394.573	3838.192	3690.363	1.146	1.146	1.137
544	3624.309	3427.765	3881.145	3569.515	1.108	1.108	1.125
545	3627.781	3491.430	3898.856	3622.179	1.125	1.125	1.126
546	3630.124	3468.596	3915.917	3623.644	1.125	1.125	1.127
547	3662.170	3535.147	3862.018	3645.246	1.132	1.132	1.137
548	3652.705	3501.243	3746.058	3664.736	1.138	1.138	1.134
549	3655.546	3383.185	3863.428	3650.764	1.133	1.134	1.135
550	3611.603	3408.388	3859.867	3629.551	1.127	1.127	1.121
551	3593.810	3393.955	3827.004	3584.965	1.113	1.113	1.116
552	3624.344	3510.350	3685.068	3639.527	1.130	1.130	1.125
553	3652.293	3496.389	3752.569	3678.771	1.142	1.142	1.134
554	3662.884	3490.313	3852.359	3670.940	1.140	1.140	1.137
555	3568.624	3365.710	3735.010	3581.277	1.112	1.112	1.108
556	3586.078	3468.692	3727.907	3590.464	1.115	1.115	1.113
557	3560.215	3380.305	3684.905	3567.148	1.108	1.108	1.105
558	3544.648	3291.326	3707.204	3556.334	1.104	1.104	1.101
559	3569.929	3375.558	3779.105	3556.730	1.104	1.104	1.108
560	3583.013	3364.490	3750.764	3598.459	1.117	1.117	1.112
561	3598.282	3462.625	3767.699	3578.975	1.111	1.111	1.117
562	3591.020	3408.580	3785.965	3580.614	1.112	1.112	1.115
563	3513.103	3425.125	3605.162	3511.600	1.090	1.090	1.091
564	3589.524	3484.144	3698.445	3582.068	1.112	1.112	1.114
565	3587.321	3458.244	3669.295	3592.377	1.115	1.115	1.114
566	3587.333	3428.067	3820.193	3592.351	1.115	1.115	1.114
567	3558.745	3463.754	3674.547	3541.464	1.100	1.100	1.105
568	3649.676	3551.576	3774.537	3645.632	1.132	1.132	1.133
569	3631.886	3524.739	3798.900	3645.423	1.132	1.132	1.128
570	3660.836	3548.700	3792.438	3654.669	1.135	1.135	1.137
571	3697.434	3587.909	3803.115	3697.491	1.148	1.148	1.148
572	3628.493	3425.295	3787.178	3620.357	1.124	1.124	1.127
573	3621.122	3355.705	3811.443	3635.547	1.129	1.129	1.124
574	3594.896	3447.902	3810.372	3581.436	1.112	1.112	1.116
575	3589.420	3460.076	3761.016	3555.461	1.104	1.104	1.114
576	3584.623	3452.235	3762.578	3581.380	1.112	1.112	1.113
577	3608.636	3452.133	3855.126	3580.415	1.112	1.112	1.120
578	3649.670	3472.931	3927.426	3651.835	1.134	1.134	1.133
579	3661.080	3483.870	3833.514	3665.304	1.138	1.138	1.137
580	3619.165	3437.479	3767.093	3628.868	1.127	1.127	1.124
581	3575.365	3484.577	3668.211	3570.734	1.109	1.109	1.110
582	3575.195	3383.156	3728.073	3557.826	1.105	1.105	1.110
583	3611.102	3479.133	3791.507	3606.987	1.120	1.120	1.121
584	3630.484	3468.690	3818.248	3622.556	1.125	1.125	1.127
585	3645.510	3461.448	3836.636	3623.390	1.125	1.125	1.132
586	3622.126	3502.109	3733.481	3633.477	1.128	1.128	1.125
587	3567.620	3430.812	3691.406	3568.425	1.108	1.108	1.108
588	3634.661	3467.194	3855.696	3608.315	1.120	1.120	1.128
589	3613.479	3505.199	3746.386	3628.867	1.127	1.127	1.122
590	3597.208	3443.986	3692.284	3614.528	1.122	1.122	1.117
591	3572.047	3410.147	3729.940	3568.760	1.108	1.108	1.109
592	3591.703	3414.247	3694.366	3594.807	1.116	1.116	1.115
593	3579.514	3423.183	3705.024	3591.157	1.115	1.115	1.111
594	3568.839	3495.078	3641.975	3562.053	1.106	1.106	1.108
595	3539.667	3452.157	3686.627	3523.554	1.094	1.094	1.099
596	3577.243	3503.391	3646.708	3567.958	1.108	1.108	1.111
597	3664.653	3570.002	3889.061	3668.043	1.139	1.139	1.138
598	3586.396	3457.388	3708.944	3564.949	1.107	1.107	1.113
599	3632.342	3456.874	3730.632	3646.985	1.132	1.132	1.128
600	3590.952	3437.949	3736.979	3582.635	1.112	1.112	1.115
601	3581.139	3435.820	3786.092	3559.629	1.105	1.105	1.112
602	3604.905	3402.278	3771.403	3623.330	1.125	1.125	1.119
603	3588.767	3339.848	3771.598	3606.719	1.120	1.120	1.114
604	3672.036	3414.365	3947.397	3654.838	1.135	1.135	1.140
605	3564.839	3353.586	3756.844	3549.923	1.102	1.102	1.107
606	3557.462	3269.554	3728.201	3623.417	1.125	1.125	1.104
607	3494.065	3364.548	3664.973	3480.131	1.080	1.081	1.085
608	3572.952	3367.976	3705.805	3579.919	1.111	1.112	1.109
609	3552.766	3402.758	3709.519	3545.693	1.101	1.101	1.103
610	3541.336	3268.142	3752.389	3553.752	1.103	1.103	1.099
611	3563.835	3475.544	3635.106	3576.538	1.110	1.111	1.106
612	3641.607	3447.662	3833.084	3606.183	1.120	1.120	1.131
613	3608.437	3478.193	3724.285	3613.842	1.122	1.122	1.120
614	3595.764	3477.568	3715.243	3602.460	1.118	1.119	1.116
615	3553.819	3425.966	3757.513	3556.231	1.104	1.104	1.103
616	3627.226	3481.060	3805.885	3630.202	1.127	1.127	1.126
617	3630.128	3401.946	3852.767	3640.631	1.130	1.130	1.127
618	3574.339	3361.216	3809.862	3592.205	1.115	1.115	1.110
619	3619.045	3426.944	3853.223	3647.540	1.132	1.133	1.124
620	3612.710	3469.439	3822.862	3583.381	1.113	1.113	1.122
621	3583.725	3433.240	3697.130	3582.291	1.112	1.112	1.113
622	3553.301	3307.077	3926.028	3526.233	1.095	1.095	1.103
623	3539.917	3360.240	3847.055	3504.403	1.088	1.088	1.099
624	3585.985	3301.581	3742.384	3588.068	1.114	1.114	1.113
625	3657.158	3276.464	4042.332	3634.345	1.128	1.129	1.135
626	3648.376	3416.550	3851.910	3675.314	1.141	1.141	1.133
627	3626.043	3474.383	3842.718	3624.557	1.125	1.125	1.126
628	3621.194	3337.601	3803.953	3649.445	1.133	1.133	1.124
629	3612.418	3392.687	3835.738	3586.335	1.113	1.114	1.122
630	3645.821	3467.762	3752.221	3666.931	1.138	1.139	1.132
631	3598.096	3391.975	3894.786	3583.293	1.113	1.113	1.117
632	3656.965	3437.058	3868.818	3658.947	1.136	1.136	1.135
633	3634.274	3327.288	3788.494	3654.819	1.135	1.135	1.128
634	3538.747	3358.907	3663.039	3536.084	1.098	1.098	1.099
635	3559.099	3370.513	3716.643	3557.242	1.104	1.105	1.105
636	3569.685	3352.110	3853.103	3563.799	1.106	1.107	1.108
637	3558.685	3369.718	3728.248	3557.941	1.105	1.105	1.105
638	3561.618	3348.335	3786.326	3502.366	1.087	1.088	1.106
639	3561.328	3356.203	3742.728	3573.614	1.110	1.110	1.106
640	3536.523	3323.487	3886.772	3535.148	1.098	1.098	1.098
641	3588.275	3357.138	3844.100	3564.135	1.107	1.107	1.114
642	3605.075	3419.198	3734.857	3645.031	1.132	1.132	1.119
643	3653.879	3425.339	3892.606	3662.567	1.137	1.137	1.134
644	3547.275	3387.366	3849.746	3525.361	1.095	1.095	1.101
645	3485.142	3236.446	3635.710	3505.972	1.089	1.089	1.082
646	3488.777	3309.793	3757.466	3482.732	1.081	1.081	1.083
647	3542.046	3339.093	3794.961	3513.626	1.091	1.091	1.100
648	3641.572	3310.465	3997.460	3634.344	1.128	1.129	1.131
649	3633.243	3357.382	3924.356	3557.766	1.105	1.105	1.128
650	3615.114	3394.973	3927.380	3605.188	1.119	1.119	1.122
651	3574.585	3298.257	3755.780	3631.599	1.128	1.128	1.110
652	3581.050	3353.318	3889.454	3560.442	1.105	1.106	1.112
653	3545.523	3259.131	3861.289	3550.443	1.102	1.102	1.101
654	3583.202	3292.770	3841.308	3598.208	1.117	1.117	1.112
655	3601.965	3368.361	3875.114	3660.048	1.136	1.136	1.118
656	3631.210	3288.599	3824.813	3635.563	1.129	1.129	1.127
657	3610.560	3346.612	3880.096	3642.520	1.131	1.131	1.121
658	3570.576	3321.494	3895.255	3565.894	1.107	1.107	1.109
659	3553.917	3314.895	3739.190	3537.926	1.098	1.099	1.103
660	3609.697	3359.920	3845.190	3647.875	1.133	1.133	1.121
661	3675.978	3389.230	3910.079	3653.087	1.134	1.134	1.141
662	3633.280	3331.594	3923.314	3637.931	1.129	1.130	1.128
663	3608.984	3471.281	3748.805	3601.335	1.118	1.118	1.120
664	3576.257	3377.556	3729.606	3578.405	1.111	1.111	1.110
665	3642.375	3408.894	3941.002	3629.862	1.127	1.127	1.131
666	3612.946	3367.035	3756.715	3631.601	1.128	1.128	1.122
667	3680.317	3460.827	4091.172	3648.833	1.133	1.133	1.143
668	3638.621	3408.753	3899.258	3649.452	1.133	1.133	1.130
669	3653.842	3330.812	3930.480	3683.150	1.144	1.144	1.134
670	3732.098	3407.601	3947.241	3775.187	1.172	1.172	1.159
671	3764.212	3497.104	4134.647	3782.212	1.174	1.174	1.169
672	3754.146	3550.217	3942.358	3744.663	1.163	1.163	1.166
673	3756.952	3560.117	3992.800	3786.081	1.175	1.176	1.166
674	3736.913	3591.364	3893.610	3744.468	1.163	1.163	1.160
675	3624.245	3448.634	3734.116	3640.676	1.130	1.130	1.125
676	3683.515	3538.618	4034.767	3674.547	1.141	1.141	1.144
677	3682.916	3587.997	3861.677	3665.559	1.138	1.138	1.143
678	3674.055	3550.331	3788.557	3681.923	1.143	1.143	1.141
679	3677.058	3518.810	3904.306	3664.988	1.138	1.138	1.142
680	3729.217	3502.256	4017.521	3683.920	1.144	1.144	1.158
681	3753.999	3506.266	4158.584	3691.978	1.146	1.146	1.166
682	3696.388	3505.741	4137.898	3607.323	1.120	1.120	1.148
683	3729.828	3489.411	4100.203	3712.532	1.153	1.153	1.158
684	3756.277	3535.970	3989.312	3727.913	1.157	1.158	1.166
685	3699.719	3438.162	3895.670	3722.584	1.156	1.156	1.149
686	3676.586	3434.414	3869.013	3708.793	1.151	1.152	1.141
687	3674.749	3409.099	4007.384	3686.410	1.145	1.145	1.141
688	3721.215	3444.731	3883.724	3803.428	1.181	1.181	1.155
689	3726.208	3473.449	3898.061	3747.632	1.164	1.164	1.157
690	3747.125	3457.573	4075.216	3701.599	1.149	1.149	1.163
691	3676.868	3340.755	3955.173	3630.923	1.127	1.127	1.142
692	3598.453	3359.087	3847.126	3648.300	1.133	1.133	1.117
693	3599.982	3367.334	3785.736	3630.817	1.127	1.127	1.118
694	3673.432	3359.503	4113.781	3687.944	1.145	1.145	1.140
695	3645.582	3339.643	3982.964	3616.082	1.123	1.123	1.132
696	3714.388	3432.742	4162.870	3675.438	1.141	1.141	1.153
697	3646.180	3337.943	4003.663	3629.242	1.127	1.127	1.132
698	3621.264	3400.059	3881.392	3598.756	1.117	1.117	1.124
699	3702.637	3417.595	4110.885	3706.061	1.151	1.151	1.150
700	3687.567	3462.641	4049.382	3650.122	1.133	1.133	1.145
701	3627.789	3316.913	4067.420	3605.973	1.120	1.120	1.126
702	3655.923	3396.266	3904.746	3648.089	1.133	1.133	1.135
703	3658.303	3461.332	3877.868	3646.294	1.132	1.132	1.136
704	3692.357	3468.906	3947.698	3714.890	1.153	1.154	1.146
705	3774.815	3533.213	3997.019	3770.896	1.171	1.171	1.172
706	3715.751	3515.237	3900.889	3747.925	1.164	1.164	1.154
707	3695.789	3446.678	3851.786	3737.403	1.160	1.161	1.147
708	3678.970	3479.604	3829.712	3699.103	1.148	1.149	1.142
709	3750.386	3531.434	3940.961	3707.712	1.151	1.151	1.164
710	3721.280	3552.663	3901.129	3728.032	1.157	1.158	1.155
711	3829.983	3739.403	4009.895	3818.408	1.186	1.186	1.189
712	3782.937	3589.589	4065.543	3767.093	1.170	1.170	1.174
713	3853.730	3522.846	4216.904	3840.674	1.192	1.193	1.196
714	3935.097	3552.976	4266.973	3922.332	1.218	1.218	1.222
715	3856.154	3598.048	4211.149	3825.438	1.188	1.188	1.197
716	3759.272	3617.747	4042.068	3721.359	1.155	1.156	1.167
717	3727.377	3447.948	4004.627	3717.739	1.154	1.154	1.157
718	3794.660	3590.004	4073.765	3778.501	1.173	1.173	1.178
719	3818.179	3729.405	3933.872	3809.422	1.183	1.183	1.185
720	3842.131	3744.563	4013.666	3803.716	1.181	1.181	1.193
721	3849.415	3611.844	4026.571	3867.154	1.201	1.201	1.195
722	3790.882	3480.280	4014.475	3825.197	1.188	1.188	1.177
723	3804.442	3604.007	4077.378	3778.881	1.173	1.173	1.181
724	3811.512	3583.983	4044.097	3808.907	1.183	1.183	1.183
725	3784.369	3661.681	3926.444	3761.125	1.168	1.168	1.175
726	3919.684	3841.097	4119.074	3899.623	1.211	1.211	1.217
727	3808.813	3656.505	3972.273	3844.530	1.194	1.194	1.183
728	3794.010	3623.228	4001.429	3748.973	1.164	1.164	1.178
729	3860.922	3647.487	4050.038	3836.619	1.191	1.191	1.199
730	3818.045	3609.320	4029.982	3789.059	1.176	1.177	1.185
731	3871.177	3693.482	3997.999	3866.391	1.200	1.201	1.202
732	3860.526	3626.169	4141.413	3831.572	1.190	1.190	1.199
733	3766.611	3619.351	3902.692	3793.186	1.178	1.178	1.169
734	3752.675	3617.871	3867.056	3756.682	1.166	1.166	1.165
735	3780.088	3466.079	3977.007	3773.887	1.172	1.172	1.174
736	3813.954	3660.896	3959.780	3811.488	1.183	1.184	1.184
737	3802.598	3663.330	3940.247	3782.436	1.174	1.174	1.181
738	3839.675	3627.195	4056.588	3830.060	1.189	1.189	1.192
739	3786.321	3660.946	3951.034	3746.581	1.163	1.163	1.176
740	3808.650	3600.742	4030.866	3790.349	1.177	1.177	1.182
741	3839.730	3743.247	3973.577	3828.627	1.189	1.189	1.192
742	3841.221	3650.446	4187.106	3815.043	1.184	1.185	1.193
743	3737.761	3586.185	3995.454	3677.612	1.142	1.142	1.160
744	3851.755	3692.461	4099.345	3812.052	1.184	1.184	1.196
745	3765.201	3610.878	4005.568	3751.823	1.165	1.165	1.169
746	3775.489	3652.187	4014.676	3754.550	1.166	1.166	1.172
747	3762.549	3560.149	4062.125	3733.124	1.159	1.159	1.168
748	3751.823	3548.005	4068.486	3717.889	1.154	1.154	1.165
749	3811.509	3621.879	3951.637	3834.123	1.190	1.191	1.183
750	3858.488	3640.224	4094.019	3837.258	1.191	1.192	1.198
751	3834.882	3583.744	4167.686	3780.687	1.174	1.174	1.191
752	3892.071	3688.390	4287.323	3798.141	1.179	1.179	1.208
753	3856.737	3729.802	4051.574	3832.519	1.190	1.190	1.197
754	3821.827	3666.017	4022.887	3847.938	1.195	1.195	1.187
755	3849.019	3675.000	4036.310	3863.228	1.199	1.200	1.195
756	3931.216	3774.144	4083.783	3940.704	1.223	1.224	1.221
757	3922.397	3686.743	4096.271	3904.900	1.212	1.213	1.218
758	3819.447	3673.295	4032.208	3832.315	1.190	1.190	1.186
759	3818.285	3596.938	4091.093	3796.283	1.179	1.179	1.185
760	3804.594	3708.546	3954.644	3778.670	1.173	1.173	1.181
761	3888.982	3780.640	4025.017	3884.656	1.206	1.206	1.207
762	3830.394	3698.018	4010.299	3821.812	1.187	1.187	1.189
763	3907.297	3801.565	4230.527	3878.269	1.204	1.204	1.213
764	3957.085	3673.901	4145.722	3923.008	1.218	1.218	1.229
765	4015.880	3871.645	4379.445	3994.373	1.240	1.240	1.247
766	3874.048	3636.437	4054.639	3883.102	1.206	1.206	1.203
767	3877.309	3638.348	4040.856	3866.581	1.200	1.201	1.204
768	3909.843	3794.853	4014.027	3900.431	1.211	1.211	1.214
769	3795.546	3595.988	3956.771	3802.740	1.181	1.181	1.178
770	3795.243	3613.915	4086.574	3756.643	1.166	1.166	1.178
771	3829.985	3679.786	4008.186	3809.088	1.183	1.183	1.189
772	3752.840	3594.292	3958.264	3760.091	1.167	1.168	1.165
773	3775.411	3600.434	3986.076	3765.640	1.169	1.169	1.172
774	3851.889	3630.208	4190.706	3811.500	1.183	1.184	1.196
775	3875.727	3708.577	4072.144	3846.931	1.194	1.195	1.203
776	3990.374	3769.182	4548.160	3884.861	1.206	1.206	1.239
777	3866.065	3590.410	4049.357	3864.936	1.200	1.200	1.200
778	3746.225	3568.694	3911.149	3755.750	1.166	1.166	1.163
779	3622.444	3468.980	3751.823	3618.841	1.124	1.124	1.125
780	3755.246	3452.916	4155.820	3722.861	1.156	1.156	1.166
781	3833.755	3649.666	4025.454	3831.368	1.190	1.190	1.190
782	3811.230	3526.737	3968.906	3830.124	1.189	1.189	1.183
783	3708.291	3401.816	4031.377	3682.741	1.143	1.144	1.151
784	3771.932	3511.387	4028.419	3777.610	1.173	1.173	1.171
785	3824.463	3665.726	3934.446	3870.945	1.202	1.202	1.187
786	3795.001	3665.872	3946.438	3825.462	1.188	1.188	1.178
787	3779.079	3578.955	4001.603	3779.940	1.174	1.174	1.173
788	3755.946	3533.780	4035.485	3705.118	1.150	1.150	1.166
789	3793.008	3595.610	4090.635	3762.278	1.168	1.168	1.178
790	3810.979	3613.947	4015.119	3797.950	1.179	1.179	1.183
791	3857.255	3660.195	4019.962	3862.282	1.199	1.199	1.198
792	3821.735	3707.514	3912.394	3843.692	1.193	1.194	1.187
793	3851.478	3548.916	4045.216	3892.331	1.208	1.209	1.196
794	3772.680	3387.962	3937.288	3841.698	1.193	1.193	1.171
795	3815.058	3704.251	3954.091	3790.280	1.177	1.177	1.184
796	3916.148	3656.012	4186.739	3940.899	1.224	1.224	1.216
797	3882.921	3636.870	4105.707	3928.646	1.220	1.220	1.206
798	3888.502	3812.347	3988.007	3870.789	1.202	1.202	1.207
799	3831.097	3723.673	3961.562	3827.444	1.188	1.188	1.189
800	3789.399	3570.228	3922.635	3807.511	1.182	1.182	1.177
801	3761.427	3597.694	3926.465	3732.521	1.159	1.159	1.168
802	3807.448	3689.938	3948.145	3788.616	1.176	1.176	1.182
803	3866.339	3753.881	4228.118	3832.872	1.190	1.190	1.200
804	3753.030	3586.401	3911.478	3749.339	1.164	1.164	1.165
805	3813.397	3595.834	3977.347	3834.248	1.190	1.191	1.184
806	3804.066	3584.105	4041.794	3806.576	1.182	1.182	1.181
807	3772.708	3519.039	3939.279	3782.957	1.175	1.175	1.171
808	3829.021	3584.115	4102.374	3804.584	1.181	1.181	1.189
809	3742.838	3497.466	3922.310	3777.180	1.173	1.173	1.162
810	3708.728	3523.731	4019.582	3701.990	1.149	1.150	1.151
811	3766.281	3642.164	3853.911	3776.965	1.173	1.173	1.169
812	3756.318	3587.913	4023.054	3724.993	1.157	1.157	1.166
813	3842.740	3600.230	4175.337	3797.147	1.179	1.179	1.193
814	3802.362	3645.132	4182.102	3762.805	1.168	1.168	1.181
815	3779.738	3523.454	3895.295	3791.557	1.177	1.177	1.174
816	3838.502	3648.868	4059.819	3842.043	1.193	1.193	1.192
817	3856.266	3706.668	4020.968	3825.273	1.188	1.188	1.197
818	3783.445	3645.332	3956.217	3760.799	1.168	1.168	1.175
819	3764.692	3555.171	4048.299	3716.126	1.154	1.154	1.169
820	3818.999	3658.390	4100.044	3804.920	1.181	1.181	1.186
821	3807.504	3662.121	3966.572	3761.884	1.168	1.168	1.182
822	3758.471	3634.173	3863.915	3782.057	1.174	1.174	1.167
823	3788.932	3617.506	3968.572	3786.490	1.176	1.176	1.176
824	3784.434	3595.033	4056.616	3730.321	1.158	1.158	1.175
825	3820.596	3587.315	4031.297	3849.370	1.195	1.195	1.186
826	3824.053	3456.976	4115.405	3890.060	1.208	1.208	1.187
827	3859.666	3548.167	4243.180	3894.519	1.209	1.209	1.198
828	3818.138	3628.444	4016.813	3826.296	1.188	1.188	1.185
829	3763.378	3541.596	3979.287	3794.441	1.178	1.178	1.168
830	3789.656	3687.161	4001.046	3772.800	1.171	1.171	1.177
831	3532.815	3461.375	3634.195	3513.203	1.091	1.091	1.097
832	3532.815	3461.375	3634.195	3513.203	1.091	1.091	1.097
