 	Mean	Min	Max	Median	Max_to_bgmean	Median_to_bgmedian	Mean_to_bgmean
1	3522.431	3387.944	3703.162	3510.854	1.092	1.088	1.095
2	3517.135	3294.553	3728.423	3516.899	1.094	1.090	1.094
3	3533.796	3443.242	3601.770	3543.312	1.102	1.098	1.099
4	3493.132	3352.743	3567.547	3516.678	1.093	1.090	1.086
5	3424.431	3247.733	3544.960	3435.493	1.068	1.065	1.065
6	3468.807	3298.550	3591.757	3483.183	1.083	1.080	1.079
7	3488.559	3352.163	3582.602	3488.564	1.085	1.081	1.085
8	3540.990	3505.206	3581.931	3543.008	1.102	1.098	1.101
9	3533.710	3472.318	3594.217	3544.163	1.102	1.098	1.099
10	3470.178	3354.587	3530.432	3474.007	1.080	1.077	1.079
11	3456.497	3403.065	3541.306	3447.465	1.072	1.068	1.075
12	3467.471	3369.028	3613.258	3467.529	1.078	1.075	1.078
13	3469.206	3352.359	3540.899	3482.863	1.083	1.079	1.079
14	3411.796	3284.457	3625.163	3397.220	1.056	1.053	1.061
15	3446.895	3312.458	3504.545	3452.139	1.073	1.070	1.072
16	3424.074	3327.903	3521.513	3428.420	1.066	1.063	1.065
17	3468.786	3355.823	3619.446	3451.029	1.073	1.070	1.079
18	3486.080	3308.863	3811.265	3456.361	1.075	1.071	1.084
19	3476.134	3354.738	3644.139	3477.383	1.081	1.078	1.081
20	3474.476	3351.021	3609.808	3460.500	1.076	1.073	1.080
21	3461.217	3326.105	3730.837	3440.474	1.070	1.066	1.076
22	3450.515	3356.001	3569.582	3423.731	1.065	1.061	1.073
23	3470.964	3407.089	3540.564	3475.042	1.081	1.077	1.079
24	3538.951	3435.956	3638.939	3544.742	1.102	1.099	1.100
25	3521.391	3448.657	3595.518	3523.444	1.096	1.092	1.095
26	3512.392	3375.594	3643.307	3509.397	1.091	1.088	1.092
27	3531.946	3422.642	3630.740	3548.093	1.103	1.100	1.098
28	3492.612	3341.127	3613.144	3515.668	1.093	1.090	1.086
29	3481.177	3385.349	3560.557	3473.269	1.080	1.076	1.082
30	3460.929	3401.952	3550.223	3442.303	1.070	1.067	1.076
31	3558.755	3460.678	3624.419	3567.692	1.109	1.106	1.107
32	3540.780	3334.595	3609.546	3556.084	1.106	1.102	1.101
33	3589.195	3482.827	3779.978	3568.570	1.110	1.106	1.116
34	3497.439	3437.484	3613.307	3473.295	1.080	1.076	1.087
35	3496.441	3290.012	3669.496	3523.894	1.096	1.092	1.087
36	3550.332	3411.241	3766.633	3549.801	1.104	1.100	1.104
37	3553.691	3384.261	3802.552	3552.280	1.105	1.101	1.105
38	3511.970	3355.253	3758.254	3475.211	1.081	1.077	1.092
39	3472.948	3375.801	3562.483	3480.437	1.082	1.079	1.080
40	3464.435	3318.321	3601.130	3467.518	1.078	1.075	1.077
41	3533.607	3378.244	3714.631	3521.469	1.095	1.091	1.099
42	3552.501	3416.716	3730.135	3557.036	1.106	1.102	1.105
43	3570.383	3469.166	3771.315	3568.354	1.110	1.106	1.110
44	3570.302	3477.752	3672.346	3573.031	1.111	1.107	1.110
45	3517.239	3358.755	3731.862	3520.488	1.095	1.091	1.094
46	3454.909	3371.439	3561.659	3437.049	1.069	1.065	1.074
47	3468.419	3373.854	3580.337	3462.317	1.077	1.073	1.078
48	3500.466	3387.295	3647.267	3481.992	1.083	1.079	1.088
49	3496.748	3405.338	3626.867	3493.993	1.086	1.083	1.087
50	3529.992	3447.473	3722.878	3493.160	1.086	1.083	1.098
51	3489.106	3279.328	3693.045	3479.614	1.082	1.078	1.085
52	3477.803	3247.380	3632.228	3525.687	1.096	1.093	1.081
53	3521.630	3342.652	3735.943	3501.931	1.089	1.085	1.095
54	3517.248	3430.355	3590.776	3517.710	1.094	1.090	1.094
55	3506.865	3414.222	3633.609	3473.458	1.080	1.077	1.090
56	3471.158	3374.218	3625.229	3462.253	1.077	1.073	1.079
57	3514.228	3431.999	3587.873	3520.791	1.095	1.091	1.093
58	3515.329	3419.985	3656.775	3495.450	1.087	1.083	1.093
59	3524.657	3282.300	3715.611	3541.582	1.101	1.098	1.096
60	3482.416	3328.860	3670.457	3498.540	1.088	1.084	1.083
61	3486.724	3395.475	3615.437	3484.696	1.084	1.080	1.084
62	3456.089	3259.899	3586.961	3458.526	1.075	1.072	1.075
63	3440.026	3377.436	3550.102	3429.579	1.066	1.063	1.070
64	3494.542	3391.287	3568.574	3518.740	1.094	1.091	1.087
65	3460.180	3367.352	3601.748	3455.546	1.074	1.071	1.076
66	3420.736	3253.592	3563.142	3434.413	1.068	1.064	1.064
67	3411.624	3284.771	3699.595	3396.282	1.056	1.053	1.061
68	3424.738	3374.731	3563.967	3399.240	1.057	1.054	1.065
69	3521.276	3428.358	3592.373	3529.908	1.098	1.094	1.095
70	3516.461	3415.611	3602.506	3516.168	1.093	1.090	1.093
71	3438.162	3344.143	3559.552	3426.077	1.065	1.062	1.069
72	3459.349	3274.757	3587.479	3480.362	1.082	1.079	1.076
73	3448.896	3309.936	3570.478	3444.218	1.071	1.067	1.072
74	3482.582	3394.065	3550.683	3490.031	1.085	1.082	1.083
75	3503.044	3409.605	3603.382	3493.291	1.086	1.083	1.089
76	3474.582	3404.515	3540.689	3476.872	1.081	1.078	1.080
77	3495.251	3440.546	3565.236	3472.036	1.080	1.076	1.087
78	3492.931	3344.091	3600.603	3499.738	1.088	1.085	1.086
79	3481.546	3378.797	3587.500	3481.128	1.082	1.079	1.083
80	3434.838	3355.416	3502.027	3448.515	1.072	1.069	1.068
81	3436.293	3327.771	3578.005	3424.488	1.065	1.061	1.068
82	3461.052	3328.328	3530.342	3452.220	1.073	1.070	1.076
83	3479.677	3405.152	3557.296	3482.745	1.083	1.079	1.082
84	3479.585	3422.394	3547.876	3455.246	1.074	1.071	1.082
85	3480.387	3399.936	3569.485	3487.245	1.084	1.081	1.082
86	3518.497	3457.675	3639.761	3508.160	1.091	1.087	1.094
87	3481.469	3362.290	3721.137	3462.963	1.077	1.073	1.083
88	3450.450	3352.581	3507.897	3462.414	1.077	1.073	1.073
89	3467.414	3284.851	3571.110	3465.137	1.077	1.074	1.078
90	3455.104	3343.408	3600.522	3457.448	1.075	1.072	1.074
91	3447.623	3412.329	3498.409	3445.204	1.071	1.068	1.072
92	3455.580	3399.049	3524.502	3452.827	1.074	1.070	1.074
93	3494.805	3346.431	3585.104	3497.682	1.088	1.084	1.087
94	3479.018	3412.267	3544.525	3476.292	1.081	1.077	1.082
95	3514.119	3419.383	3611.071	3507.549	1.091	1.087	1.093
96	3505.465	3440.144	3580.165	3496.955	1.087	1.084	1.090
97	3476.539	3405.654	3571.346	3477.222	1.081	1.078	1.081
98	3460.954	3371.676	3661.323	3441.155	1.070	1.067	1.076
99	3458.216	3353.937	3602.048	3454.136	1.074	1.071	1.075
100	3474.125	3354.735	3557.332	3482.478	1.083	1.079	1.080
101	3475.282	3365.999	3556.933	3474.400	1.080	1.077	1.081
102	3522.045	3382.094	3749.660	3502.044	1.089	1.085	1.095
103	3562.394	3476.100	3794.177	3542.323	1.101	1.098	1.108
104	3483.574	3369.362	3603.677	3469.805	1.079	1.075	1.083
105	3499.632	3382.691	3586.575	3494.088	1.086	1.083	1.088
106	3519.911	3442.983	3639.860	3495.166	1.087	1.083	1.094
107	3510.031	3443.423	3564.439	3516.371	1.093	1.090	1.091
108	3457.146	3372.322	3577.805	3449.504	1.073	1.069	1.075
109	3498.195	3414.725	3613.714	3492.570	1.086	1.082	1.088
110	3452.451	3370.824	3525.136	3449.550	1.073	1.069	1.073
111	3459.434	3408.606	3534.746	3452.921	1.074	1.070	1.076
112	3460.566	3339.566	3586.376	3456.698	1.075	1.071	1.076
113	3423.170	3307.693	3627.442	3411.968	1.061	1.057	1.064
114	3459.661	3369.464	3575.951	3450.760	1.073	1.070	1.076
115	3512.285	3409.686	3613.918	3504.456	1.090	1.086	1.092
116	3444.548	3268.079	3565.017	3447.748	1.072	1.069	1.071
117	3418.338	3289.102	3515.454	3439.205	1.069	1.066	1.063
118	3482.735	3342.044	3587.770	3506.690	1.090	1.087	1.083
119	3511.851	3373.541	3622.610	3498.672	1.088	1.084	1.092
120	3584.894	3441.832	3857.694	3565.747	1.109	1.105	1.115
121	3505.583	3434.446	3585.725	3512.077	1.092	1.089	1.090
122	3489.962	3392.108	3637.415	3468.490	1.078	1.075	1.085
123	3517.865	3385.018	3646.416	3543.933	1.102	1.098	1.094
124	3499.662	3377.487	3653.840	3490.496	1.085	1.082	1.088
125	3441.635	3334.691	3548.525	3423.272	1.064	1.061	1.070
126	3484.666	3402.468	3676.306	3447.031	1.072	1.068	1.084
127	3457.698	3350.715	3559.933	3450.543	1.073	1.069	1.075
128	3472.665	3384.738	3588.734	3470.676	1.079	1.076	1.080
129	3495.735	3381.191	3773.977	3475.236	1.081	1.077	1.087
130	3450.684	3385.517	3535.151	3445.006	1.071	1.068	1.073
131	3454.717	3287.131	3560.343	3471.010	1.079	1.076	1.074
132	3468.815	3404.914	3567.534	3432.801	1.067	1.064	1.079
133	3449.617	3373.487	3619.616	3435.523	1.068	1.065	1.073
134	3389.896	3271.795	3507.143	3416.353	1.062	1.059	1.054
135	3428.704	3174.628	3609.156	3410.382	1.060	1.057	1.066
136	3448.581	3268.374	3618.973	3449.995	1.073	1.069	1.072
137	3460.393	3324.879	3638.088	3469.147	1.079	1.075	1.076
138	3408.664	3252.977	3611.657	3396.043	1.056	1.053	1.060
139	3444.820	3254.229	3584.568	3443.572	1.071	1.067	1.071
140	3411.978	3269.683	3581.008	3410.334	1.060	1.057	1.061
141	3448.882	3383.938	3563.713	3433.757	1.068	1.064	1.072
142	3450.034	3346.234	3715.931	3415.380	1.062	1.059	1.073
143	3410.447	3343.184	3469.944	3420.156	1.063	1.060	1.060
144	3448.852	3350.484	3553.577	3446.034	1.071	1.068	1.072
145	3462.089	3356.787	3585.008	3463.180	1.077	1.073	1.076
146	3515.418	3428.122	3630.460	3523.637	1.096	1.092	1.093
147	3538.820	3374.789	3642.938	3541.186	1.101	1.098	1.100
148	3480.888	3312.200	3629.775	3462.078	1.076	1.073	1.082
149	3477.269	3391.472	3592.078	3463.973	1.077	1.074	1.081
150	3494.734	3295.660	3671.698	3504.699	1.090	1.086	1.087
151	3504.109	3292.982	3600.411	3532.636	1.098	1.095	1.090
152	3466.197	3275.213	3523.554	3483.750	1.083	1.080	1.078
153	3460.046	3366.968	3535.784	3465.976	1.078	1.074	1.076
154	3434.164	3321.851	3547.680	3409.404	1.060	1.057	1.068
155	3502.410	3411.018	3610.783	3508.028	1.091	1.087	1.089
156	3433.916	3354.821	3505.370	3442.431	1.070	1.067	1.068
157	3445.742	3359.645	3545.994	3469.033	1.079	1.075	1.071
158	3478.431	3390.134	3585.095	3479.037	1.082	1.078	1.082
159	3483.855	3401.780	3552.935	3492.349	1.086	1.082	1.083
160	3455.190	3371.824	3516.052	3456.814	1.075	1.071	1.074
161	3433.883	3319.368	3633.431	3435.202	1.068	1.065	1.068
162	3403.895	3236.054	3552.906	3408.662	1.060	1.056	1.058
163	3463.971	3307.369	3753.962	3440.924	1.070	1.066	1.077
164	3482.485	3357.331	3615.223	3477.116	1.081	1.078	1.083
165	3471.722	3336.000	3619.974	3482.239	1.083	1.079	1.079
166	3461.160	3398.049	3589.209	3439.730	1.070	1.066	1.076
167	3481.604	3384.215	3607.841	3480.846	1.082	1.079	1.083
168	3473.546	3381.994	3650.552	3445.722	1.071	1.068	1.080
169	3432.531	3328.564	3608.338	3410.428	1.060	1.057	1.067
170	3450.355	3348.794	3628.682	3428.964	1.066	1.063	1.073
171	3447.347	3331.968	3552.946	3461.621	1.076	1.073	1.072
172	3467.645	3400.253	3605.718	3440.617	1.070	1.066	1.078
173	3410.416	3293.297	3499.269	3416.706	1.062	1.059	1.060
174	3461.349	3330.106	3561.526	3467.316	1.078	1.075	1.076
175	3543.914	3446.536	3600.621	3552.575	1.105	1.101	1.102
176	3535.572	3405.399	3661.312	3520.159	1.095	1.091	1.099
177	3466.483	3366.772	3588.882	3453.928	1.074	1.070	1.078
178	3412.570	3284.521	3558.802	3405.618	1.059	1.056	1.061
179	3437.950	3324.714	3534.679	3437.998	1.069	1.066	1.069
180	3416.897	3323.726	3543.538	3418.194	1.063	1.059	1.062
181	3442.460	3295.742	3547.318	3444.632	1.071	1.068	1.070
182	3456.257	3378.583	3574.684	3434.169	1.068	1.064	1.075
183	3493.766	3316.713	3639.634	3509.321	1.091	1.088	1.086
184	3463.919	3246.717	3788.063	3433.135	1.067	1.064	1.077
185	3413.958	3295.104	3487.326	3425.996	1.065	1.062	1.062
186	3441.699	3342.146	3590.538	3427.842	1.066	1.062	1.070
187	3445.565	3332.675	3525.882	3440.479	1.070	1.066	1.071
188	3502.965	3390.406	3615.710	3509.995	1.091	1.088	1.089
189	3484.756	3235.805	3683.297	3489.891	1.085	1.082	1.084
190	3465.348	3427.677	3537.722	3453.181	1.074	1.070	1.078
191	3473.022	3369.929	3588.463	3473.996	1.080	1.077	1.080
192	3475.921	3302.962	3594.270	3487.855	1.084	1.081	1.081
193	3438.713	3298.803	3564.321	3427.848	1.066	1.062	1.069
194	3455.838	3340.626	3551.296	3450.545	1.073	1.069	1.075
195	3442.747	3241.215	3620.062	3455.915	1.075	1.071	1.070
196	3431.436	3307.602	3574.661	3430.825	1.067	1.063	1.067
197	3474.603	3356.026	3533.309	3488.521	1.085	1.081	1.080
198	3432.902	3271.397	3735.867	3408.075	1.060	1.056	1.067
199	3456.482	3310.558	3560.189	3464.771	1.077	1.074	1.075
200	3468.084	3375.479	3664.039	3452.807	1.074	1.070	1.078
201	3454.910	3327.684	3610.815	3444.327	1.071	1.068	1.074
202	3483.572	3395.567	3723.878	3450.932	1.073	1.070	1.083
203	3525.660	3469.689	3642.171	3515.500	1.093	1.090	1.096
204	3516.511	3428.712	3656.356	3503.608	1.089	1.086	1.093
205	3433.463	3362.543	3565.297	3409.584	1.060	1.057	1.068
206	3438.002	3303.943	3552.110	3453.573	1.074	1.070	1.069
207	3454.538	3358.197	3620.406	3445.234	1.071	1.068	1.074
208	3464.245	3388.355	3524.175	3467.658	1.078	1.075	1.077
209	3507.654	3420.258	3607.805	3492.806	1.086	1.083	1.091
210	3501.831	3433.229	3582.271	3490.419	1.085	1.082	1.089
211	3470.476	3307.008	3709.413	3478.350	1.082	1.078	1.079
212	3451.796	3299.229	3583.671	3467.629	1.078	1.075	1.073
213	3423.131	3288.523	3542.085	3420.969	1.064	1.060	1.064
214	3406.167	3326.826	3502.633	3394.171	1.055	1.052	1.059
215	3448.844	3379.005	3564.469	3446.608	1.072	1.068	1.072
216	3426.408	3343.268	3569.097	3425.675	1.065	1.062	1.065
217	3483.574	3365.984	3559.668	3474.642	1.080	1.077	1.083
218	3468.803	3369.725	3583.440	3463.068	1.077	1.073	1.079
219	3518.721	3297.765	3729.079	3515.482	1.093	1.090	1.094
220	3487.463	3348.982	3693.622	3426.429	1.065	1.062	1.084
221	3449.712	3308.522	3573.871	3430.879	1.067	1.063	1.073
222	3502.232	3384.021	3645.774	3479.668	1.082	1.078	1.089
223	3493.751	3420.826	3637.394	3484.674	1.084	1.080	1.086
224	3502.175	3407.432	3580.817	3519.376	1.094	1.091	1.089
225	3415.451	3327.703	3534.326	3405.162	1.059	1.055	1.062
226	3439.619	3281.023	3533.656	3459.722	1.076	1.072	1.069
227	3452.286	3310.980	3609.455	3462.640	1.077	1.073	1.073
228	3434.442	3319.498	3508.964	3435.829	1.068	1.065	1.068
229	3425.146	3282.827	3540.003	3448.812	1.072	1.069	1.065
230	3408.891	3222.204	3524.610	3433.470	1.068	1.064	1.060
231	3461.572	3265.167	3691.585	3460.510	1.076	1.073	1.076
232	3464.902	3276.406	3818.788	3427.045	1.066	1.062	1.077
233	3462.144	3391.829	3586.106	3450.780	1.073	1.070	1.077
234	3433.483	3337.377	3522.318	3438.148	1.069	1.066	1.068
235	3451.305	3342.922	3553.980	3445.059	1.071	1.068	1.073
236	3475.359	3363.063	3602.525	3488.620	1.085	1.081	1.081
237	3468.430	3239.813	3630.217	3478.848	1.082	1.078	1.078
238	3414.604	3351.621	3484.197	3423.872	1.065	1.061	1.062
239	3416.585	3343.711	3527.454	3398.709	1.057	1.053	1.062
240	3474.897	3347.855	3699.899	3472.332	1.080	1.076	1.080
241	3434.417	3346.340	3515.502	3432.561	1.067	1.064	1.068
242	3424.106	3349.218	3486.592	3433.257	1.068	1.064	1.065
243	3440.410	3367.975	3522.532	3452.287	1.073	1.070	1.070
244	3461.681	3372.561	3516.090	3482.896	1.083	1.079	1.076
245	3438.267	3321.470	3569.658	3450.250	1.073	1.069	1.069
246	3438.373	3397.346	3527.828	3437.862	1.069	1.066	1.069
247	3491.681	3366.794	3662.877	3491.771	1.086	1.082	1.086
248	3503.190	3395.520	3724.906	3446.205	1.072	1.068	1.089
249	3480.895	3297.344	3674.046	3468.593	1.079	1.075	1.082
250	3464.664	3329.838	3617.141	3466.014	1.078	1.074	1.077
251	3426.113	3323.049	3511.122	3419.645	1.063	1.060	1.065
252	3407.911	3289.870	3492.328	3410.225	1.060	1.057	1.060
253	3438.617	3363.615	3571.560	3414.729	1.062	1.058	1.069
254	3441.764	3328.563	3548.467	3443.491	1.071	1.067	1.070
255	3453.782	3347.702	3653.614	3438.757	1.069	1.066	1.074
256	3454.014	3310.828	3651.942	3466.384	1.078	1.074	1.074
257	3499.675	3403.296	3720.140	3469.692	1.079	1.075	1.088
258	3484.226	3391.338	3689.987	3460.259	1.076	1.072	1.083
259	3445.164	3354.561	3546.605	3450.488	1.073	1.069	1.071
260	3447.969	3377.291	3513.830	3444.756	1.071	1.068	1.072
261	3443.768	3314.895	3586.260	3452.382	1.073	1.070	1.071
262	3390.834	3270.490	3542.932	3377.637	1.050	1.047	1.054
263	3452.040	3343.046	3635.346	3436.474	1.069	1.065	1.073
264	3511.268	3401.103	3624.073	3527.225	1.097	1.093	1.092
265	3491.937	3371.952	3552.765	3511.389	1.092	1.088	1.086
266	3440.187	3303.339	3566.921	3472.863	1.080	1.076	1.070
267	3453.566	3285.836	3583.113	3429.826	1.066	1.063	1.074
268	3481.945	3319.625	3610.291	3467.551	1.078	1.075	1.083
269	3462.093	3397.699	3572.189	3449.671	1.073	1.069	1.076
270	3408.315	3272.555	3607.077	3387.570	1.053	1.050	1.060
271	3458.695	3327.637	3624.734	3450.725	1.073	1.069	1.075
272	3457.376	3361.584	3626.606	3432.815	1.067	1.064	1.075
273	3436.119	3314.023	3558.944	3430.093	1.067	1.063	1.068
274	3403.711	3244.601	3512.911	3387.146	1.053	1.050	1.058
275	3405.945	3304.524	3527.593	3388.801	1.054	1.050	1.059
276	3414.695	3309.044	3679.907	3411.565	1.061	1.057	1.062
277	3427.418	3355.473	3517.028	3417.451	1.063	1.059	1.066
278	3409.748	3268.441	3611.319	3419.618	1.063	1.060	1.060
279	3389.507	3265.169	3507.556	3384.293	1.052	1.049	1.054
280	3428.295	3319.448	3540.451	3427.812	1.066	1.062	1.066
281	3453.101	3301.259	3576.648	3466.183	1.078	1.074	1.074
282	3458.516	3356.135	3527.622	3470.975	1.079	1.076	1.075
283	3411.969	3357.603	3477.176	3402.745	1.058	1.055	1.061
284	3422.558	3278.379	3524.130	3416.654	1.062	1.059	1.064
285	3397.743	3265.130	3528.802	3406.965	1.059	1.056	1.056
286	3395.239	3311.931	3495.740	3401.340	1.058	1.054	1.056
287	3385.347	3256.029	3678.695	3365.137	1.046	1.043	1.053
288	3432.039	3239.228	3679.589	3430.104	1.067	1.063	1.067
289	3425.614	3294.562	3566.990	3438.125	1.069	1.066	1.065
290	3452.845	3335.026	3561.879	3440.306	1.070	1.066	1.074
291	3420.573	3164.767	3588.800	3420.446	1.064	1.060	1.064
292	3409.715	3262.120	3532.593	3397.599	1.056	1.053	1.060
293	3459.564	3337.156	3667.495	3437.688	1.069	1.065	1.076
294	3439.931	3284.084	3574.636	3481.949	1.083	1.079	1.070
295	3359.418	3169.756	3472.517	3377.571	1.050	1.047	1.045
296	3408.172	3271.578	3534.295	3398.239	1.057	1.053	1.060
297	3506.348	3441.890	3599.742	3509.400	1.091	1.088	1.090
298	3505.909	3316.338	3606.885	3533.195	1.099	1.095	1.090
299	3441.820	3307.850	3577.992	3437.443	1.069	1.065	1.070
300	3460.063	3340.850	3612.916	3458.608	1.075	1.072	1.076
301	3459.049	3312.737	3661.088	3461.844	1.076	1.073	1.076
302	3381.378	3311.130	3485.844	3365.927	1.047	1.043	1.051
303	3378.320	3304.070	3453.516	3386.631	1.053	1.050	1.050
304	3373.957	3291.763	3452.265	3373.607	1.049	1.046	1.049
305	3493.140	3358.782	3607.948	3501.742	1.089	1.085	1.086
306	3466.473	3336.824	3604.828	3464.577	1.077	1.074	1.078
307	3453.112	3337.868	3515.829	3454.016	1.074	1.071	1.074
308	3379.304	3224.211	3512.114	3377.382	1.050	1.047	1.051
309	3363.458	3259.767	3567.178	3349.204	1.041	1.038	1.046
310	3449.291	3273.427	3562.042	3472.782	1.080	1.076	1.073
311	3484.775	3376.616	3577.858	3490.199	1.085	1.082	1.084
312	3459.219	3321.335	3531.927	3478.633	1.082	1.078	1.076
313	3444.875	3299.731	3588.757	3444.821	1.071	1.068	1.071
314	3398.468	3259.273	3565.421	3395.159	1.056	1.052	1.057
315	3404.726	3275.221	3567.188	3393.843	1.055	1.052	1.059
316	3439.777	3359.805	3520.798	3441.882	1.070	1.067	1.070
317	3431.621	3348.175	3541.312	3439.714	1.070	1.066	1.067
318	3466.882	3291.587	3723.822	3462.859	1.077	1.073	1.078
319	3478.246	3375.424	3611.037	3471.167	1.079	1.076	1.082
320	3484.071	3341.195	3596.555	3475.499	1.081	1.077	1.083
321	3486.410	3306.491	3591.915	3518.255	1.094	1.090	1.084
322	3490.528	3386.112	3688.719	3455.128	1.074	1.071	1.085
323	3459.434	3333.412	3557.849	3459.247	1.076	1.072	1.076
324	3410.465	3235.836	3570.581	3425.605	1.065	1.062	1.060
325	3484.835	3355.297	3697.517	3469.181	1.079	1.075	1.084
326	3451.142	3387.416	3556.011	3438.188	1.069	1.066	1.073
327	3460.423	3371.128	3569.353	3457.861	1.075	1.072	1.076
328	3434.334	3373.259	3487.911	3428.759	1.066	1.063	1.068
329	3442.180	3328.055	3492.905	3455.878	1.075	1.071	1.070
330	3559.019	3446.719	3713.628	3554.329	1.105	1.102	1.107
331	3438.062	3375.727	3572.621	3426.798	1.066	1.062	1.069
332	3487.862	3335.028	3681.240	3475.490	1.081	1.077	1.085
333	3458.054	3357.791	3530.434	3477.204	1.081	1.078	1.075
334	3487.809	3295.852	3602.783	3523.094	1.095	1.092	1.084
335	3477.102	3304.373	3646.177	3487.739	1.084	1.081	1.081
336	3493.572	3413.257	3569.366	3505.140	1.090	1.086	1.086
337	3454.118	3333.467	3576.443	3459.955	1.076	1.072	1.074
338	3466.463	3398.132	3548.835	3455.936	1.075	1.071	1.078
339	3421.075	3319.761	3540.360	3404.105	1.058	1.055	1.064
340	3429.351	3304.630	3540.772	3434.123	1.068	1.064	1.066
341	3439.134	3304.599	3696.861	3426.085	1.065	1.062	1.069
342	3449.487	3407.436	3500.415	3449.752	1.073	1.069	1.073
343	3448.606	3368.433	3559.355	3443.365	1.071	1.067	1.072
344	3412.413	3309.779	3527.309	3399.755	1.057	1.054	1.061
345	3427.904	3253.677	3540.441	3444.899	1.071	1.068	1.066
346	3436.466	3344.401	3603.292	3425.173	1.065	1.062	1.069
347	3421.757	3373.661	3499.800	3414.288	1.062	1.058	1.064
348	3458.423	3341.649	3545.208	3448.461	1.072	1.069	1.075
349	3465.407	3364.915	3638.844	3444.981	1.071	1.068	1.078
350	3460.761	3317.657	3693.259	3419.608	1.063	1.060	1.076
351	3419.308	3316.352	3518.859	3431.486	1.067	1.064	1.063
352	3442.241	3309.883	3498.130	3458.745	1.075	1.072	1.070
353	3470.273	3410.295	3562.729	3467.676	1.078	1.075	1.079
354	3462.214	3351.247	3560.679	3466.791	1.078	1.074	1.077
355	3529.747	3380.180	3690.395	3527.022	1.097	1.093	1.098
356	3491.429	3418.946	3675.411	3469.893	1.079	1.075	1.086
357	3455.937	3295.076	3858.506	3418.141	1.063	1.059	1.075
358	3471.141	3377.467	3614.295	3432.934	1.067	1.064	1.079
359	3517.213	3453.596	3590.423	3513.286	1.092	1.089	1.094
360	3531.768	3420.022	3660.133	3538.446	1.100	1.097	1.098
361	3497.976	3309.795	3604.966	3527.327	1.097	1.093	1.088
362	3411.598	3323.031	3506.374	3405.617	1.059	1.056	1.061
363	3434.120	3352.584	3504.383	3446.734	1.072	1.068	1.068
364	3473.777	3386.061	3598.358	3462.189	1.077	1.073	1.080
365	3442.872	3304.799	3571.146	3463.746	1.077	1.074	1.071
366	3455.808	3319.811	3543.411	3458.835	1.075	1.072	1.075
367	3460.622	3354.429	3578.299	3469.916	1.079	1.075	1.076
368	3419.919	3363.388	3485.000	3404.821	1.059	1.055	1.063
369	3462.837	3308.600	3649.837	3440.709	1.070	1.066	1.077
370	3457.153	3337.526	3563.820	3472.299	1.080	1.076	1.075
371	3439.525	3335.432	3583.785	3432.630	1.067	1.064	1.069
372	3440.793	3352.370	3521.658	3441.636	1.070	1.067	1.070
373	3480.557	3406.330	3583.931	3472.083	1.080	1.076	1.082
374	3459.358	3281.901	3594.711	3473.540	1.080	1.077	1.076
375	3440.903	3374.964	3586.845	3434.422	1.068	1.064	1.070
376	3442.409	3341.250	3553.449	3437.190	1.069	1.065	1.070
377	3443.233	3312.291	3488.438	3466.622	1.078	1.074	1.071
378	3471.143	3250.746	3709.710	3464.461	1.077	1.074	1.079
379	3436.127	3272.215	3579.102	3434.003	1.068	1.064	1.068
380	3479.529	3396.401	3527.540	3476.206	1.081	1.077	1.082
381	3481.614	3407.910	3585.811	3465.227	1.077	1.074	1.083
382	3498.979	3320.438	3592.181	3535.000	1.099	1.096	1.088
383	3450.809	3357.914	3641.109	3437.452	1.069	1.065	1.073
384	3427.916	3308.753	3575.293	3424.900	1.065	1.061	1.066
385	3453.906	3340.856	3542.425	3460.446	1.076	1.073	1.074
386	3426.583	3377.083	3504.581	3421.860	1.064	1.061	1.065
387	3443.076	3313.142	3534.508	3459.716	1.076	1.072	1.071
388	3456.108	3312.346	3592.639	3476.963	1.081	1.078	1.075
389	3459.968	3322.565	3608.161	3452.771	1.074	1.070	1.076
390	3429.653	3240.059	3584.588	3413.030	1.061	1.058	1.066
391	3396.063	3312.222	3541.708	3401.188	1.058	1.054	1.056
392	3422.680	3256.106	3542.999	3406.710	1.059	1.056	1.064
393	3470.332	3371.264	3601.498	3469.795	1.079	1.075	1.079
394	3495.013	3386.688	3640.888	3479.704	1.082	1.078	1.087
395	3431.206	3308.606	3526.262	3444.271	1.071	1.067	1.067
396	3424.163	3283.454	3573.353	3412.045	1.061	1.058	1.065
397	3366.888	3164.863	3487.229	3372.502	1.049	1.045	1.047
398	3385.210	3211.797	3528.238	3394.781	1.056	1.052	1.053
399	3418.877	3336.785	3545.091	3406.357	1.059	1.056	1.063
400	3504.178	3420.174	3613.605	3497.820	1.088	1.084	1.090
401	3485.680	3380.903	3587.364	3486.490	1.084	1.081	1.084
402	3502.521	3373.092	3721.146	3505.151	1.090	1.086	1.089
403	3419.267	3342.338	3545.994	3405.568	1.059	1.055	1.063
404	3449.075	3283.839	3548.893	3464.223	1.077	1.074	1.072
405	3408.643	3285.514	3530.436	3400.773	1.057	1.054	1.060
406	3434.112	3343.977	3520.001	3445.535	1.071	1.068	1.068
407	3497.852	3410.101	3589.312	3493.690	1.086	1.083	1.088
408	3473.305	3370.902	3638.110	3469.068	1.079	1.075	1.080
409	3419.483	3333.528	3518.307	3411.208	1.061	1.057	1.063
410	3378.613	3308.526	3438.673	3388.021	1.053	1.050	1.051
411	3432.204	3324.356	3557.363	3414.701	1.062	1.058	1.067
412	3439.914	3335.809	3629.393	3440.149	1.070	1.066	1.070
413	3453.394	3354.056	3557.476	3451.907	1.073	1.070	1.074
414	3438.978	3379.020	3538.744	3411.042	1.061	1.057	1.069
415	3396.560	3318.304	3482.160	3398.136	1.057	1.053	1.056
416	3444.097	3320.938	3618.637	3399.066	1.057	1.053	1.071
417	3483.530	3319.607	3683.464	3475.541	1.081	1.077	1.083
418	3451.504	3394.062	3544.359	3441.883	1.070	1.067	1.073
419	3491.508	3358.672	3575.374	3518.821	1.094	1.091	1.086
420	3462.109	3341.218	3591.622	3442.540	1.070	1.067	1.076
421	3396.772	3279.137	3458.872	3419.395	1.063	1.060	1.056
422	3457.182	3409.457	3512.175	3456.208	1.075	1.071	1.075
423	3436.632	3323.345	3492.115	3447.913	1.072	1.069	1.069
424	3422.696	3255.315	3589.186	3395.186	1.056	1.052	1.064
425	3393.245	3250.011	3487.066	3386.971	1.053	1.050	1.055
426	3443.436	3312.599	3595.079	3432.208	1.067	1.064	1.071
427	3439.075	3323.624	3588.610	3425.579	1.065	1.062	1.069
428	3412.268	3271.279	3541.009	3416.646	1.062	1.059	1.061
429	3457.320	3275.279	3588.149	3454.936	1.074	1.071	1.075
430	3448.529	3373.919	3525.282	3436.478	1.069	1.065	1.072
431	3402.617	3309.000	3573.199	3398.259	1.057	1.053	1.058
432	3415.222	3331.043	3475.353	3406.670	1.059	1.056	1.062
433	3407.627	3280.350	3549.579	3396.356	1.056	1.053	1.060
434	3389.729	3280.009	3582.895	3370.842	1.048	1.045	1.054
435	3390.935	3283.191	3506.253	3394.965	1.056	1.052	1.054
436	3406.278	3310.045	3534.749	3403.386	1.058	1.055	1.059
437	3429.068	3242.246	3586.924	3440.291	1.070	1.066	1.066
438	3433.810	3274.312	3488.674	3457.685	1.075	1.072	1.068
439	3482.558	3244.620	3632.312	3486.834	1.084	1.081	1.083
440	3464.193	3344.515	3542.059	3476.162	1.081	1.077	1.077
441	3413.134	3299.082	3489.158	3429.931	1.066	1.063	1.061
442	3427.048	3342.060	3568.685	3412.975	1.061	1.058	1.066
443	3406.040	3292.117	3484.411	3416.872	1.062	1.059	1.059
444	3457.434	3343.857	3577.594	3462.979	1.077	1.073	1.075
445	3438.050	3364.738	3624.374	3405.551	1.059	1.055	1.069
446	3426.820	3298.944	3515.701	3418.312	1.063	1.059	1.066
447	3412.478	3290.140	3556.586	3408.135	1.060	1.056	1.061
448	3366.091	3276.937	3518.465	3364.814	1.046	1.043	1.047
449	3357.581	3265.442	3455.438	3355.408	1.043	1.040	1.044
450	3400.539	3301.459	3583.916	3390.018	1.054	1.051	1.057
451	3424.826	3328.109	3572.856	3411.787	1.061	1.057	1.065
452	3437.248	3319.902	3547.706	3446.449	1.072	1.068	1.069
453	3420.234	3244.238	3650.824	3405.490	1.059	1.055	1.063
454	3388.566	3237.045	3514.423	3402.910	1.058	1.055	1.054
455	3427.305	3364.577	3510.453	3433.900	1.068	1.064	1.066
456	3418.686	3322.083	3484.996	3423.055	1.064	1.061	1.063
457	3446.964	3327.402	3670.491	3438.141	1.069	1.066	1.072
458	3470.543	3376.158	3571.376	3459.010	1.076	1.072	1.079
459	3477.747	3359.500	3669.684	3472.986	1.080	1.076	1.081
460	3482.625	3369.106	3576.685	3485.082	1.084	1.080	1.083
461	3384.682	3239.019	3601.733	3353.840	1.043	1.039	1.052
462	3394.096	3191.363	3535.448	3397.758	1.056	1.053	1.055
463	3454.092	3369.093	3556.198	3469.130	1.079	1.075	1.074
464	3426.737	3263.452	3547.101	3430.374	1.067	1.063	1.065
465	3403.282	3291.887	3580.209	3396.430	1.056	1.053	1.058
466	3443.224	3265.001	3618.157	3452.415	1.073	1.070	1.071
467	3477.137	3336.140	3618.140	3477.702	1.081	1.078	1.081
468	3414.619	3318.344	3487.619	3418.116	1.063	1.059	1.062
469	3375.174	3263.384	3436.739	3376.846	1.050	1.047	1.049
470	3388.035	3276.764	3441.989	3401.673	1.058	1.054	1.053
471	3402.445	3345.890	3478.704	3394.672	1.056	1.052	1.058
472	3411.480	3223.213	3512.636	3427.475	1.066	1.062	1.061
473	3425.800	3243.956	3628.415	3447.640	1.072	1.069	1.065
474	3350.076	3167.739	3535.246	3383.975	1.052	1.049	1.042
475	3391.964	3321.225	3458.640	3399.943	1.057	1.054	1.055
476	3417.652	3340.129	3483.604	3424.623	1.065	1.061	1.063
477	3435.688	3272.488	3509.407	3453.512	1.074	1.070	1.068
478	3432.528	3333.212	3590.436	3409.858	1.060	1.057	1.067
479	3475.725	3378.276	3617.017	3476.042	1.081	1.077	1.081
480	3423.146	3317.909	3518.578	3429.698	1.066	1.063	1.064
481	3415.649	3328.384	3497.647	3392.501	1.055	1.051	1.062
482	3478.073	3412.542	3565.227	3467.090	1.078	1.075	1.081
483	3447.956	3337.982	3508.494	3456.741	1.075	1.071	1.072
484	3463.869	3354.203	3584.312	3453.202	1.074	1.070	1.077
485	3465.083	3349.232	3624.084	3443.769	1.071	1.067	1.077
486	3459.499	3375.763	3571.366	3455.937	1.075	1.071	1.076
487	3436.517	3392.249	3488.481	3435.557	1.068	1.065	1.069
488	3437.332	3324.892	3495.708	3454.510	1.074	1.071	1.069
489	3436.933	3213.404	3528.990	3455.289	1.074	1.071	1.069
490	3414.947	3255.207	3556.053	3410.081	1.060	1.057	1.062
491	3476.230	3286.966	3588.992	3509.970	1.091	1.088	1.081
492	3515.136	3392.631	3633.567	3524.906	1.096	1.092	1.093
493	3441.721	3287.953	3549.588	3441.181	1.070	1.067	1.070
494	3474.832	3361.749	3581.231	3489.257	1.085	1.081	1.080
495	3496.223	3352.399	3645.567	3506.549	1.090	1.087	1.087
496	3486.762	3319.546	3770.232	3450.183	1.073	1.069	1.084
497	3393.255	3338.191	3457.377	3394.337	1.055	1.052	1.055
498	3408.745	3303.832	3531.404	3414.380	1.062	1.058	1.060
499	3448.371	3355.618	3575.990	3442.879	1.071	1.067	1.072
500	3401.206	3251.687	3542.205	3379.321	1.051	1.047	1.058
501	3414.558	3317.790	3490.524	3431.888	1.067	1.064	1.062
502	3427.662	3326.244	3559.372	3417.706	1.063	1.059	1.066
503	3420.554	3334.005	3566.543	3399.397	1.057	1.054	1.064
504	3492.608	3344.240	3648.653	3483.228	1.083	1.080	1.086
505	3460.865	3359.483	3577.275	3457.841	1.075	1.072	1.076
506	3461.876	3329.495	3669.473	3455.454	1.074	1.071	1.076
507	3443.332	3320.028	3538.871	3425.937	1.065	1.062	1.071
508	3453.847	3364.665	3572.074	3453.021	1.074	1.070	1.074
509	3520.578	3403.836	3694.228	3518.501	1.094	1.091	1.095
510	3462.852	3361.228	3550.710	3448.007	1.072	1.069	1.077
511	3439.976	3372.471	3578.282	3414.584	1.062	1.058	1.070
512	3445.078	3326.357	3557.010	3444.644	1.071	1.068	1.071
513	3453.654	3370.397	3586.774	3446.742	1.072	1.068	1.074
514	3428.145	3299.819	3539.389	3434.271	1.068	1.064	1.066
515	3438.331	3339.849	3565.080	3425.536	1.065	1.062	1.069
516	3507.290	3370.861	3654.721	3492.366	1.086	1.082	1.091
517	3484.047	3385.166	3612.388	3473.122	1.080	1.076	1.083
518	3435.088	3294.164	3567.376	3444.860	1.071	1.068	1.068
519	3444.044	3249.337	3670.196	3431.277	1.067	1.063	1.071
520	3416.275	3217.445	3571.328	3414.287	1.062	1.058	1.062
521	3378.689	3300.832	3540.093	3361.531	1.045	1.042	1.051
522	3446.246	3298.478	3604.649	3447.104	1.072	1.068	1.072
523	3505.865	3304.162	3641.159	3545.937	1.103	1.099	1.090
524	3419.642	3285.626	3496.575	3435.542	1.068	1.065	1.063
525	3462.647	3359.469	3578.390	3460.458	1.076	1.073	1.077
526	3477.462	3390.903	3611.622	3474.969	1.080	1.077	1.081
527	3437.285	3338.468	3565.945	3406.537	1.059	1.056	1.069
528	3415.897	3288.948	3710.017	3374.488	1.049	1.046	1.062
529	3431.087	3345.123	3526.570	3434.382	1.068	1.064	1.067
530	3434.379	3378.984	3539.031	3421.056	1.064	1.060	1.068
531	3512.099	3411.470	3682.469	3495.531	1.087	1.083	1.092
532	3490.995	3422.018	3530.766	3513.412	1.092	1.089	1.085
533	3449.560	3403.020	3518.260	3441.197	1.070	1.067	1.073
534	3455.703	3345.352	3568.042	3453.414	1.074	1.070	1.075
535	3489.241	3399.743	3633.428	3483.682	1.083	1.080	1.085
536	3481.780	3411.287	3618.063	3468.830	1.079	1.075	1.083
537	3479.674	3365.472	3702.336	3460.676	1.076	1.073	1.082
538	3506.457	3411.888	3586.244	3501.202	1.089	1.085	1.090
539	3437.748	3273.735	3554.694	3435.430	1.068	1.065	1.069
540	3445.139	3343.729	3581.316	3429.541	1.066	1.063	1.071
541	3474.625	3369.533	3580.200	3453.713	1.074	1.070	1.080
542	3499.751	3361.799	3657.779	3518.152	1.094	1.090	1.088
543	3464.793	3260.622	3588.025	3487.568	1.084	1.081	1.077
544	3485.111	3394.980	3569.903	3475.102	1.081	1.077	1.084
545	3465.027	3381.933	3556.646	3463.743	1.077	1.074	1.077
546	3483.901	3276.160	3682.161	3485.117	1.084	1.080	1.083
547	3451.826	3389.411	3525.264	3440.934	1.070	1.066	1.073
548	3493.709	3323.039	3789.975	3465.397	1.078	1.074	1.086
549	3487.919	3415.212	3625.669	3458.065	1.075	1.072	1.085
550	3487.753	3340.618	3704.683	3455.693	1.074	1.071	1.084
551	3501.437	3374.387	3628.820	3485.938	1.084	1.080	1.089
552	3495.872	3332.598	3551.678	3532.181	1.098	1.095	1.087
553	3461.467	3320.713	3653.053	3453.411	1.074	1.070	1.076
554	3440.195	3330.347	3560.993	3450.481	1.073	1.069	1.070
555	3490.912	3383.065	3617.656	3477.769	1.081	1.078	1.085
556	3453.659	3294.386	3604.655	3437.060	1.069	1.065	1.074
557	3471.527	3374.237	3656.665	3448.624	1.072	1.069	1.079
558	3528.286	3420.957	3630.957	3528.052	1.097	1.093	1.097
559	3537.940	3436.708	3619.789	3528.265	1.097	1.094	1.100
560	3476.072	3402.209	3542.701	3486.215	1.084	1.080	1.081
561	3481.552	3314.828	3638.780	3471.577	1.079	1.076	1.083
562	3441.231	3285.354	3552.585	3442.812	1.070	1.067	1.070
563	3468.824	3366.365	3600.460	3454.141	1.074	1.071	1.079
564	3469.609	3335.720	3653.881	3430.822	1.067	1.063	1.079
565	3435.078	3325.386	3589.896	3431.818	1.067	1.064	1.068
566	3445.404	3279.486	3594.079	3441.130	1.070	1.067	1.071
567	3400.600	3318.631	3506.403	3404.053	1.058	1.055	1.057
568	3381.441	3272.323	3475.870	3378.681	1.051	1.047	1.051
569	3415.220	3290.384	3501.486	3431.210	1.067	1.063	1.062
570	3403.425	3268.784	3518.395	3423.281	1.064	1.061	1.058
571	3437.461	3329.605	3602.655	3414.142	1.062	1.058	1.069
572	3478.844	3334.056	3614.306	3452.737	1.074	1.070	1.082
573	3459.048	3366.222	3610.455	3422.989	1.064	1.061	1.076
574	3463.744	3328.930	3535.737	3481.857	1.083	1.079	1.077
575	3434.685	3377.376	3501.482	3442.493	1.070	1.067	1.068
576	3470.707	3387.125	3547.376	3475.132	1.081	1.077	1.079
577	3472.186	3373.836	3591.410	3467.766	1.078	1.075	1.080
578	3477.269	3358.861	3594.947	3467.894	1.078	1.075	1.081
579	3483.449	3397.205	3629.997	3477.314	1.081	1.078	1.083
580	3435.446	3254.785	3588.272	3446.990	1.072	1.068	1.068
581	3413.499	3309.285	3604.213	3397.767	1.056	1.053	1.061
582	3436.858	3210.229	3596.693	3438.795	1.069	1.066	1.069
583	3488.323	3392.021	3588.889	3490.529	1.085	1.082	1.085
584	3422.200	3316.407	3531.029	3409.657	1.060	1.057	1.064
585	3437.687	3341.861	3588.715	3416.417	1.062	1.059	1.069
586	3428.793	3272.254	3570.367	3422.666	1.064	1.061	1.066
587	3430.335	3265.213	3547.668	3454.643	1.074	1.071	1.067
588	3483.127	3398.808	3579.871	3469.556	1.079	1.075	1.083
589	3447.011	3336.799	3557.030	3431.684	1.067	1.064	1.072
590	3439.461	3368.723	3543.211	3435.982	1.068	1.065	1.069
591	3451.642	3377.979	3489.823	3460.680	1.076	1.073	1.073
592	3437.714	3367.187	3495.950	3436.068	1.068	1.065	1.069
593	3441.406	3211.330	3543.235	3464.560	1.077	1.074	1.070
594	3453.143	3257.695	3601.686	3445.347	1.071	1.068	1.074
595	3420.498	3352.887	3539.967	3409.067	1.060	1.057	1.064
596	3490.838	3353.949	3582.432	3499.724	1.088	1.085	1.085
597	3489.632	3279.282	3628.871	3486.399	1.084	1.081	1.085
598	3444.548	3328.785	3554.184	3450.184	1.073	1.069	1.071
599	3371.626	3291.762	3460.094	3356.020	1.044	1.040	1.048
600	3452.471	3405.047	3524.490	3433.285	1.068	1.064	1.073
601	3444.155	3384.672	3526.236	3419.807	1.063	1.060	1.071
602	3432.335	3276.164	3598.745	3440.470	1.070	1.066	1.067
603	3447.033	3327.046	3563.163	3457.818	1.075	1.072	1.072
604	3460.362	3310.055	3634.703	3454.417	1.074	1.071	1.076
605	3510.164	3398.726	3638.636	3524.219	1.096	1.092	1.091
606	3477.228	3329.337	3591.063	3494.374	1.087	1.083	1.081
607	3462.679	3362.539	3581.541	3457.961	1.075	1.072	1.077
608	3514.117	3374.031	3643.802	3511.910	1.092	1.088	1.093
609	3485.024	3395.128	3607.241	3477.712	1.081	1.078	1.084
610	3508.532	3338.697	3625.610	3503.395	1.089	1.086	1.091
611	3512.171	3388.409	3710.544	3494.077	1.086	1.083	1.092
612	3491.868	3337.303	3568.074	3501.118	1.089	1.085	1.086
613	3538.607	3398.195	3665.110	3548.521	1.103	1.100	1.100
614	3455.448	3327.387	3649.419	3443.938	1.071	1.067	1.074
615	3351.737	3184.778	3426.785	3361.040	1.045	1.042	1.042
616	3399.474	3303.515	3502.641	3393.677	1.055	1.052	1.057
617	3473.804	3354.034	3587.768	3472.697	1.080	1.076	1.080
618	3511.752	3422.102	3723.974	3496.961	1.087	1.084	1.092
619	3466.257	3312.498	3616.258	3472.585	1.080	1.076	1.078
620	3402.914	3219.507	3536.901	3416.923	1.062	1.059	1.058
621	3427.222	3320.781	3494.620	3439.408	1.069	1.066	1.066
622	3447.024	3360.240	3532.891	3462.196	1.077	1.073	1.072
623	3470.325	3355.347	3632.440	3453.914	1.074	1.070	1.079
624	3486.357	3407.446	3583.411	3476.301	1.081	1.077	1.084
625	3427.139	3268.743	3501.703	3442.228	1.070	1.067	1.066
626	3431.425	3363.578	3547.078	3421.211	1.064	1.060	1.067
627	3453.641	3345.434	3659.831	3422.081	1.064	1.061	1.074
628	3535.289	3387.807	3719.675	3522.857	1.095	1.092	1.099
629	3473.159	3380.726	3582.884	3465.046	1.077	1.074	1.080
630	3466.651	3379.647	3551.611	3459.269	1.076	1.072	1.078
631	3507.758	3394.682	3640.217	3498.535	1.088	1.084	1.091
632	3449.346	3294.502	3555.832	3433.585	1.068	1.064	1.073
633	3425.185	3309.780	3542.651	3430.775	1.067	1.063	1.065
634	3450.351	3353.139	3555.094	3437.173	1.069	1.065	1.073
635	3464.138	3377.045	3570.425	3454.062	1.074	1.071	1.077
636	3468.552	3298.809	3623.135	3492.586	1.086	1.082	1.078
637	3525.378	3416.281	3656.583	3512.650	1.092	1.089	1.096
638	3509.377	3296.323	3725.229	3521.789	1.095	1.092	1.091
639	3446.829	3266.001	3591.889	3432.430	1.067	1.064	1.072
640	3470.122	3395.925	3539.737	3474.024	1.080	1.077	1.079
641	3472.020	3263.523	3594.178	3491.794	1.086	1.082	1.080
642	3432.585	3342.493	3531.805	3436.585	1.069	1.065	1.067
643	3470.277	3291.423	3586.308	3472.372	1.080	1.076	1.079
644	3520.770	3370.276	3678.053	3484.665	1.084	1.080	1.095
645	3522.124	3409.157	3645.146	3525.039	1.096	1.093	1.095
646	3575.101	3432.862	3686.503	3604.023	1.121	1.117	1.112
647	3558.119	3396.117	3669.921	3559.107	1.107	1.103	1.106
648	3496.889	3393.739	3650.521	3469.442	1.079	1.075	1.087
649	3480.449	3366.624	3567.666	3475.058	1.081	1.077	1.082
650	3540.553	3359.671	3685.773	3526.737	1.097	1.093	1.101
651	3491.445	3338.812	3597.425	3500.126	1.088	1.085	1.086
652	3465.911	3361.437	3630.012	3452.262	1.073	1.070	1.078
653	3469.987	3319.124	3566.720	3507.741	1.091	1.087	1.079
654	3521.805	3400.116	3630.370	3542.392	1.101	1.098	1.095
655	3500.885	3348.401	3634.709	3518.719	1.094	1.091	1.089
656	3452.091	3341.453	3568.920	3455.315	1.074	1.071	1.073
657	3477.708	3396.011	3536.658	3483.351	1.083	1.080	1.081
658	3470.771	3267.268	3610.629	3494.060	1.086	1.083	1.079
659	3431.689	3323.267	3517.197	3437.478	1.069	1.065	1.067
660	3460.344	3349.196	3595.835	3474.059	1.080	1.077	1.076
661	3522.406	3356.341	3705.432	3487.061	1.084	1.081	1.095
662	3516.227	3392.387	3635.296	3504.593	1.090	1.086	1.093
663	3466.158	3409.528	3566.710	3438.714	1.069	1.066	1.078
664	3538.971	3432.227	3680.169	3521.254	1.095	1.091	1.100
665	3500.859	3282.591	3625.661	3580.912	1.113	1.110	1.089
666	3428.453	3303.172	3605.914	3384.870	1.052	1.049	1.066
667	3423.052	3353.370	3521.817	3406.415	1.059	1.056	1.064
668	3463.634	3391.411	3587.895	3426.013	1.065	1.062	1.077
669	3499.012	3415.290	3632.200	3482.748	1.083	1.079	1.088
670	3526.740	3447.367	3635.720	3518.546	1.094	1.091	1.097
671	3518.887	3423.438	3610.532	3516.036	1.093	1.090	1.094
672	3531.675	3422.821	3648.155	3514.365	1.093	1.089	1.098
673	3469.065	3255.231	3631.506	3451.071	1.073	1.070	1.079
674	3470.391	3374.129	3547.563	3488.226	1.085	1.081	1.079
675	3531.377	3412.627	3637.046	3546.082	1.103	1.099	1.098
676	3520.921	3402.597	3655.269	3502.263	1.089	1.085	1.095
677	3487.695	3385.186	3663.885	3463.949	1.077	1.074	1.084
678	3453.459	3355.544	3584.136	3465.458	1.078	1.074	1.074
679	3440.202	3314.320	3656.476	3446.069	1.072	1.068	1.070
680	3449.315	3242.593	3648.387	3446.522	1.072	1.068	1.073
681	3500.309	3271.864	3637.843	3503.856	1.089	1.086	1.088
682	3506.564	3447.804	3635.773	3494.991	1.087	1.083	1.090
683	3437.380	3326.277	3554.189	3436.810	1.069	1.065	1.069
684	3450.390	3385.994	3550.925	3420.045	1.063	1.060	1.073
685	3482.633	3363.158	3579.774	3479.045	1.082	1.078	1.083
686	3526.292	3372.282	3731.035	3553.047	1.105	1.101	1.096
687	3487.177	3434.077	3530.545	3491.970	1.086	1.082	1.084
688	3452.806	3357.112	3643.515	3431.721	1.067	1.064	1.074
689	3454.197	3304.580	3565.413	3480.420	1.082	1.079	1.074
690	3429.320	3309.970	3491.253	3449.131	1.072	1.069	1.066
691	3498.551	3405.908	3613.769	3504.459	1.090	1.086	1.088
692	3536.170	3389.133	3782.436	3500.442	1.088	1.085	1.100
693	3477.588	3343.541	3594.086	3476.647	1.081	1.078	1.081
694	3470.279	3378.836	3642.302	3452.409	1.073	1.070	1.079
695	3494.325	3342.772	3663.158	3489.384	1.085	1.081	1.087
696	3479.300	3342.004	3685.104	3462.292	1.077	1.073	1.082
697	3499.232	3435.250	3594.699	3502.300	1.089	1.085	1.088
698	3472.197	3364.569	3628.749	3467.078	1.078	1.075	1.080
699	3548.935	3460.337	3719.735	3534.582	1.099	1.095	1.103
700	3543.619	3411.612	3724.992	3557.688	1.106	1.103	1.102
701	3542.856	3443.306	3641.407	3567.501	1.109	1.106	1.102
702	3552.028	3456.485	3806.298	3530.115	1.098	1.094	1.104
703	3612.590	3511.287	3757.679	3614.289	1.124	1.120	1.123
704	3549.436	3402.122	3693.936	3551.357	1.104	1.101	1.104
705	3439.451	3335.719	3561.399	3454.629	1.074	1.071	1.069
706	3438.353	3311.713	3541.050	3434.785	1.068	1.065	1.069
707	3448.925	3207.741	3668.759	3446.965	1.072	1.068	1.072
708	3438.412	3290.460	3535.641	3470.334	1.079	1.076	1.069
709	3469.914	3395.260	3567.481	3457.359	1.075	1.072	1.079
710	3450.069	3289.958	3525.396	3469.256	1.079	1.075	1.073
711	3485.502	3377.357	3599.336	3484.626	1.083	1.080	1.084
712	3553.443	3437.402	3749.797	3534.785	1.099	1.096	1.105
713	3527.424	3356.705	3687.362	3546.232	1.103	1.099	1.097
714	3540.684	3423.019	3622.953	3536.345	1.100	1.096	1.101
715	3546.720	3393.627	3663.119	3563.331	1.108	1.104	1.103
716	3541.570	3337.974	3690.539	3574.892	1.112	1.108	1.101
717	3485.158	3384.334	3668.276	3448.148	1.072	1.069	1.084
718	3508.855	3383.775	3696.999	3495.642	1.087	1.083	1.091
719	3563.623	3364.456	3756.852	3528.537	1.097	1.094	1.108
720	3538.812	3411.449	3669.830	3513.510	1.092	1.089	1.100
721	3542.928	3379.759	3736.962	3544.585	1.102	1.099	1.102
722	3550.552	3402.180	3686.840	3566.911	1.109	1.106	1.104
723	3526.851	3412.111	3724.719	3511.490	1.092	1.088	1.097
724	3542.925	3446.842	3656.011	3526.021	1.096	1.093	1.102
725	3486.974	3403.464	3562.532	3481.562	1.083	1.079	1.084
726	3495.426	3399.692	3579.142	3503.521	1.089	1.086	1.087
727	3480.751	3317.388	3579.767	3477.852	1.081	1.078	1.082
728	3462.923	3396.490	3545.847	3458.151	1.075	1.072	1.077
729	3519.130	3381.087	3632.111	3505.368	1.090	1.086	1.094
730	3523.201	3399.762	3641.288	3534.775	1.099	1.096	1.095
731	3502.895	3358.986	3627.956	3505.080	1.090	1.086	1.089
732	3446.735	3366.710	3525.617	3440.044	1.070	1.066	1.072
733	3502.742	3370.568	3618.102	3491.391	1.086	1.082	1.089
734	3495.027	3344.412	3581.428	3510.966	1.092	1.088	1.087
735	3448.094	3318.639	3573.438	3437.193	1.069	1.065	1.072
736	3503.084	3333.248	3695.853	3487.355	1.084	1.081	1.089
737	3478.432	3333.264	3666.610	3488.293	1.085	1.081	1.082
738	3472.934	3383.856	3560.542	3456.199	1.075	1.071	1.080
739	3496.174	3249.273	3794.204	3464.451	1.077	1.074	1.087
740	3528.056	3426.837	3646.486	3536.893	1.100	1.096	1.097
741	3484.385	3363.096	3623.511	3499.628	1.088	1.085	1.083
742	3493.524	3325.854	3630.936	3477.325	1.081	1.078	1.086
743	3516.293	3370.631	3632.990	3549.921	1.104	1.100	1.093
744	3575.117	3487.821	3703.093	3575.803	1.112	1.108	1.112
745	3534.861	3397.141	3714.442	3521.604	1.095	1.091	1.099
746	3456.308	3353.413	3531.563	3463.707	1.077	1.074	1.075
747	3537.213	3414.909	3637.861	3546.277	1.103	1.099	1.100
748	3568.855	3392.030	3878.881	3561.083	1.107	1.104	1.110
749	3526.975	3348.787	3675.169	3520.203	1.095	1.091	1.097
750	3515.371	3435.077	3637.647	3519.745	1.094	1.091	1.093
751	3480.030	3300.722	3582.769	3499.507	1.088	1.085	1.082
752	3524.038	3335.615	3627.007	3565.341	1.109	1.105	1.096
753	3560.842	3378.581	3786.312	3497.678	1.088	1.084	1.107
754	3504.206	3317.339	3623.745	3526.944	1.097	1.093	1.090
755	3526.433	3347.637	3642.605	3525.711	1.096	1.093	1.096
756	3462.355	3338.022	3798.289	3431.362	1.067	1.063	1.077
757	3472.680	3370.705	3683.498	3452.627	1.074	1.070	1.080
758	3378.303	3257.474	3490.683	3383.152	1.052	1.049	1.050
759	3401.702	3348.531	3451.421	3411.940	1.061	1.057	1.058
760	3415.274	3373.992	3466.790	3400.478	1.057	1.054	1.062
761	3412.610	3314.524	3505.434	3424.106	1.065	1.061	1.061
762	3416.176	3276.858	3582.702	3408.014	1.060	1.056	1.062
763	3455.994	3298.450	3603.740	3495.917	1.087	1.084	1.075
764	3477.057	3326.995	3656.653	3490.433	1.085	1.082	1.081
765	3441.939	3348.150	3598.600	3440.684	1.070	1.066	1.070
766	3456.267	3368.745	3598.608	3454.601	1.074	1.071	1.075
767	3495.110	3333.414	3654.274	3492.997	1.086	1.083	1.087
768	3483.380	3270.918	3662.407	3510.457	1.092	1.088	1.083
769	3491.764	3266.593	3681.577	3533.677	1.099	1.095	1.086
770	3475.925	3278.771	3762.599	3463.794	1.077	1.074	1.081
771	3409.851	3264.636	3597.265	3383.120	1.052	1.049	1.060
772	3479.322	3374.046	3570.021	3472.849	1.080	1.076	1.082
773	3470.557	3323.884	3521.271	3491.516	1.086	1.082	1.079
774	3417.820	3374.094	3479.550	3405.571	1.059	1.056	1.063
775	3398.764	3285.359	3559.363	3388.980	1.054	1.050	1.057
776	3426.471	3348.827	3502.575	3430.351	1.067	1.063	1.065
777	3418.887	3318.751	3582.890	3406.996	1.059	1.056	1.063
778	3433.637	3265.272	3597.842	3445.275	1.071	1.068	1.068
779	3450.256	3314.660	3550.466	3468.480	1.078	1.075	1.073
780	3436.277	3337.212	3493.444	3452.742	1.074	1.070	1.068
781	3453.175	3270.778	3582.348	3464.713	1.077	1.074	1.074
782	3471.827	3247.412	3698.337	3499.832	1.088	1.085	1.080
783	3488.867	3284.642	3648.340	3499.518	1.088	1.085	1.085
784	3445.602	3346.982	3509.863	3442.081	1.070	1.067	1.071
785	3419.021	3345.827	3486.203	3428.398	1.066	1.063	1.063
786	3458.965	3362.735	3651.472	3427.930	1.066	1.062	1.076
787	3476.645	3374.656	3599.758	3468.418	1.078	1.075	1.081
788	3493.735	3351.990	3599.250	3485.686	1.084	1.080	1.086
789	3437.261	3321.184	3545.454	3433.247	1.068	1.064	1.069
790	3471.912	3304.455	3544.008	3517.700	1.094	1.090	1.080
791	3432.281	3343.930	3532.766	3421.796	1.064	1.061	1.067
792	3413.756	3311.528	3556.624	3408.870	1.060	1.057	1.061
793	3441.156	3259.241	3608.454	3449.434	1.073	1.069	1.070
794	3447.629	3298.958	3608.908	3441.660	1.070	1.067	1.072
795	3412.837	3328.075	3476.199	3421.225	1.064	1.060	1.061
796	3386.980	3189.421	3465.337	3401.404	1.058	1.054	1.053
797	3373.878	3299.777	3434.032	3382.081	1.052	1.048	1.049
798	3434.368	3339.115	3501.533	3427.519	1.066	1.062	1.068
799	3414.266	3328.825	3523.220	3418.348	1.063	1.059	1.062
800	3449.244	3347.018	3561.291	3453.032	1.074	1.070	1.072
801	3488.878	3423.485	3579.200	3479.354	1.082	1.078	1.085
802	3488.321	3349.417	3645.488	3487.364	1.084	1.081	1.085
803	3432.248	3334.507	3595.825	3405.477	1.059	1.055	1.067
804	3430.117	3391.974	3509.754	3425.784	1.065	1.062	1.067
805	3502.521	3373.092	3721.146	3505.151	1.090	1.086	1.089
806	3502.521	3373.092	3721.146	3505.151	1.090	1.086	1.089
807	3502.521	3373.092	3721.146	3505.151	1.090	1.086	1.089
