 	Mean	Min	Max	Median	Max_to_bgmean	Median_to_bgmedian	Mean_to_bgmean
1	3664.230	3576.438	3847.899	3637.948	1.133	1.133	1.142
2	3677.969	3545.089	3780.570	3675.341	1.145	1.145	1.146
3	3704.230	3395.529	3955.817	3665.278	1.142	1.142	1.154
4	3685.526	3526.091	3979.095	3675.086	1.145	1.145	1.148
5	3715.933	3609.067	3991.057	3699.320	1.152	1.152	1.158
6	3647.155	3492.990	3963.216	3599.358	1.121	1.121	1.136
7	3620.001	3463.351	3774.590	3627.689	1.130	1.130	1.128
8	3671.796	3541.181	3880.854	3657.953	1.140	1.140	1.144
9	3698.440	3580.917	3803.566	3691.904	1.150	1.150	1.152
10	3655.935	3494.510	3855.635	3618.761	1.127	1.127	1.139
11	3728.239	3566.103	3937.880	3732.491	1.163	1.163	1.161
12	3715.159	3600.801	3825.572	3694.357	1.151	1.151	1.157
13	3749.435	3636.416	3900.052	3724.945	1.160	1.160	1.168
14	3756.210	3547.042	4077.685	3732.028	1.163	1.163	1.170
15	3790.365	3525.528	4073.288	3812.512	1.188	1.188	1.181
16	3736.751	3518.029	3937.045	3742.702	1.166	1.166	1.164
17	3751.697	3623.997	4030.822	3746.199	1.167	1.167	1.169
18	3712.659	3530.935	3919.544	3731.199	1.162	1.162	1.157
19	3640.247	3478.665	3802.121	3655.468	1.139	1.139	1.134
20	3741.464	3611.475	3950.095	3719.990	1.159	1.159	1.166
21	3668.912	3552.313	3818.879	3658.094	1.140	1.140	1.143
22	3710.872	3523.519	3988.242	3725.036	1.160	1.160	1.156
23	3731.279	3497.230	3949.247	3748.301	1.168	1.168	1.162
24	3780.515	3491.167	4069.561	3752.226	1.169	1.169	1.178
25	3783.807	3444.014	4029.653	3784.457	1.179	1.179	1.179
26	3790.563	3628.737	3954.874	3799.617	1.184	1.184	1.181
27	3841.750	3713.022	4127.879	3780.759	1.178	1.178	1.197
28	3815.378	3645.726	3976.803	3808.378	1.186	1.186	1.189
29	3849.779	3682.394	4053.751	3841.128	1.197	1.197	1.199
30	3767.818	3679.703	3927.628	3741.654	1.166	1.166	1.174
31	3724.222	3562.500	3902.959	3704.466	1.154	1.154	1.160
32	3730.402	3621.091	3857.453	3704.793	1.154	1.154	1.162
33	3802.950	3612.694	4004.617	3778.867	1.177	1.177	1.185
34	3889.414	3687.583	4097.922	3874.910	1.207	1.207	1.212
35	3786.397	3604.981	4158.167	3747.981	1.168	1.168	1.180
36	3792.177	3604.522	4006.488	3822.726	1.191	1.191	1.181
37	3783.176	3582.651	4090.276	3744.411	1.166	1.166	1.179
38	3762.545	3538.285	4047.392	3735.073	1.164	1.164	1.172
39	3797.362	3683.993	4051.883	3752.584	1.169	1.169	1.183
40	3834.193	3705.943	4004.589	3803.125	1.185	1.185	1.194
41	3853.888	3663.157	4085.210	3865.739	1.204	1.204	1.201
42	3801.240	3581.782	3961.361	3846.090	1.198	1.198	1.184
43	3802.261	3619.188	3990.473	3826.712	1.192	1.192	1.185
44	3776.375	3594.365	3897.716	3782.560	1.178	1.178	1.176
45	3790.270	3535.650	3923.867	3822.847	1.191	1.191	1.181
46	3801.359	3594.446	4014.990	3802.718	1.185	1.185	1.184
47	3730.736	3556.478	4009.941	3693.663	1.151	1.151	1.162
48	3709.344	3516.374	3907.460	3704.753	1.154	1.154	1.156
49	3707.101	3589.630	3853.404	3667.405	1.142	1.142	1.155
50	3779.714	3635.438	3883.463	3776.870	1.177	1.177	1.177
51	3739.965	3473.763	3905.535	3757.134	1.170	1.170	1.165
52	3886.006	3773.270	4020.322	3865.979	1.204	1.204	1.211
53	3900.779	3730.905	4038.645	3921.770	1.222	1.222	1.215
54	3895.991	3731.933	4178.855	3870.553	1.206	1.206	1.214
55	3766.354	3670.628	3903.573	3746.497	1.167	1.167	1.173
56	3806.831	3694.079	3966.179	3793.212	1.182	1.182	1.186
57	3794.162	3623.941	3926.148	3817.499	1.189	1.189	1.182
58	3822.158	3688.687	4003.792	3805.253	1.185	1.185	1.191
59	3871.120	3708.771	4061.618	3876.217	1.208	1.208	1.206
60	3766.919	3554.484	3912.934	3741.893	1.166	1.166	1.173
61	3779.825	3565.528	4089.880	3765.238	1.173	1.173	1.178
62	3755.877	3536.205	3952.691	3711.892	1.156	1.156	1.170
63	3816.997	3659.278	4069.613	3829.516	1.193	1.193	1.189
64	3830.980	3712.370	4031.150	3840.135	1.196	1.196	1.193
65	3865.658	3741.216	4064.997	3873.258	1.207	1.207	1.204
66	3881.821	3659.062	4023.868	3900.224	1.215	1.215	1.209
67	3772.212	3509.049	3878.659	3797.280	1.183	1.183	1.175
68	3810.167	3718.719	3877.247	3812.016	1.188	1.188	1.187
69	3843.438	3694.074	3948.438	3849.771	1.199	1.199	1.197
70	3889.938	3751.887	4164.818	3850.410	1.200	1.200	1.212
71	3876.475	3691.712	4133.719	3867.158	1.205	1.205	1.208
72	3772.898	3468.166	3962.255	3798.500	1.183	1.183	1.175
73	3816.458	3645.749	4115.675	3808.961	1.187	1.187	1.189
74	3802.360	3547.838	3932.504	3811.941	1.188	1.188	1.185
75	3909.127	3728.639	4265.538	3893.875	1.213	1.213	1.218
76	3960.939	3793.041	4119.785	3947.664	1.230	1.230	1.234
77	3876.662	3646.598	4086.880	3847.180	1.198	1.198	1.208
78	3835.473	3723.375	3971.904	3857.432	1.202	1.202	1.195
79	3792.119	3598.501	4074.693	3768.698	1.174	1.174	1.181
80	3922.681	3600.884	4380.637	3862.492	1.203	1.203	1.222
81	3933.935	3776.565	4141.738	3930.962	1.225	1.225	1.226
82	3837.114	3619.050	4083.251	3840.394	1.196	1.196	1.195
83	3914.326	3694.585	4196.087	3853.825	1.201	1.201	1.219
84	3810.105	3607.532	4141.896	3795.092	1.182	1.182	1.187
85	3965.404	3704.387	4198.548	3970.497	1.237	1.237	1.235
86	3825.091	3661.194	4052.291	3791.117	1.181	1.181	1.192
87	3890.013	3718.256	4075.262	3862.688	1.203	1.203	1.212
88	3882.398	3751.935	4033.501	3863.215	1.203	1.203	1.209
89	3859.526	3674.266	3995.779	3874.725	1.207	1.207	1.202
90	3781.109	3609.161	3961.364	3765.571	1.173	1.173	1.178
91	3797.632	3711.374	3907.808	3805.120	1.185	1.185	1.183
92	3828.201	3597.456	4125.191	3796.731	1.183	1.183	1.193
93	3929.035	3805.685	4055.193	3934.707	1.226	1.226	1.224
94	3827.988	3688.809	4019.156	3816.216	1.189	1.189	1.193
95	3805.121	3634.663	3973.837	3816.003	1.189	1.189	1.185
96	3795.621	3616.755	4159.163	3748.435	1.168	1.168	1.182
97	3796.303	3541.133	3950.164	3845.029	1.198	1.198	1.183
98	3812.367	3574.878	4090.422	3785.477	1.179	1.179	1.188
99	3814.168	3646.034	3978.420	3806.016	1.186	1.186	1.188
100	3834.613	3711.417	3999.623	3841.576	1.197	1.197	1.195
101	3859.598	3665.107	4117.311	3837.962	1.196	1.196	1.202
102	3803.515	3677.061	3928.664	3827.675	1.192	1.192	1.185
103	3816.202	3706.086	3950.371	3820.407	1.190	1.190	1.189
104	3823.788	3644.531	4080.562	3822.660	1.191	1.191	1.191
105	3839.368	3690.606	3963.211	3857.026	1.202	1.202	1.196
106	3845.109	3726.823	3961.829	3848.245	1.199	1.199	1.198
107	3797.865	3585.355	3945.375	3829.696	1.193	1.193	1.183
108	3872.121	3747.310	3929.355	3880.293	1.209	1.209	1.206
109	3875.480	3772.817	4024.309	3868.880	1.205	1.205	1.207
110	3871.158	3789.706	3973.122	3877.799	1.208	1.208	1.206
111	3857.177	3658.156	4023.825	3847.517	1.199	1.199	1.202
112	3888.016	3756.144	4050.287	3853.256	1.200	1.200	1.211
113	3969.768	3760.174	4135.199	3947.041	1.230	1.230	1.237
114	3913.948	3774.411	4073.999	3879.278	1.208	1.208	1.219
115	3896.236	3826.562	3951.390	3909.011	1.218	1.218	1.214
116	3885.466	3773.033	3993.608	3879.584	1.209	1.209	1.210
117	3968.143	3834.874	4081.256	3961.998	1.234	1.234	1.236
118	3922.205	3769.362	4116.985	3931.900	1.225	1.225	1.222
119	3931.185	3821.025	4036.941	3943.577	1.229	1.229	1.225
120	3833.969	3739.508	3974.538	3795.702	1.182	1.182	1.194
121	3892.106	3752.904	3983.274	3913.459	1.219	1.219	1.212
122	3824.512	3604.748	4085.435	3796.254	1.183	1.183	1.191
123	3859.794	3664.570	4080.587	3873.613	1.207	1.207	1.202
124	3848.229	3651.250	4051.500	3861.352	1.203	1.203	1.199
125	3854.931	3707.016	4087.794	3840.418	1.196	1.196	1.201
126	3776.522	3634.571	3967.815	3755.860	1.170	1.170	1.176
127	3775.509	3678.390	3875.447	3765.321	1.173	1.173	1.176
128	3934.553	3714.700	4211.324	3911.818	1.219	1.219	1.226
129	3887.014	3665.072	4368.402	3898.303	1.214	1.214	1.211
130	3841.313	3651.765	4100.019	3789.377	1.180	1.180	1.197
131	3872.074	3661.991	4065.943	3867.024	1.205	1.205	1.206
132	3862.162	3667.530	3980.569	3874.271	1.207	1.207	1.203
133	3889.110	3673.257	4190.860	3861.562	1.203	1.203	1.212
134	3935.879	3657.949	4148.225	3947.433	1.230	1.230	1.226
135	3805.796	3690.346	4020.702	3765.753	1.173	1.173	1.186
136	3965.275	3832.232	4132.760	3954.009	1.232	1.232	1.235
137	3836.149	3609.184	4129.635	3824.513	1.191	1.191	1.195
138	3852.386	3752.887	3954.014	3854.110	1.201	1.201	1.200
139	3961.234	3703.395	4143.471	4011.941	1.250	1.250	1.234
140	3886.196	3739.117	4056.338	3868.946	1.205	1.205	1.211
141	3859.427	3720.450	4093.437	3845.076	1.198	1.198	1.202
142	3866.579	3750.457	4035.359	3870.889	1.206	1.206	1.205
143	3903.239	3803.916	3986.520	3907.749	1.217	1.217	1.216
144	3916.426	3810.602	4141.925	3889.184	1.212	1.212	1.220
145	3812.374	3697.068	3987.312	3794.671	1.182	1.182	1.188
146	3837.411	3594.464	4026.681	3882.010	1.209	1.209	1.195
147	3856.381	3711.120	4046.484	3847.442	1.199	1.199	1.201
148	3811.511	3556.856	4108.329	3819.202	1.190	1.190	1.187
149	3835.148	3630.568	3978.863	3834.047	1.194	1.194	1.195
150	3819.406	3630.053	4108.488	3785.852	1.179	1.179	1.190
151	3783.734	3579.441	3967.472	3771.910	1.175	1.175	1.179
152	3831.305	3602.152	3944.647	3875.109	1.207	1.207	1.194
153	3822.358	3596.340	4124.967	3809.636	1.187	1.187	1.191
154	3820.335	3751.112	3926.404	3806.274	1.186	1.186	1.190
155	3873.618	3655.624	4161.307	3864.659	1.204	1.204	1.207
156	3842.597	3647.570	4027.340	3868.628	1.205	1.205	1.197
157	3819.872	3707.994	4016.321	3798.265	1.183	1.183	1.190
158	3869.800	3695.575	4054.672	3894.081	1.213	1.213	1.206
159	3770.660	3544.275	3977.857	3777.084	1.177	1.177	1.175
160	3753.675	3580.756	3967.657	3735.190	1.164	1.164	1.169
161	3818.685	3663.090	3953.166	3835.207	1.195	1.195	1.190
162	3859.337	3692.134	4046.098	3843.283	1.197	1.197	1.202
163	3813.886	3592.761	4082.683	3777.473	1.177	1.177	1.188
164	3850.927	3571.625	4158.840	3839.265	1.196	1.196	1.200
165	3807.020	3568.336	3965.115	3851.265	1.200	1.200	1.186
166	3865.845	3602.250	4070.089	3881.129	1.209	1.209	1.204
167	3816.206	3531.383	4041.705	3838.542	1.196	1.196	1.189
168	3937.231	3756.733	4118.893	3914.796	1.220	1.220	1.227
169	3885.023	3671.147	4091.686	3885.032	1.210	1.210	1.210
170	3903.766	3808.704	4000.572	3886.410	1.211	1.211	1.216
171	3880.035	3645.049	4015.545	3889.294	1.212	1.212	1.209
172	3846.704	3714.476	3955.669	3851.747	1.200	1.200	1.198
173	3800.338	3618.346	4001.570	3837.987	1.196	1.196	1.184
174	3735.686	3579.164	4003.988	3704.077	1.154	1.154	1.164
175	3777.848	3647.696	4010.403	3707.348	1.155	1.155	1.177
176	3793.091	3482.680	4042.564	3796.572	1.183	1.183	1.182
177	3893.777	3770.341	3988.783	3908.591	1.218	1.218	1.213
178	3910.837	3655.654	4040.107	3923.371	1.222	1.222	1.218
179	3851.861	3781.676	3929.159	3851.037	1.200	1.200	1.200
180	3821.562	3721.222	3969.418	3787.108	1.180	1.180	1.191
181	3848.495	3737.411	3949.670	3865.005	1.204	1.204	1.199
182	3819.298	3735.362	3952.459	3791.201	1.181	1.181	1.190
183	3828.481	3627.868	4078.829	3813.979	1.188	1.188	1.193
184	3880.956	3666.469	4188.161	3855.498	1.201	1.201	1.209
185	3861.062	3692.848	4087.395	3883.293	1.210	1.210	1.203
186	3855.251	3620.442	4016.422	3879.350	1.209	1.209	1.201
187	3936.690	3685.686	4142.013	3948.503	1.230	1.230	1.226
188	3878.519	3596.588	4020.818	3941.679	1.228	1.228	1.208
189	3883.280	3755.935	4043.023	3865.019	1.204	1.204	1.210
190	3953.191	3725.646	4147.081	3969.048	1.236	1.236	1.232
191	3890.233	3710.231	4176.179	3841.540	1.197	1.197	1.212
192	3802.864	3651.106	3919.326	3786.392	1.180	1.180	1.185
193	3822.898	3641.620	3940.025	3845.087	1.198	1.198	1.191
194	3875.510	3758.292	4051.484	3868.445	1.205	1.205	1.207
195	3860.291	3616.788	4085.074	3872.867	1.207	1.207	1.203
196	3781.391	3610.168	3949.886	3767.958	1.174	1.174	1.178
197	3905.841	3793.441	4042.121	3909.617	1.218	1.218	1.217
198	3934.979	3616.121	4148.863	3951.777	1.231	1.231	1.226
199	3898.424	3762.709	4029.086	3901.303	1.215	1.215	1.214
200	3845.573	3668.611	3966.624	3864.264	1.204	1.204	1.198
201	3812.646	3660.298	4055.361	3826.051	1.192	1.192	1.188
202	3804.537	3711.001	3981.388	3791.165	1.181	1.181	1.185
203	3834.424	3644.823	4051.573	3863.492	1.204	1.204	1.195
204	3808.958	3720.083	3946.296	3796.973	1.183	1.183	1.187
205	3766.719	3627.571	3908.276	3758.014	1.171	1.171	1.173
206	3774.401	3562.477	3944.251	3786.630	1.180	1.180	1.176
207	3736.068	3492.869	4030.037	3708.603	1.155	1.155	1.164
208	3800.054	3693.343	3930.871	3810.461	1.187	1.187	1.184
209	3827.140	3713.862	3921.330	3836.799	1.195	1.195	1.192
210	3850.655	3720.968	3971.578	3833.255	1.194	1.194	1.200
211	3910.412	3725.651	4068.477	3939.808	1.227	1.227	1.218
212	3817.562	3679.026	4012.711	3787.864	1.180	1.180	1.189
213	3863.600	3797.209	4020.458	3847.154	1.198	1.198	1.204
214	3860.329	3739.622	4041.280	3845.008	1.198	1.198	1.203
215	3850.378	3741.009	4007.264	3845.434	1.198	1.198	1.199
216	3872.249	3672.090	4135.627	3881.427	1.209	1.209	1.206
217	3954.240	3758.020	4156.306	3991.757	1.244	1.244	1.232
218	3855.586	3669.622	4001.947	3842.671	1.197	1.197	1.201
219	3820.093	3721.503	3914.333	3807.376	1.186	1.186	1.190
220	3857.172	3775.088	3985.393	3854.688	1.201	1.201	1.202
221	3828.796	3602.601	4063.403	3867.023	1.205	1.205	1.193
222	3841.366	3716.938	3951.487	3844.550	1.198	1.198	1.197
223	3828.537	3612.375	3985.505	3835.367	1.195	1.195	1.193
224	3937.020	3668.599	4381.095	3931.995	1.225	1.225	1.226
225	3858.025	3684.134	4099.784	3812.850	1.188	1.188	1.202
226	3799.505	3606.523	3932.030	3830.030	1.193	1.193	1.184
227	3832.073	3672.062	3953.584	3840.249	1.196	1.196	1.194
228	3868.150	3723.577	3981.630	3867.941	1.205	1.205	1.205
229	3795.728	3608.575	3949.303	3789.620	1.181	1.181	1.182
230	3880.529	3746.065	4037.948	3895.362	1.214	1.214	1.209
231	3836.728	3669.392	3963.229	3877.232	1.208	1.208	1.195
232	3824.271	3706.396	3952.233	3825.405	1.192	1.192	1.191
233	3891.600	3737.746	4067.149	3872.480	1.206	1.206	1.212
234	3933.775	3803.158	4071.340	3919.249	1.221	1.221	1.225
235	3864.519	3661.144	4034.155	3863.619	1.204	1.204	1.204
236	3787.315	3680.052	3979.149	3760.664	1.172	1.172	1.180
237	3784.624	3630.313	4220.525	3720.532	1.159	1.159	1.179
238	3790.070	3657.194	4040.125	3757.553	1.171	1.171	1.181
239	3904.473	3797.031	3999.947	3899.042	1.215	1.215	1.216
240	3904.902	3710.263	4033.887	3906.220	1.217	1.217	1.216
241	3947.633	3767.183	4101.102	3950.780	1.231	1.231	1.230
242	3874.479	3696.676	3990.613	3895.837	1.214	1.214	1.207
243	3751.846	3651.919	3902.364	3727.373	1.161	1.161	1.169
244	3756.436	3523.171	3955.221	3754.227	1.170	1.170	1.170
245	3811.615	3598.656	3979.046	3868.043	1.205	1.205	1.187
246	3864.398	3708.853	4138.816	3823.682	1.191	1.191	1.204
247	3777.469	3513.651	3992.202	3814.322	1.188	1.188	1.177
248	3826.096	3607.071	4015.038	3820.154	1.190	1.190	1.192
249	3819.504	3686.325	3902.395	3830.007	1.193	1.193	1.190
250	3770.453	3656.998	3897.775	3776.984	1.177	1.177	1.175
251	3799.473	3617.706	3901.312	3810.403	1.187	1.187	1.184
252	3905.769	3662.972	4139.951	3880.556	1.209	1.209	1.217
253	3834.585	3557.773	4076.013	3850.696	1.200	1.200	1.195
254	3887.688	3744.397	4086.755	3867.174	1.205	1.205	1.211
255	3844.135	3422.823	4159.368	3913.152	1.219	1.219	1.198
256	3890.690	3741.060	3994.897	3900.589	1.215	1.215	1.212
257	3911.935	3783.982	4121.955	3877.415	1.208	1.208	1.219
258	3882.938	3723.160	4018.283	3869.715	1.206	1.206	1.210
259	3813.610	3671.037	3966.697	3810.172	1.187	1.187	1.188
260	3812.793	3562.649	4085.424	3844.331	1.198	1.198	1.188
261	3807.109	3594.188	3932.754	3872.656	1.206	1.206	1.186
262	3873.118	3759.451	4271.950	3813.787	1.188	1.188	1.207
263	3821.299	3614.017	4009.402	3856.096	1.201	1.201	1.190
264	3812.150	3661.937	4014.342	3799.132	1.184	1.184	1.188
265	3812.682	3595.489	4006.334	3808.738	1.187	1.187	1.188
266	3819.195	3705.932	3979.340	3805.820	1.186	1.186	1.190
267	3776.029	3632.571	3906.226	3780.347	1.178	1.178	1.176
268	3845.204	3680.695	4109.473	3830.674	1.193	1.193	1.198
269	3937.079	3813.229	4117.188	3928.585	1.224	1.224	1.227
270	3939.716	3684.247	4054.955	3938.118	1.227	1.227	1.227
271	3939.166	3813.578	4139.493	3899.148	1.215	1.215	1.227
272	3873.279	3635.231	4068.298	3851.717	1.200	1.200	1.207
273	3834.743	3614.072	4236.830	3809.759	1.187	1.187	1.195
274	3872.891	3703.773	4192.812	3817.437	1.189	1.189	1.207
275	3868.537	3735.466	4070.850	3873.763	1.207	1.207	1.205
276	3941.837	3765.829	4115.085	3952.204	1.231	1.231	1.228
277	3965.162	3789.143	4107.901	3960.707	1.234	1.234	1.235
278	3989.017	3812.877	4172.289	3993.510	1.244	1.244	1.243
279	3946.600	3770.742	4066.336	3959.011	1.233	1.233	1.229
280	3930.276	3741.191	4155.110	3890.747	1.212	1.212	1.224
281	3937.446	3616.898	4177.494	3897.105	1.214	1.214	1.227
282	3814.756	3658.399	4047.262	3815.638	1.189	1.189	1.188
283	3932.741	3650.605	4251.346	3903.572	1.216	1.216	1.225
284	3905.147	3779.446	4084.526	3913.359	1.219	1.219	1.217
285	3846.432	3708.043	4006.685	3837.625	1.196	1.196	1.198
286	3808.401	3606.407	3939.077	3843.007	1.197	1.197	1.186
287	3907.844	3785.812	4108.645	3862.976	1.203	1.203	1.217
288	3872.105	3737.658	4069.763	3843.401	1.197	1.197	1.206
289	3872.301	3750.054	4063.914	3856.807	1.201	1.201	1.206
290	3851.875	3612.401	4092.759	3841.689	1.197	1.197	1.200
291	3865.282	3705.263	4046.775	3854.172	1.201	1.201	1.204
292	3916.350	3705.662	4075.080	3898.849	1.215	1.215	1.220
293	3926.683	3813.938	4163.771	3877.496	1.208	1.208	1.223
294	3824.630	3732.973	3957.377	3819.678	1.190	1.190	1.191
295	3862.794	3636.238	4074.833	3880.363	1.209	1.209	1.203
296	3853.387	3649.783	3995.107	3862.185	1.203	1.203	1.200
297	3830.491	3725.112	3963.834	3833.648	1.194	1.194	1.193
298	3833.405	3720.654	4013.807	3794.581	1.182	1.182	1.194
299	3795.944	3494.615	3952.426	3852.112	1.200	1.200	1.183
300	3831.912	3657.414	4108.142	3821.652	1.191	1.191	1.194
301	3785.824	3610.091	4053.045	3763.383	1.172	1.172	1.179
302	3805.361	3649.996	4030.872	3802.544	1.185	1.185	1.185
303	3891.722	3760.702	3981.667	3920.869	1.221	1.221	1.212
304	3992.525	3885.739	4101.867	3981.700	1.240	1.240	1.244
305	3915.885	3715.751	4114.436	3917.191	1.220	1.220	1.220
306	3865.184	3596.632	4169.540	3852.713	1.200	1.200	1.204
307	3868.924	3719.883	4104.793	3882.978	1.210	1.210	1.205
308	3889.345	3617.228	4288.875	3844.265	1.198	1.198	1.212
309	3912.943	3729.171	4202.893	3893.578	1.213	1.213	1.219
310	3867.516	3564.281	4018.872	3891.761	1.212	1.212	1.205
311	3870.825	3697.375	3993.962	3894.310	1.213	1.213	1.206
312	3906.071	3705.745	4113.398	3921.960	1.222	1.222	1.217
313	3921.958	3789.978	4237.692	3890.066	1.212	1.212	1.222
314	3940.886	3853.439	4133.026	3922.727	1.222	1.222	1.228
315	3874.471	3699.607	3988.565	3879.703	1.209	1.209	1.207
316	3869.171	3673.325	4066.367	3875.121	1.207	1.207	1.205
317	3936.329	3646.990	4071.892	3982.596	1.241	1.241	1.226
318	3899.587	3602.022	4204.404	3881.862	1.209	1.209	1.215
319	3866.220	3581.758	4086.377	3862.580	1.203	1.203	1.204
320	3871.989	3672.227	4095.405	3847.099	1.198	1.198	1.206
321	3852.547	3732.823	3951.934	3870.460	1.206	1.206	1.200
322	3914.973	3781.333	4071.364	3933.157	1.225	1.225	1.220
323	3935.052	3740.381	4179.340	3901.870	1.216	1.216	1.226
324	3947.758	3689.122	4232.367	4010.694	1.249	1.249	1.230
325	3874.118	3660.273	4062.411	3868.311	1.205	1.205	1.207
326	3888.247	3743.382	4019.248	3883.254	1.210	1.210	1.211
327	3852.731	3715.211	4022.913	3841.517	1.197	1.197	1.200
328	3916.654	3604.480	4091.991	3974.646	1.238	1.238	1.220
329	3928.897	3793.465	4105.379	3900.240	1.215	1.215	1.224
330	3839.168	3685.379	4066.991	3800.115	1.184	1.184	1.196
331	3880.242	3618.555	4143.333	3904.732	1.216	1.216	1.209
332	3896.805	3767.797	4031.113	3894.349	1.213	1.213	1.214
333	3912.803	3818.287	4145.784	3875.590	1.207	1.207	1.219
334	3905.026	3780.315	4159.962	3890.208	1.212	1.212	1.217
335	3899.619	3743.027	4068.419	3868.092	1.205	1.205	1.215
336	3867.074	3557.330	4246.308	3840.397	1.196	1.196	1.205
337	3878.044	3492.376	4143.377	3869.586	1.205	1.205	1.208
338	3947.426	3646.461	4243.692	3932.405	1.225	1.225	1.230
339	3910.128	3739.528	4055.433	3904.309	1.216	1.216	1.218
340	3879.230	3692.654	4123.338	3875.817	1.207	1.207	1.208
341	3799.285	3642.811	3904.660	3810.613	1.187	1.187	1.184
342	3857.520	3599.851	4064.558	3870.258	1.206	1.206	1.202
343	3845.041	3733.339	3986.103	3820.787	1.190	1.190	1.198
344	3931.835	3563.782	4238.620	4001.081	1.246	1.246	1.225
345	3798.392	3517.006	4068.585	3789.175	1.180	1.180	1.183
346	3883.892	3638.202	4108.814	3874.119	1.207	1.207	1.210
347	3996.665	3810.283	4178.154	4013.341	1.250	1.250	1.245
348	3796.168	3588.838	3936.741	3814.457	1.188	1.188	1.183
349	3832.680	3705.293	4007.371	3826.770	1.192	1.192	1.194
350	3812.680	3679.245	4070.324	3798.247	1.183	1.183	1.188
351	3847.565	3586.334	4137.074	3825.042	1.192	1.192	1.199
352	3832.457	3682.760	3994.466	3817.479	1.189	1.189	1.194
353	3866.824	3642.474	4202.078	3835.174	1.195	1.195	1.205
354	3864.212	3641.446	4058.715	3888.788	1.211	1.211	1.204
355	3802.483	3573.970	4017.872	3802.911	1.185	1.185	1.185
356	3790.227	3482.340	3997.074	3791.644	1.181	1.181	1.181
357	3892.491	3780.785	4205.974	3871.861	1.206	1.206	1.213
358	3920.939	3680.971	4043.717	3970.961	1.237	1.237	1.221
359	3957.020	3798.965	4083.757	3960.996	1.234	1.234	1.233
360	3982.169	3789.098	4224.897	3979.544	1.240	1.240	1.241
361	3988.450	3720.327	4187.101	4007.998	1.249	1.249	1.243
362	3859.184	3669.038	4067.095	3812.914	1.188	1.188	1.202
363	3821.823	3654.302	3904.585	3843.633	1.197	1.197	1.191
364	3905.639	3656.654	4332.667	3890.755	1.212	1.212	1.217
365	3871.951	3660.957	4140.536	3882.830	1.210	1.210	1.206
366	3883.963	3717.330	4190.782	3808.395	1.186	1.186	1.210
367	3883.262	3656.781	4025.250	3920.627	1.221	1.221	1.210
368	3928.376	3712.745	4005.246	3980.016	1.240	1.240	1.224
369	3911.381	3687.208	4195.981	3886.076	1.211	1.211	1.218
370	3905.687	3678.685	4114.432	3866.107	1.204	1.204	1.217
371	3842.916	3664.580	3945.466	3887.342	1.211	1.211	1.197
372	3840.568	3475.880	4070.435	3865.826	1.204	1.204	1.196
373	3892.683	3536.232	4206.903	3916.711	1.220	1.220	1.213
374	3908.864	3642.588	4137.376	3912.821	1.219	1.219	1.218
375	3860.339	3701.194	3986.518	3839.622	1.196	1.196	1.203
376	3747.123	3656.197	3888.458	3723.637	1.160	1.160	1.167
377	3830.255	3609.402	4103.806	3838.174	1.196	1.196	1.193
378	3912.089	3596.562	4201.999	3925.879	1.223	1.223	1.219
379	3943.557	3801.051	4049.415	3969.848	1.237	1.237	1.229
380	3895.125	3673.279	4150.152	3882.641	1.210	1.210	1.213
381	3915.549	3742.370	4088.985	3906.885	1.217	1.217	1.220
382	3847.466	3718.576	3956.181	3829.792	1.193	1.193	1.199
383	3896.189	3596.874	4093.338	3927.135	1.223	1.223	1.214
384	3908.640	3566.537	4109.730	3931.217	1.225	1.225	1.218
385	3842.724	3656.253	3927.790	3867.926	1.205	1.205	1.197
386	3831.187	3560.704	3978.445	3863.741	1.204	1.204	1.194
387	3762.688	3498.644	4061.427	3747.625	1.167	1.167	1.172
388	3830.256	3629.887	4058.652	3840.131	1.196	1.196	1.193
389	3858.643	3720.787	4007.888	3853.921	1.201	1.201	1.202
390	3876.729	3743.201	3987.041	3889.513	1.212	1.212	1.208
391	3847.627	3709.561	4074.808	3832.333	1.194	1.194	1.199
392	3753.071	3520.779	3957.669	3747.709	1.168	1.168	1.169
393	3805.716	3611.365	4070.841	3768.022	1.174	1.174	1.186
394	3817.266	3638.297	3942.149	3807.677	1.186	1.186	1.189
395	3915.848	3699.781	4078.993	3907.736	1.217	1.217	1.220
396	3852.453	3704.673	3994.745	3858.145	1.202	1.202	1.200
397	3874.672	3659.850	4040.491	3912.142	1.219	1.219	1.207
398	3879.084	3721.990	4078.707	3863.959	1.204	1.204	1.208
399	3851.737	3647.898	4055.351	3854.151	1.201	1.201	1.200
400	3898.025	3646.235	4175.297	3890.092	1.212	1.212	1.214
401	3890.916	3708.248	4051.218	3898.573	1.215	1.215	1.212
402	3880.895	3685.541	4053.571	3884.076	1.210	1.210	1.209
403	3905.861	3718.683	4052.352	3900.258	1.215	1.215	1.217
404	3833.235	3558.625	4010.007	3832.279	1.194	1.194	1.194
405	3873.010	3700.726	4038.601	3912.295	1.219	1.219	1.207
406	3816.068	3713.115	3966.220	3805.667	1.186	1.186	1.189
407	3851.746	3694.379	3946.328	3851.629	1.200	1.200	1.200
408	3895.685	3623.002	4191.231	3846.649	1.198	1.198	1.214
409	3853.086	3456.184	4134.205	3905.184	1.217	1.217	1.200
410	3767.077	3605.850	4036.536	3715.978	1.158	1.158	1.174
411	3778.295	3545.873	3978.979	3784.105	1.179	1.179	1.177
412	3826.658	3625.235	4003.503	3844.685	1.198	1.198	1.192
413	3892.579	3748.092	4044.278	3875.105	1.207	1.207	1.213
414	3900.729	3681.679	4147.672	3889.472	1.212	1.212	1.215
415	3813.890	3732.777	3940.783	3808.692	1.187	1.187	1.188
416	3830.033	3709.272	4080.248	3786.951	1.180	1.180	1.193
417	3819.584	3649.951	3961.560	3841.409	1.197	1.197	1.190
418	3801.709	3506.665	3973.268	3850.398	1.200	1.200	1.184
419	3810.840	3646.831	4035.064	3778.491	1.177	1.177	1.187
420	3753.737	3677.441	3824.563	3762.185	1.172	1.172	1.169
421	3802.092	3660.551	3908.067	3824.593	1.191	1.191	1.184
422	3910.852	3703.220	4094.284	3899.883	1.215	1.215	1.218
423	3929.395	3644.019	4133.053	3989.085	1.243	1.243	1.224
424	3866.439	3633.458	4051.314	3896.198	1.214	1.214	1.204
425	3832.262	3632.521	4048.486	3810.438	1.187	1.187	1.194
426	3943.886	3756.220	4167.409	3960.658	1.234	1.234	1.229
427	3876.747	3712.421	3998.766	3880.948	1.209	1.209	1.208
428	3803.350	3501.559	3920.831	3843.401	1.197	1.197	1.185
429	3841.672	3672.828	3998.983	3831.679	1.194	1.194	1.197
430	3841.294	3575.207	4047.212	3844.616	1.198	1.198	1.197
431	3885.278	3608.975	4119.528	3875.729	1.207	1.207	1.210
432	3855.842	3769.511	3985.683	3822.993	1.191	1.191	1.201
433	3776.527	3606.810	3999.864	3733.087	1.163	1.163	1.176
434	3776.380	3623.657	4011.935	3757.983	1.171	1.171	1.176
435	3870.775	3704.471	4453.999	3806.168	1.186	1.186	1.206
436	3849.231	3725.801	4099.948	3833.840	1.194	1.194	1.199
437	3761.669	3629.913	3843.631	3785.296	1.179	1.179	1.172
438	3831.967	3677.542	4090.362	3794.971	1.182	1.182	1.194
439	3798.016	3680.549	3905.130	3804.360	1.185	1.185	1.183
440	3859.432	3662.420	4163.901	3843.027	1.197	1.197	1.202
441	3861.474	3629.460	4073.938	3854.869	1.201	1.201	1.203
442	3886.827	3611.552	4192.696	3912.718	1.219	1.219	1.211
443	3825.588	3663.820	4011.658	3826.779	1.192	1.192	1.192
444	3807.498	3704.437	3927.541	3803.256	1.185	1.185	1.186
445	3929.415	3819.754	4028.927	3931.903	1.225	1.225	1.224
446	3923.832	3654.107	4207.797	3926.135	1.223	1.223	1.222
447	3782.858	3667.018	3931.890	3760.159	1.171	1.171	1.178
448	3849.177	3671.747	4232.916	3834.371	1.195	1.195	1.199
449	3914.090	3568.280	4240.300	3873.416	1.207	1.207	1.219
450	3909.009	3530.592	4437.466	3878.442	1.208	1.208	1.218
451	3921.549	3567.567	4187.613	3916.143	1.220	1.220	1.222
452	3865.228	3669.646	4132.175	3834.738	1.195	1.195	1.204
453	3952.812	3676.326	4121.280	3956.007	1.232	1.232	1.231
454	3962.383	3674.772	4156.268	3988.227	1.242	1.242	1.234
455	3853.509	3618.466	4064.120	3881.484	1.209	1.209	1.200
456	3925.566	3763.076	4218.375	3905.281	1.217	1.217	1.223
457	3969.167	3776.499	4336.605	3924.347	1.223	1.223	1.237
458	3921.877	3640.452	4330.636	3871.326	1.206	1.206	1.222
459	3924.667	3620.967	4203.447	3895.378	1.214	1.214	1.223
460	3917.018	3710.275	4153.641	3888.645	1.211	1.211	1.220
461	3888.351	3730.255	4032.571	3919.206	1.221	1.221	1.211
462	3892.048	3682.203	4098.204	3877.960	1.208	1.208	1.212
463	3845.314	3615.252	4070.579	3842.403	1.197	1.197	1.198
464	3844.901	3651.950	4063.495	3841.880	1.197	1.197	1.198
465	3862.518	3580.403	4119.846	3844.804	1.198	1.198	1.203
466	3902.306	3700.145	4224.989	3892.519	1.213	1.213	1.216
467	3827.484	3655.123	3954.635	3856.198	1.201	1.201	1.192
468	3895.325	3617.053	4054.734	3936.597	1.226	1.226	1.213
469	3812.124	3667.725	3990.198	3785.565	1.179	1.179	1.188
470	3870.244	3781.823	4011.674	3864.668	1.204	1.204	1.206
471	3870.298	3665.416	4146.207	3894.037	1.213	1.213	1.206
472	3825.097	3643.381	4183.764	3829.253	1.193	1.193	1.192
473	3806.803	3661.075	3931.185	3820.029	1.190	1.190	1.186
474	3814.488	3515.115	3993.532	3871.815	1.206	1.206	1.188
475	3724.664	3476.924	4003.343	3699.845	1.153	1.153	1.160
476	3777.512	3608.761	4040.947	3738.364	1.165	1.165	1.177
477	3837.570	3532.033	4109.667	3803.979	1.185	1.185	1.196
478	3912.559	3456.465	4207.578	3909.771	1.218	1.218	1.219
479	3865.542	3682.345	4129.199	3851.413	1.200	1.200	1.204
480	3818.416	3696.881	4026.754	3803.866	1.185	1.185	1.190
481	3908.832	3767.516	4070.033	3919.629	1.221	1.221	1.218
482	3843.021	3588.026	4027.177	3841.875	1.197	1.197	1.197
483	3750.280	3544.538	3900.915	3745.660	1.167	1.167	1.168
484	3794.053	3574.834	3956.264	3817.214	1.189	1.189	1.182
485	3812.425	3516.450	4019.404	3834.293	1.194	1.194	1.188
486	3814.945	3610.122	3993.488	3826.841	1.192	1.192	1.188
487	3779.840	3694.502	4002.429	3751.974	1.169	1.169	1.178
488	3853.155	3658.137	4207.281	3851.219	1.200	1.200	1.200
489	3843.372	3618.150	4224.897	3777.215	1.177	1.177	1.197
490	3844.065	3607.658	4046.443	3873.412	1.207	1.207	1.198
491	3885.525	3635.190	4186.518	3873.001	1.207	1.207	1.210
492	3816.311	3617.354	4038.398	3842.058	1.197	1.197	1.189
493	3813.285	3480.131	4145.604	3812.987	1.188	1.188	1.188
494	3855.367	3619.271	4117.437	3838.272	1.196	1.196	1.201
495	3851.470	3672.002	4154.591	3819.802	1.190	1.190	1.200
496	3833.899	3662.969	3985.946	3821.722	1.191	1.191	1.194
497	3811.681	3665.184	4113.700	3767.194	1.174	1.174	1.187
498	3795.067	3648.962	3946.875	3805.093	1.185	1.185	1.182
499	3860.265	3663.044	4138.184	3833.470	1.194	1.194	1.203
500	3822.423	3640.188	4005.946	3831.066	1.193	1.193	1.191
501	3859.191	3638.702	4073.223	3878.557	1.208	1.208	1.202
502	3826.424	3628.991	4058.981	3813.224	1.188	1.188	1.192
503	3972.558	3751.159	4305.868	3904.565	1.216	1.216	1.238
504	3870.061	3682.602	4068.408	3895.782	1.214	1.214	1.206
505	3866.061	3737.454	4076.942	3861.587	1.203	1.203	1.204
506	3886.825	3785.714	4070.888	3842.535	1.197	1.197	1.211
507	3869.811	3478.923	4226.031	3859.244	1.202	1.202	1.206
508	3943.770	3728.335	4123.425	3933.432	1.225	1.225	1.229
509	3942.155	3740.106	4066.624	3995.484	1.245	1.245	1.228
510	3904.919	3685.847	4064.958	3938.222	1.227	1.227	1.216
511	3943.900	3736.484	4335.812	3900.105	1.215	1.215	1.229
512	3873.599	3574.252	4341.367	3797.713	1.183	1.183	1.207
513	3890.886	3734.658	4191.009	3884.197	1.210	1.210	1.212
514	3940.629	3748.430	4196.915	3938.802	1.227	1.227	1.228
515	3879.590	3704.317	4089.756	3881.332	1.209	1.209	1.209
516	3882.428	3666.880	4079.811	3856.229	1.201	1.201	1.209
517	3848.782	3711.534	3966.090	3843.970	1.197	1.197	1.199
518	3822.625	3714.686	3966.959	3811.703	1.187	1.187	1.191
519	3847.464	3642.123	4026.927	3855.490	1.201	1.201	1.199
520	3807.090	3504.380	4077.022	3796.171	1.183	1.183	1.186
521	3844.012	3682.395	4066.580	3814.788	1.188	1.188	1.198
522	3832.991	3734.187	3970.313	3812.600	1.188	1.188	1.194
523	3872.924	3626.307	4101.304	3899.829	1.215	1.215	1.207
524	3831.159	3675.521	4100.683	3807.217	1.186	1.186	1.194
525	3749.130	3578.759	3886.742	3756.920	1.170	1.170	1.168
526	3774.411	3629.846	3980.997	3747.468	1.167	1.167	1.176
527	3772.646	3644.611	4120.355	3711.362	1.156	1.156	1.175
528	3826.246	3724.344	4103.600	3783.583	1.179	1.179	1.192
529	3875.634	3731.073	3995.845	3874.720	1.207	1.207	1.207
530	3864.075	3753.465	3976.179	3865.722	1.204	1.204	1.204
531	3887.383	3686.124	4094.539	3872.953	1.207	1.207	1.211
532	3871.824	3679.151	4211.012	3839.412	1.196	1.196	1.206
533	3877.148	3714.967	4014.244	3874.769	1.207	1.207	1.208
534	3826.248	3696.901	3904.359	3847.190	1.199	1.199	1.192
535	3822.113	3591.012	4005.329	3816.542	1.189	1.189	1.191
536	3901.900	3744.188	4033.845	3894.344	1.213	1.213	1.216
537	3783.773	3711.666	3934.218	3757.860	1.171	1.171	1.179
538	3828.657	3617.993	4169.165	3825.521	1.192	1.192	1.193
539	3877.311	3712.963	4045.515	3895.734	1.214	1.214	1.208
540	3804.162	3612.496	3983.244	3756.688	1.170	1.170	1.185
541	3848.269	3527.357	4108.199	3862.197	1.203	1.203	1.199
542	3860.339	3689.669	3978.211	3869.263	1.205	1.205	1.203
543	3870.315	3736.490	4013.798	3874.000	1.207	1.207	1.206
544	3851.483	3687.890	3973.448	3867.989	1.205	1.205	1.200
545	3910.238	3728.757	4075.483	3913.520	1.219	1.219	1.218
546	3807.591	3667.387	3936.967	3808.218	1.186	1.186	1.186
547	3773.068	3528.735	4070.119	3744.303	1.166	1.166	1.175
548	3791.489	3656.810	4026.078	3787.227	1.180	1.180	1.181
549	3830.636	3640.676	3988.391	3816.477	1.189	1.189	1.193
550	3763.499	3563.938	3965.784	3724.792	1.160	1.160	1.172
551	3765.464	3572.797	3947.978	3755.226	1.170	1.170	1.173
552	3757.150	3655.842	3940.870	3731.660	1.163	1.163	1.170
553	3843.516	3699.596	3998.568	3827.151	1.192	1.192	1.197
554	3800.620	3599.480	4189.049	3768.338	1.174	1.174	1.184
555	3815.047	3636.395	4100.779	3727.345	1.161	1.161	1.188
556	3850.711	3743.229	4054.515	3826.986	1.192	1.192	1.200
557	3899.072	3678.535	4084.656	3930.494	1.224	1.224	1.215
558	3860.202	3551.317	4029.469	3906.621	1.217	1.217	1.203
559	3907.102	3679.125	4101.309	3881.474	1.209	1.209	1.217
560	3864.776	3612.942	4150.611	3876.616	1.208	1.208	1.204
561	3846.987	3646.166	4024.574	3865.842	1.204	1.204	1.198
562	3799.637	3613.385	3952.826	3787.743	1.180	1.180	1.184
563	3804.544	3532.578	3986.615	3827.574	1.192	1.192	1.185
564	3835.018	3672.739	3996.925	3840.400	1.196	1.196	1.195
565	3819.626	3438.287	3992.023	3873.469	1.207	1.207	1.190
566	3717.260	3502.720	3952.656	3683.873	1.148	1.148	1.158
567	3749.686	3516.744	4045.917	3693.704	1.151	1.151	1.168
568	3701.702	3401.292	3871.222	3731.590	1.162	1.162	1.153
569	3755.455	3571.008	3868.919	3787.396	1.180	1.180	1.170
570	3849.642	3684.185	4032.760	3857.481	1.202	1.202	1.199
571	3851.870	3721.120	3933.580	3857.104	1.202	1.202	1.200
572	3784.206	3600.168	3944.170	3800.096	1.184	1.184	1.179
573	3835.984	3592.066	4042.798	3798.797	1.183	1.183	1.195
574	3853.805	3651.356	4084.642	3872.951	1.207	1.207	1.201
575	3753.661	3428.542	3938.798	3772.117	1.175	1.175	1.169
576	3698.789	3532.103	3913.540	3670.515	1.143	1.143	1.152
577	3777.813	3518.713	3926.466	3790.191	1.181	1.181	1.177
578	3773.998	3503.131	3930.359	3808.224	1.186	1.186	1.176
579	3780.713	3620.303	3900.849	3792.951	1.182	1.182	1.178
580	3820.315	3662.160	4003.579	3828.918	1.193	1.193	1.190
581	3728.853	3550.688	3887.478	3745.152	1.167	1.167	1.162
582	3712.112	3616.126	3855.159	3700.479	1.153	1.153	1.156
583	3743.434	3564.124	3960.836	3735.032	1.164	1.164	1.166
584	3750.216	3531.696	3940.228	3733.198	1.163	1.163	1.168
585	3750.474	3478.180	3928.190	3756.567	1.170	1.170	1.168
586	3723.709	3578.096	3959.429	3694.720	1.151	1.151	1.160
587	3705.319	3540.301	3903.049	3678.713	1.146	1.146	1.154
588	3739.319	3564.036	3843.665	3747.337	1.167	1.167	1.165
589	3763.460	3635.188	3899.644	3762.423	1.172	1.172	1.172
590	3795.798	3711.786	3910.231	3769.822	1.174	1.174	1.182
591	3803.400	3715.746	4027.416	3787.365	1.180	1.180	1.185
592	3818.330	3688.624	4002.813	3820.008	1.190	1.190	1.190
593	3844.448	3676.588	4096.820	3844.460	1.198	1.198	1.198
594	3745.456	3572.026	3918.433	3747.579	1.167	1.167	1.167
595	3707.444	3489.018	3908.979	3713.978	1.157	1.157	1.155
596	3727.942	3507.391	3903.730	3719.287	1.159	1.159	1.161
597	3797.431	3498.388	4062.567	3821.669	1.191	1.191	1.183
598	3772.562	3605.894	4003.231	3782.250	1.178	1.178	1.175
599	3686.693	3555.683	3790.395	3690.291	1.150	1.150	1.149
600	3731.416	3529.547	3896.387	3745.577	1.167	1.167	1.162
601	3742.657	3532.392	3904.333	3739.107	1.165	1.165	1.166
602	3721.181	3525.252	3822.711	3765.887	1.173	1.173	1.159
603	3706.447	3428.328	3963.513	3687.140	1.149	1.149	1.155
604	3720.901	3467.332	3893.406	3730.339	1.162	1.162	1.159
605	3674.846	3523.650	4095.761	3638.452	1.133	1.133	1.145
606	3690.822	3425.723	4099.731	3626.109	1.130	1.130	1.150
607	3764.097	3565.429	3954.048	3781.549	1.178	1.178	1.173
608	3761.425	3541.042	4102.238	3725.856	1.161	1.161	1.172
609	3717.344	3568.492	3877.533	3705.779	1.154	1.154	1.158
610	3629.762	3509.248	3744.245	3629.109	1.131	1.131	1.131
611	3695.392	3624.580	3828.138	3672.699	1.144	1.144	1.151
612	3654.388	3545.692	3813.907	3638.400	1.133	1.133	1.138
613	3726.837	3458.007	3843.796	3771.872	1.175	1.175	1.161
614	3655.540	3487.680	3827.486	3640.969	1.134	1.134	1.139
615	3624.193	3438.312	3851.269	3609.867	1.125	1.125	1.129
616	3654.699	3477.603	3913.563	3608.881	1.124	1.124	1.139
617	3643.246	3502.728	3771.330	3649.003	1.137	1.137	1.135
618	3715.568	3595.092	3877.978	3723.993	1.160	1.160	1.157
619	3650.627	3521.325	3752.824	3641.721	1.134	1.134	1.137
620	3633.676	3522.831	3792.989	3603.590	1.123	1.123	1.132
621	3615.273	3500.099	3800.378	3621.220	1.128	1.128	1.126
622	3646.912	3452.651	3754.713	3671.455	1.144	1.144	1.136
623	3754.158	3543.912	4117.417	3752.061	1.169	1.169	1.170
624	3711.444	3432.763	3924.933	3732.920	1.163	1.163	1.156
625	3737.791	3481.995	3872.392	3776.066	1.176	1.176	1.164
626	3681.915	3604.365	3828.987	3666.206	1.142	1.142	1.147
627	3654.883	3535.153	3792.102	3647.596	1.136	1.136	1.139
628	3578.461	3470.576	3650.047	3581.154	1.116	1.116	1.115
629	3689.101	3568.128	3830.080	3648.372	1.137	1.137	1.149
630	3633.090	3540.825	3834.847	3616.504	1.127	1.127	1.132
631	3619.232	3474.661	3776.211	3629.242	1.131	1.131	1.127
632	3562.808	3439.991	3754.698	3569.714	1.112	1.112	1.110
633	3612.306	3511.256	3752.176	3595.615	1.120	1.120	1.125
634	3660.808	3569.900	3805.493	3653.125	1.138	1.138	1.140
635	3685.692	3476.381	3982.500	3656.682	1.139	1.139	1.148
636	3685.109	3528.308	3904.881	3705.398	1.154	1.154	1.148
637	3633.473	3503.721	3811.008	3623.207	1.129	1.129	1.132
638	3602.507	3442.502	3814.791	3581.484	1.116	1.116	1.122
639	3689.523	3572.413	3764.856	3703.070	1.154	1.154	1.149
640	3733.357	3628.044	3862.561	3749.089	1.168	1.168	1.163
641	3755.058	3445.843	3945.990	3786.623	1.180	1.180	1.170
642	3648.172	3447.066	3817.978	3644.566	1.135	1.135	1.137
643	3637.829	3446.176	3776.147	3660.815	1.140	1.140	1.133
644	3622.656	3480.416	3752.450	3606.869	1.124	1.124	1.129
645	3630.882	3467.693	3780.379	3625.325	1.129	1.129	1.131
646	3653.075	3598.343	3714.234	3647.761	1.136	1.136	1.138
647	3627.155	3491.581	3724.987	3645.250	1.136	1.136	1.130
648	3644.956	3443.043	3739.482	3690.229	1.150	1.150	1.136
649	3652.643	3420.891	3904.966	3662.583	1.141	1.141	1.138
650	3678.497	3574.767	3814.747	3661.719	1.141	1.141	1.146
651	3634.586	3434.434	3744.319	3646.064	1.136	1.136	1.132
652	3669.965	3502.494	3927.049	3664.354	1.142	1.142	1.143
653	3684.010	3597.213	3817.546	3670.661	1.144	1.144	1.148
654	3616.295	3419.996	3780.935	3643.142	1.135	1.135	1.127
655	3710.986	3523.839	4096.838	3655.728	1.139	1.139	1.156
656	3705.112	3598.455	3831.701	3704.143	1.154	1.154	1.154
657	3775.073	3596.814	4012.087	3759.804	1.171	1.171	1.176
658	3685.003	3477.785	3840.450	3692.566	1.150	1.150	1.148
659	3682.327	3468.396	3823.145	3691.302	1.150	1.150	1.147
660	3735.084	3557.970	3992.428	3730.933	1.162	1.162	1.164
661	3684.307	3485.159	3874.191	3683.096	1.147	1.147	1.148
662	3704.957	3448.792	3811.108	3718.233	1.158	1.158	1.154
663	3756.458	3629.000	3921.875	3759.579	1.171	1.171	1.170
664	3732.456	3611.474	3861.939	3745.075	1.167	1.167	1.163
665	3687.703	3427.316	3919.328	3673.096	1.144	1.144	1.149
666	3675.932	3442.444	3955.971	3684.699	1.148	1.148	1.145
667	3690.192	3554.715	3919.642	3648.544	1.137	1.137	1.150
668	3711.116	3571.101	3823.647	3712.827	1.157	1.157	1.156
669	3680.580	3475.554	3887.422	3723.000	1.160	1.160	1.147
670	3709.754	3463.173	3875.586	3747.903	1.168	1.168	1.156
671	3783.113	3675.774	3945.928	3787.951	1.180	1.180	1.179
672	3761.316	3564.497	3940.534	3751.358	1.169	1.169	1.172
673	3791.659	3640.982	3960.621	3765.186	1.173	1.173	1.181
674	3869.951	3595.135	4200.744	3883.696	1.210	1.210	1.206
675	3770.194	3706.262	3873.927	3743.650	1.166	1.166	1.175
676	3775.170	3636.652	3907.599	3797.560	1.183	1.183	1.176
677	3663.434	3524.328	3829.185	3692.034	1.150	1.150	1.141
678	3692.270	3499.813	3861.847	3730.133	1.162	1.162	1.150
679	3743.016	3636.125	3813.661	3764.159	1.173	1.173	1.166
680	3740.793	3638.218	3819.249	3756.853	1.170	1.170	1.165
681	3759.485	3669.133	3913.241	3739.507	1.165	1.165	1.171
682	3799.483	3580.471	3920.017	3824.827	1.192	1.192	1.184
683	3841.219	3676.760	4161.621	3829.555	1.193	1.193	1.197
684	3879.669	3754.982	4048.290	3867.698	1.205	1.205	1.209
685	3922.382	3831.121	4041.171	3893.646	1.213	1.213	1.222
686	3877.681	3700.591	4099.136	3898.500	1.214	1.214	1.208
687	3814.945	3702.555	4060.490	3783.606	1.179	1.179	1.188
688	3793.117	3469.898	4079.020	3754.543	1.170	1.170	1.182
689	3704.271	3437.870	3893.369	3706.219	1.155	1.155	1.154
690	3699.465	3398.174	3841.412	3713.288	1.157	1.157	1.152
691	3808.941	3556.940	3994.579	3816.412	1.189	1.189	1.187
692	3777.382	3568.228	3972.771	3752.091	1.169	1.169	1.177
693	3712.740	3513.529	3858.538	3701.986	1.153	1.153	1.157
694	3695.939	3562.870	3757.648	3716.960	1.158	1.158	1.151
695	3842.213	3688.885	4040.281	3874.527	1.207	1.207	1.197
696	3791.565	3690.700	3923.418	3798.745	1.183	1.183	1.181
697	3788.116	3672.188	3929.909	3774.360	1.176	1.176	1.180
698	3780.450	3576.997	3947.785	3791.290	1.181	1.181	1.178
699	3779.754	3684.525	3902.384	3781.918	1.178	1.178	1.177
700	3756.378	3511.477	3872.431	3784.230	1.179	1.179	1.170
701	3877.838	3600.845	4139.275	3865.265	1.204	1.204	1.208
702	3904.962	3737.068	4068.457	3889.385	1.212	1.212	1.216
703	3860.010	3665.257	4081.265	3842.674	1.197	1.197	1.202
704	3796.759	3683.183	3912.094	3796.604	1.183	1.183	1.183
705	3810.982	3578.274	4079.853	3804.601	1.185	1.185	1.187
706	3890.167	3746.763	4146.708	3843.074	1.197	1.197	1.212
707	3798.881	3630.149	4103.442	3749.877	1.168	1.168	1.183
708	3821.744	3491.614	4114.059	3814.911	1.188	1.188	1.191
709	3767.874	3589.105	3924.075	3751.463	1.169	1.169	1.174
710	3800.385	3593.229	3911.930	3791.372	1.181	1.181	1.184
711	3812.743	3705.307	3916.366	3809.684	1.187	1.187	1.188
712	3793.030	3575.773	4038.032	3794.368	1.182	1.182	1.182
713	3843.500	3725.383	4031.026	3806.973	1.186	1.186	1.197
714	3753.787	3583.094	3945.487	3770.754	1.175	1.175	1.169
715	3843.665	3752.896	4005.902	3835.218	1.195	1.195	1.197
716	3820.888	3665.857	4031.048	3790.827	1.181	1.181	1.190
717	3894.006	3583.159	4219.479	3894.573	1.213	1.213	1.213
718	3853.011	3632.288	4037.855	3847.244	1.199	1.199	1.200
719	3889.616	3740.040	4021.734	3922.320	1.222	1.222	1.212
720	3891.913	3702.694	4030.134	3906.914	1.217	1.217	1.212
721	3814.705	3608.171	4144.896	3781.001	1.178	1.178	1.188
722	3785.790	3601.135	3990.992	3794.094	1.182	1.182	1.179
723	3717.477	3579.625	3877.732	3706.402	1.155	1.155	1.158
724	3752.608	3583.498	3883.890	3750.990	1.169	1.169	1.169
725	3791.080	3664.056	3937.994	3773.273	1.175	1.175	1.181
726	3752.867	3577.810	3935.022	3764.488	1.173	1.173	1.169
727	3708.314	3570.430	3846.906	3718.077	1.158	1.158	1.155
728	3778.651	3530.906	4073.797	3780.186	1.178	1.178	1.177
729	3778.600	3555.957	3974.735	3761.550	1.172	1.172	1.177
730	3790.603	3535.535	3950.944	3794.571	1.182	1.182	1.181
731	3866.226	3729.542	4109.590	3811.354	1.187	1.187	1.204
732	3719.145	3619.354	3867.813	3701.416	1.153	1.153	1.159
733	3745.866	3484.916	3831.635	3791.062	1.181	1.181	1.167
734	3753.231	3539.975	4125.915	3753.871	1.169	1.169	1.169
735	3785.651	3637.101	3916.605	3778.249	1.177	1.177	1.179
736	3808.583	3704.030	3880.934	3837.078	1.195	1.195	1.186
737	3754.850	3568.998	3898.617	3769.228	1.174	1.174	1.170
738	3750.017	3615.948	3967.221	3707.252	1.155	1.155	1.168
739	3764.131	3636.536	3914.444	3767.726	1.174	1.174	1.173
740	3777.657	3587.524	3947.017	3780.835	1.178	1.178	1.177
741	3781.172	3650.806	3859.531	3793.318	1.182	1.182	1.178
742	3846.885	3710.466	4071.233	3840.366	1.196	1.196	1.198
743	3836.479	3766.181	3969.806	3805.080	1.185	1.185	1.195
744	3776.015	3590.010	4017.026	3740.025	1.165	1.165	1.176
745	3768.079	3602.185	3909.061	3769.375	1.174	1.174	1.174
746	3801.598	3610.481	4000.728	3783.309	1.179	1.179	1.184
747	3807.246	3517.691	4048.997	3803.869	1.185	1.185	1.186
748	3776.129	3622.596	3964.085	3761.307	1.172	1.172	1.176
749	3728.585	3546.998	3875.758	3711.273	1.156	1.156	1.162
750	3720.973	3540.885	3926.979	3725.796	1.161	1.161	1.159
751	3725.299	3545.058	3964.496	3696.696	1.152	1.152	1.161
752	3800.646	3468.727	3956.332	3886.531	1.211	1.211	1.184
753	3815.296	3566.792	3977.171	3865.764	1.204	1.204	1.189
754	3813.170	3669.653	4068.097	3772.882	1.175	1.175	1.188
755	3724.694	3560.993	3926.041	3705.448	1.154	1.154	1.160
756	3786.514	3611.823	3886.811	3798.836	1.183	1.183	1.180
757	3787.140	3635.341	3876.603	3817.537	1.189	1.189	1.180
758	3786.563	3526.207	4056.576	3807.878	1.186	1.186	1.180
759	3860.112	3534.918	4189.376	3845.582	1.198	1.198	1.203
760	3780.785	3549.302	3934.734	3793.146	1.182	1.182	1.178
761	3773.003	3566.010	4114.877	3743.372	1.166	1.166	1.175
762	3752.423	3469.009	4055.035	3773.501	1.176	1.176	1.169
763	3785.502	3499.689	3960.994	3798.074	1.183	1.183	1.179
764	3766.688	3604.361	4248.006	3722.447	1.160	1.160	1.173
765	3751.539	3515.323	4129.959	3728.815	1.162	1.162	1.169
766	3826.780	3544.230	4016.120	3872.394	1.206	1.206	1.192
767	3760.788	3531.188	4058.653	3754.845	1.170	1.170	1.172
768	3757.152	3571.679	3969.973	3742.999	1.166	1.166	1.170
769	3840.268	3517.330	4336.736	3809.245	1.187	1.187	1.196
770	3738.780	3514.256	3963.885	3761.726	1.172	1.172	1.165
771	3729.728	3562.223	3996.173	3710.562	1.156	1.156	1.162
772	3706.321	3568.612	3923.153	3710.627	1.156	1.156	1.155
773	3696.682	3493.178	3865.917	3710.135	1.156	1.156	1.152
774	3711.299	3526.252	3864.124	3709.926	1.156	1.156	1.156
775	3734.726	3529.043	3939.240	3710.179	1.156	1.156	1.163
776	3770.190	3560.260	4110.861	3759.406	1.171	1.171	1.175
777	3800.119	3697.339	4020.343	3750.049	1.168	1.168	1.184
778	3904.713	3701.533	4138.128	3893.642	1.213	1.213	1.216
779	3935.333	3754.604	4161.849	3920.372	1.221	1.221	1.226
780	3840.261	3646.125	4145.869	3818.803	1.190	1.190	1.196
781	3815.362	3692.821	3911.260	3827.702	1.192	1.192	1.189
782	3932.421	3643.283	4138.313	3957.189	1.233	1.233	1.225
783	3903.315	3661.766	4205.881	3873.733	1.207	1.207	1.216
784	3867.511	3649.316	3975.321	3894.774	1.213	1.213	1.205
785	3845.983	3570.061	4061.498	3899.466	1.215	1.215	1.198
786	3850.580	3657.851	4133.181	3861.538	1.203	1.203	1.200
787	3841.541	3649.090	3959.559	3837.803	1.196	1.196	1.197
788	3846.017	3612.375	4108.849	3831.942	1.194	1.194	1.198
789	3828.691	3568.414	4246.962	3859.573	1.202	1.202	1.193
790	3833.851	3558.089	4202.179	3802.320	1.185	1.185	1.194
791	3825.182	3587.831	4075.878	3819.235	1.190	1.190	1.192
792	3783.739	3583.576	3988.288	3754.401	1.170	1.170	1.179
793	3747.571	3659.281	3814.148	3762.100	1.172	1.172	1.167
794	3862.470	3649.608	4057.173	3838.064	1.196	1.196	1.203
795	3798.533	3687.190	3962.721	3746.413	1.167	1.167	1.183
796	3771.097	3495.047	4033.515	3733.009	1.163	1.163	1.175
797	3777.601	3611.656	4081.991	3732.047	1.163	1.163	1.177
798	3680.441	3436.867	3981.259	3641.485	1.134	1.134	1.147
799	3728.088	3648.895	3884.009	3671.695	1.144	1.144	1.161
800	3778.013	3620.628	3966.373	3741.703	1.166	1.166	1.177
801	3704.071	3447.158	3893.313	3763.973	1.173	1.173	1.154
802	3641.767	3333.558	3830.552	3702.338	1.153	1.153	1.135
803	3683.204	3295.328	3874.503	3734.459	1.163	1.163	1.147
804	3654.055	3420.927	3867.374	3650.297	1.137	1.137	1.138
805	3629.389	3468.241	3777.427	3584.084	1.117	1.117	1.131
806	3687.631	3523.622	3836.837	3736.216	1.164	1.164	1.149
807	3673.475	3459.419	3853.968	3664.238	1.142	1.142	1.144
808	3649.029	3496.091	3925.251	3587.064	1.117	1.117	1.137
809	3628.341	3411.927	3871.149	3629.842	1.131	1.131	1.130
810	3703.108	3368.606	4210.139	3685.024	1.148	1.148	1.154
811	3700.016	3566.008	3921.196	3644.852	1.135	1.135	1.153
812	3647.631	3325.574	3957.372	3591.671	1.119	1.119	1.136
813	3705.582	3480.076	3985.551	3753.657	1.169	1.169	1.154
814	3677.512	3462.799	3971.613	3654.120	1.138	1.138	1.146
815	3755.052	3509.483	4044.413	3711.242	1.156	1.156	1.170
816	3651.489	3443.240	3896.348	3622.377	1.128	1.128	1.138
817	3652.518	3421.916	4065.198	3627.886	1.130	1.130	1.138
818	3629.447	3406.122	3958.681	3574.237	1.113	1.113	1.131
819	3667.523	3444.509	3886.657	3663.464	1.141	1.141	1.143
820	3702.623	3518.731	3788.594	3721.597	1.159	1.159	1.153
821	3701.451	3402.550	4001.154	3734.497	1.163	1.163	1.153
822	3653.289	3371.218	3912.243	3690.714	1.150	1.150	1.138
823	3592.260	3392.910	3787.963	3567.777	1.111	1.111	1.119
824	3697.686	3445.752	3889.080	3697.607	1.152	1.152	1.152
825	3770.353	3454.816	3945.072	3829.356	1.193	1.193	1.175
826	3708.171	3324.908	3970.191	3740.544	1.165	1.165	1.155
827	3685.800	3318.996	3942.209	3682.981	1.147	1.147	1.148
828	3680.778	3483.389	3896.165	3726.170	1.161	1.161	1.147
829	3691.691	3437.510	3891.184	3708.563	1.155	1.155	1.150
830	3644.236	3444.213	3984.219	3653.526	1.138	1.138	1.135
831	3629.138	3335.795	3856.767	3634.557	1.132	1.132	1.131
832	3730.406	3580.619	3879.628	3724.593	1.160	1.160	1.162
833	3773.520	3502.365	3968.190	3772.825	1.175	1.175	1.176
834	3643.104	3483.510	3830.482	3603.967	1.123	1.123	1.135
835	3741.843	3638.022	3876.784	3710.791	1.156	1.156	1.166
836	3667.902	3484.427	3872.134	3649.088	1.137	1.137	1.143
837	3721.405	3551.307	3945.924	3716.355	1.158	1.158	1.159
838	3719.974	3409.414	3929.835	3772.057	1.175	1.175	1.159
839	3662.903	3459.470	3784.236	3706.923	1.155	1.155	1.141
840	3662.154	3470.288	3991.104	3650.886	1.137	1.137	1.141
841	3707.426	3408.809	3823.931	3759.151	1.171	1.171	1.155
842	3664.140	3472.442	3847.555	3643.758	1.135	1.135	1.141
843	3593.502	3378.770	3785.074	3596.427	1.120	1.120	1.119
844	3735.930	3558.649	3917.254	3740.687	1.165	1.165	1.164
845	3716.382	3555.154	3844.636	3737.271	1.164	1.164	1.158
846	3601.893	3433.733	3915.807	3589.809	1.118	1.118	1.122
847	3608.439	3394.397	3835.344	3621.059	1.128	1.128	1.124
848	3667.975	3437.263	3816.259	3688.579	1.149	1.149	1.143
849	3708.211	3471.538	4033.773	3673.650	1.144	1.144	1.155
850	3661.487	3445.602	3860.421	3665.210	1.142	1.142	1.141
851	3745.439	3492.097	3935.463	3739.738	1.165	1.165	1.167
852	3726.235	3523.531	4047.448	3646.227	1.136	1.136	1.161
853	3708.349	3435.694	3923.284	3807.139	1.186	1.186	1.155
854	3739.259	3386.668	3960.003	3785.396	1.179	1.179	1.165
855	3729.137	3369.892	3991.242	3727.374	1.161	1.161	1.162
856	3801.955	3672.514	3937.062	3810.764	1.187	1.187	1.184
857	3790.542	3564.299	4049.976	3813.153	1.188	1.188	1.181
858	3801.189	3512.392	4110.699	3815.266	1.189	1.189	1.184
859	3716.926	3494.606	3928.444	3707.866	1.155	1.155	1.158
860	3625.539	3472.042	3837.026	3593.980	1.120	1.120	1.129
861	3685.655	3548.879	3857.943	3691.013	1.150	1.150	1.148
862	3691.044	3445.592	4030.858	3668.265	1.143	1.143	1.150
863	3688.826	3506.260	3791.829	3726.631	1.161	1.161	1.149
864	3635.349	3513.821	3896.172	3629.438	1.131	1.131	1.133
865	3707.810	3525.676	3952.018	3658.709	1.140	1.140	1.155
866	3747.128	3524.416	3889.811	3780.710	1.178	1.178	1.167
867	3789.572	3551.214	3956.055	3849.389	1.199	1.199	1.181
868	3707.095	3492.391	3984.872	3731.467	1.162	1.162	1.155
869	3718.817	3518.675	4101.362	3644.151	1.135	1.135	1.159
870	3754.340	3549.094	4096.584	3673.875	1.145	1.145	1.170
871	3786.331	3579.001	4090.910	3783.919	1.179	1.179	1.180
872	3763.157	3577.812	4033.803	3751.272	1.169	1.169	1.172
873	3779.343	3612.104	3909.555	3797.898	1.183	1.183	1.177
874	3737.146	3653.104	3930.099	3731.375	1.162	1.162	1.164
875	3695.701	3509.625	3834.511	3720.312	1.159	1.159	1.151
876	3686.369	3565.517	3841.296	3689.326	1.149	1.149	1.148
877	3681.805	3468.321	3853.446	3733.815	1.163	1.163	1.147
878	3797.816	3575.297	3943.571	3845.177	1.198	1.198	1.183
879	3817.938	3501.049	4100.916	3838.617	1.196	1.196	1.189
880	3899.548	3456.320	4279.263	4003.998	1.247	1.247	1.215
881	3857.312	3461.090	4213.116	3878.776	1.208	1.208	1.202
882	3859.179	3488.599	4169.653	3873.356	1.207	1.207	1.202
883	3832.483	3656.073	4155.086	3790.013	1.181	1.181	1.194
884	3789.781	3480.341	4109.913	3768.851	1.174	1.174	1.181
885	3800.787	3670.345	4064.123	3779.890	1.178	1.178	1.184
886	3768.022	3595.218	3911.971	3788.415	1.180	1.180	1.174
887	3783.929	3638.714	3907.011	3795.732	1.182	1.182	1.179
888	3826.161	3599.026	3977.431	3834.414	1.195	1.195	1.192
889	3956.349	3676.501	4072.980	4017.320	1.252	1.252	1.233
890	3875.662	3466.807	4233.799	3877.415	1.208	1.208	1.207
891	3760.306	3647.399	3913.952	3749.527	1.168	1.168	1.171
892	3773.461	3543.794	3948.529	3769.970	1.174	1.174	1.176
893	3779.404	3595.580	4001.903	3796.425	1.183	1.183	1.177
894	3890.211	3727.209	4062.910	3889.382	1.212	1.212	1.212
895	3852.024	3629.399	4277.912	3821.292	1.190	1.190	1.200
896	3847.265	3499.252	4091.604	3812.077	1.188	1.188	1.199
897	3786.846	3646.708	3915.390	3772.363	1.175	1.175	1.180
898	3790.340	3540.708	3982.597	3801.991	1.184	1.184	1.181
899	3904.320	3677.871	4054.067	3943.408	1.228	1.228	1.216
900	3889.425	3695.321	4086.428	3874.830	1.207	1.207	1.212
901	4021.615	3736.366	4246.879	4058.991	1.264	1.264	1.253
902	3921.549	3567.567	4187.613	3916.143	1.220	1.220	1.222
903	3921.549	3567.567	4187.613	3916.143	1.220	1.220	1.222
