 	Mean	Min	Max	Median	Max_to_bgmean	Median_to_bgmedian	Mean_to_bgmean
1	3621.315	3506.507	3743.106	3605.963	1.124	1.125	1.129
2	3620.718	3449.291	3864.950	3625.080	1.130	1.131	1.129
3	3620.896	3537.972	3703.011	3626.142	1.131	1.132	1.129
4	3653.512	3489.177	3869.329	3657.739	1.140	1.141	1.139
5	3625.628	3460.552	3987.492	3601.728	1.123	1.124	1.130
6	3617.671	3473.611	3848.765	3601.718	1.123	1.124	1.128
7	3534.376	3434.297	3647.326	3535.698	1.102	1.103	1.102
8	3563.337	3347.627	3811.248	3554.671	1.108	1.109	1.111
9	3602.312	3408.900	3860.171	3624.343	1.130	1.131	1.123
10	3556.846	3351.449	3718.042	3553.764	1.108	1.109	1.109
11	3600.809	3400.028	3959.915	3582.407	1.117	1.118	1.123
12	3636.473	3527.159	3712.091	3652.011	1.139	1.140	1.134
13	3627.492	3531.053	3807.909	3606.742	1.124	1.126	1.131
14	3704.993	3492.905	3889.265	3702.712	1.154	1.155	1.155
15	3679.226	3520.109	3854.660	3688.484	1.150	1.151	1.147
16	3596.328	3426.762	3714.143	3610.593	1.126	1.127	1.121
17	3621.455	3451.131	3755.971	3622.103	1.129	1.130	1.129
18	3623.411	3509.436	3880.281	3588.921	1.119	1.120	1.130
19	3676.485	3560.263	3881.913	3675.492	1.146	1.147	1.146
20	3666.172	3487.623	3844.005	3670.034	1.144	1.145	1.143
21	3664.575	3432.892	3835.534	3660.537	1.141	1.142	1.143
22	3610.503	3492.045	3740.403	3603.965	1.124	1.125	1.126
23	3647.606	3480.439	3843.143	3614.969	1.127	1.128	1.137
24	3604.949	3338.546	3819.483	3620.643	1.129	1.130	1.124
25	3612.057	3521.223	3692.502	3631.024	1.132	1.133	1.126
26	3624.263	3498.757	3744.857	3615.850	1.127	1.128	1.130
27	3612.290	3428.551	3788.744	3629.497	1.132	1.133	1.126
28	3575.676	3441.624	3803.717	3564.547	1.111	1.112	1.115
29	3545.018	3390.766	3810.857	3549.543	1.107	1.108	1.105
30	3552.453	3365.076	3730.878	3533.510	1.102	1.103	1.108
31	3614.324	3458.185	3803.309	3618.987	1.128	1.129	1.127
32	3611.772	3419.215	3790.537	3638.711	1.134	1.136	1.126
33	3586.841	3456.800	3918.884	3557.752	1.109	1.110	1.118
34	3615.905	3433.488	3802.018	3564.292	1.111	1.112	1.127
35	3642.634	3463.884	3770.298	3652.266	1.139	1.140	1.136
36	3559.977	3446.968	3681.890	3557.723	1.109	1.110	1.110
37	3598.998	3403.205	3800.354	3605.394	1.124	1.125	1.122
38	3623.492	3485.861	3739.666	3626.065	1.130	1.132	1.130
39	3606.797	3458.778	3698.303	3622.465	1.129	1.130	1.124
40	3581.948	3451.696	3763.916	3543.045	1.105	1.106	1.117
41	3588.945	3402.198	3801.075	3560.803	1.110	1.111	1.119
42	3681.661	3480.634	3885.456	3656.574	1.140	1.141	1.148
43	3700.594	3514.958	3910.793	3699.703	1.153	1.155	1.154
44	3672.815	3498.166	3856.812	3663.166	1.142	1.143	1.145
45	3694.856	3509.943	3876.765	3689.364	1.150	1.151	1.152
46	3648.478	3484.245	3891.433	3619.465	1.128	1.129	1.137
47	3568.546	3372.354	3840.700	3553.408	1.108	1.109	1.113
48	3531.448	3308.744	3632.271	3562.135	1.111	1.112	1.101
49	3512.795	3453.145	3563.641	3515.465	1.096	1.097	1.095
50	3569.698	3390.647	3962.752	3530.007	1.101	1.102	1.113
51	3685.448	3526.083	3967.463	3654.852	1.139	1.141	1.149
52	3580.833	3489.492	3719.696	3574.223	1.114	1.115	1.116
53	3515.463	3347.540	3620.135	3533.408	1.102	1.103	1.096
54	3551.133	3374.837	3713.567	3555.021	1.108	1.109	1.107
55	3536.058	3339.693	3748.782	3513.628	1.095	1.096	1.102
56	3577.842	3455.999	3691.102	3556.479	1.109	1.110	1.115
57	3624.220	3475.532	3810.983	3590.541	1.119	1.120	1.130
58	3545.976	3433.308	3645.007	3530.701	1.101	1.102	1.106
59	3528.919	3369.785	3601.208	3537.717	1.103	1.104	1.100
60	3575.685	3439.186	3747.551	3568.748	1.113	1.114	1.115
61	3662.954	3489.396	3948.245	3628.024	1.131	1.132	1.142
62	3614.892	3407.952	3809.003	3580.064	1.116	1.117	1.127
63	3548.111	3365.672	3780.205	3536.430	1.103	1.104	1.106
64	3659.311	3467.590	3770.544	3670.011	1.144	1.145	1.141
65	3570.109	3479.968	3699.363	3560.454	1.110	1.111	1.113
66	3607.981	3524.792	3827.596	3580.741	1.116	1.117	1.125
67	3568.218	3412.327	3679.000	3580.984	1.116	1.117	1.112
68	3646.732	3444.379	3838.200	3638.140	1.134	1.135	1.137
69	3603.545	3502.378	3776.225	3592.842	1.120	1.121	1.123
70	3539.948	3427.902	3629.558	3551.547	1.107	1.108	1.104
71	3543.736	3355.685	3772.162	3496.264	1.090	1.091	1.105
72	3547.371	3415.842	3680.481	3542.027	1.104	1.105	1.106
73	3599.008	3445.037	3756.555	3583.830	1.117	1.118	1.122
74	3636.005	3405.697	3849.117	3649.312	1.138	1.139	1.134
75	3627.238	3380.271	3985.017	3614.460	1.127	1.128	1.131
76	3589.089	3367.397	3882.225	3586.273	1.118	1.119	1.119
77	3610.173	3500.480	3744.202	3608.075	1.125	1.126	1.126
78	3578.369	3396.140	3726.287	3609.286	1.125	1.126	1.116
79	3661.717	3556.900	3783.500	3649.057	1.138	1.139	1.142
80	3646.844	3523.524	3775.804	3628.467	1.131	1.132	1.137
81	3614.984	3399.574	3899.468	3636.017	1.134	1.135	1.127
82	3578.643	3443.698	3705.656	3563.759	1.111	1.112	1.116
83	3630.350	3548.953	3751.060	3618.964	1.128	1.129	1.132
84	3636.419	3414.822	3826.685	3667.028	1.143	1.144	1.134
85	3677.330	3572.613	3843.844	3702.441	1.154	1.155	1.146
86	3633.475	3496.728	3847.308	3620.446	1.129	1.130	1.133
87	3712.385	3542.722	3885.018	3697.709	1.153	1.154	1.157
88	3583.178	3425.066	3730.361	3587.047	1.118	1.119	1.117
89	3672.875	3418.559	4015.830	3663.571	1.142	1.143	1.145
90	3639.075	3520.234	3854.179	3598.752	1.122	1.123	1.135
91	3654.857	3565.095	3789.935	3647.008	1.137	1.138	1.139
92	3588.460	3293.017	3681.906	3614.798	1.127	1.128	1.119
93	3601.362	3477.892	3727.808	3591.634	1.120	1.121	1.123
94	3606.147	3425.665	3738.074	3590.967	1.120	1.121	1.124
95	3679.942	3465.317	3768.797	3696.346	1.152	1.153	1.147
96	3727.613	3633.461	3901.254	3717.603	1.159	1.160	1.162
97	3685.919	3557.946	3809.957	3680.692	1.148	1.149	1.149
98	3637.095	3469.115	3740.377	3627.888	1.131	1.132	1.134
99	3622.720	3573.087	3690.865	3623.531	1.130	1.131	1.129
100	3630.135	3500.105	3769.613	3642.294	1.136	1.137	1.132
101	3671.485	3571.589	3760.342	3685.771	1.149	1.150	1.145
102	3567.285	3467.976	3670.973	3580.859	1.116	1.117	1.112
103	3630.600	3457.050	3791.689	3638.537	1.134	1.135	1.132
104	3659.810	3530.964	3884.556	3644.878	1.136	1.137	1.141
105	3743.703	3436.589	4100.270	3735.945	1.165	1.166	1.167
106	3725.036	3591.835	3790.281	3738.118	1.165	1.167	1.161
107	3623.591	3531.157	3683.587	3624.463	1.130	1.131	1.130
108	3610.946	3505.678	3736.808	3595.080	1.121	1.122	1.126
109	3668.868	3528.815	3855.944	3675.230	1.146	1.147	1.144
110	3661.592	3544.365	3834.153	3654.557	1.139	1.140	1.142
111	3668.711	3523.159	3790.064	3671.603	1.145	1.146	1.144
112	3603.538	3491.951	3668.477	3630.741	1.132	1.133	1.123
113	3670.842	3549.607	3778.206	3660.192	1.141	1.142	1.144
114	3620.429	3249.578	3776.533	3646.720	1.137	1.138	1.129
115	3600.015	3445.352	3757.214	3593.141	1.120	1.121	1.122
116	3679.096	3535.035	3850.473	3643.188	1.136	1.137	1.147
117	3679.913	3548.664	3816.810	3685.062	1.149	1.150	1.147
118	3694.644	3582.184	3836.933	3684.120	1.149	1.150	1.152
119	3696.852	3488.390	4002.890	3707.009	1.156	1.157	1.153
120	3663.716	3519.385	3819.101	3644.625	1.136	1.137	1.142
121	3657.501	3566.223	3791.260	3636.882	1.134	1.135	1.140
122	3606.795	3509.281	3701.581	3626.596	1.131	1.132	1.124
123	3648.179	3433.358	3909.354	3617.551	1.128	1.129	1.137
124	3690.968	3463.965	4009.891	3616.180	1.127	1.128	1.151
125	3636.767	3371.260	3772.648	3683.051	1.148	1.149	1.134
126	3581.345	3487.374	3691.171	3575.157	1.115	1.116	1.117
127	3592.761	3460.257	3661.718	3615.765	1.127	1.128	1.120
128	3636.956	3479.741	3747.268	3629.648	1.132	1.133	1.134
129	3671.450	3400.377	3956.330	3704.982	1.155	1.156	1.145
130	3735.996	3428.032	3807.491	3771.194	1.176	1.177	1.165
131	3668.846	3499.161	3872.178	3657.591	1.140	1.141	1.144
132	3577.207	3470.978	3775.171	3563.657	1.111	1.112	1.115
133	3587.028	3445.286	3677.564	3618.360	1.128	1.129	1.118
134	3686.918	3574.299	3888.471	3633.687	1.133	1.134	1.149
135	3668.797	3508.632	3810.849	3679.174	1.147	1.148	1.144
136	3616.408	3499.085	3712.860	3635.185	1.133	1.134	1.127
137	3622.426	3466.720	3753.586	3615.828	1.127	1.128	1.129
138	3608.796	3477.214	3726.123	3634.538	1.133	1.134	1.125
139	3600.936	3457.435	3772.084	3586.777	1.118	1.119	1.123
140	3624.052	3556.936	3747.184	3621.812	1.129	1.130	1.130
141	3594.045	3521.458	3680.360	3601.487	1.123	1.124	1.121
142	3605.575	3443.318	3764.858	3601.154	1.123	1.124	1.124
143	3595.538	3383.607	3775.479	3574.809	1.115	1.116	1.121
144	3577.903	3393.804	3694.735	3599.886	1.122	1.123	1.115
145	3596.222	3437.874	3829.329	3557.442	1.109	1.110	1.121
146	3561.919	3383.643	3857.928	3562.014	1.111	1.112	1.110
147	3573.497	3352.653	3815.908	3593.341	1.120	1.121	1.114
148	3574.058	3402.954	3763.369	3591.488	1.120	1.121	1.114
149	3656.232	3530.097	3828.101	3640.101	1.135	1.136	1.140
150	3618.643	3475.418	3788.929	3635.605	1.133	1.135	1.128
151	3548.130	3355.039	3637.931	3577.497	1.115	1.116	1.106
152	3576.933	3486.312	3653.010	3588.118	1.119	1.120	1.115
153	3569.137	3369.238	3724.548	3610.694	1.126	1.127	1.113
154	3580.092	3327.754	3913.265	3587.633	1.119	1.120	1.116
155	3631.855	3457.560	3793.372	3609.132	1.125	1.126	1.132
156	3633.655	3565.116	3702.798	3622.179	1.129	1.130	1.133
157	3679.590	3564.991	3980.093	3654.082	1.139	1.140	1.147
158	3662.441	3531.918	3784.094	3675.609	1.146	1.147	1.142
159	3582.323	3526.611	3650.758	3579.682	1.116	1.117	1.117
160	3561.459	3433.945	3674.188	3564.179	1.111	1.112	1.110
161	3564.121	3418.643	3752.961	3550.470	1.107	1.108	1.111
162	3592.165	3392.204	3817.477	3561.869	1.110	1.112	1.120
163	3590.504	3376.201	3938.379	3519.067	1.097	1.098	1.119
164	3579.317	3398.016	3927.252	3543.777	1.105	1.106	1.116
165	3543.152	3388.631	3731.199	3494.858	1.090	1.091	1.105
166	3509.539	3422.227	3643.309	3520.148	1.097	1.099	1.094
167	3594.732	3448.943	3715.686	3607.885	1.125	1.126	1.121
168	3551.802	3438.984	3720.189	3546.366	1.106	1.107	1.107
169	3609.953	3466.841	3781.253	3632.037	1.132	1.133	1.125
170	3572.801	3322.303	3807.677	3572.701	1.114	1.115	1.114
171	3551.224	3295.416	3788.339	3555.487	1.108	1.110	1.107
172	3546.744	3459.538	3599.538	3554.874	1.108	1.109	1.106
173	3584.975	3529.312	3654.087	3580.551	1.116	1.117	1.118
174	3573.493	3446.468	3687.154	3576.049	1.115	1.116	1.114
175	3512.504	3356.278	3666.767	3514.951	1.096	1.097	1.095
176	3580.672	3442.780	3753.910	3568.314	1.112	1.114	1.116
177	3570.828	3483.081	3686.296	3557.458	1.109	1.110	1.113
178	3555.010	3403.688	3720.495	3564.379	1.111	1.112	1.108
179	3545.148	3378.275	3714.123	3555.948	1.109	1.110	1.105
180	3566.227	3443.944	3702.835	3551.160	1.107	1.108	1.112
181	3607.972	3445.240	3731.023	3589.397	1.119	1.120	1.125
182	3580.636	3423.412	3714.954	3587.776	1.119	1.120	1.116
183	3638.491	3441.831	3850.416	3610.860	1.126	1.127	1.134
184	3611.740	3501.891	3738.697	3611.845	1.126	1.127	1.126
185	3561.068	3464.983	3674.073	3570.780	1.113	1.114	1.110
186	3522.137	3421.797	3730.972	3519.868	1.097	1.098	1.098
187	3563.116	3254.223	3754.943	3610.828	1.126	1.127	1.111
188	3559.161	3455.239	3763.275	3548.982	1.106	1.107	1.110
189	3553.173	3396.904	3733.319	3562.465	1.111	1.112	1.108
190	3499.702	3366.061	3717.446	3481.403	1.085	1.086	1.091
191	3556.517	3428.137	3700.006	3520.688	1.098	1.099	1.109
192	3521.310	3324.208	3727.475	3507.934	1.094	1.095	1.098
193	3522.981	3323.473	3676.975	3527.102	1.100	1.101	1.098
194	3494.454	3360.845	3638.975	3478.984	1.085	1.086	1.089
195	3526.777	3433.362	3633.466	3523.068	1.098	1.099	1.100
196	3589.430	3473.990	3715.791	3622.112	1.129	1.130	1.119
197	3531.870	3419.865	3682.646	3500.069	1.091	1.092	1.101
198	3601.076	3432.611	3793.255	3599.439	1.122	1.123	1.123
199	3639.661	3501.948	3749.759	3629.891	1.132	1.133	1.135
200	3584.066	3496.383	3661.562	3587.424	1.118	1.119	1.117
201	3531.614	3440.081	3588.658	3548.442	1.106	1.107	1.101
202	3556.751	3435.804	3676.448	3555.600	1.109	1.110	1.109
203	3546.544	3418.295	3681.530	3540.902	1.104	1.105	1.106
204	3619.934	3466.376	3700.099	3625.432	1.130	1.131	1.129
205	3547.689	3489.666	3638.421	3543.544	1.105	1.106	1.106
206	3580.363	3471.955	3700.078	3588.525	1.119	1.120	1.116
207	3546.207	3284.411	3712.106	3562.587	1.111	1.112	1.106
208	3522.023	3332.051	3668.685	3540.675	1.104	1.105	1.098
209	3562.879	3399.294	3695.918	3558.955	1.110	1.111	1.111
210	3544.547	3431.991	3629.941	3577.405	1.115	1.116	1.105
211	3553.242	3419.934	3661.162	3568.091	1.112	1.113	1.108
212	3514.258	3372.480	3620.730	3507.171	1.093	1.094	1.096
213	3509.078	3255.958	3692.774	3507.931	1.094	1.095	1.094
214	3559.303	3323.701	3666.021	3601.510	1.123	1.124	1.110
215	3568.889	3450.134	3633.149	3577.438	1.115	1.116	1.113
216	3597.942	3544.181	3690.156	3595.522	1.121	1.122	1.122
217	3548.717	3458.066	3734.662	3530.162	1.101	1.102	1.106
218	3530.664	3351.363	3668.504	3552.767	1.108	1.109	1.101
219	3583.979	3456.831	3731.562	3590.296	1.119	1.120	1.117
220	3551.997	3439.199	3621.084	3555.010	1.108	1.109	1.107
221	3553.784	3382.232	3706.410	3559.587	1.110	1.111	1.108
222	3481.585	3325.328	3579.738	3488.740	1.088	1.089	1.085
223	3539.367	3420.928	3693.042	3538.568	1.103	1.104	1.103
224	3534.258	3440.293	3662.628	3532.038	1.101	1.102	1.102
225	3547.987	3446.556	3672.019	3547.823	1.106	1.107	1.106
226	3531.476	3338.917	3681.609	3494.640	1.090	1.091	1.101
227	3441.133	3359.140	3559.669	3406.956	1.062	1.063	1.073
228	3490.189	3385.533	3594.808	3494.122	1.089	1.090	1.088
229	3570.894	3464.573	3662.110	3572.109	1.114	1.115	1.113
230	3474.352	3221.407	3706.846	3466.132	1.081	1.082	1.083
231	3524.096	3348.898	3618.175	3536.020	1.102	1.103	1.099
232	3585.032	3432.895	3738.492	3557.609	1.109	1.110	1.118
233	3563.058	3387.101	3803.290	3547.276	1.106	1.107	1.111
234	3555.233	3304.896	3679.994	3575.504	1.115	1.116	1.108
235	3607.949	3354.643	3757.219	3614.557	1.127	1.128	1.125
236	3555.054	3298.555	3784.819	3582.213	1.117	1.118	1.108
237	3514.829	3367.966	3652.462	3502.696	1.092	1.093	1.096
238	3552.495	3405.722	3661.271	3543.397	1.105	1.106	1.108
239	3608.292	3514.431	3760.117	3585.504	1.118	1.119	1.125
240	3568.093	3435.803	3695.918	3546.617	1.106	1.107	1.112
241	3528.803	3388.652	3664.010	3557.958	1.109	1.110	1.100
242	3551.541	3429.926	3707.001	3542.512	1.104	1.105	1.107
243	3570.243	3479.434	3667.294	3566.823	1.112	1.113	1.113
244	3558.544	3435.346	3695.678	3537.089	1.103	1.104	1.109
245	3553.080	3390.186	3766.215	3546.365	1.106	1.107	1.108
246	3652.110	3606.112	3803.472	3629.615	1.132	1.133	1.139
247	3602.167	3452.017	3825.083	3574.056	1.114	1.115	1.123
248	3487.295	3372.913	3619.530	3474.507	1.083	1.084	1.087
249	3446.463	3335.194	3598.133	3415.873	1.065	1.066	1.075
250	3491.284	3366.445	3792.210	3475.660	1.084	1.085	1.088
251	3483.763	3364.296	3643.923	3503.871	1.092	1.093	1.086
252	3487.964	3355.775	3600.717	3513.217	1.095	1.096	1.087
253	3450.350	3305.325	3590.114	3459.859	1.079	1.080	1.076
254	3562.780	3417.623	3778.869	3554.109	1.108	1.109	1.111
255	3567.076	3476.938	3724.523	3557.775	1.109	1.110	1.112
256	3560.469	3289.656	3789.513	3561.749	1.110	1.111	1.110
257	3584.167	3512.000	3742.054	3569.494	1.113	1.114	1.117
258	3533.949	3297.025	3722.334	3515.580	1.096	1.097	1.102
259	3540.647	3440.052	3678.469	3543.894	1.105	1.106	1.104
260	3582.323	3444.358	3723.543	3564.180	1.111	1.112	1.117
261	3529.748	3393.220	3624.494	3532.841	1.101	1.102	1.100
262	3492.616	3422.033	3632.617	3462.427	1.079	1.080	1.089
263	3544.134	3475.214	3631.882	3544.667	1.105	1.106	1.105
264	3570.256	3377.924	3737.709	3556.677	1.109	1.110	1.113
265	3500.331	3346.096	3611.646	3489.510	1.088	1.089	1.091
266	3554.025	3353.195	3729.851	3557.138	1.109	1.110	1.108
267	3587.649	3497.017	3687.633	3584.320	1.117	1.119	1.119
268	3631.709	3485.898	3752.634	3657.152	1.140	1.141	1.132
269	3521.060	3435.808	3619.309	3532.025	1.101	1.102	1.098
270	3588.300	3497.235	3909.685	3545.317	1.105	1.106	1.119
271	3518.853	3293.826	3616.172	3531.515	1.101	1.102	1.097
272	3527.939	3438.885	3721.748	3495.136	1.090	1.091	1.100
273	3539.880	3391.978	3794.132	3537.398	1.103	1.104	1.104
274	3579.225	3432.432	3736.111	3570.749	1.113	1.114	1.116
275	3613.108	3407.283	3816.579	3597.798	1.122	1.123	1.126
276	3592.239	3284.078	3725.753	3631.072	1.132	1.133	1.120
277	3575.655	3387.361	3838.200	3576.192	1.115	1.116	1.115
278	3645.786	3534.082	3706.142	3665.261	1.143	1.144	1.137
279	3679.725	3542.497	3746.608	3683.597	1.148	1.150	1.147
280	3653.874	3477.108	3764.689	3692.851	1.151	1.152	1.139
281	3580.768	3468.011	3684.952	3585.144	1.118	1.119	1.116
282	3631.091	3504.536	3738.523	3642.167	1.136	1.137	1.132
283	3632.025	3517.200	3716.186	3622.321	1.129	1.130	1.132
284	3563.374	3424.740	3678.771	3565.728	1.112	1.113	1.111
285	3682.511	3429.615	3871.854	3699.558	1.153	1.154	1.148
286	3598.689	3485.426	3700.808	3620.612	1.129	1.130	1.122
287	3664.613	3573.174	3742.853	3663.566	1.142	1.143	1.143
288	3669.414	3460.250	3878.136	3670.572	1.144	1.145	1.144
289	3623.668	3482.601	3772.904	3640.381	1.135	1.136	1.130
290	3573.573	3488.690	3710.664	3574.208	1.114	1.115	1.114
291	3645.226	3501.857	3868.549	3639.621	1.135	1.136	1.136
292	3608.466	3436.203	3842.363	3603.862	1.124	1.125	1.125
293	3607.135	3478.337	3764.448	3607.254	1.125	1.126	1.125
294	3683.190	3486.437	3816.092	3719.848	1.160	1.161	1.148
295	3584.569	3354.501	3718.864	3626.030	1.130	1.132	1.118
296	3560.489	3405.695	3744.228	3552.472	1.108	1.109	1.110
297	3499.601	3371.518	3568.930	3502.497	1.092	1.093	1.091
298	3580.684	3466.511	3841.799	3531.441	1.101	1.102	1.116
299	3555.726	3441.848	3696.491	3508.280	1.094	1.095	1.109
300	3467.978	3329.699	3549.499	3482.596	1.086	1.087	1.081
301	3624.577	3466.869	3743.287	3608.929	1.125	1.126	1.130
302	3581.531	3375.161	3714.953	3598.751	1.122	1.123	1.117
303	3569.762	3452.935	3701.357	3558.539	1.109	1.110	1.113
304	3652.061	3461.248	3791.824	3688.771	1.150	1.151	1.139
305	3538.130	3352.910	3660.740	3527.054	1.100	1.101	1.103
306	3557.992	3415.866	3671.125	3589.390	1.119	1.120	1.109
307	3558.438	3447.985	3739.142	3567.251	1.112	1.113	1.109
308	3527.153	3353.888	3636.930	3532.824	1.101	1.102	1.100
309	3559.120	3474.399	3682.579	3542.695	1.105	1.106	1.110
310	3515.916	3447.993	3668.945	3474.849	1.083	1.084	1.096
311	3477.161	3367.043	3650.947	3472.067	1.082	1.083	1.084
312	3511.341	3355.764	3642.476	3512.785	1.095	1.096	1.095
313	3504.243	3366.061	3701.774	3498.974	1.091	1.092	1.093
314	3538.178	3424.619	3640.353	3543.905	1.105	1.106	1.103
315	3554.400	3439.561	3643.360	3556.450	1.109	1.110	1.108
316	3540.044	3436.796	3716.039	3535.229	1.102	1.103	1.104
317	3600.917	3459.643	3769.858	3573.629	1.114	1.115	1.123
318	3597.169	3512.254	3705.956	3586.381	1.118	1.119	1.121
319	3576.587	3507.870	3689.019	3564.753	1.111	1.112	1.115
320	3581.566	3491.451	3772.685	3572.605	1.114	1.115	1.117
321	3581.725	3468.760	3664.392	3581.297	1.117	1.118	1.117
322	3590.450	3438.867	3698.192	3618.067	1.128	1.129	1.119
323	3555.314	3486.632	3647.556	3547.854	1.106	1.107	1.108
324	3597.022	3358.712	3805.668	3610.194	1.126	1.127	1.121
325	3556.420	3306.247	3767.535	3571.257	1.113	1.114	1.109
326	3532.277	3321.854	3709.991	3515.333	1.096	1.097	1.101
327	3570.708	3267.610	3783.889	3563.454	1.111	1.112	1.113
328	3695.626	3480.788	4065.420	3659.604	1.141	1.142	1.152
329	3571.965	3412.810	3741.002	3586.513	1.118	1.119	1.114
330	3530.989	3357.401	3729.427	3526.339	1.099	1.100	1.101
331	3456.437	3385.074	3562.562	3435.945	1.071	1.072	1.078
332	3553.498	3458.025	3727.959	3532.903	1.101	1.102	1.108
333	3522.197	3373.602	3606.040	3520.016	1.097	1.098	1.098
334	3590.120	3509.155	3681.712	3587.523	1.118	1.120	1.119
335	3581.803	3374.688	3722.409	3638.694	1.134	1.135	1.117
336	3604.484	3404.184	3784.762	3566.277	1.112	1.113	1.124
337	3523.532	3410.494	3787.690	3473.102	1.083	1.084	1.099
338	3555.824	3415.243	3706.148	3524.664	1.099	1.100	1.109
339	3587.096	3475.029	3663.478	3594.024	1.121	1.122	1.118
340	3478.308	3365.456	3713.386	3454.787	1.077	1.078	1.084
341	3514.873	3433.685	3664.178	3498.326	1.091	1.092	1.096
342	3572.055	3510.115	3660.971	3559.125	1.110	1.111	1.114
343	3551.132	3410.559	3765.438	3519.050	1.097	1.098	1.107
344	3544.146	3439.228	3761.070	3543.030	1.105	1.106	1.105
345	3538.397	3434.028	3656.067	3536.887	1.103	1.104	1.103
346	3524.691	3366.262	3672.602	3544.341	1.105	1.106	1.099
347	3510.535	3410.440	3697.778	3486.391	1.087	1.088	1.094
348	3557.602	3436.505	3698.289	3558.993	1.110	1.111	1.109
349	3635.599	3497.801	3743.284	3651.370	1.138	1.139	1.133
350	3567.645	3418.708	3639.383	3585.218	1.118	1.119	1.112
351	3540.735	3436.404	3742.393	3528.154	1.100	1.101	1.104
352	3466.474	3377.239	3615.779	3464.206	1.080	1.081	1.081
353	3520.609	3395.181	3621.097	3521.696	1.098	1.099	1.098
354	3540.337	3415.343	3675.928	3547.216	1.106	1.107	1.104
355	3527.122	3379.893	3689.819	3536.401	1.103	1.104	1.100
356	3545.123	3364.532	3703.667	3559.426	1.110	1.111	1.105
357	3683.476	3513.282	3765.543	3707.696	1.156	1.157	1.148
358	3630.369	3529.916	3803.109	3615.546	1.127	1.128	1.132
359	3555.140	3378.492	3733.255	3561.562	1.110	1.111	1.108
360	3493.613	3250.236	3623.781	3516.144	1.096	1.097	1.089
361	3543.970	3403.935	3674.836	3550.741	1.107	1.108	1.105
362	3509.302	3371.932	3634.121	3506.021	1.093	1.094	1.094
363	3473.398	3303.445	3612.391	3460.979	1.079	1.080	1.083
364	3559.437	3469.131	3642.356	3567.028	1.112	1.113	1.110
365	3588.673	3480.265	3828.875	3567.940	1.112	1.113	1.119
366	3606.189	3320.180	3837.045	3647.582	1.137	1.138	1.124
367	3565.645	3340.482	3743.801	3582.979	1.117	1.118	1.112
368	3477.197	3320.601	3568.213	3486.802	1.087	1.088	1.084
369	3549.881	3483.935	3650.372	3533.663	1.102	1.103	1.107
370	3553.590	3426.498	3667.854	3558.300	1.109	1.110	1.108
371	3567.940	3408.391	3921.344	3522.314	1.098	1.099	1.112
372	3595.449	3442.502	3657.981	3613.313	1.127	1.128	1.121
373	3622.418	3446.499	3772.904	3608.133	1.125	1.126	1.129
374	3637.474	3374.453	3863.283	3629.023	1.131	1.132	1.134
375	3538.735	3396.563	3641.508	3559.483	1.110	1.111	1.103
376	3504.686	3425.992	3616.872	3486.942	1.087	1.088	1.093
377	3526.146	3404.485	3660.352	3480.967	1.085	1.086	1.099
378	3558.033	3476.914	3691.463	3562.189	1.111	1.112	1.109
379	3572.500	3406.947	3689.016	3613.060	1.126	1.127	1.114
380	3638.214	3413.990	3852.337	3618.035	1.128	1.129	1.134
381	3547.487	3368.839	3733.405	3568.830	1.113	1.114	1.106
382	3517.953	3302.949	3697.999	3536.140	1.102	1.103	1.097
383	3503.410	3347.607	3646.818	3478.816	1.085	1.086	1.092
384	3556.926	3426.808	3732.992	3538.305	1.103	1.104	1.109
385	3507.494	3421.647	3640.899	3503.300	1.092	1.093	1.094
386	3447.707	3264.184	3662.859	3447.874	1.075	1.076	1.075
387	3466.632	3359.047	3664.865	3430.723	1.070	1.071	1.081
388	3570.528	3453.277	3717.327	3560.676	1.110	1.111	1.113
389	3505.880	3385.564	3626.821	3499.805	1.091	1.092	1.093
390	3521.451	3431.765	3654.169	3497.611	1.090	1.091	1.098
391	3534.249	3397.764	3680.692	3537.025	1.103	1.104	1.102
392	3501.856	3383.341	3678.613	3497.034	1.090	1.091	1.092
393	3457.347	3264.661	3545.787	3483.894	1.086	1.087	1.078
394	3524.404	3400.990	3632.762	3530.097	1.101	1.102	1.099
395	3471.442	3273.338	3550.335	3499.025	1.091	1.092	1.082
396	3542.185	3382.387	3634.429	3565.789	1.112	1.113	1.104
397	3498.960	3401.742	3733.328	3477.514	1.084	1.085	1.091
398	3479.980	3312.505	3664.202	3444.157	1.074	1.075	1.085
399	3565.776	3353.415	3693.083	3566.500	1.112	1.113	1.112
400	3522.385	3446.645	3662.506	3507.957	1.094	1.095	1.098
401	3574.306	3384.878	3844.708	3563.219	1.111	1.112	1.114
402	3576.271	3449.253	3762.929	3553.646	1.108	1.109	1.115
403	3521.659	3373.561	3632.373	3518.860	1.097	1.098	1.098
404	3521.133	3456.917	3602.960	3512.152	1.095	1.096	1.098
405	3561.650	3460.027	3707.363	3550.203	1.107	1.108	1.110
406	3604.541	3390.742	3849.496	3550.630	1.107	1.108	1.124
407	3575.012	3442.288	3828.158	3558.122	1.109	1.110	1.115
408	3449.805	3331.620	3551.901	3454.335	1.077	1.078	1.076
409	3448.846	3361.823	3586.459	3449.534	1.075	1.076	1.075
410	3447.663	3257.123	3580.977	3475.926	1.084	1.085	1.075
411	3479.327	3303.839	3639.532	3463.106	1.080	1.081	1.085
412	3508.029	3336.441	3645.392	3494.821	1.090	1.091	1.094
413	3434.053	3347.994	3579.343	3417.282	1.065	1.066	1.071
414	3418.332	3296.931	3556.131	3420.669	1.066	1.067	1.066
415	3536.986	3328.955	3783.553	3527.265	1.100	1.101	1.103
416	3592.928	3409.134	3939.476	3581.400	1.117	1.118	1.120
417	3548.778	3293.518	3859.094	3508.159	1.094	1.095	1.106
418	3537.471	3361.735	3706.911	3524.265	1.099	1.100	1.103
419	3532.382	3386.658	3604.121	3558.350	1.109	1.110	1.101
420	3570.038	3432.386	3800.363	3558.977	1.110	1.111	1.113
421	3576.396	3495.410	3644.554	3581.692	1.117	1.118	1.115
422	3594.617	3452.667	3697.425	3603.993	1.124	1.125	1.121
423	3610.458	3399.499	3822.891	3648.977	1.138	1.139	1.126
424	3571.282	3473.186	3669.178	3573.082	1.114	1.115	1.113
425	3582.160	3485.535	3702.963	3584.460	1.118	1.119	1.117
426	3595.415	3467.489	3668.879	3607.644	1.125	1.126	1.121
427	3559.675	3384.465	3691.244	3572.652	1.114	1.115	1.110
428	3581.421	3404.214	3829.165	3564.494	1.111	1.112	1.117
429	3597.990	3505.437	3733.221	3559.247	1.110	1.111	1.122
430	3678.633	3540.912	3835.331	3700.586	1.154	1.155	1.147
431	3641.178	3515.337	3821.234	3633.533	1.133	1.134	1.135
432	3644.018	3492.125	3740.458	3661.997	1.142	1.143	1.136
433	3577.216	3422.425	3671.197	3604.112	1.124	1.125	1.115
434	3572.541	3425.709	3864.831	3559.391	1.110	1.111	1.114
435	3545.227	3382.712	3743.571	3559.112	1.110	1.111	1.105
436	3598.394	3293.612	3967.152	3585.375	1.118	1.119	1.122
437	3538.741	3396.535	3620.089	3562.126	1.111	1.112	1.103
438	3534.853	3416.823	3727.518	3511.844	1.095	1.096	1.102
439	3541.223	3412.417	3650.337	3518.883	1.097	1.098	1.104
440	3587.692	3432.146	3687.274	3613.977	1.127	1.128	1.119
441	3572.824	3462.645	3666.360	3569.952	1.113	1.114	1.114
442	3500.464	3377.708	3647.254	3465.611	1.080	1.081	1.091
443	3545.760	3310.578	3655.687	3548.994	1.106	1.108	1.105
444	3612.099	3474.875	3933.724	3599.103	1.122	1.123	1.126
445	3593.129	3441.914	3731.517	3613.417	1.127	1.128	1.120
446	3547.268	3347.745	3710.560	3555.165	1.108	1.109	1.106
447	3521.808	3358.276	3736.218	3469.946	1.082	1.083	1.098
448	3538.606	3382.309	3650.660	3528.565	1.100	1.101	1.103
449	3621.303	3423.652	3917.576	3596.731	1.121	1.122	1.129
450	3556.847	3381.646	3767.625	3558.790	1.110	1.111	1.109
451	3499.019	3364.523	3622.278	3517.717	1.097	1.098	1.091
452	3526.388	3411.617	3688.231	3502.564	1.092	1.093	1.099
453	3586.854	3368.350	3789.938	3586.384	1.118	1.119	1.118
454	3627.333	3395.127	3937.239	3610.928	1.126	1.127	1.131
455	3526.990	3371.117	3735.328	3551.504	1.107	1.108	1.100
456	3447.108	3293.838	3575.318	3426.728	1.068	1.069	1.075
457	3518.533	3443.209	3660.814	3502.403	1.092	1.093	1.097
458	3613.450	3492.144	3731.483	3642.624	1.136	1.137	1.127
459	3593.450	3351.290	3783.287	3635.338	1.133	1.134	1.120
460	3483.416	3379.044	3586.422	3485.015	1.087	1.088	1.086
461	3505.113	3429.320	3651.281	3511.892	1.095	1.096	1.093
462	3544.911	3404.506	3703.905	3532.277	1.101	1.102	1.105
463	3533.849	3397.116	3751.984	3510.336	1.094	1.095	1.102
464	3558.387	3364.885	3736.134	3582.845	1.117	1.118	1.109
465	3592.344	3350.144	3837.657	3589.455	1.119	1.120	1.120
466	3537.180	3362.906	3662.844	3549.051	1.106	1.108	1.103
467	3520.046	3426.392	3635.648	3543.804	1.105	1.106	1.097
468	3546.456	3472.144	3757.483	3508.639	1.094	1.095	1.106
469	3510.978	3354.168	3663.975	3490.198	1.088	1.089	1.095
470	3545.720	3360.717	3752.248	3538.423	1.103	1.104	1.105
471	3538.067	3407.605	3646.677	3545.636	1.105	1.106	1.103
472	3486.941	3370.060	3655.293	3499.021	1.091	1.092	1.087
473	3582.071	3464.893	3847.390	3558.199	1.109	1.110	1.117
474	3581.112	3492.909	3711.058	3576.689	1.115	1.116	1.116
475	3577.334	3459.901	3692.912	3579.476	1.116	1.117	1.115
476	3535.039	3366.728	3759.255	3547.812	1.106	1.107	1.102
477	3569.819	3394.423	3745.205	3557.808	1.109	1.110	1.113
478	3590.593	3455.333	3780.277	3592.529	1.120	1.121	1.119
479	3571.395	3374.302	3791.026	3566.506	1.112	1.113	1.113
480	3497.088	3367.340	3677.631	3501.118	1.092	1.093	1.090
481	3515.639	3399.131	3670.594	3498.592	1.091	1.092	1.096
482	3555.645	3401.384	3814.462	3539.808	1.104	1.105	1.109
483	3606.299	3424.445	3767.353	3600.071	1.122	1.123	1.124
484	3566.149	3481.498	3823.978	3512.062	1.095	1.096	1.112
485	3645.305	3466.450	3802.327	3664.505	1.142	1.144	1.136
486	3550.926	3453.181	3675.721	3558.121	1.109	1.110	1.107
487	3535.620	3372.869	3706.379	3529.135	1.100	1.101	1.102
488	3536.617	3452.221	3645.266	3539.563	1.104	1.105	1.103
489	3522.270	3434.243	3792.102	3509.742	1.094	1.095	1.098
490	3570.515	3459.934	3696.597	3559.207	1.110	1.111	1.113
491	3633.676	3337.235	3770.495	3670.813	1.144	1.146	1.133
492	3594.110	3462.622	3725.693	3577.226	1.115	1.116	1.121
493	3642.974	3459.867	3780.575	3652.991	1.139	1.140	1.136
494	3698.003	3552.663	3834.112	3710.246	1.157	1.158	1.153
495	3668.157	3497.445	3818.520	3679.151	1.147	1.148	1.144
496	3651.685	3480.473	3816.658	3649.103	1.138	1.139	1.138
497	3633.471	3413.701	3824.128	3644.889	1.136	1.137	1.133
498	3663.604	3431.171	3840.104	3655.433	1.140	1.141	1.142
499	3646.042	3567.432	3752.486	3627.488	1.131	1.132	1.137
500	3687.938	3531.633	3861.634	3710.574	1.157	1.158	1.150
501	3629.532	3476.420	3736.432	3646.453	1.137	1.138	1.132
502	3669.022	3491.791	3821.831	3660.676	1.141	1.142	1.144
503	3701.441	3581.813	3895.094	3681.986	1.148	1.149	1.154
504	3714.024	3432.350	4000.059	3747.622	1.168	1.169	1.158
505	3708.264	3536.130	3813.264	3736.240	1.165	1.166	1.156
506	3707.946	3493.150	3821.609	3731.451	1.163	1.164	1.156
507	3765.058	3614.445	3925.739	3757.733	1.172	1.173	1.174
508	3728.517	3601.569	3860.867	3710.348	1.157	1.158	1.162
509	3649.809	3361.747	3740.730	3678.014	1.147	1.148	1.138
510	3730.105	3600.484	3877.371	3739.197	1.166	1.167	1.163
511	3753.213	3640.412	3913.140	3734.437	1.164	1.165	1.170
512	3735.436	3519.338	3890.081	3743.340	1.167	1.168	1.165
513	3692.413	3469.988	3827.793	3675.796	1.146	1.147	1.151
514	3674.873	3568.361	3850.372	3654.729	1.139	1.140	1.146
515	3791.531	3638.624	4097.910	3748.399	1.169	1.170	1.182
516	3797.083	3668.362	4043.903	3773.299	1.176	1.178	1.184
517	3756.257	3645.988	4025.841	3713.795	1.158	1.159	1.171
518	3730.170	3592.128	3875.307	3737.945	1.165	1.166	1.163
519	3725.094	3555.449	3992.860	3708.041	1.156	1.157	1.161
520	3733.480	3557.168	3876.016	3740.312	1.166	1.167	1.164
521	3820.193	3632.892	4094.735	3839.472	1.197	1.198	1.191
522	3754.507	3682.906	3915.732	3743.999	1.167	1.168	1.171
523	3751.354	3583.738	3854.129	3788.693	1.181	1.182	1.170
524	3763.320	3558.083	3868.797	3786.104	1.180	1.181	1.173
525	3769.484	3502.340	3944.172	3770.854	1.176	1.177	1.175
526	3754.104	3673.021	3936.039	3732.343	1.164	1.165	1.170
527	3740.033	3582.117	3835.426	3758.698	1.172	1.173	1.166
528	3759.685	3639.395	3885.765	3773.084	1.176	1.177	1.172
529	3734.211	3608.644	3894.697	3741.013	1.166	1.167	1.164
530	3743.228	3495.407	4202.291	3716.963	1.159	1.160	1.167
531	3768.491	3632.654	3912.467	3775.685	1.177	1.178	1.175
532	3752.642	3670.365	3880.169	3750.689	1.169	1.170	1.170
533	3740.120	3567.784	3959.708	3730.877	1.163	1.164	1.166
534	3696.256	3633.238	3741.417	3703.346	1.155	1.156	1.152
535	3659.325	3445.724	3782.387	3683.270	1.148	1.149	1.141
536	3675.046	3502.770	3919.332	3644.837	1.136	1.137	1.146
537	3734.835	3530.145	3979.392	3722.005	1.160	1.161	1.164
538	3758.094	3612.531	3925.619	3779.724	1.178	1.180	1.172
539	3713.608	3568.192	3856.350	3697.842	1.153	1.154	1.158
540	3787.182	3587.511	4047.170	3775.620	1.177	1.178	1.181
541	3831.164	3664.868	4205.432	3777.157	1.178	1.179	1.194
542	3850.336	3508.630	4427.278	3840.512	1.197	1.198	1.200
543	3749.703	3561.081	3948.322	3747.028	1.168	1.169	1.169
544	3726.526	3566.923	3984.292	3718.570	1.159	1.160	1.162
545	3827.485	3576.128	3957.715	3840.573	1.197	1.198	1.193
546	3871.866	3684.783	4240.410	3849.747	1.200	1.201	1.207
547	3838.211	3644.699	4014.508	3839.018	1.197	1.198	1.197
548	3769.791	3608.572	3938.740	3778.136	1.178	1.179	1.175
549	3814.788	3660.798	4038.736	3803.274	1.186	1.187	1.189
550	3835.568	3608.290	4104.553	3830.696	1.194	1.195	1.196
551	3777.294	3700.185	3997.571	3736.690	1.165	1.166	1.178
552	3726.732	3613.446	3916.480	3691.285	1.151	1.152	1.162
553	3786.176	3622.674	4096.295	3716.707	1.159	1.160	1.180
554	3697.771	3508.829	3854.359	3684.830	1.149	1.150	1.153
555	3696.481	3574.630	3846.145	3673.059	1.145	1.146	1.152
556	3702.638	3410.835	3939.427	3664.763	1.143	1.144	1.154
557	3658.353	3427.266	3771.434	3707.799	1.156	1.157	1.141
558	3782.401	3579.410	4017.505	3774.476	1.177	1.178	1.179
559	3733.777	3610.724	3926.965	3706.111	1.155	1.157	1.164
560	3814.015	3643.150	4037.085	3800.708	1.185	1.186	1.189
561	3692.604	3535.814	3773.096	3689.710	1.150	1.151	1.151
562	3692.030	3491.198	3889.011	3697.792	1.153	1.154	1.151
563	3731.381	3577.779	3853.030	3726.363	1.162	1.163	1.163
564	3722.426	3633.707	3783.181	3735.859	1.165	1.166	1.161
565	3707.252	3515.796	3797.475	3726.197	1.162	1.163	1.156
566	3719.457	3536.955	3880.612	3703.756	1.155	1.156	1.160
567	3705.957	3580.668	3798.187	3717.536	1.159	1.160	1.155
568	3659.026	3507.797	3826.013	3646.389	1.137	1.138	1.141
569	3704.731	3496.684	3911.713	3683.201	1.148	1.149	1.155
570	3664.117	3538.426	3810.568	3630.378	1.132	1.133	1.142
571	3665.529	3460.466	3759.178	3686.344	1.149	1.150	1.143
572	3728.631	3538.201	3947.675	3717.247	1.159	1.160	1.162
573	3754.814	3643.838	3915.871	3742.050	1.167	1.168	1.171
574	3679.028	3532.611	3831.557	3685.076	1.149	1.150	1.147
575	3656.068	3512.552	3869.948	3659.312	1.141	1.142	1.140
576	3632.689	3508.299	3760.728	3628.177	1.131	1.132	1.133
577	3651.282	3534.131	3764.119	3652.447	1.139	1.140	1.138
578	3630.080	3483.651	3770.278	3632.722	1.133	1.134	1.132
579	3649.149	3452.439	3815.125	3653.311	1.139	1.140	1.138
580	3658.599	3527.250	3775.684	3678.374	1.147	1.148	1.141
581	3679.693	3416.780	3854.818	3700.846	1.154	1.155	1.147
582	3673.488	3495.156	3887.033	3688.912	1.150	1.151	1.145
583	3632.018	3475.346	3745.682	3659.654	1.141	1.142	1.132
584	3623.772	3513.704	3748.199	3639.930	1.135	1.136	1.130
585	3612.027	3507.731	3844.018	3563.394	1.111	1.112	1.126
586	3605.011	3473.148	3800.325	3570.512	1.113	1.114	1.124
587	3676.915	3512.813	3825.949	3686.616	1.149	1.150	1.146
588	3654.717	3541.734	3876.336	3632.657	1.133	1.134	1.139
589	3602.244	3464.688	3772.853	3607.307	1.125	1.126	1.123
590	3556.547	3489.241	3647.350	3552.304	1.107	1.109	1.109
591	3597.987	3434.635	3749.706	3591.988	1.120	1.121	1.122
592	3609.350	3496.136	3818.870	3597.362	1.122	1.123	1.125
593	3617.374	3431.047	3968.499	3599.618	1.122	1.123	1.128
594	3648.098	3497.195	3805.145	3623.412	1.130	1.131	1.137
595	3638.784	3533.662	3726.826	3639.786	1.135	1.136	1.134
596	3663.118	3517.691	3789.425	3673.205	1.145	1.146	1.142
597	3671.311	3546.429	3752.537	3677.615	1.147	1.148	1.145
598	3626.713	3431.565	3811.471	3585.533	1.118	1.119	1.131
599	3639.080	3550.460	3808.991	3635.946	1.134	1.135	1.135
600	3608.753	3509.840	3724.691	3597.732	1.122	1.123	1.125
601	3589.218	3405.234	3869.744	3564.192	1.111	1.112	1.119
602	3600.547	3454.548	3807.309	3582.871	1.117	1.118	1.123
603	3633.232	3541.578	3714.786	3628.126	1.131	1.132	1.133
604	3665.888	3491.028	3762.409	3686.676	1.149	1.150	1.143
605	3718.541	3523.373	3992.186	3693.184	1.151	1.152	1.159
606	3706.570	3580.620	3882.887	3708.496	1.156	1.157	1.156
607	3614.976	3484.208	3766.439	3635.322	1.133	1.134	1.127
608	3632.114	3525.314	3690.279	3641.650	1.135	1.136	1.132
609	3658.397	3457.713	3803.680	3668.996	1.144	1.145	1.141
610	3679.678	3459.251	3804.028	3672.877	1.145	1.146	1.147
611	3724.976	3596.306	3861.046	3724.916	1.161	1.162	1.161
612	3746.396	3626.765	3868.996	3760.098	1.172	1.173	1.168
613	3610.713	3518.153	3745.568	3604.032	1.124	1.125	1.126
614	3612.380	3517.010	3726.713	3569.950	1.113	1.114	1.126
615	3700.364	3580.407	3836.131	3668.877	1.144	1.145	1.154
616	3654.368	3525.248	3813.025	3638.910	1.135	1.136	1.139
617	3642.925	3400.581	3749.594	3671.962	1.145	1.146	1.136
618	3648.414	3463.441	3810.990	3668.464	1.144	1.145	1.137
619	3690.309	3509.954	3833.322	3709.778	1.157	1.158	1.151
620	3765.810	3627.069	3877.468	3758.146	1.172	1.173	1.174
621	3799.669	3683.473	4027.198	3781.049	1.179	1.180	1.185
622	3736.282	3554.702	3983.453	3728.499	1.162	1.164	1.165
623	3697.654	3566.736	3807.190	3718.649	1.159	1.160	1.153
624	3735.503	3604.493	3868.620	3704.089	1.155	1.156	1.165
625	3734.655	3452.778	3980.376	3694.884	1.152	1.153	1.164
626	3790.928	3618.758	3957.729	3757.568	1.171	1.173	1.182
627	3767.385	3685.427	3881.667	3754.931	1.171	1.172	1.175
628	3754.509	3449.198	4023.061	3749.910	1.169	1.170	1.171
629	3802.386	3612.468	4046.445	3770.025	1.175	1.176	1.185
630	3803.387	3617.023	3994.433	3783.925	1.180	1.181	1.186
631	3777.236	3659.867	3896.890	3773.983	1.177	1.178	1.178
632	3737.052	3579.854	3992.620	3697.528	1.153	1.154	1.165
633	3796.027	3652.592	3943.198	3818.273	1.190	1.192	1.183
634	3800.199	3693.800	3938.812	3795.724	1.183	1.184	1.185
635	3767.537	3509.063	4093.068	3735.928	1.165	1.166	1.175
636	3736.238	3544.466	4050.154	3726.975	1.162	1.163	1.165
637	3771.379	3645.343	3935.074	3747.173	1.168	1.169	1.176
638	3768.736	3472.248	3930.255	3783.238	1.179	1.181	1.175
639	3778.227	3553.261	3978.011	3805.348	1.186	1.188	1.178
640	3775.619	3657.102	3931.130	3786.421	1.180	1.182	1.177
641	3806.049	3596.636	3984.804	3797.659	1.184	1.185	1.187
642	3766.856	3514.753	4023.905	3785.949	1.180	1.181	1.174
643	3799.140	3542.951	4247.803	3754.141	1.170	1.172	1.184
644	3800.659	3689.958	3946.899	3799.329	1.185	1.186	1.185
645	3824.641	3633.053	3944.877	3819.218	1.191	1.192	1.192
646	3795.465	3630.185	3958.828	3775.651	1.177	1.178	1.183
647	3705.640	3464.023	3865.078	3711.773	1.157	1.158	1.155
648	3724.212	3595.517	3886.323	3689.057	1.150	1.151	1.161
649	3796.200	3635.903	4018.173	3760.893	1.173	1.174	1.184
650	3874.954	3533.420	4105.932	3883.170	1.211	1.212	1.208
651	3844.691	3572.792	4057.558	3840.634	1.197	1.199	1.199
652	3748.678	3561.983	3933.353	3737.412	1.165	1.166	1.169
653	3815.573	3676.109	3970.741	3787.304	1.181	1.182	1.190
654	3953.591	3704.179	4189.488	3930.496	1.225	1.227	1.233
655	3839.267	3408.628	4100.560	3900.521	1.216	1.217	1.197
656	3926.198	3604.251	4119.024	3963.797	1.236	1.237	1.224
657	3931.819	3581.040	4204.868	3966.462	1.237	1.238	1.226
658	3848.676	3647.485	3969.886	3852.192	1.201	1.202	1.200
659	3885.732	3672.101	4156.640	3915.338	1.221	1.222	1.211
660	3855.285	3534.219	4086.947	3854.847	1.202	1.203	1.202
661	3825.324	3596.226	3957.226	3852.801	1.201	1.202	1.193
662	4045.437	3656.662	4338.800	4043.095	1.261	1.262	1.261
663	3988.074	3790.729	4235.162	4020.275	1.253	1.255	1.243
664	3957.223	3695.823	4147.457	3963.876	1.236	1.237	1.234
665	4014.706	3832.681	4177.153	4049.423	1.262	1.264	1.252
666	3934.028	3593.321	4259.420	3923.767	1.223	1.224	1.227
667	3994.080	3709.902	4276.810	3997.372	1.246	1.247	1.245
668	4040.623	3896.354	4174.258	4054.786	1.264	1.265	1.260
669	4151.631	3978.222	4360.047	4154.323	1.295	1.296	1.294
670	4104.670	3921.596	4296.525	4132.779	1.288	1.290	1.280
671	3978.865	3543.289	4254.474	3936.588	1.227	1.228	1.240
672	3970.236	3624.509	4168.401	4005.920	1.249	1.250	1.238
673	3976.330	3695.097	4193.049	3980.120	1.241	1.242	1.240
674	4024.431	3662.311	4414.517	4028.570	1.256	1.257	1.255
675	3860.911	3600.024	4163.971	3886.390	1.212	1.213	1.204
676	4025.900	3816.047	4373.102	3959.203	1.234	1.236	1.255
677	4009.564	3808.364	4211.093	3963.813	1.236	1.237	1.250
678	4043.216	3676.798	4263.394	4060.219	1.266	1.267	1.261
679	3962.844	3746.333	4133.218	4001.278	1.247	1.249	1.235
680	3894.813	3686.857	4016.883	3910.535	1.219	1.220	1.214
681	3883.764	3556.838	4055.115	3949.808	1.231	1.233	1.211
682	3820.441	3630.150	3922.434	3851.846	1.201	1.202	1.191
683	3828.162	3565.610	4130.229	3836.830	1.196	1.197	1.194
684	3961.150	3634.456	4753.615	3947.043	1.231	1.232	1.235
685	3896.821	3668.218	3997.209	3932.631	1.226	1.227	1.215
686	3881.137	3741.796	4116.559	3836.288	1.196	1.197	1.210
687	3948.995	3724.979	4385.205	3905.607	1.218	1.219	1.231
688	3932.265	3661.032	4338.688	3866.660	1.206	1.207	1.226
689	3806.737	3602.176	4100.837	3789.981	1.182	1.183	1.187
690	3864.136	3498.505	4255.716	3815.890	1.190	1.191	1.205
691	3871.461	3596.059	4114.272	3940.681	1.229	1.230	1.207
692	3788.560	3526.517	4086.404	3786.073	1.180	1.181	1.181
693	3808.308	3578.829	4096.739	3758.585	1.172	1.173	1.187
694	3831.584	3701.124	4052.547	3835.234	1.196	1.197	1.195
695	3755.077	3578.458	3884.105	3764.233	1.174	1.175	1.171
696	3782.003	3500.984	3998.861	3818.829	1.191	1.192	1.179
697	3904.227	3773.904	4110.131	3914.263	1.220	1.221	1.217
698	3893.697	3623.593	4053.567	3901.553	1.216	1.218	1.214
699	3859.679	3556.532	4075.169	3880.738	1.210	1.211	1.203
700	3847.238	3485.265	4139.188	3869.121	1.206	1.207	1.199
701	3833.102	3595.369	4079.928	3812.363	1.189	1.190	1.195
702	3877.349	3526.418	4143.340	3896.941	1.215	1.216	1.209
703	3893.813	3585.240	4124.310	3904.955	1.217	1.219	1.214
704	3834.610	3584.500	4204.760	3758.918	1.172	1.173	1.196
705	3898.008	3754.376	4076.357	3897.543	1.215	1.216	1.215
706	3937.416	3750.518	4155.003	3941.341	1.229	1.230	1.228
707	3970.961	3730.484	4331.711	3942.650	1.229	1.230	1.238
708	3842.297	3694.317	4134.374	3813.683	1.189	1.190	1.198
709	3869.616	3624.898	4188.549	3842.641	1.198	1.199	1.206
710	3944.938	3715.347	4409.944	3869.123	1.206	1.207	1.230
711	3994.490	3722.472	4285.548	3950.780	1.232	1.233	1.245
712	3925.191	3694.379	4030.373	3945.282	1.230	1.231	1.224
713	3849.637	3687.941	4040.731	3835.680	1.196	1.197	1.200
714	3825.167	3610.752	4098.828	3798.140	1.184	1.185	1.193
715	3842.961	3431.856	4061.097	3862.388	1.204	1.205	1.198
716	3864.947	3635.393	4228.875	3837.390	1.196	1.198	1.205
717	3914.276	3668.222	4110.077	3937.366	1.228	1.229	1.220
718	3891.494	3717.668	4038.518	3894.405	1.214	1.215	1.213
719	3824.725	3627.911	4024.475	3831.784	1.195	1.196	1.192
720	3876.431	3621.235	4163.729	3863.798	1.205	1.206	1.209
721	3852.341	3602.101	4056.362	3934.800	1.227	1.228	1.201
722	3855.900	3628.352	4057.332	3884.521	1.211	1.212	1.202
723	3902.335	3531.507	4320.550	3885.043	1.211	1.212	1.217
724	3883.484	3793.147	4007.653	3881.588	1.210	1.211	1.211
725	3887.178	3610.439	4086.610	3879.125	1.209	1.211	1.212
726	3950.059	3633.219	4266.273	3930.401	1.225	1.227	1.232
727	3831.674	3528.326	4096.630	3850.391	1.200	1.202	1.195
728	3820.227	3680.722	4129.087	3803.314	1.186	1.187	1.191
729	3792.175	3634.246	3991.499	3781.462	1.179	1.180	1.182
730	3827.551	3597.276	4059.426	3808.209	1.187	1.188	1.193
731	3866.804	3697.407	4044.314	3856.727	1.202	1.204	1.206
732	3905.440	3644.005	4453.156	3833.960	1.195	1.196	1.218
733	3834.576	3737.197	3948.875	3808.258	1.187	1.188	1.196
734	3796.101	3682.663	3943.596	3765.269	1.174	1.175	1.184
735	3788.454	3476.631	4051.934	3766.080	1.174	1.175	1.181
736	3776.731	3545.755	3921.650	3777.371	1.178	1.179	1.177
737	3728.386	3622.664	3829.397	3752.078	1.170	1.171	1.162
738	3767.893	3625.520	3868.096	3771.954	1.176	1.177	1.175
739	3758.023	3598.953	4091.912	3746.825	1.168	1.169	1.172
740	3724.826	3564.606	3832.454	3748.309	1.169	1.170	1.161
741	3754.206	3593.798	3880.776	3744.683	1.167	1.169	1.170
742	3793.817	3619.736	3964.075	3766.141	1.174	1.175	1.183
743	3822.869	3621.203	3970.731	3800.848	1.185	1.186	1.192
744	3768.833	3588.335	3931.058	3754.987	1.171	1.172	1.175
745	3731.567	3558.607	3979.497	3738.440	1.166	1.167	1.163
746	3726.651	3583.942	3942.037	3703.974	1.155	1.156	1.162
747	3812.098	3580.198	4133.657	3771.242	1.176	1.177	1.188
748	3796.705	3542.347	4049.570	3761.024	1.173	1.174	1.184
749	3783.309	3510.714	4037.365	3784.070	1.180	1.181	1.180
750	3778.328	3580.204	4037.166	3796.465	1.184	1.185	1.178
751	3772.920	3580.448	3906.979	3790.691	1.182	1.183	1.176
752	3855.026	3622.955	4021.326	3898.866	1.216	1.217	1.202
753	3807.383	3552.673	4033.588	3827.053	1.193	1.194	1.187
754	3799.309	3678.131	3992.653	3755.166	1.171	1.172	1.185
755	3723.580	3355.089	3967.589	3731.897	1.163	1.165	1.161
756	3691.536	3554.231	3811.019	3696.753	1.153	1.154	1.151
757	3751.959	3627.193	3920.950	3715.501	1.158	1.159	1.170
758	3711.945	3515.812	4040.162	3684.213	1.149	1.150	1.157
759	3658.054	3354.771	3890.791	3684.573	1.149	1.150	1.140
760	3672.394	3412.257	3801.096	3720.620	1.160	1.161	1.145
761	3754.105	3631.290	3907.177	3746.755	1.168	1.169	1.170
762	3691.471	3574.076	3879.576	3679.995	1.147	1.148	1.151
763	3686.025	3428.395	3884.390	3719.044	1.159	1.161	1.149
764	3801.866	3640.517	4102.852	3744.287	1.167	1.168	1.185
765	3756.348	3619.204	3855.187	3766.585	1.174	1.175	1.171
766	3765.902	3600.885	3907.762	3777.344	1.178	1.179	1.174
767	3827.790	3614.895	4071.660	3821.991	1.192	1.193	1.193
768	3727.283	3563.608	3837.182	3727.647	1.162	1.163	1.162
769	3618.925	3486.751	3822.479	3615.300	1.127	1.128	1.128
770	3629.350	3522.019	3933.407	3605.022	1.124	1.125	1.132
771	3657.644	3514.108	3739.535	3667.385	1.143	1.144	1.140
772	3751.666	3536.709	3869.908	3797.741	1.184	1.185	1.170
773	3704.628	3537.910	3882.831	3677.123	1.146	1.147	1.155
774	3673.299	3566.806	3845.255	3653.420	1.139	1.140	1.145
775	3650.198	3412.758	3846.427	3663.748	1.142	1.143	1.138
776	3682.687	3486.709	3832.039	3700.235	1.154	1.155	1.148
777	3642.272	3492.881	3792.692	3630.506	1.132	1.133	1.136
778	3625.964	3563.996	3860.193	3596.093	1.121	1.122	1.130
779	3615.425	3558.406	3696.575	3604.757	1.124	1.125	1.127
780	3617.164	3432.542	3755.459	3632.374	1.132	1.134	1.128
781	3633.411	3463.488	3816.385	3656.863	1.140	1.141	1.133
782	3682.709	3586.131	3849.051	3638.273	1.134	1.135	1.148
783	3678.978	3469.976	3823.549	3750.661	1.169	1.170	1.147
784	3613.543	3510.064	3716.234	3621.984	1.129	1.130	1.127
785	3604.954	3532.814	3689.220	3609.860	1.125	1.126	1.124
786	3665.015	3461.287	3778.011	3675.587	1.146	1.147	1.143
787	3607.060	3456.898	3719.002	3615.422	1.127	1.128	1.125
788	3639.441	3550.725	3805.960	3628.369	1.131	1.132	1.135
789	3657.829	3429.920	3883.749	3656.448	1.140	1.141	1.140
790	3637.481	3424.272	3739.387	3639.241	1.135	1.136	1.134
791	3622.018	3474.909	3753.342	3628.593	1.131	1.132	1.129
792	3649.251	3578.485	3776.810	3632.840	1.133	1.134	1.138
793	3667.760	3492.398	3936.690	3649.793	1.138	1.139	1.143
794	3656.667	3493.456	3811.834	3642.184	1.136	1.137	1.140
795	3722.895	3551.804	3844.004	3718.640	1.159	1.160	1.161
796	3674.360	3510.386	3890.496	3659.454	1.141	1.142	1.146
797	3729.478	3531.581	3932.031	3736.158	1.165	1.166	1.163
798	3682.299	3425.448	3901.482	3714.198	1.158	1.159	1.148
799	3704.808	3480.532	3802.443	3734.738	1.164	1.165	1.155
800	3660.547	3395.784	3789.327	3652.794	1.139	1.140	1.141
801	3660.244	3496.856	3953.424	3638.312	1.134	1.135	1.141
802	3733.879	3548.629	3974.276	3760.025	1.172	1.173	1.164
803	3672.229	3524.406	3846.343	3644.185	1.136	1.137	1.145
804	3629.544	3510.398	3736.200	3619.598	1.128	1.130	1.132
805	3653.983	3536.288	3769.407	3674.019	1.145	1.147	1.139
806	3653.471	3445.447	3800.992	3669.303	1.144	1.145	1.139
807	3707.888	3550.162	3926.757	3723.165	1.161	1.162	1.156
808	3660.103	3522.122	3786.884	3671.344	1.145	1.146	1.141
809	3673.318	3550.134	3851.627	3666.902	1.143	1.144	1.145
810	3723.733	3515.542	3870.604	3742.237	1.167	1.168	1.161
811	3673.789	3395.010	3901.593	3661.818	1.142	1.143	1.145
812	3658.858	3587.877	3816.757	3631.076	1.132	1.133	1.141
813	3682.862	3535.577	3770.445	3718.644	1.159	1.160	1.148
814	3681.496	3529.200	3865.303	3684.724	1.149	1.150	1.148
815	3735.791	3529.535	3843.151	3747.471	1.168	1.169	1.165
816	3680.829	3582.302	3793.429	3680.124	1.147	1.148	1.148
817	3599.476	3422.476	3776.629	3593.696	1.120	1.121	1.122
818	3675.317	3526.651	3841.155	3659.490	1.141	1.142	1.146
819	3702.082	3449.476	3895.539	3705.724	1.155	1.156	1.154
820	3765.154	3619.157	3982.944	3716.251	1.159	1.160	1.174
821	3798.205	3657.452	3986.488	3769.859	1.175	1.176	1.184
822	3804.047	3598.618	4061.304	3814.718	1.189	1.190	1.186
823	3778.107	3689.954	3902.720	3764.524	1.174	1.175	1.178
824	3706.584	3544.496	3867.328	3703.132	1.155	1.156	1.156
825	3715.631	3465.392	3873.386	3773.319	1.176	1.178	1.158
826	3695.591	3457.670	3911.407	3716.631	1.159	1.160	1.152
827	3721.439	3558.977	3906.896	3719.735	1.160	1.161	1.160
828	3775.564	3658.890	3883.599	3799.651	1.185	1.186	1.177
829	3672.967	3512.708	3802.181	3684.330	1.149	1.150	1.145
830	3666.945	3517.723	3867.136	3664.821	1.143	1.144	1.143
831	3730.006	3512.976	4123.653	3693.088	1.151	1.152	1.163
832	3725.179	3492.287	3895.556	3725.629	1.162	1.163	1.161
833	3647.120	3463.378	3778.223	3659.361	1.141	1.142	1.137
834	3727.101	3531.558	3861.635	3749.460	1.169	1.170	1.162
835	3802.908	3569.566	3926.280	3823.675	1.192	1.193	1.186
836	3688.000	3553.754	3834.321	3723.537	1.161	1.162	1.150
837	3661.293	3458.155	3831.438	3659.795	1.141	1.142	1.141
838	3800.088	3584.281	3960.704	3805.805	1.187	1.188	1.185
839	3723.590	3580.867	3832.314	3738.393	1.166	1.167	1.161
840	3655.425	3513.280	3835.356	3673.099	1.145	1.146	1.140
841	3684.352	3577.949	3845.666	3657.488	1.140	1.141	1.149
842	3722.729	3548.069	3956.906	3693.235	1.151	1.153	1.161
843	3668.113	3498.774	3875.128	3670.923	1.144	1.146	1.144
844	3719.661	3538.307	3860.280	3719.962	1.160	1.161	1.160
845	3820.155	3747.245	3941.518	3809.188	1.188	1.189	1.191
846	3729.891	3607.157	3929.028	3724.520	1.161	1.162	1.163
847	3778.516	3652.963	3896.576	3786.492	1.181	1.182	1.178
848	3794.441	3705.447	3951.724	3774.440	1.177	1.178	1.183
849	3780.902	3606.451	3956.439	3750.230	1.169	1.170	1.179
850	3789.838	3732.546	3900.001	3776.779	1.177	1.179	1.182
851	3885.142	3685.202	4038.858	3881.294	1.210	1.211	1.211
852	3864.716	3541.295	4048.722	3938.134	1.228	1.229	1.205
853	3882.230	3742.181	4016.937	3895.986	1.215	1.216	1.210
854	3809.906	3659.277	4004.049	3799.277	1.184	1.186	1.188
855	3745.353	3620.267	3889.243	3756.360	1.171	1.172	1.168
856	3785.479	3654.860	4096.593	3767.507	1.175	1.176	1.180
857	3785.307	3662.098	3953.935	3775.932	1.177	1.178	1.180
858	3832.662	3670.425	3972.443	3817.615	1.190	1.191	1.195
859	3784.774	3650.434	3963.610	3763.668	1.173	1.174	1.180
860	3777.394	3541.374	3924.715	3793.721	1.183	1.184	1.178
861	3717.727	3604.021	3813.108	3726.124	1.162	1.163	1.159
862	3834.382	3631.632	3982.614	3824.829	1.192	1.194	1.195
863	3825.395	3542.229	3961.321	3838.512	1.197	1.198	1.193
864	3795.070	3619.718	3936.672	3808.880	1.187	1.189	1.183
865	3849.074	3725.716	3984.991	3824.242	1.192	1.193	1.200
866	3772.356	3622.665	3883.521	3799.488	1.185	1.186	1.176
867	3775.796	3604.613	3991.930	3735.041	1.164	1.166	1.177
868	3785.468	3657.011	4039.614	3742.697	1.167	1.168	1.180
869	3961.058	3699.302	4292.119	3976.076	1.240	1.241	1.235
870	3869.340	3708.089	4119.682	3846.995	1.199	1.200	1.206
871	3861.773	3659.455	4285.631	3835.416	1.196	1.197	1.204
872	3912.807	3799.155	3981.849	3929.138	1.225	1.226	1.220
873	3866.780	3709.616	4002.233	3865.327	1.205	1.206	1.206
874	3904.656	3720.779	4221.919	3865.979	1.205	1.206	1.217
875	3878.359	3747.367	4138.496	3875.835	1.208	1.209	1.209
876	3850.088	3618.686	4006.120	3868.821	1.206	1.207	1.200
877	3814.425	3715.555	3933.824	3796.126	1.184	1.185	1.189
878	3866.629	3776.607	4031.741	3831.320	1.194	1.196	1.205
879	3899.178	3713.073	4078.586	3880.417	1.210	1.211	1.216
880	3890.852	3684.969	4112.001	3905.233	1.218	1.219	1.213
881	3934.801	3793.850	4111.137	3946.889	1.231	1.232	1.227
882	3872.922	3624.168	4017.723	3903.987	1.217	1.218	1.207
883	3884.461	3735.348	4046.740	3868.113	1.206	1.207	1.211
884	3869.741	3566.655	4139.199	3871.300	1.207	1.208	1.206
885	3873.639	3537.718	4068.522	3937.971	1.228	1.229	1.208
886	3913.734	3736.585	4136.565	3880.630	1.210	1.211	1.220
887	3902.467	3774.352	4099.935	3863.083	1.204	1.206	1.217
888	3823.597	3620.411	4136.495	3755.800	1.171	1.172	1.192
889	3907.621	3728.977	4026.923	3932.810	1.226	1.227	1.218
890	3831.785	3631.653	4068.960	3855.731	1.202	1.203	1.195
891	3593.129	3441.914	3731.517	3613.417	1.127	1.128	1.120
892	3593.129	3441.914	3731.517	3613.417	1.127	1.128	1.120
893	3593.129	3441.914	3731.517	3613.417	1.127	1.128	1.120
