 	Mean	Min	Max	Median	Max_to_bgmean	Median_to_bgmedian	Mean_to_bgmean
1	3336.023	3220.466	3485.123	3299.993	0.817	0.817	0.826
2	3339.689	3301.776	3390.799	3330.456	0.825	0.825	0.827
3	3381.957	3292.283	3486.411	3376.906	0.836	0.836	0.838
4	3327.680	3272.759	3418.288	3317.889	0.822	0.822	0.824
5	3346.862	3306.009	3387.768	3347.289	0.829	0.829	0.829
6	3370.985	3297.499	3510.715	3358.195	0.832	0.832	0.835
7	3357.289	3285.545	3488.444	3322.078	0.823	0.823	0.832
8	3325.502	3282.710	3354.789	3332.322	0.825	0.825	0.824
9	3356.298	3189.615	3460.532	3364.676	0.833	0.833	0.831
10	3343.368	3270.578	3415.284	3342.259	0.828	0.828	0.828
11	3298.933	3168.657	3369.201	3315.625	0.821	0.821	0.817
12	3404.622	3348.373	3458.409	3407.812	0.844	0.844	0.843
13	3349.274	3204.331	3419.977	3364.485	0.833	0.833	0.830
14	3349.072	3284.368	3399.757	3354.392	0.831	0.831	0.830
15	3342.257	3269.153	3398.072	3359.276	0.832	0.832	0.828
16	3375.845	3300.422	3437.579	3377.106	0.837	0.837	0.836
17	3409.739	3294.885	3468.173	3418.543	0.847	0.847	0.845
18	3369.850	3266.648	3445.437	3374.166	0.836	0.836	0.835
19	3380.457	3315.117	3502.596	3364.668	0.833	0.833	0.837
20	3374.048	3325.617	3411.882	3373.778	0.836	0.836	0.836
21	3349.509	3260.038	3455.710	3335.382	0.826	0.826	0.830
22	3355.513	3273.441	3442.635	3345.371	0.829	0.829	0.831
23	3338.316	3272.441	3399.542	3338.810	0.827	0.827	0.827
24	3382.063	3296.733	3500.152	3360.129	0.832	0.832	0.838
25	3343.325	3289.010	3415.246	3335.795	0.826	0.826	0.828
26	3355.004	3292.502	3400.859	3361.389	0.833	0.833	0.831
27	3401.826	3294.693	3479.738	3403.132	0.843	0.843	0.843
28	3362.956	3236.307	3447.100	3381.601	0.838	0.838	0.833
29	3385.920	3301.371	3452.944	3389.031	0.839	0.839	0.839
30	3375.693	3270.184	3483.896	3370.732	0.835	0.835	0.836
31	3355.499	3296.709	3432.755	3359.436	0.832	0.832	0.831
32	3378.636	3325.777	3460.756	3363.998	0.833	0.833	0.837
33	3376.874	3288.211	3520.436	3347.497	0.829	0.829	0.836
34	3375.461	3253.386	3482.154	3363.492	0.833	0.833	0.836
35	3380.096	3314.336	3458.818	3378.043	0.837	0.837	0.837
36	3380.810	3316.030	3508.330	3370.212	0.835	0.835	0.837
37	3369.125	3273.010	3455.884	3364.996	0.834	0.834	0.835
38	3404.546	3234.607	3568.340	3411.096	0.845	0.845	0.843
39	3389.591	3187.183	3579.430	3369.701	0.835	0.835	0.840
40	3365.507	3246.773	3483.617	3348.195	0.829	0.829	0.834
41	3393.745	3300.375	3544.470	3367.792	0.834	0.834	0.841
42	3385.009	3291.812	3507.340	3372.343	0.835	0.835	0.838
43	3408.930	3321.351	3514.365	3405.515	0.844	0.844	0.844
44	3372.953	3320.828	3445.782	3371.587	0.835	0.835	0.836
45	3373.806	3235.170	3444.850	3382.145	0.838	0.838	0.836
46	3364.133	3275.122	3466.730	3371.871	0.835	0.835	0.833
47	3339.405	3216.512	3420.498	3341.978	0.828	0.828	0.827
48	3363.988	3286.903	3439.909	3374.249	0.836	0.836	0.833
49	3408.853	3304.190	3502.482	3423.095	0.848	0.848	0.844
50	3386.266	3318.891	3468.438	3358.390	0.832	0.832	0.839
51	3384.612	3249.331	3454.881	3405.379	0.844	0.844	0.838
52	3422.138	3317.709	3482.213	3453.227	0.855	0.855	0.848
53	3439.004	3369.292	3537.643	3445.551	0.853	0.853	0.852
54	3391.559	3248.484	3495.656	3410.662	0.845	0.845	0.840
55	3382.336	3343.450	3484.447	3358.442	0.832	0.832	0.838
56	3414.503	3336.430	3467.503	3426.421	0.849	0.849	0.846
57	3375.006	3304.891	3484.391	3367.703	0.834	0.834	0.836
58	3433.046	3348.266	3538.815	3444.474	0.853	0.853	0.850
59	3408.921	3327.952	3540.923	3410.505	0.845	0.845	0.844
60	3369.280	3304.751	3532.161	3348.819	0.830	0.830	0.835
61	3386.870	3261.405	3493.838	3382.090	0.838	0.838	0.839
62	3372.733	3300.423	3437.106	3376.097	0.836	0.836	0.835
63	3356.050	3231.315	3531.495	3335.104	0.826	0.826	0.831
64	3425.783	3359.228	3520.969	3426.670	0.849	0.849	0.849
65	3426.617	3349.248	3499.098	3417.014	0.846	0.846	0.849
66	3355.232	3238.685	3442.508	3362.986	0.833	0.833	0.831
67	3425.879	3290.922	3557.655	3455.691	0.856	0.856	0.849
68	3402.309	3322.189	3495.660	3400.102	0.842	0.842	0.843
69	3467.644	3354.197	3604.091	3464.179	0.858	0.858	0.859
70	3416.531	3337.681	3503.166	3425.151	0.848	0.848	0.846
71	3391.765	3316.008	3500.914	3379.553	0.837	0.837	0.840
72	3375.443	3287.357	3445.963	3375.442	0.836	0.836	0.836
73	3446.071	3378.048	3525.523	3443.739	0.853	0.853	0.854
74	3441.734	3370.176	3514.107	3445.609	0.854	0.854	0.853
75	3421.236	3333.036	3496.664	3419.103	0.847	0.847	0.847
76	3352.694	3279.305	3397.111	3343.557	0.828	0.828	0.830
77	3386.998	3320.350	3428.701	3388.572	0.839	0.839	0.839
78	3326.061	3246.766	3372.371	3335.693	0.826	0.826	0.824
79	3323.228	3211.587	3426.716	3331.492	0.825	0.825	0.823
80	3370.001	3289.742	3492.986	3348.886	0.830	0.830	0.835
81	3394.821	3327.833	3457.064	3405.983	0.844	0.844	0.841
82	3385.348	3310.313	3475.895	3386.232	0.839	0.839	0.839
83	3366.880	3225.950	3404.667	3389.011	0.839	0.839	0.834
84	3321.987	3255.751	3381.092	3332.940	0.826	0.826	0.823
85	3321.403	3255.725	3409.349	3312.037	0.820	0.820	0.823
86	3410.933	3313.691	3539.017	3406.770	0.844	0.844	0.845
87	3377.694	3329.467	3431.678	3370.547	0.835	0.835	0.837
88	3375.974	3318.656	3456.286	3365.670	0.834	0.834	0.836
89	3397.868	3311.245	3448.590	3403.070	0.843	0.843	0.842
90	3370.460	3256.253	3422.852	3392.522	0.840	0.840	0.835
91	3408.867	3348.299	3502.427	3400.184	0.842	0.842	0.844
92	3386.902	3345.831	3436.992	3389.491	0.840	0.840	0.839
93	3385.911	3282.431	3468.144	3377.702	0.837	0.837	0.839
94	3350.623	3289.281	3383.120	3353.324	0.831	0.831	0.830
95	3376.619	3267.952	3456.907	3390.296	0.840	0.840	0.836
96	3361.831	3300.261	3408.915	3372.601	0.835	0.835	0.833
97	3370.953	3309.513	3453.978	3363.771	0.833	0.833	0.835
98	3385.455	3328.035	3418.220	3386.168	0.839	0.839	0.839
99	3397.279	3357.255	3491.613	3391.575	0.840	0.840	0.842
100	3374.518	3286.096	3468.828	3362.182	0.833	0.833	0.836
101	3388.814	3305.197	3447.670	3399.348	0.842	0.842	0.839
102	3390.254	3220.195	3586.735	3396.930	0.841	0.841	0.840
103	3397.633	3227.034	3448.727	3433.713	0.851	0.851	0.842
104	3349.166	3214.299	3454.617	3353.933	0.831	0.831	0.830
105	3426.345	3303.943	3650.843	3429.816	0.850	0.850	0.849
106	3423.436	3267.580	3556.347	3424.740	0.848	0.848	0.848
107	3379.689	3197.126	3520.226	3369.924	0.835	0.835	0.837
108	3400.815	3311.685	3483.417	3404.003	0.843	0.843	0.842
109	3411.592	3292.846	3556.732	3399.239	0.842	0.842	0.845
110	3354.856	3322.257	3449.739	3342.092	0.828	0.828	0.831
111	3411.370	3365.718	3461.804	3411.348	0.845	0.845	0.845
112	3395.503	3313.842	3483.658	3397.467	0.842	0.842	0.841
113	3402.573	3361.597	3464.149	3395.400	0.841	0.841	0.843
114	3360.979	3312.605	3402.203	3367.369	0.834	0.834	0.833
115	3365.504	3272.760	3448.178	3349.104	0.830	0.830	0.834
116	3406.354	3310.375	3571.514	3408.599	0.844	0.844	0.844
117	3353.521	3277.755	3491.580	3338.264	0.827	0.827	0.831
118	3348.965	3262.024	3486.611	3339.274	0.827	0.827	0.830
119	3326.382	3236.824	3422.912	3327.987	0.824	0.824	0.824
120	3369.648	3203.952	3546.871	3383.363	0.838	0.838	0.835
121	3365.089	3271.689	3454.729	3368.854	0.834	0.834	0.834
122	3399.988	3350.395	3541.710	3375.406	0.836	0.836	0.842
123	3407.334	3338.161	3519.110	3401.298	0.843	0.843	0.844
124	3427.397	3320.654	3547.308	3420.849	0.847	0.847	0.849
125	3450.855	3355.287	3634.380	3419.616	0.847	0.847	0.855
126	3386.419	3318.927	3465.405	3382.259	0.838	0.838	0.839
127	3376.174	3262.296	3482.845	3382.802	0.838	0.838	0.836
128	3353.397	3274.844	3446.631	3325.564	0.824	0.824	0.831
129	3384.585	3305.654	3465.181	3395.572	0.841	0.841	0.838
130	3391.108	3285.684	3442.283	3397.161	0.842	0.842	0.840
131	3403.910	3353.867	3486.373	3402.321	0.843	0.843	0.843
132	3351.962	3263.780	3408.411	3358.649	0.832	0.832	0.830
133	3389.968	3239.561	3521.127	3406.476	0.844	0.844	0.840
134	3365.724	3261.968	3455.470	3380.693	0.837	0.837	0.834
135	3368.064	3272.024	3465.043	3365.391	0.834	0.834	0.834
136	3386.479	3265.249	3491.012	3394.646	0.841	0.841	0.839
137	3408.202	3216.854	3550.170	3409.990	0.845	0.845	0.844
138	3381.711	3246.296	3575.841	3340.739	0.828	0.828	0.838
139	3361.253	3244.925	3489.411	3386.620	0.839	0.839	0.833
140	3406.127	3329.611	3627.144	3379.831	0.837	0.837	0.844
141	3365.714	3246.274	3446.075	3369.307	0.835	0.835	0.834
142	3352.378	3261.936	3413.158	3357.773	0.832	0.832	0.830
143	3336.486	3229.840	3392.481	3340.391	0.827	0.827	0.826
144	3345.159	3194.086	3433.783	3359.003	0.832	0.832	0.829
145	3335.165	3242.077	3432.302	3331.924	0.825	0.825	0.826
146	3363.232	3310.352	3458.085	3353.453	0.831	0.831	0.833
147	3393.959	3255.570	3503.448	3388.340	0.839	0.839	0.841
148	3365.623	3295.956	3465.131	3352.142	0.830	0.830	0.834
149	3335.885	3271.653	3415.721	3338.317	0.827	0.827	0.826
150	3346.618	3218.159	3444.403	3355.438	0.831	0.831	0.829
151	3298.220	3222.281	3438.746	3287.573	0.814	0.814	0.817
152	3330.547	3263.216	3467.449	3315.758	0.821	0.821	0.825
153	3364.443	3262.599	3469.401	3357.199	0.832	0.832	0.833
154	3361.000	3274.936	3472.063	3363.855	0.833	0.833	0.833
155	3339.224	3249.432	3446.747	3338.040	0.827	0.827	0.827
156	3315.303	3241.916	3394.178	3315.042	0.821	0.821	0.821
157	3356.364	3271.668	3496.840	3344.797	0.829	0.829	0.831
158	3354.308	3273.270	3412.783	3355.832	0.831	0.831	0.831
159	3346.538	3115.871	3430.678	3352.860	0.831	0.831	0.829
160	3365.894	3245.292	3466.212	3337.009	0.827	0.827	0.834
161	3401.178	3204.803	3525.942	3425.486	0.849	0.849	0.843
162	3360.258	3266.293	3433.448	3366.140	0.834	0.834	0.832
163	3381.051	3303.622	3538.742	3372.107	0.835	0.835	0.838
164	3363.210	3293.233	3522.848	3334.633	0.826	0.826	0.833
165	3374.255	3267.440	3570.018	3363.010	0.833	0.833	0.836
166	3383.033	3325.448	3446.594	3387.059	0.839	0.839	0.838
167	3388.893	3278.154	3459.296	3388.338	0.839	0.839	0.839
168	3364.900	3262.610	3468.570	3372.233	0.835	0.835	0.834
169	3310.465	3249.644	3367.136	3308.312	0.819	0.819	0.820
170	3323.653	3243.968	3478.799	3313.733	0.821	0.821	0.823
171	3355.864	3223.741	3443.485	3378.771	0.837	0.837	0.831
172	3339.029	3295.119	3403.325	3331.358	0.825	0.825	0.827
173	3307.351	3250.928	3357.157	3306.281	0.819	0.819	0.819
174	3332.588	3272.239	3396.485	3333.600	0.826	0.826	0.826
175	3376.737	3322.236	3473.171	3372.299	0.835	0.835	0.836
176	3360.360	3276.385	3465.655	3349.022	0.830	0.830	0.832
177	3359.119	3304.349	3388.559	3360.165	0.832	0.832	0.832
178	3341.559	3269.688	3418.318	3335.735	0.826	0.826	0.828
179	3362.472	3269.685	3468.037	3371.429	0.835	0.835	0.833
180	3362.452	3290.783	3485.876	3347.741	0.829	0.829	0.833
181	3346.274	3259.663	3413.802	3351.210	0.830	0.830	0.829
182	3364.052	3299.820	3440.459	3345.091	0.829	0.829	0.833
183	3351.439	3287.081	3429.188	3352.666	0.830	0.830	0.830
184	3321.746	3131.867	3458.049	3321.569	0.823	0.823	0.823
185	3311.564	3136.930	3519.081	3305.304	0.819	0.819	0.820
186	3300.842	3207.698	3409.903	3287.335	0.814	0.814	0.818
187	3343.894	3266.294	3427.428	3331.494	0.825	0.825	0.828
188	3323.244	3204.341	3411.053	3337.551	0.827	0.827	0.823
189	3274.704	3085.694	3342.658	3315.106	0.821	0.821	0.811
190	3305.856	3174.279	3423.575	3317.261	0.822	0.822	0.819
191	3338.425	3238.134	3439.552	3370.600	0.835	0.835	0.827
192	3293.721	3207.792	3342.327	3306.451	0.819	0.819	0.816
193	3288.719	3244.895	3349.638	3283.545	0.813	0.813	0.815
194	3277.835	3198.899	3398.626	3279.222	0.812	0.812	0.812
195	3291.267	3203.346	3364.187	3285.163	0.814	0.814	0.815
196	3278.973	3056.858	3444.975	3305.464	0.819	0.819	0.812
197	3327.636	3154.729	3469.015	3352.934	0.831	0.831	0.824
198	3302.063	3188.241	3375.354	3312.438	0.821	0.821	0.818
199	3281.496	3224.179	3342.123	3283.166	0.813	0.813	0.813
200	3273.697	3135.196	3366.841	3290.385	0.815	0.815	0.811
201	3264.484	3157.690	3376.355	3262.216	0.808	0.808	0.809
202	3323.940	3217.079	3436.573	3316.487	0.822	0.822	0.823
203	3307.131	3110.306	3462.260	3310.273	0.820	0.820	0.819
204	3308.362	3189.544	3430.771	3307.346	0.819	0.819	0.820
205	3257.214	3127.892	3412.773	3254.973	0.806	0.806	0.807
206	3316.329	3242.402	3395.634	3329.947	0.825	0.825	0.821
207	3301.317	3194.925	3417.043	3276.241	0.812	0.812	0.818
208	3351.377	3244.807	3439.341	3364.151	0.833	0.833	0.830
209	3336.765	3264.212	3386.506	3351.694	0.830	0.830	0.827
210	3261.233	3138.810	3324.194	3288.838	0.815	0.815	0.808
211	3288.075	3200.523	3370.245	3296.032	0.816	0.816	0.814
212	3313.106	3151.720	3484.473	3308.897	0.820	0.820	0.821
213	3314.024	3166.834	3450.708	3290.311	0.815	0.815	0.821
214	3305.691	3200.650	3415.870	3302.326	0.818	0.818	0.819
215	3324.322	3253.808	3366.917	3327.559	0.824	0.824	0.823
216	3330.691	3271.960	3410.184	3331.005	0.825	0.825	0.825
217	3325.830	3216.717	3418.467	3325.778	0.824	0.824	0.824
218	3315.930	3224.098	3415.661	3303.475	0.818	0.818	0.821
219	3309.965	3204.851	3424.653	3298.084	0.817	0.817	0.820
220	3318.582	3235.459	3437.586	3300.874	0.818	0.818	0.822
221	3317.301	3198.205	3421.618	3322.398	0.823	0.823	0.822
222	3327.539	3142.086	3502.909	3319.916	0.822	0.822	0.824
223	3325.646	3200.405	3506.729	3301.150	0.818	0.818	0.824
224	3306.100	3212.430	3428.786	3293.909	0.816	0.816	0.819
225	3341.852	3227.648	3460.802	3352.513	0.830	0.830	0.828
226	3330.162	3273.816	3418.630	3314.848	0.821	0.821	0.825
227	3322.090	3268.525	3393.165	3326.116	0.824	0.824	0.823
228	3305.208	3168.179	3384.770	3330.447	0.825	0.825	0.819
229	3300.304	3193.132	3395.159	3301.796	0.818	0.818	0.818
230	3290.184	3170.264	3400.009	3298.093	0.817	0.817	0.815
231	3295.009	3170.383	3425.722	3302.393	0.818	0.818	0.816
232	3321.422	3166.038	3476.029	3322.798	0.823	0.823	0.823
233	3316.544	3161.804	3463.978	3300.907	0.818	0.818	0.822
234	3323.457	3156.590	3547.480	3305.772	0.819	0.819	0.823
235	3296.540	3199.226	3515.652	3258.973	0.807	0.807	0.817
236	3313.913	3223.187	3533.916	3291.910	0.815	0.815	0.821
237	3320.652	3244.529	3440.219	3286.546	0.814	0.814	0.823
238	3286.827	3169.054	3380.226	3295.990	0.816	0.816	0.814
239	3311.714	3200.932	3415.495	3303.150	0.818	0.818	0.820
240	3296.245	3186.431	3379.474	3297.028	0.817	0.817	0.817
241	3285.932	3153.141	3343.588	3307.073	0.819	0.819	0.814
242	3289.531	3182.283	3405.616	3307.963	0.819	0.819	0.815
243	3296.775	3183.350	3472.120	3262.905	0.808	0.808	0.817
244	3283.620	3212.639	3402.821	3249.532	0.805	0.805	0.813
245	3263.394	3181.209	3385.952	3246.908	0.804	0.804	0.808
246	3291.353	3185.355	3520.549	3235.411	0.801	0.801	0.815
247	3276.967	3197.800	3389.208	3262.485	0.808	0.808	0.812
248	3297.287	3172.339	3465.408	3268.197	0.810	0.810	0.817
249	3295.294	3192.201	3393.086	3301.797	0.818	0.818	0.816
250	3321.722	3226.293	3437.718	3316.347	0.821	0.821	0.823
251	3304.177	3193.778	3474.510	3251.863	0.806	0.806	0.818
252	3283.166	3178.601	3433.650	3272.318	0.811	0.811	0.813
253	3301.250	3188.969	3482.346	3278.546	0.812	0.812	0.818
254	3325.118	3221.331	3500.572	3312.109	0.820	0.820	0.824
255	3277.508	3141.325	3473.023	3269.426	0.810	0.810	0.812
256	3284.581	3114.367	3429.028	3277.189	0.812	0.812	0.814
257	3276.719	3162.015	3443.634	3244.896	0.804	0.804	0.812
258	3254.710	3180.272	3374.546	3236.912	0.802	0.802	0.806
259	3258.467	3160.131	3373.287	3268.915	0.810	0.810	0.807
260	3293.417	3145.686	3418.360	3316.866	0.822	0.822	0.816
261	3282.590	3220.730	3398.257	3256.295	0.807	0.807	0.813
262	3296.035	3211.691	3414.817	3256.107	0.807	0.807	0.816
263	3267.943	3165.046	3377.757	3263.445	0.808	0.808	0.809
264	3278.119	3169.932	3464.957	3260.359	0.808	0.808	0.812
265	3256.283	3145.471	3421.538	3235.541	0.801	0.801	0.807
266	3269.946	3135.724	3398.480	3277.813	0.812	0.812	0.810
267	3259.888	3135.288	3480.244	3213.379	0.796	0.796	0.808
268	3247.056	3142.393	3373.400	3240.539	0.803	0.803	0.804
269	3272.870	3143.061	3398.092	3271.198	0.810	0.810	0.811
270	3247.713	3199.142	3314.119	3253.511	0.806	0.806	0.804
271	3244.748	3184.622	3327.672	3235.220	0.801	0.801	0.804
272	3274.578	3198.336	3391.312	3255.895	0.807	0.807	0.811
273	3277.966	3197.711	3418.567	3229.254	0.800	0.800	0.812
274	3278.213	3172.213	3432.388	3238.637	0.802	0.802	0.812
275	3325.738	3179.112	3593.940	3273.847	0.811	0.811	0.824
276	3332.002	3197.082	3627.415	3297.623	0.817	0.817	0.825
277	3298.210	3136.204	3439.026	3277.685	0.812	0.812	0.817
278	3326.134	3148.529	3573.594	3333.930	0.826	0.826	0.824
279	3315.922	3189.330	3453.412	3288.754	0.815	0.815	0.821
280	3320.828	3192.515	3506.617	3299.293	0.817	0.817	0.823
281	3329.773	3173.458	3496.091	3314.372	0.821	0.821	0.825
282	3351.077	3188.287	3611.443	3245.699	0.804	0.804	0.830
283	3318.682	3114.259	3561.108	3314.264	0.821	0.821	0.822
284	3320.718	3035.928	3535.086	3315.839	0.821	0.821	0.823
285	3330.087	3152.441	3537.263	3293.411	0.816	0.816	0.825
286	3384.252	3144.821	3734.562	3323.844	0.823	0.823	0.838
287	3372.330	3198.579	3624.854	3310.738	0.820	0.820	0.835
288	3385.245	3211.506	3684.177	3400.762	0.842	0.842	0.839
289	3419.653	3110.815	3761.264	3445.174	0.853	0.853	0.847
290	3417.403	3149.160	3693.067	3459.985	0.857	0.857	0.847
291	3455.342	3252.502	3663.697	3464.413	0.858	0.858	0.856
292	3445.871	3206.922	3736.609	3456.455	0.856	0.856	0.854
293	3393.840	3166.216	3582.074	3419.271	0.847	0.847	0.841
294	3417.272	3250.200	3546.737	3433.209	0.850	0.850	0.846
295	3427.918	3260.553	3567.609	3432.855	0.850	0.850	0.849
296	3444.995	3240.774	3581.240	3465.385	0.858	0.858	0.853
297	3467.153	3368.505	3641.199	3453.680	0.856	0.856	0.859
298	3435.780	3328.283	3519.350	3429.688	0.850	0.850	0.851
299	3496.372	3330.652	3628.184	3524.478	0.873	0.873	0.866
300	3527.022	3375.212	3650.010	3570.626	0.884	0.884	0.874
301	3482.359	3249.914	3668.517	3493.438	0.865	0.865	0.863
302	3443.833	3225.136	3693.122	3441.747	0.853	0.853	0.853
303	3365.028	3231.725	3523.656	3372.215	0.835	0.835	0.834
304	3451.624	3247.119	3705.801	3401.193	0.843	0.843	0.855
305	3459.068	3316.509	3602.232	3457.385	0.856	0.856	0.857
306	3432.811	3309.656	3528.753	3456.416	0.856	0.856	0.850
307	3412.325	3218.519	3496.900	3435.494	0.851	0.851	0.845
308	3418.303	3150.005	3557.420	3458.577	0.857	0.857	0.847
309	3509.870	3221.679	3708.796	3561.148	0.882	0.882	0.869
310	3456.614	3317.556	3591.458	3456.283	0.856	0.856	0.856
311	3454.054	3278.675	3616.081	3442.151	0.853	0.853	0.856
312	3454.398	3321.523	3644.690	3435.879	0.851	0.851	0.856
313	3456.873	3315.265	3561.807	3485.394	0.863	0.863	0.856
314	3431.481	3315.214	3682.430	3402.805	0.843	0.843	0.850
315	3475.207	3342.612	3630.709	3494.769	0.866	0.866	0.861
316	3481.659	3328.778	3639.726	3467.211	0.859	0.859	0.862
317	3499.466	3307.195	3631.827	3500.778	0.867	0.867	0.867
318	3520.028	3365.983	3638.418	3514.102	0.870	0.870	0.872
319	3506.953	3407.317	3631.017	3494.925	0.866	0.866	0.869
320	3466.697	3357.130	3580.451	3479.519	0.862	0.862	0.859
321	3477.143	3310.280	3616.345	3495.446	0.866	0.866	0.861
322	3489.046	3367.286	3680.891	3483.759	0.863	0.863	0.864
323	3483.560	3322.109	3672.398	3497.672	0.866	0.866	0.863
324	3550.286	3332.760	3713.753	3553.835	0.880	0.880	0.879
325	3514.680	3377.971	3680.441	3515.368	0.871	0.871	0.871
326	3506.965	3334.913	3705.946	3534.236	0.875	0.875	0.869
327	3531.074	3284.580	3689.379	3567.238	0.884	0.884	0.875
328	3506.993	3275.061	3617.208	3512.304	0.870	0.870	0.869
329	3482.461	3285.234	3627.642	3504.000	0.868	0.868	0.863
330	3461.316	3331.530	3578.668	3462.834	0.858	0.858	0.857
331	3447.430	3293.082	3556.051	3490.204	0.865	0.865	0.854
332	3492.543	3314.694	3639.702	3533.895	0.875	0.875	0.865
333	3464.300	3266.076	3598.074	3491.383	0.865	0.865	0.858
334	3465.497	3266.836	3595.080	3497.911	0.866	0.866	0.858
335	3458.047	3330.415	3618.914	3456.078	0.856	0.856	0.857
336	3436.034	3341.527	3589.586	3410.138	0.845	0.845	0.851
337	3463.630	3249.846	3648.465	3485.108	0.863	0.863	0.858
338	3450.179	3273.515	3611.366	3434.731	0.851	0.851	0.855
339	3427.948	3275.488	3536.665	3458.542	0.857	0.857	0.849
340	3460.336	3355.981	3559.921	3459.778	0.857	0.857	0.857
341	3474.395	3290.375	3630.024	3483.345	0.863	0.863	0.861
342	3435.961	3363.633	3553.755	3425.989	0.849	0.849	0.851
343	3454.183	3317.576	3526.672	3474.096	0.861	0.861	0.856
344	3460.706	3315.556	3592.317	3473.700	0.860	0.860	0.857
345	3432.777	3278.541	3614.278	3452.749	0.855	0.855	0.850
346	3501.787	3296.785	3705.740	3495.524	0.866	0.866	0.867
347	3488.039	3359.619	3619.881	3487.668	0.864	0.864	0.864
348	3452.609	3354.736	3525.184	3458.640	0.857	0.857	0.855
349	3483.766	3372.635	3632.394	3469.780	0.859	0.859	0.863
350	3464.759	3247.961	3539.045	3505.048	0.868	0.868	0.858
351	3493.582	3417.357	3587.762	3504.764	0.868	0.868	0.865
352	3461.760	3267.331	3551.739	3510.523	0.870	0.870	0.858
353	3517.369	3236.685	3737.574	3537.412	0.876	0.876	0.871
354	3503.989	3261.254	3660.532	3536.565	0.876	0.876	0.868
355	3516.122	3213.846	3810.547	3516.125	0.871	0.871	0.871
356	3443.923	3236.376	3692.128	3424.504	0.848	0.848	0.853
357	3462.417	3215.824	3702.993	3457.075	0.856	0.856	0.858
358	3437.720	3270.110	3545.692	3437.597	0.852	0.852	0.852
359	3454.133	3239.621	3568.318	3502.487	0.868	0.868	0.856
360	3461.283	3267.475	3639.355	3479.271	0.862	0.862	0.857
361	3487.530	3295.363	3737.969	3489.158	0.864	0.864	0.864
362	3510.459	3324.551	3821.816	3480.399	0.862	0.862	0.870
363	3523.028	3208.498	3733.962	3579.845	0.887	0.887	0.873
364	3489.757	3167.077	3697.177	3549.398	0.879	0.879	0.864
365	3446.266	3198.341	3691.690	3507.170	0.869	0.869	0.854
366	3444.340	3248.429	3636.173	3390.849	0.840	0.840	0.853
367	3453.997	3237.131	3639.979	3472.521	0.860	0.860	0.856
368	3458.533	3189.240	3660.866	3540.578	0.877	0.877	0.857
369	3473.023	3241.445	3730.784	3509.135	0.869	0.869	0.860
370	3394.906	3126.515	3552.463	3461.809	0.858	0.858	0.841
371	3433.350	3147.947	3644.302	3451.296	0.855	0.855	0.850
372	3432.623	3209.853	3595.996	3452.036	0.855	0.855	0.850
373	3404.156	3296.268	3524.061	3399.177	0.842	0.842	0.843
374	3391.270	3143.073	3558.679	3403.439	0.843	0.843	0.840
375	3480.771	3264.990	3647.157	3490.847	0.865	0.865	0.862
376	3448.874	3160.880	3657.145	3499.873	0.867	0.867	0.854
377	3440.138	3132.478	3676.074	3494.633	0.866	0.866	0.852
378	3507.417	3287.973	3798.171	3527.164	0.874	0.874	0.869
379	3445.572	3219.838	3662.986	3409.493	0.845	0.845	0.853
380	3448.126	3262.968	3569.380	3486.275	0.864	0.864	0.854
381	3410.698	3230.835	3563.393	3447.212	0.854	0.854	0.845
382	3411.111	3295.504	3598.451	3420.605	0.847	0.847	0.845
383	3479.431	3258.832	3642.134	3516.159	0.871	0.871	0.862
384	3482.398	3314.240	3658.963	3483.175	0.863	0.863	0.863
385	3479.236	3254.907	3703.186	3473.748	0.860	0.860	0.862
386	3456.787	3266.601	3574.998	3473.792	0.860	0.860	0.856
387	3506.326	3311.430	3755.768	3502.030	0.867	0.867	0.869
388	3539.310	3335.041	3773.785	3508.088	0.869	0.869	0.877
389	3492.415	3264.458	3633.926	3546.562	0.879	0.879	0.865
390	3474.380	3322.931	3628.952	3467.205	0.859	0.859	0.861
391	3471.274	3257.263	3637.568	3507.674	0.869	0.869	0.860
392	3504.871	3338.697	3713.632	3506.503	0.869	0.869	0.868
393	3506.593	3357.794	3701.963	3489.676	0.864	0.864	0.869
394	3490.101	3216.411	3657.392	3519.840	0.872	0.872	0.865
395	3584.385	3223.486	3810.435	3676.320	0.911	0.911	0.888
396	3543.698	3324.941	3732.458	3548.627	0.879	0.879	0.878
397	3548.491	3416.366	3775.852	3508.426	0.869	0.869	0.879
398	3562.660	3284.067	3728.875	3646.239	0.903	0.903	0.883
399	3549.871	3292.259	3702.403	3590.953	0.890	0.890	0.879
400	3498.059	3260.858	3667.189	3507.931	0.869	0.869	0.866
401	3491.993	3284.132	3609.784	3527.388	0.874	0.874	0.865
402	3499.059	3368.797	3614.046	3517.200	0.871	0.871	0.867
403	3542.712	3319.593	3756.531	3558.415	0.881	0.881	0.878
404	3552.802	3333.990	3796.594	3570.737	0.885	0.885	0.880
405	3432.071	3205.313	3567.448	3423.943	0.848	0.848	0.850
406	3461.954	3266.884	3663.248	3459.739	0.857	0.857	0.858
407	3491.451	3222.405	3652.165	3553.462	0.880	0.880	0.865
408	3533.227	3302.507	3709.225	3581.917	0.887	0.887	0.875
409	3490.775	3316.345	3629.423	3498.899	0.867	0.867	0.865
410	3469.296	3195.992	3670.738	3522.317	0.873	0.873	0.859
411	3504.126	3353.358	3627.838	3537.602	0.876	0.876	0.868
412	3525.628	3297.719	3759.634	3504.200	0.868	0.868	0.873
413	3468.262	3191.996	3639.726	3500.208	0.867	0.867	0.859
414	3484.882	3207.030	3666.967	3515.396	0.871	0.871	0.863
415	3466.681	3198.296	3682.428	3468.689	0.859	0.859	0.859
416	3528.351	3263.542	3804.865	3535.012	0.876	0.876	0.874
417	3469.202	3176.361	3760.050	3450.411	0.855	0.855	0.859
418	3493.771	3176.448	3948.573	3479.492	0.862	0.862	0.865
419	3440.468	3145.010	3681.190	3449.729	0.855	0.855	0.852
420	3488.770	3184.333	3822.773	3486.665	0.864	0.864	0.864
421	3527.198	3248.925	3933.929	3504.858	0.868	0.868	0.874
422	3416.917	3233.463	3570.941	3427.514	0.849	0.849	0.846
423	3510.972	3290.056	3735.603	3545.562	0.878	0.878	0.870
424	3512.855	3264.401	3827.439	3461.917	0.858	0.858	0.870
425	3512.286	3267.051	3716.877	3560.492	0.882	0.882	0.870
426	3475.227	3221.229	3797.988	3491.019	0.865	0.865	0.861
427	3474.397	3164.144	3668.548	3527.467	0.874	0.874	0.861
428	3432.055	3152.503	3574.450	3459.801	0.857	0.857	0.850
429	3434.024	3153.538	3643.424	3457.698	0.857	0.857	0.851
430	3461.837	3219.109	3653.914	3495.514	0.866	0.866	0.858
431	3474.406	3272.722	3613.371	3504.068	0.868	0.868	0.861
432	3430.526	3233.676	3611.344	3435.319	0.851	0.851	0.850
433	3450.214	3204.025	3635.832	3496.461	0.866	0.866	0.855
434	3460.090	3270.030	3579.662	3499.657	0.867	0.867	0.857
435	3425.735	3239.644	3578.725	3453.782	0.856	0.856	0.849
436	3480.998	3244.528	3669.917	3495.705	0.866	0.866	0.862
437	3537.390	3207.400	3787.321	3556.135	0.881	0.881	0.876
438	3489.750	3216.592	3739.029	3520.656	0.872	0.872	0.864
439	3439.541	3226.417	3694.736	3496.816	0.866	0.866	0.852
440	3452.865	3259.682	3601.135	3493.321	0.865	0.865	0.855
441	3457.729	3250.639	3643.056	3475.563	0.861	0.861	0.857
442	3457.277	3271.684	3554.122	3468.152	0.859	0.859	0.856
443	3432.232	3323.500	3539.220	3444.647	0.853	0.853	0.850
444	3384.535	3262.645	3468.647	3400.250	0.842	0.842	0.838
445	3413.631	3264.970	3524.910	3423.201	0.848	0.848	0.846
446	3424.671	3282.365	3533.966	3424.190	0.848	0.848	0.848
447	3438.956	3236.368	3602.834	3462.146	0.858	0.858	0.852
448	3429.510	3260.812	3581.541	3432.000	0.850	0.850	0.850
449	3432.579	3254.956	3524.679	3449.334	0.854	0.854	0.850
450	3420.387	3251.909	3670.667	3433.574	0.851	0.851	0.847
451	3442.426	3276.826	3583.817	3467.419	0.859	0.859	0.853
452	3399.752	3357.101	3569.176	3370.934	0.835	0.835	0.842
453	3423.528	3279.972	3521.877	3433.771	0.851	0.851	0.848
454	3457.129	3297.391	3648.081	3472.789	0.860	0.860	0.856
455	3433.061	3314.633	3612.175	3419.855	0.847	0.847	0.850
456	3443.208	3251.421	3591.031	3444.378	0.853	0.853	0.853
457	3448.964	3299.018	3569.028	3466.607	0.859	0.859	0.854
458	3405.453	3156.236	3606.170	3442.172	0.853	0.853	0.844
459	3434.064	3296.838	3612.634	3417.939	0.847	0.847	0.851
460	3432.383	3216.814	3547.721	3431.591	0.850	0.850	0.850
461	3424.399	3336.364	3521.997	3430.209	0.850	0.850	0.848
462	3496.915	3355.654	3640.675	3501.793	0.867	0.867	0.866
463	3510.330	3297.234	3669.914	3511.219	0.870	0.870	0.870
464	3486.545	3288.110	3681.592	3476.414	0.861	0.861	0.864
465	3480.955	3257.828	3570.426	3530.234	0.874	0.874	0.862
466	3430.562	3271.611	3606.472	3430.797	0.850	0.850	0.850
467	3421.048	3218.183	3527.807	3422.857	0.848	0.848	0.847
468	3472.070	3322.292	3628.133	3477.039	0.861	0.861	0.860
469	3449.431	3331.374	3585.454	3433.411	0.850	0.850	0.854
470	3430.308	3305.462	3511.402	3427.150	0.849	0.849	0.850
471	3459.469	3310.308	3566.910	3468.352	0.859	0.859	0.857
472	3450.542	3275.340	3651.626	3455.157	0.856	0.856	0.855
473	3418.255	3297.052	3473.531	3442.896	0.853	0.853	0.847
474	3441.480	3325.064	3555.382	3438.173	0.852	0.852	0.852
475	3498.369	3387.945	3587.786	3538.774	0.877	0.877	0.867
476	3521.863	3391.640	3642.139	3502.930	0.868	0.868	0.872
477	3521.849	3328.239	3705.597	3530.250	0.874	0.874	0.872
478	3460.902	3186.837	3612.835	3503.057	0.868	0.868	0.857
479	3466.655	3315.673	3631.560	3455.553	0.856	0.856	0.859
480	3463.351	3239.281	3627.464	3430.949	0.850	0.850	0.858
481	3510.490	3350.994	3714.708	3497.691	0.866	0.866	0.870
482	3504.049	3294.893	3710.586	3490.500	0.865	0.865	0.868
483	3461.631	3286.451	3660.284	3480.076	0.862	0.862	0.857
484	3490.539	3316.424	3611.870	3525.127	0.873	0.873	0.865
485	3449.063	3203.968	3556.739	3509.966	0.869	0.869	0.854
486	3453.819	3228.949	3640.264	3460.600	0.857	0.857	0.856
487	3472.853	3171.186	3820.863	3467.736	0.859	0.859	0.860
488	3472.743	3243.649	3615.423	3523.411	0.873	0.873	0.860
489	3482.530	3318.997	3679.755	3482.091	0.863	0.863	0.863
490	3439.442	3172.899	3695.112	3454.465	0.856	0.856	0.852
491	3440.422	3204.995	3613.166	3451.117	0.855	0.855	0.852
492	3442.252	3205.718	3570.698	3485.705	0.863	0.863	0.853
493	3452.805	3287.531	3567.829	3492.375	0.865	0.865	0.855
494	3488.672	3271.696	3655.994	3495.001	0.866	0.866	0.864
495	3407.606	3263.083	3588.105	3379.042	0.837	0.837	0.844
496	3509.016	3268.625	3700.106	3519.070	0.872	0.872	0.869
497	3485.375	3207.025	3655.212	3496.612	0.866	0.866	0.863
498	3521.615	3369.669	3692.912	3474.208	0.861	0.861	0.872
499	3527.854	3325.087	3686.739	3583.421	0.888	0.888	0.874
500	3519.455	3296.170	3763.095	3492.861	0.865	0.865	0.872
501	3482.742	3272.887	3633.412	3516.643	0.871	0.871	0.863
502	3522.164	3285.104	3699.191	3513.867	0.870	0.870	0.872
503	3534.117	3353.611	3821.398	3527.221	0.874	0.874	0.875
504	3553.377	3270.023	3840.259	3568.212	0.884	0.884	0.880
505	3586.596	3334.567	3820.432	3604.135	0.893	0.893	0.888
506	3609.700	3357.992	3884.698	3653.355	0.905	0.905	0.894
507	3572.036	3405.060	3728.491	3585.301	0.888	0.888	0.885
508	3622.892	3430.447	3774.955	3660.186	0.907	0.907	0.897
509	3542.488	3363.065	3697.786	3542.936	0.878	0.878	0.878
510	3543.430	3348.112	3690.029	3584.455	0.888	0.888	0.878
511	3530.484	3339.778	3761.910	3510.609	0.870	0.870	0.875
512	3550.892	3332.919	3729.207	3603.051	0.893	0.893	0.880
513	3585.034	3399.279	3725.117	3606.058	0.893	0.893	0.888
514	3585.603	3339.580	3819.052	3605.060	0.893	0.893	0.888
515	3543.018	3461.946	3601.533	3546.110	0.878	0.878	0.878
516	3565.771	3439.192	3704.929	3554.995	0.881	0.881	0.883
517	3585.354	3346.527	3825.771	3596.819	0.891	0.891	0.888
518	3609.619	3388.177	3745.590	3653.283	0.905	0.905	0.894
519	3562.875	3305.350	3752.766	3591.290	0.890	0.890	0.883
520	3569.722	3352.471	3758.064	3528.324	0.874	0.874	0.884
521	3560.353	3462.167	3709.342	3564.289	0.883	0.883	0.882
522	3542.884	3406.562	3648.205	3545.495	0.878	0.878	0.878
523	3467.777	3281.573	3640.793	3468.626	0.859	0.859	0.859
524	3514.299	3274.636	3704.212	3526.937	0.874	0.874	0.871
525	3528.089	3351.950	3642.958	3513.058	0.870	0.870	0.874
526	3503.867	3285.479	3641.590	3530.197	0.874	0.874	0.868
527	3502.902	3342.796	3639.473	3486.247	0.864	0.864	0.868
528	3573.221	3416.635	3766.731	3563.174	0.883	0.883	0.885
529	3555.995	3446.151	3718.391	3535.306	0.876	0.876	0.881
530	3558.621	3457.760	3736.913	3535.226	0.876	0.876	0.882
531	3525.708	3370.193	3638.983	3532.574	0.875	0.875	0.873
532	3506.422	3369.072	3601.031	3510.053	0.869	0.869	0.869
533	3511.312	3350.667	3614.374	3516.223	0.871	0.871	0.870
534	3608.705	3508.056	3770.015	3609.854	0.894	0.894	0.894
535	3641.653	3436.042	3861.093	3599.916	0.892	0.892	0.902
536	3622.838	3457.022	3793.838	3636.075	0.901	0.901	0.897
537	3591.843	3450.405	3719.784	3601.652	0.892	0.892	0.890
538	3588.881	3411.200	3806.428	3598.636	0.891	0.891	0.889
539	3582.152	3336.032	3758.216	3609.908	0.894	0.894	0.887
540	3591.927	3413.404	3725.138	3604.793	0.893	0.893	0.890
541	3572.770	3461.749	3665.450	3566.311	0.883	0.883	0.885
542	3651.155	3521.060	3818.773	3626.438	0.898	0.898	0.904
543	3664.590	3486.175	3790.448	3692.454	0.915	0.915	0.908
544	3545.188	3346.217	3728.667	3579.351	0.887	0.887	0.878
545	3556.932	3481.995	3681.229	3526.422	0.874	0.874	0.881
546	3499.554	3415.122	3674.903	3468.373	0.859	0.859	0.867
547	3515.263	3381.444	3641.565	3533.878	0.875	0.875	0.871
548	3555.090	3433.663	3676.737	3564.927	0.883	0.883	0.881
549	3548.856	3443.322	3671.497	3538.907	0.877	0.877	0.879
550	3548.615	3455.536	3687.028	3545.069	0.878	0.878	0.879
551	3587.367	3351.782	3746.425	3603.375	0.893	0.893	0.889
552	3562.770	3469.713	3684.022	3545.651	0.878	0.878	0.883
553	3574.678	3395.493	3761.593	3569.303	0.884	0.884	0.885
554	3543.294	3428.741	3626.667	3556.988	0.881	0.881	0.878
555	3523.268	3471.426	3578.044	3535.077	0.876	0.876	0.873
556	3587.618	3403.282	3759.218	3592.967	0.890	0.890	0.889
557	3645.749	3469.681	3762.451	3668.906	0.909	0.909	0.903
558	3574.133	3433.205	3724.324	3573.222	0.885	0.885	0.885
559	3574.689	3413.861	3670.807	3565.606	0.883	0.883	0.885
560	3585.063	3429.731	3719.760	3583.616	0.888	0.888	0.888
561	3617.217	3469.151	3765.552	3625.194	0.898	0.898	0.896
562	3584.342	3465.338	3827.408	3547.365	0.879	0.879	0.888
563	3564.187	3459.594	3760.842	3557.149	0.881	0.881	0.883
564	3527.662	3363.962	3647.792	3544.701	0.878	0.878	0.874
565	3518.829	3373.927	3653.166	3535.039	0.876	0.876	0.872
566	3506.123	3381.202	3582.977	3510.878	0.870	0.870	0.868
567	3522.672	3363.447	3667.918	3527.861	0.874	0.874	0.873
568	3584.519	3434.915	3739.596	3591.223	0.890	0.890	0.888
569	3603.084	3491.572	3691.814	3628.875	0.899	0.899	0.893
570	3567.551	3405.930	3660.957	3583.040	0.888	0.888	0.884
571	3539.537	3464.060	3645.348	3539.549	0.877	0.877	0.877
572	3556.209	3458.940	3672.288	3555.828	0.881	0.881	0.881
573	3542.380	3451.856	3608.863	3547.750	0.879	0.879	0.877
574	3538.133	3445.292	3625.201	3539.599	0.877	0.877	0.876
575	3562.627	3421.166	3751.478	3549.917	0.879	0.879	0.882
576	3540.263	3316.263	3628.768	3550.063	0.879	0.879	0.877
577	3580.228	3478.522	3720.262	3571.632	0.885	0.885	0.887
578	3609.016	3545.017	3770.051	3586.656	0.888	0.888	0.894
579	3633.738	3478.950	3826.946	3630.214	0.899	0.899	0.900
580	3598.166	3460.812	3802.363	3560.213	0.882	0.882	0.891
581	3628.907	3423.628	3753.701	3615.252	0.896	0.896	0.899
582	3654.645	3488.910	3770.627	3663.503	0.907	0.907	0.905
583	3591.130	3502.741	3674.996	3574.146	0.885	0.885	0.890
584	3561.148	3450.232	3728.070	3551.290	0.880	0.880	0.882
585	3559.061	3507.802	3631.338	3542.663	0.878	0.878	0.882
586	3498.918	3419.721	3613.327	3502.372	0.868	0.868	0.867
587	3577.498	3454.979	3688.266	3563.174	0.883	0.883	0.886
588	3552.713	3424.994	3678.586	3561.178	0.882	0.882	0.880
589	3624.638	3467.823	3801.087	3652.300	0.905	0.905	0.898
590	3562.979	3376.707	3670.906	3587.427	0.889	0.889	0.883
591	3547.223	3407.113	3672.804	3553.270	0.880	0.880	0.879
592	3491.337	3345.438	3603.990	3496.291	0.866	0.866	0.865
593	3515.640	3415.306	3741.371	3485.410	0.863	0.863	0.871
594	3501.919	3407.074	3622.812	3512.784	0.870	0.870	0.867
595	3525.238	3436.284	3594.761	3524.020	0.873	0.873	0.873
596	3503.812	3414.173	3636.284	3506.508	0.869	0.869	0.868
597	3555.447	3407.584	3742.631	3522.423	0.873	0.873	0.881
598	3534.511	3399.253	3629.505	3552.535	0.880	0.880	0.876
599	3526.835	3443.737	3600.884	3532.786	0.875	0.875	0.874
600	3500.797	3376.553	3618.435	3504.937	0.868	0.868	0.867
601	3517.800	3377.223	3657.812	3514.420	0.871	0.871	0.871
602	3503.708	3435.469	3566.497	3502.699	0.868	0.868	0.868
603	3463.170	3342.072	3590.801	3457.850	0.857	0.857	0.858
604	3517.025	3413.149	3646.474	3510.479	0.870	0.870	0.871
605	3506.764	3295.582	3657.146	3531.375	0.875	0.875	0.869
606	3543.255	3310.051	3797.258	3554.138	0.880	0.880	0.878
607	3553.935	3428.094	3703.971	3530.528	0.875	0.875	0.880
608	3565.710	3452.876	3667.054	3569.374	0.884	0.884	0.883
609	3526.189	3308.196	3807.004	3530.635	0.875	0.875	0.873
610	3476.979	3316.438	3549.063	3502.442	0.868	0.868	0.861
611	3521.960	3415.351	3702.188	3529.997	0.874	0.874	0.872
612	3484.267	3351.451	3609.446	3507.790	0.869	0.869	0.863
613	3565.951	3419.017	3660.751	3563.244	0.883	0.883	0.883
614	3506.356	3431.225	3611.967	3471.446	0.860	0.860	0.869
615	3519.581	3431.023	3669.591	3483.043	0.863	0.863	0.872
616	3538.736	3360.963	3668.103	3571.434	0.885	0.885	0.877
617	3520.370	3290.049	3715.311	3509.929	0.869	0.869	0.872
618	3478.084	3385.461	3587.455	3481.545	0.862	0.862	0.862
619	3487.992	3276.729	3633.398	3516.520	0.871	0.871	0.864
620	3518.190	3366.256	3688.041	3542.568	0.878	0.878	0.871
621	3508.246	3278.819	3679.752	3521.005	0.872	0.872	0.869
622	3516.074	3324.160	3681.170	3522.822	0.873	0.873	0.871
623	3513.770	3304.663	3628.493	3557.021	0.881	0.881	0.870
624	3505.744	3299.638	3667.882	3561.006	0.882	0.882	0.868
625	3509.215	3293.220	3682.395	3548.505	0.879	0.879	0.869
626	3496.401	3215.519	3606.399	3537.043	0.876	0.876	0.866
627	3484.995	3236.388	3612.635	3535.169	0.876	0.876	0.863
628	3441.756	3242.049	3620.970	3457.259	0.856	0.856	0.853
629	3424.842	3167.901	3609.960	3455.521	0.856	0.856	0.848
630	3476.587	3172.144	3645.736	3517.843	0.871	0.871	0.861
631	3441.175	3219.790	3692.170	3409.947	0.845	0.845	0.852
632	3423.045	3260.750	3626.143	3383.775	0.838	0.838	0.848
633	3421.688	3259.418	3504.104	3442.048	0.853	0.853	0.848
634	3407.309	3280.025	3516.969	3400.358	0.842	0.842	0.844
635	3403.315	3272.591	3585.888	3391.191	0.840	0.840	0.843
636	3436.565	3303.882	3632.890	3421.861	0.848	0.848	0.851
637	3482.680	3309.586	3646.857	3481.513	0.862	0.862	0.863
638	3490.822	3330.487	3769.304	3461.100	0.857	0.857	0.865
639	3501.084	3324.162	3718.606	3499.262	0.867	0.867	0.867
640	3499.530	3310.128	3665.097	3525.415	0.873	0.873	0.867
641	3508.105	3292.911	3609.687	3522.318	0.873	0.873	0.869
642	3460.497	3301.330	3627.757	3467.143	0.859	0.859	0.857
643	3475.999	3261.208	3607.664	3522.812	0.873	0.873	0.861
644	3459.485	3223.011	3551.404	3493.960	0.865	0.865	0.857
645	3426.405	3268.007	3553.415	3436.712	0.851	0.851	0.849
646	3457.911	3324.391	3562.861	3475.079	0.861	0.861	0.857
647	3474.473	3355.517	3620.174	3452.830	0.855	0.855	0.861
648	3471.012	3388.811	3576.430	3460.759	0.857	0.857	0.860
649	3504.545	3401.970	3608.462	3513.619	0.870	0.870	0.868
650	3473.250	3376.797	3572.964	3474.259	0.861	0.861	0.860
651	3407.120	3287.029	3590.132	3398.431	0.842	0.842	0.844
652	3476.850	3365.017	3674.759	3462.737	0.858	0.858	0.861
653	3510.237	3413.465	3652.410	3509.756	0.869	0.869	0.870
654	3469.509	3330.498	3546.291	3481.160	0.862	0.862	0.859
655	3455.156	3300.258	3536.425	3475.867	0.861	0.861	0.856
656	3488.139	3312.599	3605.807	3516.362	0.871	0.871	0.864
657	3500.415	3379.949	3624.969	3490.448	0.865	0.865	0.867
658	3542.095	3373.370	3721.044	3506.779	0.869	0.869	0.877
659	3561.302	3422.675	3791.395	3516.400	0.871	0.871	0.882
660	3519.764	3383.628	3684.528	3512.689	0.870	0.870	0.872
661	3461.000	3361.590	3554.580	3456.772	0.856	0.856	0.857
662	3497.467	3355.822	3638.263	3481.087	0.862	0.862	0.866
663	3506.436	3328.035	3670.814	3520.969	0.872	0.872	0.869
664	3491.374	3410.735	3562.884	3498.154	0.867	0.867	0.865
665	3491.285	3370.797	3620.976	3483.328	0.863	0.863	0.865
666	3480.554	3411.697	3635.729	3472.635	0.860	0.860	0.862
667	3560.803	3415.875	3798.880	3543.422	0.878	0.878	0.882
668	3529.489	3320.432	3697.972	3502.840	0.868	0.868	0.874
669	3500.650	3320.480	3616.655	3483.753	0.863	0.863	0.867
670	3525.337	3407.462	3673.876	3499.024	0.867	0.867	0.873
671	3482.281	3412.825	3590.697	3456.519	0.856	0.856	0.863
672	3437.447	3273.096	3591.308	3408.399	0.844	0.844	0.851
673	3441.037	3337.460	3531.878	3437.669	0.852	0.852	0.852
674	3502.822	3329.582	3710.403	3541.620	0.877	0.877	0.868
675	3486.652	3329.424	3573.629	3510.803	0.870	0.870	0.864
676	3502.115	3384.291	3674.854	3488.583	0.864	0.864	0.868
677	3488.806	3362.262	3570.702	3489.982	0.864	0.864	0.864
678	3467.840	3327.669	3593.574	3475.980	0.861	0.861	0.859
679	3488.793	3359.702	3624.696	3512.751	0.870	0.870	0.864
680	3520.826	3271.198	3589.025	3551.488	0.880	0.880	0.872
681	3467.898	3344.517	3576.074	3477.268	0.861	0.861	0.859
682	3442.663	3215.274	3585.661	3425.105	0.848	0.848	0.853
683	3483.398	3355.513	3622.626	3457.415	0.856	0.856	0.863
684	3497.447	3388.395	3644.469	3467.587	0.859	0.859	0.866
685	3478.361	3329.239	3568.757	3501.415	0.867	0.867	0.862
686	3489.513	3319.123	3635.850	3483.325	0.863	0.863	0.864
687	3453.590	3298.456	3697.373	3435.646	0.851	0.851	0.855
688	3494.985	3351.991	3644.649	3478.847	0.862	0.862	0.866
689	3483.463	3383.886	3619.514	3484.086	0.863	0.863	0.863
690	3498.135	3293.362	3638.227	3495.574	0.866	0.866	0.867
691	3471.255	3350.803	3555.500	3481.189	0.862	0.862	0.860
692	3524.016	3337.990	3628.895	3546.876	0.879	0.879	0.873
693	3529.264	3350.210	3743.391	3547.506	0.879	0.879	0.874
694	3513.679	3431.907	3654.988	3488.689	0.864	0.864	0.870
695	3540.587	3404.284	3656.845	3544.636	0.878	0.878	0.877
696	3503.267	3372.859	3634.199	3510.407	0.870	0.870	0.868
697	3494.525	3432.314	3553.019	3497.871	0.866	0.866	0.866
698	3490.987	3396.159	3644.578	3470.227	0.860	0.860	0.865
699	3463.029	3374.887	3594.694	3461.062	0.857	0.857	0.858
700	3446.720	3356.626	3550.837	3451.196	0.855	0.855	0.854
701	3424.708	3253.709	3631.777	3438.390	0.852	0.852	0.848
702	3507.978	3325.407	3631.498	3512.647	0.870	0.870	0.869
703	3425.754	3300.016	3546.028	3441.223	0.852	0.852	0.849
704	3405.487	3256.335	3521.615	3424.247	0.848	0.848	0.844
705	3503.389	3382.110	3628.625	3505.398	0.868	0.868	0.868
706	3444.990	3361.120	3522.097	3444.999	0.853	0.853	0.853
707	3431.592	3292.343	3525.843	3448.658	0.854	0.854	0.850
708	3450.853	3296.762	3630.005	3437.666	0.852	0.852	0.855
709	3436.058	3284.769	3609.184	3444.525	0.853	0.853	0.851
710	3428.369	3214.708	3536.313	3464.663	0.858	0.858	0.849
711	3404.969	3283.167	3561.354	3404.347	0.843	0.843	0.843
712	3456.255	3379.603	3541.126	3468.121	0.859	0.859	0.856
713	3396.637	3293.531	3504.920	3375.150	0.836	0.836	0.841
714	3414.859	3198.733	3629.199	3395.058	0.841	0.841	0.846
715	3436.564	3317.248	3604.932	3443.314	0.853	0.853	0.851
716	3427.493	3289.471	3635.526	3389.615	0.840	0.840	0.849
717	3436.380	3374.816	3548.279	3418.972	0.847	0.847	0.851
718	3473.081	3407.950	3548.386	3464.904	0.858	0.858	0.860
719	3407.796	3324.967	3506.249	3391.449	0.840	0.840	0.844
720	3449.591	3338.875	3549.574	3443.154	0.853	0.853	0.854
721	3381.010	3305.565	3488.189	3379.542	0.837	0.837	0.838
722	3343.320	3257.439	3481.050	3318.456	0.822	0.822	0.828
723	3353.057	3229.716	3441.926	3372.010	0.835	0.835	0.831
724	3348.109	3230.247	3404.857	3378.696	0.837	0.837	0.829
725	3399.630	3202.969	3531.209	3427.427	0.849	0.849	0.842
726	3398.655	3254.187	3493.937	3422.760	0.848	0.848	0.842
727	3380.624	3242.580	3561.909	3381.644	0.838	0.838	0.837
728	3396.350	3304.579	3503.710	3382.292	0.838	0.838	0.841
729	3359.195	3188.597	3457.809	3370.122	0.835	0.835	0.832
730	3371.820	3276.880	3441.852	3377.558	0.837	0.837	0.835
731	3421.199	3340.413	3478.857	3428.395	0.849	0.849	0.847
732	3406.323	3264.287	3565.634	3380.166	0.837	0.837	0.844
733	3391.329	3288.312	3477.871	3389.332	0.840	0.840	0.840
734	3399.873	3307.884	3485.699	3387.485	0.839	0.839	0.842
735	3394.388	3269.552	3501.940	3407.811	0.844	0.844	0.841
736	3367.526	3196.063	3615.281	3341.685	0.828	0.828	0.834
737	3394.512	3248.482	3675.027	3394.001	0.841	0.841	0.841
738	3403.980	3191.283	3615.382	3421.210	0.847	0.847	0.843
739	3348.856	3161.237	3522.749	3321.496	0.823	0.823	0.830
740	3373.561	3240.627	3489.210	3354.261	0.831	0.831	0.836
741	3355.687	3245.516	3504.807	3336.718	0.827	0.827	0.831
742	3340.914	3250.159	3498.565	3309.323	0.820	0.820	0.828
743	3367.944	3237.608	3498.138	3365.864	0.834	0.834	0.834
744	3409.608	3243.815	3532.619	3446.834	0.854	0.854	0.845
745	3369.456	3246.691	3523.036	3375.598	0.836	0.836	0.835
746	3391.286	3248.656	3508.680	3388.690	0.839	0.839	0.840
747	3380.060	3255.332	3540.823	3371.284	0.835	0.835	0.837
748	3363.102	3236.881	3437.292	3397.062	0.841	0.841	0.833
749	3381.654	3221.922	3446.843	3412.618	0.845	0.845	0.838
750	3332.874	3168.569	3491.568	3336.631	0.827	0.827	0.826
751	3352.357	3168.960	3523.758	3387.964	0.839	0.839	0.830
752	3321.354	3228.774	3406.441	3337.002	0.827	0.827	0.823
753	3303.789	3226.220	3445.897	3304.991	0.819	0.819	0.818
754	3273.851	3187.262	3353.365	3268.312	0.810	0.810	0.811
755	3294.981	3150.390	3447.957	3309.498	0.820	0.820	0.816
756	3340.532	3227.027	3442.708	3349.713	0.830	0.830	0.827
757	3388.087	3240.830	3660.162	3359.703	0.832	0.832	0.839
758	3366.549	3240.386	3557.870	3362.540	0.833	0.833	0.834
759	3324.778	3201.919	3419.864	3323.760	0.823	0.823	0.824
760	3302.895	3231.593	3373.649	3312.022	0.820	0.820	0.818
761	3374.276	3241.115	3495.916	3393.640	0.841	0.841	0.836
762	3330.725	3231.771	3407.105	3349.662	0.830	0.830	0.825
763	3357.355	3243.109	3446.230	3373.451	0.836	0.836	0.832
764	3359.373	3288.478	3481.280	3354.132	0.831	0.831	0.832
765	3349.647	3254.124	3463.986	3348.008	0.829	0.829	0.830
766	3382.876	3307.787	3494.551	3369.278	0.835	0.835	0.838
767	3367.079	3221.419	3490.485	3355.486	0.831	0.831	0.834
768	3374.676	3205.254	3508.439	3381.884	0.838	0.838	0.836
769	3332.240	3234.606	3507.141	3317.377	0.822	0.822	0.825
770	3339.953	3209.782	3460.029	3333.429	0.826	0.826	0.827
771	3359.363	3279.207	3506.326	3348.110	0.829	0.829	0.832
772	3363.499	3307.852	3437.454	3354.521	0.831	0.831	0.833
773	3347.002	3264.903	3428.892	3345.523	0.829	0.829	0.829
774	3316.421	3222.083	3389.957	3316.826	0.822	0.822	0.822
775	3329.548	3223.812	3441.026	3318.438	0.822	0.822	0.825
776	3357.832	3284.656	3455.381	3348.260	0.829	0.829	0.832
777	3381.009	3281.033	3475.483	3383.124	0.838	0.838	0.838
778	3342.581	3247.246	3472.392	3332.152	0.825	0.825	0.828
779	3323.470	3179.637	3520.924	3283.665	0.813	0.813	0.823
780	3300.433	3222.180	3440.714	3264.861	0.809	0.809	0.818
781	3333.396	3274.336	3441.285	3304.092	0.818	0.818	0.826
782	3329.113	3192.197	3419.153	3320.442	0.823	0.823	0.825
783	3339.641	3250.991	3425.245	3334.063	0.826	0.826	0.827
784	3322.670	3222.603	3420.489	3347.997	0.829	0.829	0.823
785	3349.476	3214.390	3476.365	3369.139	0.835	0.835	0.830
786	3378.086	3309.040	3466.503	3379.491	0.837	0.837	0.837
787	3414.663	3265.081	3507.805	3431.492	0.850	0.850	0.846
788	3356.072	3278.558	3439.588	3365.020	0.834	0.834	0.831
789	3374.519	3276.962	3435.096	3372.620	0.835	0.835	0.836
790	3389.405	3331.794	3454.349	3379.155	0.837	0.837	0.840
791	3383.722	3335.369	3455.114	3364.036	0.833	0.833	0.838
792	3378.824	3326.934	3441.468	3368.362	0.834	0.834	0.837
793	3361.243	3254.886	3507.453	3360.766	0.832	0.832	0.833
794	3357.167	3272.688	3435.701	3357.426	0.832	0.832	0.832
795	3350.582	3265.769	3480.864	3332.547	0.826	0.826	0.830
796	3303.837	3241.824	3372.596	3288.272	0.815	0.815	0.818
797	3300.407	3184.501	3364.993	3309.745	0.820	0.820	0.818
798	3299.982	3259.640	3366.799	3299.653	0.817	0.817	0.817
799	3295.745	3229.666	3373.364	3301.754	0.818	0.818	0.816
800	3310.936	3180.104	3409.329	3309.664	0.820	0.820	0.820
801	3317.836	3280.484	3387.346	3311.606	0.820	0.820	0.822
802	3337.557	3234.095	3469.735	3321.227	0.823	0.823	0.827
803	3334.238	3255.268	3471.552	3330.262	0.825	0.825	0.826
804	3329.930	3253.365	3424.927	3318.893	0.822	0.822	0.825
805	3326.942	3281.517	3447.474	3308.530	0.820	0.820	0.824
806	3320.863	3230.816	3429.106	3300.165	0.817	0.817	0.823
807	3312.228	3162.147	3412.873	3326.919	0.824	0.824	0.820
808	3325.177	3216.724	3407.315	3361.721	0.833	0.833	0.824
809	3282.885	3186.257	3361.360	3296.768	0.817	0.817	0.813
810	3304.809	3217.508	3373.106	3304.743	0.819	0.819	0.819
811	3358.938	3232.300	3477.550	3368.978	0.835	0.835	0.832
812	3370.518	3273.050	3493.378	3366.591	0.834	0.834	0.835
813	3340.055	3281.633	3444.387	3336.196	0.826	0.826	0.827
814	3360.278	3282.490	3449.807	3346.483	0.829	0.829	0.832
815	3370.208	3278.106	3590.293	3343.450	0.828	0.828	0.835
816	3315.778	3246.470	3388.949	3310.614	0.820	0.820	0.821
817	3357.508	3271.551	3605.406	3330.044	0.825	0.825	0.832
818	3321.674	3263.759	3392.420	3320.050	0.822	0.822	0.823
819	3351.880	3234.007	3453.159	3345.671	0.829	0.829	0.830
820	3355.525	3298.837	3411.678	3347.771	0.829	0.829	0.831
821	3371.930	3311.360	3466.922	3364.324	0.833	0.833	0.835
822	3314.503	3227.596	3370.032	3331.863	0.825	0.825	0.821
823	3300.238	3192.682	3381.240	3315.534	0.821	0.821	0.817
824	3318.264	3219.604	3403.194	3320.368	0.822	0.822	0.822
825	3324.812	3208.925	3387.107	3333.511	0.826	0.826	0.824
826	3336.966	3158.366	3497.406	3356.958	0.832	0.832	0.827
827	3340.020	3296.782	3404.870	3324.524	0.824	0.824	0.827
828	3286.849	3234.684	3348.369	3287.220	0.814	0.814	0.814
829	3279.952	3226.410	3333.660	3272.499	0.811	0.811	0.812
830	3320.601	3234.930	3474.395	3304.483	0.819	0.819	0.823
831	3326.773	3255.536	3438.024	3316.906	0.822	0.822	0.824
832	3373.634	3321.024	3446.112	3364.295	0.833	0.833	0.836
833	3341.784	3240.616	3439.728	3347.047	0.829	0.829	0.828
834	3290.582	3160.172	3407.892	3265.339	0.809	0.809	0.815
835	3331.971	3242.672	3493.926	3301.052	0.818	0.818	0.825
836	3334.938	3265.499	3521.297	3317.919	0.822	0.822	0.826
837	3345.382	3253.026	3435.942	3341.827	0.828	0.828	0.829
838	3339.782	3251.387	3390.120	3342.194	0.828	0.828	0.827
839	3316.271	3265.072	3362.174	3320.199	0.822	0.822	0.821
840	3315.159	3221.851	3406.969	3332.752	0.826	0.826	0.821
841	3301.831	3175.474	3448.491	3299.242	0.817	0.817	0.818
842	3304.158	3242.347	3374.573	3306.454	0.819	0.819	0.818
843	3315.885	3234.623	3418.093	3311.395	0.820	0.820	0.821
844	3340.383	3277.237	3416.656	3332.711	0.826	0.826	0.827
845	3321.287	3246.599	3451.248	3323.978	0.823	0.823	0.823
846	3333.737	3217.990	3405.951	3344.770	0.829	0.829	0.826
847	3334.486	3246.222	3432.496	3329.092	0.825	0.825	0.826
848	3325.971	3235.099	3452.234	3312.961	0.821	0.821	0.824
849	3343.749	3290.742	3428.274	3342.601	0.828	0.828	0.828
850	3361.659	3251.754	3440.097	3370.421	0.835	0.835	0.833
851	3350.259	3231.373	3558.352	3325.444	0.824	0.824	0.830
852	3327.581	3241.476	3400.748	3328.852	0.825	0.825	0.824
853	3297.298	3200.529	3428.688	3292.854	0.816	0.816	0.817
854	3336.860	3253.780	3367.565	3354.350	0.831	0.831	0.827
855	3335.989	3255.116	3394.814	3348.308	0.829	0.829	0.826
856	3300.929	3198.683	3378.152	3294.011	0.816	0.816	0.818
857	3272.308	3219.183	3326.935	3281.202	0.813	0.813	0.811
858	3337.602	3209.130	3418.197	3344.948	0.829	0.829	0.827
859	3359.762	3186.904	3494.716	3374.809	0.836	0.836	0.832
860	3346.083	3238.070	3421.588	3365.152	0.834	0.834	0.829
861	3323.183	3223.596	3433.072	3333.885	0.826	0.826	0.823
862	3338.035	3266.965	3430.081	3337.180	0.827	0.827	0.827
863	3310.380	3210.028	3418.496	3309.895	0.820	0.820	0.820
864	3333.218	3275.793	3421.044	3315.460	0.821	0.821	0.826
865	3342.267	3278.598	3424.191	3341.015	0.828	0.828	0.828
866	3334.609	3262.144	3418.355	3339.852	0.827	0.827	0.826
867	3308.168	3170.234	3394.154	3311.410	0.820	0.820	0.819
868	3356.024	3300.227	3441.211	3337.742	0.827	0.827	0.831
869	3321.834	3273.423	3403.905	3328.248	0.824	0.824	0.823
870	3307.972	3229.185	3416.515	3304.642	0.819	0.819	0.819
871	3302.898	3226.280	3380.904	3301.734	0.818	0.818	0.818
872	3304.493	3175.394	3410.692	3311.142	0.820	0.820	0.819
873	3325.411	3260.883	3428.196	3315.718	0.821	0.821	0.824
874	3319.459	3233.425	3414.760	3315.739	0.821	0.821	0.822
875	3275.587	3200.021	3363.333	3269.308	0.810	0.810	0.811
876	3312.203	3261.459	3411.025	3305.663	0.819	0.819	0.820
877	3281.108	3237.938	3329.220	3287.902	0.814	0.814	0.813
878	3336.301	3241.014	3449.650	3324.599	0.824	0.824	0.826
879	3349.717	3298.584	3504.536	3330.502	0.825	0.825	0.830
880	3350.622	3260.568	3443.432	3339.826	0.827	0.827	0.830
881	3323.148	3271.411	3412.880	3325.226	0.824	0.824	0.823
882	3291.607	3223.324	3335.057	3297.189	0.817	0.817	0.815
883	3277.562	3127.697	3362.238	3291.630	0.815	0.815	0.812
884	3310.436	3230.460	3417.722	3316.985	0.822	0.822	0.820
885	3329.626	3226.389	3452.130	3309.409	0.820	0.820	0.825
886	3304.569	3192.735	3406.012	3312.269	0.820	0.820	0.819
887	3328.503	3249.541	3426.627	3335.256	0.826	0.826	0.824
888	3324.128	3275.313	3460.706	3302.306	0.818	0.818	0.823
889	3330.501	3242.124	3504.015	3299.099	0.817	0.817	0.825
890	3336.722	3260.955	3457.912	3330.950	0.825	0.825	0.827
891	3297.837	3195.849	3391.635	3301.472	0.818	0.818	0.817
892	3303.607	3154.330	3434.964	3306.956	0.819	0.819	0.818
893	3320.257	3242.438	3424.563	3309.474	0.820	0.820	0.822
894	3318.564	3228.954	3445.889	3284.590	0.814	0.814	0.822
895	3293.136	3190.588	3407.527	3280.453	0.813	0.813	0.816
896	3301.718	3182.486	3417.582	3296.453	0.817	0.817	0.818
897	3316.225	3263.419	3406.400	3301.296	0.818	0.818	0.821
898	3309.802	3246.160	3423.833	3298.795	0.817	0.817	0.820
899	3325.182	3218.435	3442.555	3318.334	0.822	0.822	0.824
900	3316.633	3195.184	3419.569	3336.596	0.827	0.827	0.822
901	3300.687	3216.811	3438.998	3259.516	0.807	0.807	0.818
902	3331.988	3178.997	3441.486	3336.480	0.826	0.826	0.825
903	3348.820	3204.489	3504.272	3343.028	0.828	0.828	0.830
904	3315.157	3165.017	3388.915	3326.956	0.824	0.824	0.821
905	3318.883	3180.098	3510.193	3284.540	0.814	0.814	0.822
906	3343.399	3202.406	3458.055	3340.817	0.828	0.828	0.828
907	3319.387	3154.533	3454.674	3327.849	0.824	0.824	0.822
908	3276.861	3205.969	3398.124	3248.550	0.805	0.805	0.812
909	3309.673	3215.856	3396.448	3316.438	0.822	0.822	0.820
910	3300.014	3140.474	3375.873	3324.519	0.824	0.824	0.817
911	3340.258	3227.242	3425.600	3351.517	0.830	0.830	0.827
912	3363.048	3248.022	3566.466	3352.198	0.830	0.830	0.833
913	3321.452	3172.302	3472.968	3311.156	0.820	0.820	0.823
914	3306.173	3160.178	3394.765	3335.725	0.826	0.826	0.819
915	3329.258	3302.440	3388.081	3321.742	0.823	0.823	0.825
916	3302.771	3265.755	3353.894	3302.946	0.818	0.818	0.818
917	3326.364	3228.895	3441.005	3323.660	0.823	0.823	0.824
918	3345.866	3236.959	3497.390	3335.184	0.826	0.826	0.829
919	3303.555	3209.579	3409.571	3296.281	0.817	0.817	0.818
920	3312.903	3229.304	3397.319	3324.845	0.824	0.824	0.821
921	3335.369	3300.255	3418.847	3317.878	0.822	0.822	0.826
922	3306.473	3207.754	3374.364	3304.621	0.819	0.819	0.819
923	3268.215	3193.929	3322.851	3264.371	0.809	0.809	0.810
924	3276.980	3199.269	3359.214	3272.301	0.811	0.811	0.812
925	3260.800	3134.052	3376.670	3255.884	0.807	0.807	0.808
926	3310.728	3230.834	3359.811	3309.463	0.820	0.820	0.820
927	3360.481	3264.187	3489.970	3351.343	0.830	0.830	0.832
928	3332.333	3274.712	3418.555	3327.315	0.824	0.824	0.825
929	3325.993	3263.461	3395.602	3334.366	0.826	0.826	0.824
930	3297.743	3211.155	3380.339	3311.146	0.820	0.820	0.817
931	3296.551	3259.077	3381.991	3279.001	0.812	0.812	0.817
932	3283.882	3259.945	3345.761	3271.229	0.810	0.810	0.813
933	3319.124	3247.128	3395.613	3312.235	0.820	0.820	0.822
934	3334.098	3235.682	3477.406	3329.578	0.825	0.825	0.826
935	3372.236	3279.851	3477.424	3377.443	0.837	0.837	0.835
936	3328.160	3225.262	3393.550	3340.882	0.828	0.828	0.824
937	3299.413	3237.488	3349.058	3296.553	0.817	0.817	0.817
938	3288.604	3249.145	3327.249	3289.700	0.815	0.815	0.815
939	3290.356	3209.914	3394.219	3284.809	0.814	0.814	0.815
940	3289.335	3221.336	3329.218	3301.888	0.818	0.818	0.815
941	3286.353	3196.373	3370.612	3285.123	0.814	0.814	0.814
942	3308.303	3211.893	3416.945	3312.295	0.820	0.820	0.819
943	3300.676	3241.623	3358.057	3309.348	0.820	0.820	0.818
944	3299.360	3191.118	3389.656	3310.653	0.820	0.820	0.817
945	3298.898	3243.715	3370.685	3285.871	0.814	0.814	0.817
946	3276.668	3209.282	3338.014	3255.688	0.806	0.806	0.812
947	3283.466	3248.626	3350.860	3277.170	0.812	0.812	0.813
948	3288.888	3236.295	3335.839	3291.170	0.815	0.815	0.815
949	3335.980	3253.374	3412.774	3319.369	0.822	0.822	0.826
950	3323.801	3274.273	3399.907	3320.607	0.823	0.823	0.823
951	3317.943	3238.614	3418.558	3285.850	0.814	0.814	0.822
952	3319.223	3220.355	3396.089	3335.557	0.826	0.826	0.822
953	3297.424	3210.776	3391.292	3299.889	0.817	0.817	0.817
954	3312.967	3232.754	3481.305	3286.719	0.814	0.814	0.821
955	3298.854	3248.556	3372.368	3295.676	0.816	0.816	0.817
956	3295.952	3266.256	3339.629	3294.303	0.816	0.816	0.816
957	3300.625	3243.348	3354.035	3293.225	0.816	0.816	0.818
958	3308.351	3183.701	3378.772	3341.687	0.828	0.828	0.820
959	3313.867	3213.960	3376.747	3320.512	0.823	0.823	0.821
960	3311.471	3176.191	3409.459	3323.828	0.823	0.823	0.820
961	3321.592	3282.135	3374.307	3309.831	0.820	0.820	0.823
962	3327.102	3270.963	3366.029	3333.820	0.826	0.826	0.824
963	3296.951	3190.844	3390.862	3294.169	0.816	0.816	0.817
964	3323.531	3263.346	3445.622	3305.131	0.819	0.819	0.823
965	3308.511	3216.438	3356.284	3326.826	0.824	0.824	0.820
966	3315.304	3236.940	3368.390	3320.993	0.823	0.823	0.821
967	3329.907	3225.253	3450.997	3321.280	0.823	0.823	0.825
968	3323.008	3191.433	3439.332	3313.273	0.821	0.821	0.823
969	3344.902	3247.411	3402.261	3345.503	0.829	0.829	0.829
970	3338.203	3245.095	3413.656	3342.673	0.828	0.828	0.827
971	3296.439	3235.533	3384.021	3288.677	0.815	0.815	0.817
972	3323.819	3263.001	3384.270	3320.394	0.822	0.822	0.823
973	3368.049	3322.393	3433.958	3362.592	0.833	0.833	0.834
974	3346.285	3238.876	3406.270	3345.468	0.829	0.829	0.829
975	3296.043	3182.119	3364.154	3301.764	0.818	0.818	0.816
976	3361.424	3267.175	3534.280	3346.368	0.829	0.829	0.833
977	3332.276	3246.892	3478.109	3327.210	0.824	0.824	0.825
978	3295.791	3248.061	3334.997	3299.083	0.817	0.817	0.816
979	3318.100	3243.295	3439.221	3316.005	0.821	0.821	0.822
980	3325.721	3264.445	3420.116	3323.713	0.823	0.823	0.824
981	3340.784	3271.691	3416.177	3333.441	0.826	0.826	0.828
982	3352.173	3302.765	3418.186	3358.562	0.832	0.832	0.830
983	3387.839	3294.787	3459.736	3389.652	0.840	0.840	0.839
984	3347.660	3210.591	3424.778	3352.957	0.831	0.831	0.829
985	3304.680	3151.252	3441.324	3313.377	0.821	0.821	0.819
986	3316.777	3224.255	3416.215	3324.239	0.823	0.823	0.822
987	3318.875	3235.398	3383.391	3326.522	0.824	0.824	0.822
988	3356.793	3279.579	3550.193	3341.695	0.828	0.828	0.832
989	3362.641	3209.902	3547.685	3334.812	0.826	0.826	0.833
990	3392.798	3260.945	3528.740	3387.687	0.839	0.839	0.840
991	3354.268	3241.790	3468.015	3357.191	0.832	0.832	0.831
992	3509.016	3268.625	3700.106	3519.070	0.872	0.872	0.869
993	3509.016	3268.625	3700.106	3519.070	0.872	0.872	0.869
