 	Mean	Min	Max	Median	Max_to_bgmean	Median_to_bgmedian	Mean_to_bgmean
1	3401.234	3332.108	3438.422	3425.740	1.111	1.105	1.103
2	3421.617	3291.559	3560.745	3403.888	1.104	1.098	1.110
3	3408.713	3311.930	3480.506	3397.079	1.102	1.096	1.105
4	3412.290	3313.034	3486.869	3419.491	1.109	1.103	1.107
5	3403.992	3325.855	3445.618	3407.557	1.105	1.099	1.104
6	3461.860	3384.498	3571.613	3450.720	1.119	1.113	1.123
7	3432.492	3358.356	3486.287	3433.400	1.113	1.108	1.113
8	3429.778	3335.224	3477.097	3452.948	1.120	1.114	1.112
9	3439.484	3353.549	3538.799	3429.153	1.112	1.106	1.115
10	3428.112	3343.179	3614.334	3411.292	1.106	1.100	1.112
11	3480.013	3376.777	3610.073	3484.419	1.130	1.124	1.129
12	3515.252	3416.796	3573.964	3525.148	1.143	1.137	1.140
13	3454.261	3369.103	3547.280	3465.387	1.124	1.118	1.120
14	3454.228	3368.389	3525.639	3462.904	1.123	1.117	1.120
15	3467.431	3321.522	3611.979	3464.446	1.124	1.118	1.125
16	3428.670	3323.021	3528.413	3425.819	1.111	1.105	1.112
17	3461.937	3367.510	3630.311	3453.762	1.120	1.114	1.123
18	3464.712	3388.941	3544.293	3458.868	1.122	1.116	1.124
19	3473.794	3363.273	3561.563	3473.398	1.126	1.120	1.127
20	3495.893	3341.539	3652.677	3496.455	1.134	1.128	1.134
21	3516.547	3404.220	3676.358	3501.969	1.136	1.130	1.140
22	3434.607	3384.788	3507.203	3422.275	1.110	1.104	1.114
23	3441.090	3388.668	3487.135	3442.836	1.117	1.111	1.116
24	3437.592	3371.038	3567.325	3424.569	1.111	1.105	1.115
25	3480.448	3288.124	3720.489	3501.107	1.135	1.129	1.129
26	3479.665	3416.416	3529.967	3483.756	1.130	1.124	1.128
27	3455.617	3367.023	3548.420	3452.570	1.120	1.114	1.121
28	3405.143	3320.312	3479.544	3394.516	1.101	1.095	1.104
29	3435.485	3249.423	3587.447	3434.262	1.114	1.108	1.114
30	3479.794	3400.487	3598.706	3482.114	1.129	1.123	1.129
31	3505.932	3439.170	3566.614	3503.879	1.136	1.130	1.137
32	3487.275	3373.488	3591.802	3483.388	1.130	1.124	1.131
33	3430.605	3297.802	3678.142	3391.491	1.100	1.094	1.113
34	3469.454	3364.943	3583.446	3464.976	1.124	1.118	1.125
35	3493.515	3331.175	3558.975	3504.390	1.136	1.130	1.133
36	3511.108	3445.238	3582.820	3506.372	1.137	1.131	1.139
37	3506.686	3398.085	3576.468	3518.124	1.141	1.135	1.137
38	3484.295	3402.594	3628.892	3479.469	1.128	1.122	1.130
39	3508.423	3429.041	3607.425	3508.942	1.138	1.132	1.138
40	3479.886	3299.993	3595.451	3501.624	1.136	1.130	1.129
41	3464.103	3365.187	3624.467	3432.243	1.113	1.107	1.123
42	3432.630	3277.497	3633.665	3423.289	1.110	1.104	1.113
43	3475.915	3319.191	3552.064	3491.006	1.132	1.126	1.127
44	3438.752	3369.601	3575.223	3413.169	1.107	1.101	1.115
45	3448.147	3392.007	3509.899	3441.522	1.116	1.110	1.118
46	3453.143	3280.846	3543.419	3459.189	1.122	1.116	1.120
47	3476.581	3354.592	3619.599	3482.821	1.130	1.123	1.127
48	3486.768	3353.850	3573.637	3490.055	1.132	1.126	1.131
49	3474.252	3389.381	3590.547	3457.674	1.121	1.115	1.127
50	3455.390	3300.586	3561.335	3461.760	1.123	1.117	1.121
51	3444.260	3329.168	3609.893	3415.256	1.108	1.102	1.117
52	3433.589	3306.719	3519.554	3439.453	1.115	1.110	1.114
53	3460.564	3407.936	3500.186	3459.785	1.122	1.116	1.122
54	3468.185	3374.154	3553.868	3476.896	1.128	1.122	1.125
55	3436.253	3197.290	3587.282	3448.437	1.118	1.112	1.114
56	3474.392	3354.654	3562.876	3477.782	1.128	1.122	1.127
57	3463.703	3399.582	3553.303	3459.815	1.122	1.116	1.123
58	3461.448	3409.877	3609.581	3445.251	1.117	1.111	1.123
59	3458.552	3362.439	3560.451	3454.583	1.120	1.114	1.122
60	3491.980	3407.394	3580.822	3498.786	1.135	1.129	1.132
61	3468.867	3358.278	3595.387	3479.471	1.128	1.122	1.125
62	3441.985	3368.312	3533.688	3450.036	1.119	1.113	1.116
63	3475.641	3407.260	3586.497	3464.979	1.124	1.118	1.127
64	3486.834	3362.012	3583.308	3489.371	1.132	1.126	1.131
65	3556.862	3504.177	3606.291	3563.926	1.156	1.150	1.154
66	3546.269	3388.881	3640.875	3557.652	1.154	1.148	1.150
67	3484.352	3395.606	3649.475	3470.435	1.125	1.119	1.130
68	3450.916	3333.178	3547.982	3451.891	1.119	1.114	1.119
69	3463.613	3315.955	3592.045	3466.216	1.124	1.118	1.123
70	3472.865	3422.792	3541.454	3470.869	1.126	1.120	1.126
71	3468.863	3319.077	3623.958	3481.677	1.129	1.123	1.125
72	3488.215	3389.690	3676.629	3458.504	1.122	1.116	1.131
73	3496.416	3377.772	3750.000	3471.976	1.126	1.120	1.134
74	3424.359	3383.349	3518.405	3414.010	1.107	1.101	1.111
75	3448.115	3389.158	3504.844	3450.789	1.119	1.113	1.118
76	3437.455	3223.280	3579.873	3463.825	1.123	1.117	1.115
77	3456.816	3329.707	3643.096	3450.710	1.119	1.113	1.121
78	3489.059	3457.074	3574.254	3482.558	1.129	1.123	1.132
79	3489.176	3399.062	3538.264	3488.378	1.131	1.125	1.132
80	3454.787	3353.586	3588.031	3449.774	1.119	1.113	1.120
81	3500.988	3345.075	3647.618	3496.275	1.134	1.128	1.135
82	3484.404	3394.307	3544.260	3488.034	1.131	1.125	1.130
83	3539.497	3409.679	3615.050	3544.982	1.150	1.144	1.148
84	3499.421	3448.015	3637.410	3485.552	1.130	1.124	1.135
85	3482.413	3406.601	3593.885	3494.432	1.133	1.127	1.129
86	3439.440	3282.884	3583.358	3430.645	1.113	1.107	1.115
87	3396.311	3273.423	3489.325	3389.406	1.099	1.093	1.101
88	3432.577	3309.242	3530.514	3434.632	1.114	1.108	1.113
89	3462.069	3409.379	3523.444	3450.417	1.119	1.113	1.123
90	3481.680	3339.352	3593.859	3480.562	1.129	1.123	1.129
91	3492.789	3322.843	3568.000	3504.588	1.137	1.131	1.133
92	3480.810	3382.363	3566.013	3459.149	1.122	1.116	1.129
93	3479.975	3379.524	3552.862	3521.168	1.142	1.136	1.129
94	3484.872	3392.242	3568.461	3478.094	1.128	1.122	1.130
95	3493.587	3404.559	3604.213	3481.230	1.129	1.123	1.133
96	3463.897	3393.570	3541.895	3449.247	1.119	1.113	1.123
97	3441.926	3339.345	3550.120	3454.601	1.120	1.114	1.116
98	3425.404	3314.973	3495.130	3426.556	1.111	1.105	1.111
99	3430.764	3358.645	3514.354	3433.992	1.114	1.108	1.113
100	3470.252	3310.973	3627.590	3466.074	1.124	1.118	1.125
101	3419.066	3309.991	3541.328	3421.109	1.109	1.104	1.109
102	3428.329	3315.096	3563.288	3434.884	1.114	1.108	1.112
103	3450.255	3380.038	3518.257	3445.093	1.117	1.111	1.119
104	3420.575	3273.921	3652.932	3372.621	1.094	1.088	1.109
105	3424.668	3314.274	3552.165	3430.533	1.113	1.107	1.111
106	3431.645	3345.133	3515.207	3434.334	1.114	1.108	1.113
107	3479.644	3370.841	3684.345	3461.969	1.123	1.117	1.128
108	3427.284	3365.417	3523.480	3410.311	1.106	1.100	1.111
109	3478.274	3396.154	3591.519	3462.608	1.123	1.117	1.128
110	3453.995	3340.225	3585.190	3450.732	1.119	1.113	1.120
111	3431.356	3380.660	3479.623	3436.958	1.115	1.109	1.113
112	3444.187	3396.438	3509.038	3440.479	1.116	1.110	1.117
113	3464.382	3317.101	3564.048	3490.044	1.132	1.126	1.124
114	3456.944	3325.269	3569.447	3470.482	1.126	1.120	1.121
115	3484.156	3397.620	3577.642	3479.443	1.128	1.122	1.130
116	3500.079	3372.419	3649.477	3515.591	1.140	1.134	1.135
117	3510.718	3435.415	3624.724	3500.651	1.135	1.129	1.139
118	3469.358	3315.634	3531.182	3481.522	1.129	1.123	1.125
119	3467.078	3396.312	3500.845	3481.612	1.129	1.123	1.124
120	3474.211	3372.032	3555.051	3486.475	1.131	1.125	1.127
121	3462.044	3327.468	3657.617	3428.328	1.112	1.106	1.123
122	3435.542	3260.660	3584.874	3426.131	1.111	1.105	1.114
123	3465.457	3351.796	3527.767	3483.308	1.130	1.124	1.124
124	3455.144	3358.758	3645.379	3437.212	1.115	1.109	1.121
125	3468.276	3359.444	3554.021	3481.742	1.129	1.123	1.125
126	3479.447	3355.887	3545.677	3488.912	1.131	1.125	1.128
127	3454.611	3327.728	3556.844	3469.123	1.125	1.119	1.120
128	3440.230	3338.488	3540.476	3443.394	1.117	1.111	1.116
129	3444.033	3263.622	3547.385	3468.208	1.125	1.119	1.117
130	3449.230	3366.097	3535.232	3451.739	1.119	1.113	1.119
131	3418.785	3343.736	3581.215	3390.677	1.100	1.094	1.109
132	3413.978	3244.806	3550.771	3423.306	1.110	1.104	1.107
133	3500.578	3330.813	3662.237	3502.951	1.136	1.130	1.135
134	3435.558	3351.429	3535.518	3435.959	1.114	1.108	1.114
135	3483.039	3328.893	3610.733	3503.426	1.136	1.130	1.130
136	3456.248	3324.735	3609.082	3463.113	1.123	1.117	1.121
137	3446.417	3280.659	3575.142	3425.551	1.111	1.105	1.118
138	3428.301	3318.466	3536.778	3424.505	1.111	1.105	1.112
139	3507.473	3385.371	3656.219	3486.101	1.131	1.125	1.137
140	3456.654	3250.658	3581.746	3478.295	1.128	1.122	1.121
141	3439.530	3222.250	3604.526	3464.224	1.123	1.117	1.115
142	3410.623	3227.167	3565.436	3415.809	1.108	1.102	1.106
143	3434.556	3290.149	3562.302	3455.507	1.121	1.115	1.114
144	3435.757	3217.661	3541.348	3457.619	1.121	1.115	1.114
145	3446.572	3205.278	3714.750	3450.276	1.119	1.113	1.118
146	3428.124	3289.460	3663.602	3380.859	1.096	1.091	1.112
147	3398.569	3243.410	3553.391	3377.712	1.095	1.090	1.102
148	3421.840	3271.463	3537.084	3439.880	1.116	1.110	1.110
149	3418.343	3299.750	3544.975	3431.531	1.113	1.107	1.109
150	3400.771	3232.173	3503.279	3405.084	1.104	1.098	1.103
151	3452.909	3302.111	3572.632	3451.139	1.119	1.113	1.120
152	3439.452	3311.151	3602.172	3419.939	1.109	1.103	1.115
153	3396.289	3270.584	3615.857	3348.142	1.086	1.080	1.101
154	3394.204	3267.395	3550.611	3376.572	1.095	1.089	1.101
155	3399.440	3225.322	3557.698	3392.215	1.100	1.094	1.102
156	3412.067	3188.917	3583.073	3438.852	1.115	1.109	1.107
157	3400.798	3185.541	3537.932	3436.271	1.114	1.108	1.103
158	3388.987	3259.373	3528.141	3377.882	1.095	1.090	1.099
159	3465.815	3313.535	3648.807	3452.121	1.120	1.114	1.124
160	3440.186	3276.156	3603.609	3431.529	1.113	1.107	1.116
161	3465.620	3372.676	3600.191	3441.400	1.116	1.110	1.124
162	3451.815	3296.934	3580.110	3477.713	1.128	1.122	1.119
163	3482.514	3216.759	3711.483	3508.253	1.138	1.132	1.129
164	3475.590	3324.693	3630.103	3482.541	1.129	1.123	1.127
165	3481.125	3413.181	3550.931	3487.244	1.131	1.125	1.129
166	3479.733	3333.444	3583.728	3484.615	1.130	1.124	1.129
167	3449.074	3324.502	3592.716	3431.104	1.113	1.107	1.119
168	3446.100	3351.485	3602.472	3417.561	1.108	1.102	1.118
169	3424.697	3254.726	3545.688	3441.313	1.116	1.110	1.111
170	3500.458	3399.938	3672.827	3481.762	1.129	1.123	1.135
171	3499.350	3360.476	3646.455	3502.040	1.136	1.130	1.135
172	3475.246	3417.098	3575.051	3462.591	1.123	1.117	1.127
173	3488.811	3354.845	3609.675	3492.978	1.133	1.127	1.131
174	3458.216	3286.934	3588.108	3455.100	1.121	1.115	1.122
175	3404.253	3219.041	3520.404	3410.086	1.106	1.100	1.104
176	3417.447	3333.492	3473.404	3418.312	1.109	1.103	1.108
177	3450.008	3301.906	3571.000	3433.705	1.114	1.108	1.119
178	3484.271	3332.675	3586.992	3522.138	1.142	1.136	1.130
179	3458.489	3311.766	3651.180	3460.081	1.122	1.116	1.122
180	3424.128	3168.413	3571.193	3423.871	1.110	1.104	1.110
181	3419.402	3263.793	3613.304	3417.403	1.108	1.102	1.109
182	3425.457	3223.339	3557.508	3446.718	1.118	1.112	1.111
183	3475.212	3343.384	3624.707	3468.284	1.125	1.119	1.127
184	3488.673	3373.013	3569.709	3485.803	1.130	1.124	1.131
185	3476.246	3395.998	3574.018	3478.324	1.128	1.122	1.127
186	3464.508	3345.274	3611.406	3462.599	1.123	1.117	1.124
187	3480.946	3343.309	3580.800	3475.527	1.127	1.121	1.129
188	3495.607	3354.554	3600.211	3502.481	1.136	1.130	1.134
189	3480.461	3275.494	3661.872	3509.417	1.138	1.132	1.129
190	3490.197	3406.998	3589.025	3482.590	1.129	1.123	1.132
191	3514.441	3357.189	3638.878	3530.963	1.145	1.139	1.140
192	3466.205	3317.984	3594.405	3475.338	1.127	1.121	1.124
193	3472.265	3310.236	3724.432	3473.830	1.127	1.121	1.126
194	3476.529	3409.825	3556.417	3476.267	1.127	1.121	1.127
195	3475.407	3358.191	3568.547	3482.935	1.130	1.124	1.127
196	3488.735	3362.323	3584.328	3478.826	1.128	1.122	1.131
197	3504.039	3356.250	3586.802	3534.593	1.146	1.140	1.136
198	3480.444	3270.398	3668.671	3498.995	1.135	1.129	1.129
199	3474.975	3327.478	3616.349	3458.451	1.122	1.116	1.127
200	3475.056	3325.627	3600.037	3468.833	1.125	1.119	1.127
201	3512.856	3352.989	3629.424	3514.637	1.140	1.134	1.139
202	3516.270	3375.717	3645.669	3519.531	1.141	1.135	1.140
203	3475.138	3324.528	3649.199	3460.996	1.122	1.116	1.127
204	3478.703	3300.273	3588.731	3472.415	1.126	1.120	1.128
205	3470.152	3348.111	3572.789	3467.594	1.125	1.119	1.125
206	3452.735	3362.009	3542.641	3465.382	1.124	1.118	1.120
207	3456.559	3300.005	3566.070	3453.593	1.120	1.114	1.121
208	3478.538	3320.928	3559.703	3481.283	1.129	1.123	1.128
209	3459.258	3361.374	3529.977	3457.436	1.121	1.115	1.122
210	3475.973	3353.100	3610.611	3486.196	1.131	1.125	1.127
211	3500.773	3359.009	3580.878	3510.688	1.139	1.132	1.135
212	3461.007	3331.532	3618.958	3449.838	1.119	1.113	1.122
213	3488.441	3363.839	3676.379	3487.336	1.131	1.125	1.131
214	3483.841	3365.931	3719.287	3477.521	1.128	1.122	1.130
215	3431.176	3378.095	3496.176	3424.143	1.110	1.105	1.113
216	3453.993	3376.537	3502.965	3466.592	1.124	1.118	1.120
217	3489.216	3372.281	3586.692	3495.541	1.134	1.128	1.132
218	3531.805	3448.740	3601.833	3544.336	1.149	1.143	1.145
219	3523.543	3330.495	3623.808	3549.321	1.151	1.145	1.143
220	3519.272	3398.414	3576.333	3523.055	1.143	1.136	1.141
221	3496.245	3396.340	3606.878	3515.033	1.140	1.134	1.134
222	3474.986	3325.314	3711.349	3433.742	1.114	1.108	1.127
223	3485.766	3300.675	3687.128	3478.385	1.128	1.122	1.130
224	3565.885	3417.209	3777.413	3541.778	1.149	1.143	1.156
225	3560.683	3370.891	3743.907	3590.957	1.165	1.158	1.155
226	3550.901	3307.627	3669.659	3558.799	1.154	1.148	1.152
227	3516.628	3311.694	3657.108	3498.681	1.135	1.129	1.140
228	3495.008	3413.402	3573.376	3492.680	1.133	1.127	1.133
229	3512.998	3410.935	3610.731	3507.511	1.138	1.131	1.139
230	3498.771	3440.451	3591.902	3489.255	1.132	1.126	1.135
231	3495.745	3359.669	3641.982	3480.579	1.129	1.123	1.134
232	3518.039	3322.282	3622.882	3558.639	1.154	1.148	1.141
233	3551.811	3429.992	3643.701	3586.220	1.163	1.157	1.152
234	3556.131	3475.780	3642.279	3548.231	1.151	1.145	1.153
235	3560.142	3419.450	3680.438	3566.687	1.157	1.151	1.155
236	3562.361	3424.819	3671.342	3570.834	1.158	1.152	1.155
237	3565.476	3418.935	3729.733	3549.928	1.151	1.145	1.156
238	3551.855	3474.115	3675.252	3531.213	1.145	1.139	1.152
239	3527.019	3362.183	3659.843	3543.152	1.149	1.143	1.144
240	3552.300	3362.781	3642.520	3571.402	1.158	1.152	1.152
241	3526.255	3437.402	3693.215	3513.366	1.139	1.133	1.144
242	3572.272	3524.560	3658.438	3570.027	1.158	1.152	1.159
243	3561.662	3399.771	3652.618	3579.194	1.161	1.155	1.155
244	3541.772	3387.652	3620.439	3572.196	1.158	1.152	1.149
245	3514.538	3395.134	3602.017	3521.933	1.142	1.136	1.140
246	3539.440	3463.945	3647.167	3504.857	1.137	1.131	1.148
247	3539.525	3465.727	3650.655	3522.722	1.142	1.136	1.148
248	3553.773	3469.385	3648.531	3524.238	1.143	1.137	1.153
249	3516.367	3417.289	3558.841	3528.648	1.144	1.138	1.140
250	3484.925	3435.287	3575.232	3468.310	1.125	1.119	1.130
251	3504.417	3403.428	3687.726	3488.858	1.131	1.125	1.137
252	3536.567	3415.140	3754.450	3510.249	1.138	1.132	1.147
253	3597.466	3468.861	3802.124	3562.117	1.155	1.149	1.167
254	3561.470	3438.978	3715.416	3527.686	1.144	1.138	1.155
255	3547.499	3438.240	3653.105	3536.533	1.147	1.141	1.150
256	3617.311	3379.509	3775.528	3663.702	1.188	1.182	1.173
257	3595.043	3433.687	3866.882	3544.876	1.150	1.144	1.166
258	3599.355	3451.382	3846.124	3560.716	1.155	1.149	1.167
259	3561.658	3362.328	3739.216	3563.814	1.156	1.150	1.155
260	3534.982	3372.458	3719.257	3546.438	1.150	1.144	1.146
261	3545.256	3384.635	3703.526	3541.584	1.149	1.142	1.150
262	3543.858	3369.607	3710.565	3529.169	1.145	1.138	1.149
263	3510.254	3368.595	3616.434	3514.220	1.140	1.134	1.138
264	3476.957	3363.886	3712.033	3440.362	1.116	1.110	1.128
265	3525.928	3364.900	3805.680	3490.872	1.132	1.126	1.143
266	3551.008	3402.255	3801.589	3519.364	1.141	1.135	1.152
267	3586.807	3504.641	3823.194	3551.459	1.152	1.146	1.163
268	3563.222	3476.435	3709.051	3554.461	1.153	1.147	1.156
269	3575.866	3435.010	3701.128	3591.173	1.165	1.158	1.160
270	3557.913	3468.108	3649.637	3544.262	1.149	1.143	1.154
271	3591.239	3435.355	3754.021	3567.324	1.157	1.151	1.165
272	3558.826	3429.918	3695.690	3572.039	1.158	1.152	1.154
273	3493.845	3371.455	3641.669	3482.111	1.129	1.123	1.133
274	3528.690	3408.584	3703.778	3525.664	1.143	1.137	1.144
275	3547.271	3337.842	3834.722	3511.801	1.139	1.133	1.150
276	3558.852	3435.492	3734.187	3572.542	1.159	1.152	1.154
277	3565.501	3412.379	3784.853	3540.503	1.148	1.142	1.156
278	3507.274	3402.969	3699.853	3502.722	1.136	1.130	1.137
279	3545.638	3391.480	3697.814	3552.459	1.152	1.146	1.150
280	3598.796	3488.375	3736.972	3595.291	1.166	1.160	1.167
281	3599.053	3529.993	3682.732	3584.557	1.162	1.156	1.167
282	3618.882	3469.886	3713.398	3629.414	1.177	1.171	1.174
283	3594.076	3521.200	3691.802	3570.447	1.158	1.152	1.166
284	3581.177	3481.135	3672.872	3585.127	1.163	1.156	1.161
285	3643.587	3542.987	3762.020	3641.093	1.181	1.175	1.182
286	3656.888	3501.884	3825.164	3662.112	1.188	1.181	1.186
287	3646.565	3470.762	3859.562	3655.203	1.185	1.179	1.183
288	3590.703	3489.314	3703.819	3590.693	1.164	1.158	1.164
289	3558.158	3457.235	3739.688	3532.399	1.146	1.139	1.154
290	3609.524	3476.882	3764.460	3596.119	1.166	1.160	1.171
291	3703.491	3575.349	3907.846	3732.192	1.210	1.204	1.201
292	3687.348	3565.288	3810.087	3682.818	1.194	1.188	1.196
293	3700.806	3547.098	3843.661	3723.548	1.208	1.201	1.200
294	3655.279	3288.028	3847.975	3692.801	1.198	1.191	1.185
295	3599.369	3501.306	3670.322	3601.955	1.168	1.162	1.167
296	3668.658	3506.199	3963.662	3657.292	1.186	1.180	1.190
297	3607.080	3481.607	3686.069	3602.669	1.168	1.162	1.170
298	3552.731	3360.499	3740.303	3560.226	1.155	1.148	1.152
299	3598.308	3383.837	3799.129	3598.095	1.167	1.161	1.167
300	3636.840	3371.462	3892.149	3644.925	1.182	1.176	1.179
301	3604.870	3423.968	3774.641	3613.027	1.172	1.165	1.169
302	3561.301	3331.620	3772.076	3578.568	1.161	1.154	1.155
303	3586.798	3418.740	3701.656	3622.977	1.175	1.169	1.163
304	3532.343	3320.423	3788.712	3535.903	1.147	1.141	1.146
305	3564.313	3333.680	3757.063	3574.243	1.159	1.153	1.156
306	3567.451	3374.884	3757.324	3590.400	1.164	1.158	1.157
307	3568.735	3362.230	3755.855	3594.004	1.166	1.159	1.157
308	3522.706	3293.616	3671.755	3605.050	1.169	1.163	1.142
309	3477.018	3336.585	3655.811	3486.911	1.131	1.125	1.128
310	3538.002	3363.269	3708.998	3550.346	1.151	1.145	1.147
311	3475.424	3241.263	3660.088	3473.874	1.127	1.121	1.127
312	3496.691	3264.669	3736.351	3490.938	1.132	1.126	1.134
313	3483.235	3264.787	3774.438	3447.664	1.118	1.112	1.130
314	3499.664	3403.722	3733.661	3462.185	1.123	1.117	1.135
315	3551.436	3304.764	3680.941	3584.841	1.163	1.156	1.152
316	3518.482	3298.297	3711.943	3469.749	1.125	1.119	1.141
317	3501.551	3244.248	3680.092	3533.427	1.146	1.140	1.136
318	3508.485	3328.240	3654.670	3533.881	1.146	1.140	1.138
319	3529.383	3399.270	3680.386	3527.957	1.144	1.138	1.145
320	3479.388	3279.208	3658.083	3482.981	1.130	1.124	1.128
321	3535.421	3322.692	3697.167	3537.193	1.147	1.141	1.147
322	3563.048	3300.091	3742.628	3572.953	1.159	1.153	1.156
323	3540.490	3325.385	3727.991	3542.615	1.149	1.143	1.148
324	3529.004	3212.990	3774.910	3572.534	1.159	1.152	1.144
325	3532.537	3233.771	3723.216	3584.631	1.163	1.156	1.146
326	3514.107	3336.149	3641.788	3557.641	1.154	1.148	1.140
327	3553.331	3324.723	3694.287	3586.287	1.163	1.157	1.152
328	3609.677	3334.340	3824.394	3642.124	1.181	1.175	1.171
329	3558.331	3353.292	3698.943	3598.600	1.167	1.161	1.154
330	3559.097	3357.319	3681.037	3576.140	1.160	1.154	1.154
331	3552.226	3292.198	3717.707	3568.480	1.157	1.151	1.152
332	3562.504	3416.833	3679.738	3577.305	1.160	1.154	1.155
333	3559.598	3444.578	3708.532	3555.842	1.153	1.147	1.154
334	3612.911	3550.990	3693.041	3605.028	1.169	1.163	1.172
335	3570.207	3443.969	3731.963	3550.079	1.151	1.145	1.158
336	3549.858	3312.026	3665.729	3598.077	1.167	1.161	1.151
337	3582.917	3408.571	3789.103	3579.206	1.161	1.155	1.162
338	3591.336	3465.884	3714.077	3591.554	1.165	1.159	1.165
339	3585.716	3453.396	3747.525	3579.519	1.161	1.155	1.163
340	3634.160	3481.707	3751.412	3647.578	1.183	1.177	1.179
341	3570.432	3380.169	3746.977	3547.530	1.150	1.144	1.158
342	3551.227	3368.217	3628.205	3566.036	1.156	1.150	1.152
343	3523.456	3358.273	3692.899	3486.258	1.131	1.125	1.143
344	3582.926	3446.665	3694.275	3614.169	1.172	1.166	1.162
345	3566.336	3426.084	3770.999	3560.429	1.155	1.149	1.157
346	3555.422	3375.318	3707.114	3559.254	1.154	1.148	1.153
347	3554.192	3356.812	3727.126	3574.203	1.159	1.153	1.153
348	3537.525	3441.764	3681.842	3535.838	1.147	1.141	1.147
349	3606.984	3420.537	3813.422	3605.791	1.169	1.163	1.170
350	3553.114	3295.319	3700.234	3579.264	1.161	1.155	1.152
351	3619.556	3470.794	3801.945	3619.293	1.174	1.168	1.174
352	3574.798	3405.418	3734.003	3567.898	1.157	1.151	1.159
353	3612.434	3393.907	3777.131	3646.441	1.183	1.176	1.172
354	3539.683	3342.798	3759.478	3522.448	1.142	1.136	1.148
355	3541.169	3246.527	3690.521	3559.893	1.154	1.148	1.148
356	3501.440	3268.490	3760.655	3500.559	1.135	1.129	1.136
357	3499.360	3235.338	3702.628	3507.163	1.137	1.131	1.135
358	3493.361	3268.582	3625.264	3515.453	1.140	1.134	1.133
359	3537.418	3288.706	3714.179	3582.875	1.162	1.156	1.147
360	3578.629	3276.392	3806.844	3617.827	1.173	1.167	1.161
361	3562.975	3309.786	3701.415	3627.508	1.176	1.170	1.155
362	3537.115	3283.453	3771.184	3579.142	1.161	1.155	1.147
363	3472.715	3267.058	3653.582	3484.061	1.130	1.124	1.126
364	3468.338	3358.127	3653.506	3450.917	1.119	1.113	1.125
365	3476.326	3328.309	3606.935	3500.240	1.135	1.129	1.127
366	3530.266	3379.727	3661.652	3548.535	1.151	1.145	1.145
367	3546.488	3406.925	3785.534	3528.736	1.144	1.138	1.150
368	3513.746	3341.555	3698.165	3508.347	1.138	1.132	1.140
369	3495.303	3298.155	3723.579	3477.011	1.128	1.122	1.134
370	3486.628	3234.203	3759.753	3456.499	1.121	1.115	1.131
371	3469.509	3161.273	3686.123	3453.048	1.120	1.114	1.125
372	3453.358	3220.549	3574.922	3513.610	1.139	1.133	1.120
373	3471.480	3252.730	3641.333	3482.516	1.129	1.123	1.126
374	3483.314	3176.175	3695.869	3502.010	1.136	1.130	1.130
375	3433.470	3202.115	3655.229	3425.009	1.111	1.105	1.113
376	3435.430	3203.598	3628.513	3421.908	1.110	1.104	1.114
377	3466.501	3253.646	3743.650	3418.483	1.109	1.103	1.124
378	3435.661	3210.142	3747.919	3414.236	1.107	1.101	1.114
379	3433.496	3223.474	3638.336	3444.222	1.117	1.111	1.114
380	3458.853	3219.026	3721.312	3419.164	1.109	1.103	1.122
381	3417.453	3161.481	3635.138	3380.398	1.096	1.090	1.108
382	3466.063	3282.682	3774.011	3400.177	1.103	1.097	1.124
383	3465.070	3266.302	3794.312	3453.635	1.120	1.114	1.124
384	3436.422	3206.188	3731.284	3391.192	1.100	1.094	1.114
385	3467.150	3240.327	3790.417	3408.730	1.105	1.100	1.124
386	3441.965	3211.400	3720.011	3398.232	1.102	1.096	1.116
387	3427.559	3234.658	3678.764	3390.074	1.099	1.094	1.112
388	3424.357	3222.368	3644.169	3424.139	1.110	1.105	1.111
389	3440.434	3211.314	3753.847	3445.646	1.117	1.111	1.116
390	3401.085	3192.404	3743.078	3376.270	1.095	1.089	1.103
391	3368.279	3196.265	3558.762	3378.849	1.096	1.090	1.092
392	3405.838	3218.742	3677.885	3376.932	1.095	1.089	1.105
393	3441.768	3201.094	3852.418	3376.249	1.095	1.089	1.116
394	3431.263	3242.507	3774.428	3377.527	1.095	1.090	1.113
395	3388.044	3184.032	3698.995	3362.324	1.090	1.085	1.099
396	3381.153	3217.320	3611.534	3330.505	1.080	1.074	1.097
397	3362.895	3204.009	3590.637	3288.833	1.067	1.061	1.091
398	3422.941	3152.569	3720.997	3398.801	1.102	1.096	1.110
399	3381.717	3207.920	3731.674	3340.768	1.083	1.078	1.097
400	3393.437	3239.747	3716.423	3328.446	1.079	1.074	1.101
401	3418.564	3249.661	3726.116	3379.299	1.096	1.090	1.109
402	3378.521	3189.902	3701.403	3356.505	1.089	1.083	1.096
403	3380.821	3175.635	3658.724	3318.440	1.076	1.070	1.096
404	3361.597	3189.630	3634.955	3267.445	1.060	1.054	1.090
405	3377.552	3248.306	3611.660	3305.743	1.072	1.066	1.095
406	3382.169	3142.637	3729.399	3371.812	1.094	1.088	1.097
407	3358.715	3191.448	3627.425	3357.299	1.089	1.083	1.089
408	3410.978	3162.120	3775.834	3392.983	1.100	1.095	1.106
409	3375.736	3193.790	3672.953	3390.948	1.100	1.094	1.095
410	3353.971	3211.314	3574.071	3351.437	1.087	1.081	1.088
411	3385.007	3198.738	3686.642	3322.049	1.077	1.072	1.098
412	3363.045	3183.955	3680.779	3287.197	1.066	1.060	1.091
413	3421.673	3190.945	3788.707	3356.167	1.088	1.083	1.110
414	3393.500	3192.086	3719.089	3368.732	1.093	1.087	1.101
415	3380.347	3220.992	3632.708	3316.760	1.076	1.070	1.096
416	3420.252	3217.798	3724.323	3398.166	1.102	1.096	1.109
417	3410.299	3155.298	3616.353	3386.333	1.098	1.092	1.106
418	3440.072	3207.689	3753.296	3381.201	1.097	1.091	1.116
419	3492.265	3215.229	3863.977	3456.037	1.121	1.115	1.133
420	3446.606	3241.238	3689.248	3425.182	1.111	1.105	1.118
421	3462.825	3255.122	3731.366	3487.097	1.131	1.125	1.123
422	3487.876	3269.331	3674.495	3496.216	1.134	1.128	1.131
423	3448.952	3237.875	3687.462	3468.939	1.125	1.119	1.119
424	3446.553	3190.658	3681.090	3520.663	1.142	1.136	1.118
425	3515.371	3266.483	3705.044	3555.561	1.153	1.147	1.140
426	3563.147	3352.851	3767.534	3582.423	1.162	1.156	1.156
427	3529.084	3330.153	3687.615	3583.236	1.162	1.156	1.145
428	3623.825	3357.683	3810.190	3695.676	1.199	1.192	1.175
429	3588.357	3360.262	3750.653	3635.042	1.179	1.173	1.164
430	3592.929	3346.164	3722.355	3638.440	1.180	1.174	1.165
431	3670.274	3536.846	3783.413	3723.551	1.208	1.201	1.190
432	3607.918	3323.224	3858.743	3668.135	1.190	1.183	1.170
433	3572.186	3372.129	3692.177	3611.845	1.171	1.165	1.158
434	3535.094	3384.274	3671.159	3551.239	1.152	1.146	1.146
435	3540.137	3311.220	3718.221	3512.338	1.139	1.133	1.148
436	3531.755	3324.633	3700.585	3559.714	1.154	1.148	1.145
437	3511.594	3316.667	3626.111	3570.989	1.158	1.152	1.139
438	3452.912	3261.668	3654.865	3504.621	1.137	1.131	1.120
439	3502.094	3344.776	3626.143	3513.503	1.139	1.133	1.136
440	3443.443	3283.083	3623.623	3465.320	1.124	1.118	1.117
441	3488.188	3296.974	3706.771	3491.462	1.132	1.126	1.131
442	3456.247	3361.580	3666.263	3436.355	1.114	1.109	1.121
443	3440.261	3278.624	3621.326	3425.331	1.111	1.105	1.116
444	3437.385	3357.827	3571.198	3428.346	1.112	1.106	1.115
445	3498.417	3262.102	3660.736	3535.869	1.147	1.141	1.135
446	3494.842	3302.851	3723.974	3429.377	1.112	1.106	1.133
447	3444.599	3312.113	3702.831	3433.856	1.114	1.108	1.117
448	3446.397	3257.631	3591.365	3429.615	1.112	1.106	1.118
449	3456.336	3227.840	3647.376	3442.292	1.116	1.110	1.121
450	3425.521	3227.858	3757.723	3357.523	1.089	1.083	1.111
451	3455.705	3288.609	3802.338	3440.776	1.116	1.110	1.121
452	3516.952	3301.710	3793.651	3452.582	1.120	1.114	1.141
453	3433.662	3219.553	3695.648	3474.253	1.127	1.121	1.114
454	3470.918	3356.094	3608.300	3455.421	1.121	1.115	1.126
455	3484.212	3329.395	3864.599	3408.725	1.105	1.100	1.130
456	3505.196	3298.531	3799.867	3486.624	1.131	1.125	1.137
457	3446.541	3256.694	3603.290	3448.074	1.118	1.112	1.118
458	3441.240	3270.198	3634.596	3436.198	1.114	1.108	1.116
459	3418.528	3280.100	3551.218	3428.549	1.112	1.106	1.109
460	3496.140	3317.796	3632.821	3500.415	1.135	1.129	1.134
461	3487.090	3344.623	3648.137	3503.414	1.136	1.130	1.131
462	3474.319	3359.122	3593.612	3479.126	1.128	1.122	1.127
463	3495.458	3404.506	3585.456	3490.324	1.132	1.126	1.134
464	3439.794	3325.057	3594.367	3418.488	1.109	1.103	1.116
465	3496.761	3234.433	3761.017	3513.386	1.139	1.133	1.134
466	3455.191	3244.607	3696.165	3479.296	1.128	1.122	1.121
467	3488.330	3276.786	3668.988	3504.847	1.137	1.131	1.131
468	3513.713	3306.097	3676.726	3547.310	1.150	1.144	1.140
469	3476.472	3355.200	3604.924	3490.537	1.132	1.126	1.127
470	3497.900	3403.844	3579.995	3513.783	1.140	1.133	1.134
471	3497.819	3316.153	3615.193	3545.244	1.150	1.144	1.134
472	3458.651	3173.936	3646.519	3489.982	1.132	1.126	1.122
473	3442.204	3166.150	3599.760	3487.547	1.131	1.125	1.116
474	3461.897	3254.517	3581.144	3492.244	1.133	1.127	1.123
475	3406.386	3235.490	3664.547	3388.146	1.099	1.093	1.105
476	3478.648	3380.483	3673.890	3437.125	1.115	1.109	1.128
477	3475.111	3400.714	3532.401	3472.796	1.126	1.120	1.127
478	3450.327	3350.619	3687.733	3446.271	1.118	1.112	1.119
479	3429.359	3261.672	3595.506	3415.656	1.108	1.102	1.112
480	3442.616	3271.197	3591.611	3454.775	1.120	1.114	1.116
481	3391.781	3277.430	3512.459	3379.439	1.096	1.090	1.100
482	3414.452	3285.671	3582.609	3413.086	1.107	1.101	1.107
483	3414.098	3278.779	3504.172	3446.240	1.118	1.112	1.107
484	3401.584	3318.989	3466.203	3408.208	1.105	1.099	1.103
485	3468.428	3269.632	3612.407	3498.562	1.135	1.129	1.125
486	3408.726	3318.095	3542.189	3384.794	1.098	1.092	1.105
487	3439.089	3318.939	3538.960	3455.262	1.121	1.115	1.115
488	3419.425	3285.854	3673.437	3373.778	1.094	1.088	1.109
489	3438.047	3307.317	3573.926	3444.757	1.117	1.111	1.115
490	3419.490	3255.475	3547.725	3419.747	1.109	1.103	1.109
491	3412.837	3308.135	3479.933	3430.049	1.112	1.106	1.107
492	3378.852	3156.965	3486.987	3393.689	1.101	1.095	1.096
493	3366.451	3294.848	3419.651	3375.580	1.095	1.089	1.092
494	3433.404	3361.692	3659.542	3412.169	1.107	1.101	1.113
495	3426.646	3372.998	3549.560	3407.536	1.105	1.099	1.111
496	3401.728	3328.612	3500.926	3399.701	1.103	1.097	1.103
497	3387.400	3209.597	3539.496	3374.114	1.094	1.088	1.099
498	3446.469	3350.897	3514.020	3450.630	1.119	1.113	1.118
499	3411.821	3313.165	3513.527	3409.094	1.106	1.100	1.106
500	3417.351	3335.643	3495.324	3411.114	1.106	1.100	1.108
501	3394.130	3262.335	3510.614	3389.368	1.099	1.093	1.101
502	3407.314	3311.851	3510.433	3402.004	1.103	1.097	1.105
503	3428.404	3289.372	3540.752	3422.517	1.110	1.104	1.112
504	3480.241	3412.177	3547.081	3471.072	1.126	1.120	1.129
505	3411.467	3322.018	3541.957	3414.819	1.107	1.102	1.106
506	3429.730	3354.078	3509.644	3429.882	1.112	1.106	1.112
507	3477.045	3425.248	3553.850	3484.486	1.130	1.124	1.128
508	3421.305	3325.181	3519.886	3413.909	1.107	1.101	1.110
509	3441.810	3385.572	3491.191	3440.534	1.116	1.110	1.116
510	3443.343	3342.323	3601.840	3431.847	1.113	1.107	1.117
511	3434.493	3364.062	3490.458	3428.713	1.112	1.106	1.114
512	3411.745	3260.963	3505.022	3416.281	1.108	1.102	1.106
513	3438.109	3372.688	3504.869	3437.056	1.115	1.109	1.115
514	3404.496	3332.275	3487.831	3400.919	1.103	1.097	1.104
515	3427.042	3356.202	3541.186	3407.876	1.105	1.099	1.111
516	3420.245	3348.348	3519.179	3409.081	1.106	1.100	1.109
517	3372.510	3278.979	3532.701	3352.674	1.087	1.082	1.094
518	3379.978	3273.752	3518.902	3370.584	1.093	1.087	1.096
519	3397.029	3315.350	3466.915	3404.754	1.104	1.098	1.102
520	3398.107	3330.298	3471.511	3391.811	1.100	1.094	1.102
521	3417.953	3312.017	3651.683	3374.423	1.094	1.089	1.108
522	3442.734	3300.361	3591.141	3441.594	1.116	1.110	1.117
523	3435.152	3341.833	3536.398	3432.648	1.113	1.107	1.114
524	3409.124	3320.818	3510.198	3409.564	1.106	1.100	1.106
525	3400.120	3359.104	3499.294	3394.122	1.101	1.095	1.103
526	3401.355	3287.740	3591.149	3387.742	1.099	1.093	1.103
527	3439.767	3321.509	3631.458	3394.118	1.101	1.095	1.116
528	3442.525	3286.155	3600.369	3440.515	1.116	1.110	1.116
529	3438.167	3295.985	3586.583	3418.741	1.109	1.103	1.115
530	3469.471	3284.531	3663.941	3492.305	1.133	1.127	1.125
531	3425.127	3234.464	3491.238	3440.161	1.116	1.110	1.111
532	3470.977	3283.665	3659.938	3453.440	1.120	1.114	1.126
533	3441.814	3289.168	3526.005	3458.252	1.122	1.116	1.116
534	3450.257	3295.704	3559.204	3464.675	1.124	1.118	1.119
535	3439.259	3307.901	3558.175	3444.484	1.117	1.111	1.115
536	3443.277	3291.531	3604.660	3428.623	1.112	1.106	1.117
537	3442.351	3309.468	3599.685	3438.634	1.115	1.109	1.116
538	3472.652	3360.150	3646.656	3485.821	1.130	1.124	1.126
539	3487.698	3366.822	3594.698	3484.475	1.130	1.124	1.131
540	3468.243	3390.791	3603.389	3443.556	1.117	1.111	1.125
541	3447.717	3326.099	3610.356	3448.622	1.118	1.112	1.118
542	3448.357	3286.732	3557.354	3484.624	1.130	1.124	1.118
543	3452.651	3284.850	3610.387	3480.097	1.129	1.123	1.120
544	3484.547	3277.536	3607.175	3542.862	1.149	1.143	1.130
545	3461.278	3324.583	3569.625	3453.995	1.120	1.114	1.123
546	3446.176	3325.264	3538.478	3448.018	1.118	1.112	1.118
547	3493.079	3375.768	3606.768	3492.764	1.133	1.127	1.133
548	3460.801	3353.426	3565.407	3452.160	1.120	1.114	1.122
549	3452.667	3303.994	3600.226	3431.330	1.113	1.107	1.120
550	3480.704	3244.706	3613.291	3522.867	1.142	1.136	1.129
551	3534.255	3401.579	3690.794	3541.832	1.149	1.143	1.146
552	3568.860	3433.659	3731.270	3560.263	1.155	1.148	1.157
553	3489.627	3402.495	3609.386	3478.243	1.128	1.122	1.132
554	3485.807	3316.791	3599.529	3507.282	1.137	1.131	1.130
555	3538.941	3488.608	3582.062	3535.608	1.147	1.141	1.148
556	3511.525	3438.329	3686.922	3489.000	1.132	1.125	1.139
557	3551.791	3464.144	3609.145	3566.863	1.157	1.151	1.152
558	3569.140	3337.079	3789.884	3575.925	1.160	1.154	1.157
559	3535.972	3415.931	3652.632	3532.587	1.146	1.140	1.147
560	3499.302	3325.352	3603.068	3525.560	1.143	1.137	1.135
561	3613.913	3533.339	3684.919	3632.153	1.178	1.172	1.172
562	3513.728	3404.650	3677.552	3515.901	1.140	1.134	1.140
563	3493.696	3353.121	3598.272	3491.447	1.132	1.126	1.133
564	3490.197	3325.344	3812.862	3442.850	1.117	1.111	1.132
565	3474.539	3253.917	3715.663	3458.469	1.122	1.116	1.127
566	3460.993	3270.895	3683.838	3473.191	1.126	1.120	1.122
567	3437.029	3194.601	3670.470	3436.806	1.115	1.109	1.115
568	3433.135	3272.850	3636.044	3449.696	1.119	1.113	1.113
569	3402.997	3247.235	3598.108	3391.258	1.100	1.094	1.104
570	3424.556	3204.567	3586.354	3410.118	1.106	1.100	1.111
571	3450.099	3204.968	3669.876	3437.592	1.115	1.109	1.119
572	3443.375	3226.488	3602.376	3432.289	1.113	1.107	1.117
573	3428.930	3283.843	3615.783	3375.037	1.095	1.089	1.112
574	3446.003	3215.000	3757.618	3400.125	1.103	1.097	1.118
575	3423.643	3228.989	3697.689	3393.321	1.100	1.095	1.110
576	3412.210	3327.792	3571.305	3365.652	1.092	1.086	1.107
577	3393.556	3286.728	3519.961	3360.967	1.090	1.084	1.101
578	3385.422	3204.929	3592.541	3343.380	1.084	1.079	1.098
579	3405.557	3188.870	3655.014	3357.880	1.089	1.083	1.104
580	3408.875	3200.504	3609.271	3434.202	1.114	1.108	1.106
581	3496.779	3301.253	3771.684	3468.471	1.125	1.119	1.134
582	3445.370	3284.266	3611.981	3432.699	1.113	1.107	1.117
583	3434.221	3279.815	3640.618	3409.925	1.106	1.100	1.114
584	3448.256	3298.775	3633.773	3400.268	1.103	1.097	1.118
585	3458.430	3306.554	3688.768	3416.536	1.108	1.102	1.122
586	3478.785	3275.819	3771.051	3451.256	1.119	1.113	1.128
587	3426.110	3256.798	3697.832	3381.686	1.097	1.091	1.111
588	3449.021	3233.100	3739.189	3355.585	1.088	1.082	1.119
589	3501.299	3242.691	3693.913	3526.149	1.144	1.137	1.135
590	3484.863	3238.542	3688.315	3502.838	1.136	1.130	1.130
591	3519.848	3207.830	3722.061	3588.442	1.164	1.158	1.142
592	3502.753	3368.983	3669.192	3525.014	1.143	1.137	1.136
593	3495.929	3247.453	3706.016	3518.548	1.141	1.135	1.134
594	3516.251	3310.547	3642.702	3528.367	1.144	1.138	1.140
595	3490.424	3333.850	3594.255	3522.104	1.142	1.136	1.132
596	3509.464	3291.675	3641.133	3549.612	1.151	1.145	1.138
597	3510.414	3241.742	3646.015	3538.666	1.148	1.142	1.138
598	3458.592	3256.079	3619.533	3456.021	1.121	1.115	1.122
599	3497.284	3282.703	3738.460	3460.556	1.122	1.116	1.134
600	3504.831	3285.608	3656.539	3480.329	1.129	1.123	1.137
601	3461.769	3284.292	3557.447	3497.096	1.134	1.128	1.123
602	3528.159	3409.544	3659.823	3533.384	1.146	1.140	1.144
603	3504.233	3376.886	3609.577	3493.649	1.133	1.127	1.136
604	3485.612	3330.984	3773.758	3434.558	1.114	1.108	1.130
605	3473.372	3308.219	3625.339	3483.977	1.130	1.124	1.126
606	3464.986	3265.898	3644.658	3474.417	1.127	1.121	1.124
607	3490.972	3386.858	3581.697	3498.227	1.134	1.128	1.132
608	3536.901	3400.375	3687.844	3533.383	1.146	1.140	1.147
609	3506.827	3311.670	3713.120	3522.243	1.142	1.136	1.137
610	3512.201	3314.769	3670.793	3534.519	1.146	1.140	1.139
611	3543.005	3328.226	3705.561	3545.524	1.150	1.144	1.149
612	3521.400	3421.565	3625.099	3507.937	1.138	1.132	1.142
613	3523.965	3384.823	3749.302	3477.854	1.128	1.122	1.143
614	3490.123	3338.642	3644.957	3507.827	1.138	1.132	1.132
615	3492.734	3398.160	3615.693	3473.181	1.126	1.120	1.133
616	3521.236	3434.680	3588.316	3528.738	1.144	1.138	1.142
617	3506.177	3287.634	3620.122	3529.629	1.145	1.139	1.137
618	3558.155	3428.039	3697.733	3562.966	1.155	1.149	1.154
619	3554.747	3390.562	3700.693	3536.808	1.147	1.141	1.153
620	3495.009	3358.883	3616.469	3514.842	1.140	1.134	1.133
621	3485.268	3352.803	3635.779	3501.787	1.136	1.130	1.130
622	3519.446	3426.064	3615.588	3514.274	1.140	1.134	1.141
623	3546.196	3366.801	3697.550	3559.015	1.154	1.148	1.150
624	3508.319	3379.197	3678.958	3514.231	1.140	1.134	1.138
625	3559.479	3421.342	3780.423	3531.678	1.145	1.139	1.154
626	3580.500	3498.490	3699.808	3574.408	1.159	1.153	1.161
627	3543.482	3405.571	3702.650	3552.647	1.152	1.146	1.149
628	3532.059	3344.700	3683.163	3569.415	1.158	1.151	1.145
629	3541.676	3370.595	3634.564	3587.384	1.163	1.157	1.149
630	3556.715	3366.582	3654.983	3578.845	1.161	1.154	1.153
631	3549.885	3396.424	3737.780	3528.189	1.144	1.138	1.151
632	3494.695	3335.915	3620.562	3484.849	1.130	1.124	1.133
633	3507.934	3377.287	3611.177	3532.673	1.146	1.140	1.138
634	3490.265	3405.996	3548.207	3485.735	1.130	1.124	1.132
635	3523.123	3425.190	3605.721	3540.207	1.148	1.142	1.143
636	3588.543	3488.167	3705.320	3601.007	1.168	1.162	1.164
637	3596.549	3507.736	3694.143	3591.723	1.165	1.159	1.166
638	3568.088	3400.960	3687.932	3557.552	1.154	1.148	1.157
639	3621.397	3412.359	3826.779	3633.340	1.178	1.172	1.174
640	3587.528	3446.043	3677.513	3598.983	1.167	1.161	1.163
641	3516.148	3362.295	3820.196	3484.758	1.130	1.124	1.140
642	3532.655	3345.340	3765.349	3538.301	1.147	1.141	1.146
643	3520.784	3408.977	3728.021	3512.938	1.139	1.133	1.142
644	3554.845	3447.559	3708.827	3546.166	1.150	1.144	1.153
645	3493.951	3380.302	3584.634	3494.673	1.133	1.127	1.133
646	3509.178	3449.124	3584.185	3504.159	1.136	1.130	1.138
647	3530.272	3445.860	3603.118	3548.660	1.151	1.145	1.145
648	3555.474	3468.256	3657.283	3543.171	1.149	1.143	1.153
649	3524.575	3465.716	3577.583	3529.032	1.144	1.138	1.143
650	3525.378	3444.952	3636.072	3517.396	1.141	1.135	1.143
651	3546.561	3454.030	3621.862	3561.857	1.155	1.149	1.150
652	3576.450	3480.359	3723.964	3581.520	1.162	1.155	1.160
653	3572.338	3489.082	3657.958	3577.029	1.160	1.154	1.159
654	3538.890	3427.553	3684.767	3519.011	1.141	1.135	1.148
655	3585.036	3405.900	3800.870	3563.737	1.156	1.150	1.163
656	3586.569	3413.459	3709.125	3581.885	1.162	1.155	1.163
657	3553.117	3454.058	3777.817	3521.384	1.142	1.136	1.152
658	3525.046	3324.099	3884.545	3471.875	1.126	1.120	1.143
659	3533.166	3447.066	3705.571	3516.943	1.141	1.134	1.146
660	3483.816	3396.243	3566.064	3491.810	1.132	1.126	1.130
661	3571.402	3434.308	3795.381	3562.786	1.155	1.149	1.158
662	3578.955	3360.338	3799.168	3581.576	1.162	1.155	1.161
663	3512.744	3358.436	3706.175	3500.281	1.135	1.129	1.139
664	3548.223	3462.818	3719.880	3537.022	1.147	1.141	1.151
665	3557.368	3456.127	3639.296	3549.820	1.151	1.145	1.154
666	3553.345	3461.359	3716.868	3529.483	1.145	1.139	1.152
667	3469.111	3396.133	3555.365	3459.066	1.122	1.116	1.125
668	3533.900	3394.038	3657.693	3537.583	1.147	1.141	1.146
669	3545.846	3337.211	3680.227	3558.758	1.154	1.148	1.150
670	3539.681	3414.776	3668.105	3532.417	1.146	1.139	1.148
671	3516.119	3358.353	3618.587	3524.888	1.143	1.137	1.140
672	3502.055	3427.898	3629.872	3493.496	1.133	1.127	1.136
673	3518.118	3344.035	3632.623	3557.833	1.154	1.148	1.141
674	3545.529	3362.050	3742.861	3553.042	1.152	1.146	1.150
675	3482.009	3375.582	3614.823	3471.316	1.126	1.120	1.129
676	3538.324	3417.110	3757.435	3493.821	1.133	1.127	1.148
677	3495.422	3379.445	3570.814	3515.677	1.140	1.134	1.134
678	3507.399	3390.763	3572.694	3531.051	1.145	1.139	1.137
679	3523.885	3347.270	3640.705	3540.834	1.148	1.142	1.143
680	3475.953	3330.706	3559.739	3518.791	1.141	1.135	1.127
681	3459.044	3333.160	3568.050	3457.427	1.121	1.115	1.122
682	3476.690	3292.908	3684.196	3468.969	1.125	1.119	1.128
683	3447.609	3326.897	3559.617	3476.847	1.128	1.122	1.118
684	3408.041	3295.810	3521.801	3400.579	1.103	1.097	1.105
685	3473.807	3341.724	3616.119	3468.654	1.125	1.119	1.127
686	3473.800	3351.750	3657.549	3476.860	1.128	1.122	1.127
687	3454.138	3358.341	3529.927	3456.040	1.121	1.115	1.120
688	3457.345	3396.241	3553.101	3442.117	1.116	1.110	1.121
689	3440.502	3315.408	3591.962	3434.121	1.114	1.108	1.116
690	3426.029	3303.524	3581.300	3427.056	1.111	1.106	1.111
691	3415.347	3278.289	3575.757	3420.202	1.109	1.103	1.108
692	3443.271	3304.460	3610.215	3417.460	1.108	1.102	1.117
693	3418.618	3290.772	3608.073	3398.992	1.102	1.096	1.109
694	3428.444	3317.969	3590.938	3410.766	1.106	1.100	1.112
695	3485.443	3295.442	3827.457	3452.928	1.120	1.114	1.130
696	3419.139	3308.775	3512.394	3408.329	1.105	1.099	1.109
697	3408.288	3274.979	3521.191	3418.968	1.109	1.103	1.105
698	3407.176	3320.530	3505.440	3400.009	1.103	1.097	1.105
699	3421.505	3259.621	3694.882	3419.448	1.109	1.103	1.110
700	3402.879	3214.332	3528.728	3389.453	1.099	1.093	1.104
701	3449.719	3242.580	3683.785	3462.968	1.123	1.117	1.119
702	3466.447	3340.156	3574.690	3472.391	1.126	1.120	1.124
703	3399.476	3268.483	3609.828	3352.789	1.087	1.082	1.102
704	3407.702	3217.182	3660.118	3404.666	1.104	1.098	1.105
705	3387.224	3261.532	3608.767	3372.244	1.094	1.088	1.098
706	3403.000	3241.003	3646.036	3384.070	1.097	1.092	1.104
707	3416.862	3263.724	3727.108	3373.883	1.094	1.088	1.108
708	3371.076	3263.210	3458.653	3369.696	1.093	1.087	1.093
709	3432.001	3309.944	3578.407	3437.715	1.115	1.109	1.113
710	3431.449	3318.413	3574.933	3431.174	1.113	1.107	1.113
711	3382.947	3274.567	3482.590	3379.330	1.096	1.090	1.097
712	3432.038	3260.071	3603.221	3444.879	1.117	1.111	1.113
713	3463.080	3286.461	3621.906	3467.451	1.125	1.119	1.123
714	3390.118	3277.376	3521.138	3390.441	1.100	1.094	1.099
715	3407.388	3244.218	3558.828	3445.374	1.117	1.111	1.105
716	3458.000	3280.346	3685.716	3475.333	1.127	1.121	1.121
717	3442.626	3298.516	3653.793	3437.336	1.115	1.109	1.116
718	3349.110	3290.271	3606.129	3326.894	1.079	1.073	1.086
719	3354.743	3207.486	3512.546	3366.354	1.092	1.086	1.088
720	3381.033	3254.592	3594.611	3366.901	1.092	1.086	1.096
721	3412.970	3222.106	3615.430	3445.107	1.117	1.111	1.107
722	3410.813	3303.280	3653.316	3382.471	1.097	1.091	1.106
723	3400.889	3319.061	3586.834	3393.680	1.101	1.095	1.103
724	3389.704	3275.044	3541.909	3340.309	1.083	1.078	1.099
725	3408.394	3283.938	3543.030	3431.983	1.113	1.107	1.105
726	3374.591	3240.574	3483.729	3386.955	1.098	1.093	1.094
727	3344.009	3248.044	3472.698	3323.481	1.078	1.072	1.084
728	3419.021	3292.820	3587.907	3406.954	1.105	1.099	1.109
729	3418.136	3227.857	3611.644	3411.285	1.106	1.100	1.109
730	3395.587	3203.092	3631.247	3359.248	1.089	1.084	1.101
731	3347.379	3193.939	3504.899	3353.513	1.088	1.082	1.086
732	3390.742	3240.518	3513.028	3426.653	1.111	1.105	1.100
733	3354.407	3200.816	3533.949	3371.221	1.093	1.087	1.088
734	3336.942	3199.983	3452.196	3358.194	1.089	1.083	1.082
735	3339.642	3230.310	3480.739	3313.536	1.075	1.069	1.083
736	3377.819	3173.946	3512.435	3397.671	1.102	1.096	1.095
737	3349.293	3179.405	3508.786	3334.084	1.081	1.076	1.086
738	3368.389	3275.739	3504.115	3360.804	1.090	1.084	1.092
739	3346.072	3210.098	3518.137	3359.950	1.090	1.084	1.085
740	3370.567	3214.522	3575.725	3372.818	1.094	1.088	1.093
741	3352.508	3228.961	3531.224	3347.534	1.086	1.080	1.087
742	3401.025	3232.497	3594.925	3377.571	1.095	1.090	1.103
743	3364.609	3244.086	3524.953	3350.631	1.087	1.081	1.091
744	3330.399	3260.444	3381.278	3350.927	1.087	1.081	1.080
745	3335.192	3244.719	3577.904	3302.046	1.071	1.065	1.082
746	3329.169	3262.651	3431.753	3326.192	1.079	1.073	1.080
747	3333.919	3192.428	3459.276	3326.807	1.079	1.073	1.081
748	3325.856	3148.028	3496.556	3354.100	1.088	1.082	1.079
749	3360.177	3220.801	3508.356	3376.382	1.095	1.089	1.090
750	3342.889	3225.689	3538.876	3304.391	1.072	1.066	1.084
751	3350.154	3276.577	3512.674	3335.631	1.082	1.076	1.086
752	3342.972	3220.913	3486.264	3333.478	1.081	1.075	1.084
753	3342.986	3231.873	3469.458	3342.910	1.084	1.078	1.084
754	3335.694	3256.176	3444.112	3332.658	1.081	1.075	1.082
755	3336.761	3229.690	3437.616	3344.054	1.084	1.079	1.082
756	3286.829	3244.047	3438.137	3261.605	1.058	1.052	1.066
757	3326.644	3237.141	3493.478	3302.899	1.071	1.065	1.079
758	3351.423	3220.516	3461.059	3353.307	1.088	1.082	1.087
759	3321.295	3222.161	3442.361	3299.454	1.070	1.064	1.077
760	3328.905	3265.138	3439.696	3305.268	1.072	1.066	1.080
761	3324.466	3253.686	3415.010	3319.172	1.076	1.071	1.078
762	3344.476	3265.443	3554.451	3311.078	1.074	1.068	1.085
763	3319.756	3214.136	3465.420	3305.037	1.072	1.066	1.077
764	3289.734	3173.128	3441.300	3274.737	1.062	1.056	1.067
765	3372.929	3263.411	3478.300	3362.571	1.091	1.085	1.094
766	3350.679	3250.828	3457.012	3360.261	1.090	1.084	1.087
767	3309.896	3160.490	3444.811	3312.711	1.074	1.069	1.073
768	3324.603	3205.875	3517.644	3303.553	1.071	1.066	1.078
769	3377.988	3239.914	3640.885	3345.786	1.085	1.079	1.096
770	3335.736	3234.693	3428.729	3328.491	1.079	1.074	1.082
771	3287.516	3180.078	3435.055	3261.414	1.058	1.052	1.066
772	3329.097	3212.384	3474.634	3289.674	1.067	1.061	1.080
773	3327.539	3173.582	3480.941	3310.709	1.074	1.068	1.079
774	3343.221	3235.682	3433.334	3348.947	1.086	1.080	1.084
775	3351.054	3261.235	3468.092	3362.356	1.090	1.085	1.087
776	3349.164	3224.359	3468.805	3330.861	1.080	1.074	1.086
777	3383.876	3305.924	3578.425	3350.740	1.087	1.081	1.097
778	3389.905	3276.138	3578.930	3360.104	1.090	1.084	1.099
779	3382.730	3295.257	3539.998	3363.948	1.091	1.085	1.097
780	3385.263	3227.893	3541.141	3400.195	1.103	1.097	1.098
781	3372.265	3261.192	3508.881	3357.439	1.089	1.083	1.094
782	3390.217	3261.389	3531.917	3391.250	1.100	1.094	1.099
783	3386.000	3265.542	3626.160	3333.581	1.081	1.075	1.098
784	3362.880	3223.532	3549.286	3313.646	1.075	1.069	1.091
785	3331.867	3150.725	3502.420	3328.391	1.079	1.074	1.081
786	3327.263	3197.870	3490.456	3291.559	1.067	1.062	1.079
787	3383.664	3218.218	3554.839	3405.497	1.104	1.099	1.097
788	3398.793	3192.534	3768.246	3353.945	1.088	1.082	1.102
789	3345.039	3247.783	3540.644	3299.713	1.070	1.064	1.085
790	3382.297	3278.480	3562.529	3344.583	1.085	1.079	1.097
791	3351.716	3238.046	3507.255	3335.083	1.082	1.076	1.087
792	3299.944	3126.108	3493.693	3290.984	1.067	1.062	1.070
793	3376.389	3181.078	3614.327	3327.114	1.079	1.073	1.095
794	3359.713	3247.528	3457.332	3364.377	1.091	1.085	1.090
795	3345.039	3235.968	3448.871	3341.834	1.084	1.078	1.085
796	3375.876	3263.882	3497.512	3363.470	1.091	1.085	1.095
797	3384.172	3195.914	3549.749	3388.977	1.099	1.093	1.098
798	3364.174	3290.988	3481.872	3356.765	1.089	1.083	1.091
799	3368.882	3242.323	3524.270	3405.432	1.104	1.099	1.093
800	3373.412	3252.285	3446.171	3360.836	1.090	1.084	1.094
801	3357.609	3234.702	3473.168	3351.031	1.087	1.081	1.089
802	3380.502	3275.349	3570.053	3361.465	1.090	1.084	1.096
803	3362.439	3250.590	3463.433	3359.859	1.090	1.084	1.090
804	3369.841	3268.517	3516.150	3349.222	1.086	1.080	1.093
805	3345.053	3263.955	3407.681	3338.612	1.083	1.077	1.085
806	3366.343	3275.151	3445.522	3365.392	1.091	1.086	1.092
807	3368.252	3288.542	3502.821	3349.452	1.086	1.080	1.092
808	3390.742	3316.227	3465.053	3386.109	1.098	1.092	1.100
809	3342.792	3283.453	3404.747	3336.683	1.082	1.076	1.084
810	3334.910	3241.104	3469.052	3321.215	1.077	1.071	1.082
811	3359.333	3253.129	3457.489	3359.688	1.090	1.084	1.089
812	3383.557	3249.562	3520.933	3370.385	1.093	1.087	1.097
813	3357.456	3265.512	3457.150	3353.210	1.087	1.082	1.089
814	3372.287	3247.978	3477.698	3408.450	1.105	1.100	1.094
815	3399.476	3315.245	3533.646	3387.079	1.098	1.093	1.102
816	3414.199	3252.378	3573.323	3430.316	1.112	1.107	1.107
817	3370.232	3220.663	3505.849	3362.607	1.091	1.085	1.093
818	3350.620	3206.884	3442.695	3369.219	1.093	1.087	1.087
819	3415.257	3241.394	3556.601	3434.046	1.114	1.108	1.108
820	3428.392	3276.546	3515.185	3446.842	1.118	1.112	1.112
821	3384.635	3277.588	3501.193	3376.120	1.095	1.089	1.098
822	3406.393	3249.104	3495.738	3434.780	1.114	1.108	1.105
823	3390.621	3221.183	3499.165	3397.555	1.102	1.096	1.100
824	3430.595	3274.836	3558.734	3421.646	1.110	1.104	1.113
825	3410.689	3253.014	3605.641	3383.133	1.097	1.091	1.106
826	3376.370	3200.905	3511.219	3388.097	1.099	1.093	1.095
827	3421.010	3349.901	3482.641	3416.966	1.108	1.102	1.109
828	3421.812	3327.987	3581.703	3404.985	1.104	1.098	1.110
829	3418.907	3360.125	3490.871	3427.720	1.112	1.106	1.109
830	3435.613	3371.832	3527.529	3431.600	1.113	1.107	1.114
831	3456.313	3316.836	3620.010	3440.958	1.116	1.110	1.121
832	3466.098	3371.364	3558.384	3461.471	1.123	1.117	1.124
833	3420.908	3246.787	3542.990	3432.606	1.113	1.107	1.109
834	3418.416	3276.697	3495.637	3429.973	1.112	1.106	1.109
835	3424.752	3329.553	3524.275	3425.461	1.111	1.105	1.111
836	3369.676	3297.312	3449.015	3363.179	1.091	1.085	1.093
837	3360.719	3295.012	3488.082	3347.597	1.086	1.080	1.090
838	3382.791	3302.894	3454.459	3380.043	1.096	1.090	1.097
839	3412.019	3249.598	3521.431	3435.847	1.114	1.108	1.107
840	3434.901	3317.480	3518.567	3449.595	1.119	1.113	1.114
841	3389.454	3313.770	3451.347	3393.713	1.101	1.095	1.099
842	3416.426	3288.220	3515.414	3419.456	1.109	1.103	1.108
843	3422.987	3331.147	3518.072	3434.151	1.114	1.108	1.110
844	3411.331	3316.201	3470.719	3415.376	1.108	1.102	1.106
845	3413.126	3271.713	3587.766	3415.047	1.108	1.102	1.107
846	3453.015	3268.481	3592.023	3470.395	1.125	1.119	1.120
847	3389.528	3283.856	3545.194	3379.571	1.096	1.090	1.099
848	3381.137	3229.137	3541.765	3367.997	1.092	1.086	1.097
849	3410.051	3332.296	3508.549	3391.607	1.100	1.094	1.106
850	3458.288	3398.131	3532.704	3450.135	1.119	1.113	1.122
851	3417.880	3363.115	3501.091	3403.484	1.104	1.098	1.108
852	3384.288	3318.474	3436.194	3392.545	1.100	1.094	1.098
853	3441.750	3262.764	3583.278	3445.139	1.117	1.111	1.116
854	3450.622	3321.958	3551.649	3455.001	1.120	1.115	1.119
855	3422.719	3324.504	3527.000	3433.881	1.114	1.108	1.110
856	3432.856	3311.717	3556.916	3429.224	1.112	1.106	1.113
857	3437.598	3323.050	3550.482	3438.814	1.115	1.109	1.115
858	3464.081	3331.129	3617.073	3460.784	1.122	1.116	1.123
859	3433.976	3350.941	3487.165	3445.808	1.117	1.112	1.114
860	3402.521	3259.756	3504.458	3408.658	1.105	1.100	1.103
861	3406.078	3290.875	3604.812	3404.301	1.104	1.098	1.105
862	3397.026	3243.893	3456.121	3426.522	1.111	1.105	1.102
863	3429.769	3330.370	3507.610	3432.619	1.113	1.107	1.112
864	3401.198	3309.812	3525.189	3378.547	1.096	1.090	1.103
865	3391.790	3316.473	3569.570	3366.915	1.092	1.086	1.100
866	3422.477	3345.540	3538.582	3413.898	1.107	1.101	1.110
867	3451.862	3327.055	3545.667	3463.720	1.123	1.117	1.119
868	3424.437	3316.205	3558.376	3420.785	1.109	1.103	1.111
869	3363.167	3250.537	3470.560	3370.066	1.093	1.087	1.091
870	3387.714	3222.113	3487.029	3422.627	1.110	1.104	1.099
871	3445.743	3316.901	3519.416	3461.280	1.123	1.117	1.117
872	3431.106	3304.864	3514.698	3445.578	1.117	1.111	1.113
873	3357.743	3144.840	3482.517	3361.510	1.090	1.084	1.089
874	3352.852	3235.589	3433.466	3348.620	1.086	1.080	1.087
875	3419.333	3294.565	3605.325	3409.527	1.106	1.100	1.109
876	3423.510	3328.141	3510.668	3431.071	1.113	1.107	1.110
877	3377.402	3295.872	3441.497	3381.892	1.097	1.091	1.095
878	3359.682	3293.936	3402.687	3361.067	1.090	1.084	1.090
879	3376.741	3299.708	3448.581	3367.231	1.092	1.086	1.095
880	3361.782	3269.129	3461.056	3365.368	1.091	1.086	1.090
881	3385.809	3294.946	3536.321	3368.612	1.092	1.087	1.098
882	3340.606	3207.127	3463.867	3331.046	1.080	1.075	1.083
883	3362.481	3212.065	3530.546	3367.549	1.092	1.086	1.090
884	3365.918	3209.328	3482.341	3359.614	1.090	1.084	1.092
885	3450.960	3354.778	3562.891	3440.978	1.116	1.110	1.119
886	3415.139	3301.542	3561.275	3398.076	1.102	1.096	1.108
887	3427.844	3333.542	3721.451	3376.490	1.095	1.089	1.112
888	3349.204	3225.674	3535.902	3344.999	1.085	1.079	1.086
889	3380.883	3266.527	3499.230	3372.747	1.094	1.088	1.096
890	3401.759	3234.120	3551.682	3419.291	1.109	1.103	1.103
891	3386.804	3260.591	3489.628	3388.388	1.099	1.093	1.098
892	3378.536	3274.851	3512.612	3376.912	1.095	1.089	1.096
893	3380.194	3244.358	3495.595	3356.995	1.089	1.083	1.096
894	3352.989	3182.063	3500.541	3341.936	1.084	1.078	1.087
895	3362.490	3247.932	3467.937	3349.471	1.086	1.080	1.090
896	3399.639	3264.897	3528.450	3425.891	1.111	1.105	1.103
897	3434.049	3281.455	3539.879	3448.316	1.118	1.112	1.114
898	3396.537	3331.541	3459.419	3389.115	1.099	1.093	1.102
899	3446.609	3367.779	3580.103	3422.496	1.110	1.104	1.118
900	3459.619	3359.982	3587.674	3440.553	1.116	1.110	1.122
901	3409.793	3312.215	3554.176	3387.847	1.099	1.093	1.106
902	3418.797	3338.339	3583.557	3406.097	1.105	1.099	1.109
903	3401.640	3329.762	3485.745	3403.757	1.104	1.098	1.103
904	3405.461	3247.570	3494.679	3407.194	1.105	1.099	1.104
905	3446.951	3307.820	3550.680	3436.956	1.115	1.109	1.118
906	3394.889	3287.497	3498.481	3391.331	1.100	1.094	1.101
907	3418.266	3319.561	3499.498	3427.904	1.112	1.106	1.109
908	3449.376	3375.309	3534.314	3443.170	1.117	1.111	1.119
909	3452.249	3359.717	3497.276	3460.127	1.122	1.116	1.120
910	3444.873	3360.266	3534.333	3447.172	1.118	1.112	1.117
911	3439.416	3398.088	3517.084	3427.675	1.112	1.106	1.115
912	3444.886	3392.311	3550.685	3424.068	1.110	1.105	1.117
913	3461.624	3270.371	3582.395	3510.359	1.138	1.132	1.123
914	3445.419	3286.532	3597.696	3453.835	1.120	1.114	1.117
915	3473.250	3366.399	3535.030	3488.240	1.131	1.125	1.126
916	3477.126	3331.643	3610.620	3493.043	1.133	1.127	1.128
917	3501.510	3252.000	3623.367	3545.745	1.150	1.144	1.136
918	3440.840	3289.153	3581.187	3465.600	1.124	1.118	1.116
919	3449.340	3403.109	3548.730	3439.441	1.115	1.109	1.119
920	3482.642	3380.898	3575.780	3489.167	1.132	1.126	1.129
921	3499.985	3390.435	3631.645	3504.559	1.137	1.131	1.135
922	3503.917	3408.815	3614.135	3522.007	1.142	1.136	1.136
923	3463.403	3319.013	3646.847	3443.302	1.117	1.111	1.123
924	3471.694	3376.561	3566.790	3470.302	1.125	1.119	1.126
925	3497.836	3352.317	3686.994	3476.727	1.128	1.122	1.134
926	3439.449	3310.935	3492.960	3449.585	1.119	1.113	1.115
927	3453.308	3360.595	3524.224	3445.713	1.117	1.112	1.120
928	3439.794	3325.057	3594.367	3418.488	1.109	1.103	1.116
929	3439.794	3325.057	3594.367	3418.488	1.109	1.103	1.116
930	3439.794	3325.057	3594.367	3418.488	1.109	1.103	1.116
