 	Mean	Min	Max	Median	Max_to_bgmean	Median_to_bgmedian	Mean_to_bgmean
1	3329.433	3240.687	3433.314	3316.047	0.936	0.936	0.940
2	3350.800	3186.250	3473.789	3342.814	0.944	0.944	0.946
3	3281.117	3205.898	3398.470	3237.925	0.914	0.914	0.927
4	3309.040	3202.657	3496.443	3284.730	0.928	0.928	0.934
5	3289.176	3195.731	3382.267	3286.835	0.928	0.928	0.929
6	3314.045	3205.745	3440.950	3314.986	0.936	0.936	0.936
7	3359.865	3265.550	3429.582	3357.644	0.948	0.948	0.949
8	3355.420	3233.051	3540.452	3343.865	0.944	0.944	0.948
9	3337.431	3252.498	3447.822	3337.992	0.943	0.943	0.943
10	3289.205	3188.261	3542.439	3255.167	0.919	0.919	0.929
11	3296.797	3159.969	3471.390	3284.056	0.927	0.927	0.931
12	3325.090	3227.719	3391.013	3327.588	0.940	0.940	0.939
13	3355.577	3304.504	3457.563	3345.182	0.945	0.945	0.948
14	3325.549	3226.586	3459.808	3328.851	0.940	0.940	0.939
15	3322.300	3274.850	3366.020	3319.772	0.938	0.938	0.938
16	3335.610	3249.432	3416.005	3335.310	0.942	0.942	0.942
17	3339.165	3206.081	3399.673	3351.973	0.947	0.947	0.943
18	3310.265	3221.084	3358.884	3307.305	0.934	0.934	0.935
19	3297.829	3194.828	3372.523	3302.964	0.933	0.933	0.931
20	3329.285	3193.238	3420.485	3322.064	0.938	0.938	0.940
21	3314.326	3217.719	3360.448	3337.636	0.943	0.943	0.936
22	3340.987	3181.656	3414.991	3343.352	0.944	0.944	0.944
23	3290.449	3209.482	3387.213	3298.645	0.932	0.932	0.929
24	3313.122	3246.546	3413.294	3308.319	0.934	0.934	0.936
25	3374.545	3315.443	3556.515	3360.685	0.949	0.949	0.953
26	3319.800	3202.901	3402.374	3319.608	0.937	0.937	0.938
27	3339.180	3214.960	3455.939	3317.096	0.937	0.937	0.943
28	3342.554	3244.545	3440.168	3344.783	0.945	0.945	0.944
29	3363.591	3220.592	3447.982	3392.501	0.958	0.958	0.950
30	3321.555	3249.613	3362.531	3333.678	0.941	0.941	0.938
31	3337.671	3217.769	3457.446	3337.821	0.943	0.943	0.943
32	3324.420	3229.528	3415.591	3324.346	0.939	0.939	0.939
33	3364.316	3267.544	3536.620	3346.392	0.945	0.945	0.950
34	3390.607	3206.705	3587.039	3378.923	0.954	0.954	0.958
35	3368.245	3230.323	3504.612	3343.766	0.944	0.944	0.951
36	3322.646	3201.808	3504.378	3307.293	0.934	0.934	0.938
37	3309.028	3216.235	3418.253	3304.002	0.933	0.933	0.934
38	3342.037	3292.006	3466.629	3329.137	0.940	0.940	0.944
39	3349.524	3256.799	3449.562	3349.456	0.946	0.946	0.946
40	3276.936	3148.006	3375.034	3270.313	0.924	0.924	0.925
41	3327.799	3212.298	3514.381	3316.377	0.937	0.937	0.940
42	3391.925	3348.418	3532.349	3378.273	0.954	0.954	0.958
43	3364.492	3270.088	3435.550	3373.781	0.953	0.953	0.950
44	3349.866	3211.216	3535.411	3322.357	0.938	0.938	0.946
45	3342.547	3246.227	3462.981	3317.006	0.937	0.937	0.944
46	3308.406	3214.738	3387.844	3308.737	0.934	0.934	0.934
47	3310.753	3192.380	3465.811	3309.708	0.935	0.935	0.935
48	3355.860	3215.229	3433.936	3380.224	0.955	0.955	0.948
49	3357.678	3230.708	3488.435	3353.199	0.947	0.947	0.948
50	3395.470	3223.259	3633.110	3377.324	0.954	0.954	0.959
51	3354.465	3234.771	3497.722	3367.220	0.951	0.951	0.947
52	3349.324	3210.502	3557.508	3355.992	0.948	0.948	0.946
53	3386.873	3233.181	3470.716	3408.928	0.963	0.963	0.956
54	3376.416	3295.849	3439.979	3387.643	0.957	0.957	0.954
55	3359.841	3312.063	3488.251	3334.566	0.942	0.942	0.949
56	3355.146	3240.002	3421.760	3379.659	0.954	0.954	0.948
57	3336.618	3275.362	3428.033	3314.996	0.936	0.936	0.942
58	3427.355	3308.164	3504.897	3424.833	0.967	0.967	0.968
59	3441.445	3279.156	3598.408	3430.055	0.969	0.969	0.972
60	3402.247	3242.493	3476.302	3415.930	0.965	0.965	0.961
61	3380.377	3219.355	3542.163	3396.119	0.959	0.959	0.955
62	3394.230	3295.695	3495.429	3377.962	0.954	0.954	0.959
63	3386.285	3291.970	3542.052	3373.046	0.953	0.953	0.956
64	3365.669	3202.980	3467.449	3365.318	0.950	0.950	0.950
65	3384.547	3279.811	3446.226	3410.109	0.963	0.963	0.956
66	3419.543	3301.084	3536.169	3429.637	0.969	0.969	0.966
67	3407.716	3306.047	3490.157	3416.202	0.965	0.965	0.962
68	3406.292	3303.244	3519.794	3402.788	0.961	0.961	0.962
69	3394.024	3281.971	3569.870	3368.629	0.951	0.951	0.958
70	3360.871	3282.650	3420.783	3361.355	0.949	0.949	0.949
71	3407.177	3354.647	3474.668	3409.169	0.963	0.963	0.962
72	3352.903	3222.411	3477.032	3367.049	0.951	0.951	0.947
73	3430.518	3294.008	3545.192	3447.145	0.973	0.973	0.969
74	3425.586	3300.641	3539.459	3452.035	0.975	0.975	0.967
75	3452.656	3297.272	3524.538	3471.536	0.980	0.980	0.975
76	3422.474	3304.470	3535.239	3429.320	0.968	0.968	0.967
77	3386.885	3304.512	3519.369	3379.249	0.954	0.954	0.956
78	3396.042	3274.104	3504.148	3410.831	0.963	0.963	0.959
79	3397.095	3278.036	3578.172	3369.219	0.951	0.951	0.959
80	3376.310	3288.228	3527.725	3363.800	0.950	0.950	0.953
81	3374.461	3285.052	3501.868	3372.546	0.952	0.952	0.953
82	3432.217	3215.711	3588.431	3465.571	0.979	0.979	0.969
83	3368.816	3245.437	3488.069	3398.286	0.960	0.960	0.951
84	3388.478	3293.379	3552.957	3390.292	0.957	0.957	0.957
85	3402.353	3311.186	3519.767	3381.951	0.955	0.955	0.961
86	3387.682	3265.562	3497.830	3375.548	0.953	0.953	0.957
87	3428.429	3292.047	3518.796	3452.746	0.975	0.975	0.968
88	3429.451	3204.205	3606.423	3469.201	0.980	0.980	0.968
89	3433.182	3181.455	3611.706	3457.347	0.976	0.976	0.970
90	3425.963	3287.690	3566.500	3419.593	0.966	0.966	0.968
91	3428.056	3272.908	3574.525	3422.202	0.966	0.966	0.968
92	3408.263	3312.149	3538.798	3391.150	0.958	0.958	0.963
93	3396.987	3246.815	3494.639	3404.141	0.961	0.961	0.959
94	3433.011	3318.788	3601.904	3430.483	0.969	0.969	0.970
95	3465.553	3265.483	3719.404	3450.893	0.975	0.975	0.979
96	3441.822	3286.149	3624.875	3441.690	0.972	0.972	0.972
97	3411.740	3225.711	3542.006	3409.930	0.963	0.963	0.963
98	3409.825	3226.019	3616.874	3430.931	0.969	0.969	0.963
99	3380.208	3196.458	3572.905	3407.694	0.962	0.962	0.955
100	3408.681	3255.499	3594.528	3387.037	0.957	0.957	0.963
101	3417.739	3268.869	3520.738	3423.492	0.967	0.967	0.965
102	3424.402	3194.113	3652.529	3454.580	0.976	0.976	0.967
103	3421.162	3189.385	3533.346	3468.495	0.980	0.980	0.966
104	3473.793	3312.141	3630.708	3470.652	0.980	0.980	0.981
105	3437.648	3269.472	3608.865	3463.207	0.978	0.978	0.971
106	3409.299	3278.918	3583.977	3420.734	0.966	0.966	0.963
107	3378.618	3259.915	3558.231	3355.076	0.947	0.947	0.954
108	3370.649	3234.724	3516.186	3403.321	0.961	0.961	0.952
109	3452.878	3275.299	3804.223	3471.158	0.980	0.980	0.975
110	3423.444	3268.471	3625.953	3451.286	0.975	0.975	0.967
111	3411.841	3201.352	3606.591	3404.951	0.962	0.962	0.964
112	3454.663	3255.911	3671.290	3435.949	0.970	0.970	0.976
113	3429.485	3251.647	3580.136	3438.862	0.971	0.971	0.969
114	3391.290	3214.281	3637.795	3399.560	0.960	0.960	0.958
115	3401.044	3223.371	3642.635	3376.950	0.954	0.954	0.960
116	3433.960	3213.746	3635.307	3457.264	0.976	0.976	0.970
117	3412.730	3226.203	3545.150	3456.191	0.976	0.976	0.964
118	3450.550	3315.894	3578.693	3455.677	0.976	0.976	0.974
119	3419.612	3201.817	3608.953	3448.127	0.974	0.974	0.966
120	3387.053	3184.993	3581.959	3415.418	0.965	0.965	0.957
121	3399.151	3214.010	3509.519	3435.199	0.970	0.970	0.960
122	3402.586	3234.446	3574.333	3382.677	0.955	0.955	0.961
123	3385.219	3195.969	3560.082	3380.861	0.955	0.955	0.956
124	3382.367	3213.118	3620.548	3343.847	0.944	0.944	0.955
125	3427.383	3253.479	3611.235	3423.199	0.967	0.967	0.968
126	3418.358	3196.494	3618.178	3429.306	0.968	0.968	0.965
127	3394.582	3207.707	3537.331	3384.550	0.956	0.956	0.959
128	3444.310	3218.242	3613.945	3473.425	0.981	0.981	0.973
129	3443.746	3225.270	3605.438	3452.650	0.975	0.975	0.973
130	3451.832	3268.559	3599.712	3432.360	0.969	0.969	0.975
131	3444.550	3240.624	3667.944	3425.181	0.967	0.967	0.973
132	3398.367	3285.592	3533.316	3399.608	0.960	0.960	0.960
133	3400.658	3194.636	3582.712	3383.838	0.956	0.956	0.960
134	3372.071	3256.560	3551.321	3323.594	0.939	0.939	0.952
135	3394.339	3264.381	3567.613	3399.091	0.960	0.960	0.959
136	3383.541	3242.971	3508.791	3379.440	0.954	0.954	0.956
137	3411.264	3260.662	3577.395	3413.349	0.964	0.964	0.963
138	3409.440	3267.845	3559.421	3424.851	0.967	0.967	0.963
139	3463.052	3304.912	3591.347	3486.428	0.985	0.985	0.978
140	3458.259	3187.117	3773.650	3479.575	0.983	0.983	0.977
141	3458.794	3243.322	3660.566	3455.511	0.976	0.976	0.977
142	3412.089	3281.883	3593.808	3391.501	0.958	0.958	0.964
143	3393.463	3160.511	3531.780	3427.949	0.968	0.968	0.958
144	3441.146	3295.604	3577.828	3448.543	0.974	0.974	0.972
145	3468.966	3287.565	3706.169	3493.794	0.987	0.987	0.980
146	3474.337	3285.356	3645.378	3493.803	0.987	0.987	0.981
147	3518.656	3299.417	3710.300	3546.562	1.002	1.002	0.994
148	3518.308	3386.387	3634.127	3532.427	0.998	0.998	0.994
149	3494.387	3312.975	3564.437	3513.765	0.992	0.992	0.987
150	3566.050	3397.982	3750.905	3551.810	1.003	1.003	1.007
151	3498.836	3279.106	3590.404	3516.447	0.993	0.993	0.988
152	3521.780	3357.907	3617.143	3511.787	0.992	0.992	0.995
153	3516.999	3360.599	3617.786	3510.286	0.991	0.991	0.993
154	3484.532	3408.846	3547.893	3487.421	0.985	0.985	0.984
155	3503.061	3359.183	3664.561	3512.088	0.992	0.992	0.989
156	3532.409	3458.455	3632.244	3525.674	0.996	0.996	0.998
157	3501.284	3404.488	3648.498	3501.092	0.989	0.989	0.989
158	3500.188	3414.268	3591.503	3510.668	0.991	0.991	0.988
159	3524.756	3441.228	3626.355	3514.576	0.993	0.993	0.995
160	3559.910	3518.568	3646.643	3551.425	1.003	1.003	1.005
161	3556.994	3376.430	3686.713	3567.475	1.007	1.007	1.005
162	3539.394	3432.048	3669.990	3532.086	0.997	0.997	1.000
163	3498.326	3292.480	3620.943	3496.776	0.988	0.988	0.988
164	3518.673	3413.534	3650.877	3507.207	0.990	0.990	0.994
165	3484.303	3402.642	3567.652	3465.016	0.979	0.979	0.984
166	3512.797	3377.479	3576.656	3522.553	0.995	0.995	0.992
167	3521.964	3285.731	3661.399	3549.815	1.002	1.002	0.995
168	3525.520	3372.749	3721.191	3504.496	0.990	0.990	0.996
169	3498.653	3388.100	3611.847	3512.909	0.992	0.992	0.988
170	3564.393	3483.587	3654.229	3561.404	1.006	1.006	1.007
171	3557.435	3465.513	3644.116	3555.255	1.004	1.004	1.005
172	3539.603	3417.427	3624.269	3532.271	0.998	0.998	1.000
173	3577.163	3479.843	3698.605	3582.002	1.012	1.012	1.010
174	3563.524	3470.557	3653.245	3560.675	1.006	1.006	1.006
175	3565.446	3471.812	3644.058	3575.859	1.010	1.010	1.007
176	3605.569	3350.553	3805.627	3638.504	1.028	1.028	1.018
177	3541.106	3419.515	3708.463	3519.240	0.994	0.994	1.000
178	3584.308	3482.043	3695.894	3602.718	1.017	1.017	1.012
179	3610.499	3484.269	3697.797	3637.694	1.027	1.027	1.020
180	3592.912	3433.927	3818.170	3579.615	1.011	1.011	1.015
181	3590.360	3374.170	3829.356	3567.889	1.008	1.008	1.014
182	3613.169	3437.968	3842.155	3589.090	1.014	1.014	1.020
183	3687.504	3433.830	3948.219	3651.729	1.031	1.031	1.041
184	3642.306	3446.472	3822.911	3635.688	1.027	1.027	1.029
185	3617.485	3549.228	3683.775	3611.234	1.020	1.020	1.022
186	3595.454	3402.741	3753.904	3566.541	1.007	1.007	1.015
187	3660.211	3532.585	3788.776	3644.769	1.029	1.029	1.034
188	3621.015	3503.981	3860.178	3602.917	1.017	1.017	1.023
189	3518.623	3458.511	3562.961	3516.905	0.993	0.993	0.994
190	3571.725	3475.884	3693.903	3559.317	1.005	1.005	1.009
191	3593.133	3508.360	3689.800	3596.903	1.016	1.016	1.015
192	3567.011	3488.167	3699.981	3540.328	1.000	1.000	1.007
193	3575.729	3476.435	3688.693	3584.548	1.012	1.012	1.010
194	3523.089	3357.379	3624.264	3544.306	1.001	1.001	0.995
195	3556.182	3428.084	3643.609	3573.481	1.009	1.009	1.004
196	3627.655	3509.050	3715.984	3653.166	1.032	1.032	1.024
197	3650.913	3581.591	3775.231	3627.604	1.024	1.024	1.031
198	3601.009	3493.083	3698.742	3593.273	1.015	1.015	1.017
199	3622.503	3406.001	3788.368	3606.678	1.019	1.019	1.023
200	3542.456	3381.270	3741.094	3561.714	1.006	1.006	1.000
201	3571.215	3468.546	3656.768	3569.372	1.008	1.008	1.009
202	3549.257	3463.071	3661.674	3547.379	1.002	1.002	1.002
203	3546.733	3416.962	3643.151	3547.189	1.002	1.002	1.002
204	3567.894	3432.831	3661.218	3582.556	1.012	1.012	1.008
205	3585.250	3469.363	3733.412	3581.854	1.012	1.012	1.012
206	3542.396	3410.532	3710.984	3543.061	1.001	1.001	1.000
207	3596.636	3449.676	3756.574	3589.188	1.014	1.014	1.016
208	3596.100	3487.056	3761.697	3592.138	1.014	1.014	1.016
209	3565.359	3480.898	3686.528	3541.142	1.000	1.000	1.007
210	3610.151	3396.319	3803.934	3596.118	1.016	1.016	1.020
211	3527.758	3430.740	3808.785	3469.805	0.980	0.980	0.996
212	3571.842	3421.325	3859.477	3522.473	0.995	0.995	1.009
213	3519.306	3368.529	3633.149	3529.278	0.997	0.997	0.994
214	3535.814	3413.588	3697.419	3531.722	0.997	0.997	0.999
215	3499.371	3403.031	3697.614	3478.745	0.982	0.982	0.988
216	3503.789	3375.262	3674.969	3489.303	0.985	0.985	0.989
217	3491.891	3386.333	3609.957	3503.848	0.990	0.990	0.986
218	3509.849	3315.317	3698.595	3503.232	0.989	0.989	0.991
219	3537.127	3307.106	3613.775	3584.258	1.012	1.012	0.999
220	3500.411	3337.415	3640.266	3504.035	0.990	0.990	0.989
221	3550.153	3339.738	3750.397	3559.867	1.005	1.005	1.003
222	3533.502	3301.000	3669.635	3551.333	1.003	1.003	0.998
223	3542.326	3367.062	3691.832	3531.269	0.997	0.997	1.000
224	3577.558	3463.919	3748.221	3596.939	1.016	1.016	1.010
225	3514.337	3306.446	3666.820	3561.021	1.006	1.006	0.992
226	3556.730	3418.677	3795.424	3534.529	0.998	0.998	1.004
227	3486.872	3295.799	3645.132	3516.065	0.993	0.993	0.985
228	3504.790	3343.383	3683.972	3517.040	0.993	0.993	0.990
229	3493.002	3308.605	3790.954	3446.074	0.973	0.973	0.986
230	3500.122	3302.977	3618.325	3539.353	1.000	1.000	0.988
231	3476.576	3284.068	3647.814	3494.940	0.987	0.987	0.982
232	3452.292	3169.661	3654.313	3508.241	0.991	0.991	0.975
233	3422.444	3226.420	3643.431	3424.417	0.967	0.967	0.967
234	3440.905	3251.582	3796.823	3404.728	0.962	0.962	0.972
235	3429.871	3221.708	3643.194	3406.877	0.962	0.962	0.969
236	3439.535	3193.203	3596.111	3455.452	0.976	0.976	0.971
237	3495.935	3216.925	3734.983	3582.551	1.012	1.012	0.987
238	3482.591	3250.257	3611.646	3527.079	0.996	0.996	0.984
239	3481.946	3260.255	3635.914	3535.857	0.999	0.999	0.983
240	3446.793	3287.448	3605.605	3424.597	0.967	0.967	0.973
241	3448.273	3245.570	3620.997	3458.582	0.977	0.977	0.974
242	3399.803	3239.316	3546.502	3370.953	0.952	0.952	0.960
243	3440.527	3261.579	3687.227	3378.014	0.954	0.954	0.972
244	3468.548	3297.136	3721.227	3384.963	0.956	0.956	0.980
245	3440.576	3231.659	3646.057	3408.712	0.963	0.963	0.972
246	3432.073	3194.853	3632.138	3425.207	0.967	0.967	0.969
247	3408.043	3224.520	3607.920	3378.549	0.954	0.954	0.962
248	3380.410	3207.457	3717.211	3312.631	0.936	0.936	0.955
249	3360.310	3181.988	3719.348	3263.248	0.922	0.922	0.949
250	3375.124	3168.285	3674.712	3320.617	0.938	0.938	0.953
251	3386.654	3243.906	3686.185	3339.495	0.943	0.943	0.956
252	3409.396	3183.782	3717.965	3401.619	0.961	0.961	0.963
253	3378.166	3152.749	3652.679	3313.739	0.936	0.936	0.954
254	3409.178	3251.079	3536.316	3429.205	0.968	0.968	0.963
255	3388.767	3284.789	3591.018	3339.227	0.943	0.943	0.957
256	3361.659	3253.070	3493.771	3327.298	0.940	0.940	0.949
257	3347.947	3196.346	3525.457	3353.052	0.947	0.947	0.945
258	3365.589	3171.544	3487.796	3380.496	0.955	0.955	0.950
259	3410.781	3265.988	3549.024	3425.583	0.967	0.967	0.963
260	3434.101	3252.771	3669.614	3406.970	0.962	0.962	0.970
261	3407.484	3211.726	3574.193	3402.676	0.961	0.961	0.962
262	3394.351	3210.302	3540.152	3421.574	0.966	0.966	0.959
263	3380.086	3154.568	3573.050	3400.200	0.960	0.960	0.955
264	3411.596	3216.009	3597.280	3430.450	0.969	0.969	0.963
265	3415.042	3235.323	3606.238	3380.140	0.955	0.955	0.964
266	3452.059	3168.945	3746.473	3457.535	0.976	0.976	0.975
267	3492.019	3264.141	3634.737	3514.524	0.993	0.993	0.986
268	3420.653	3253.382	3605.942	3454.962	0.976	0.976	0.966
269	3504.915	3266.676	3665.603	3569.912	1.008	1.008	0.990
270	3484.013	3235.610	3698.352	3472.831	0.981	0.981	0.984
271	3441.615	3327.809	3576.483	3434.516	0.970	0.970	0.972
272	3443.639	3272.623	3672.641	3419.683	0.966	0.966	0.973
273	3478.076	3232.570	3705.780	3462.102	0.978	0.978	0.982
274	3494.325	3305.936	3764.674	3458.003	0.977	0.977	0.987
275	3485.520	3321.599	3630.628	3509.138	0.991	0.991	0.984
276	3455.001	3257.589	3610.640	3468.532	0.980	0.980	0.976
277	3450.578	3333.231	3517.231	3474.830	0.981	0.981	0.974
278	3505.772	3244.174	3704.223	3536.010	0.999	0.999	0.990
279	3490.282	3299.663	3606.686	3524.268	0.995	0.995	0.986
280	3515.936	3308.004	3732.548	3515.454	0.993	0.993	0.993
281	3438.797	3270.463	3669.676	3431.506	0.969	0.969	0.971
282	3431.299	3273.524	3639.950	3431.290	0.969	0.969	0.969
283	3508.772	3281.723	3708.782	3524.595	0.995	0.995	0.991
284	3461.569	3259.613	3601.301	3486.903	0.985	0.985	0.978
285	3448.996	3266.913	3660.251	3428.179	0.968	0.968	0.974
286	3484.596	3308.003	3780.859	3447.559	0.974	0.974	0.984
287	3468.523	3284.113	3741.415	3440.915	0.972	0.972	0.980
288	3457.586	3310.436	3721.371	3421.367	0.966	0.966	0.976
289	3500.951	3381.300	3660.529	3505.250	0.990	0.990	0.989
290	3478.762	3226.325	3641.946	3542.632	1.000	1.000	0.982
291	3517.932	3229.677	3778.793	3482.932	0.984	0.984	0.993
292	3480.643	3208.972	3703.061	3445.512	0.973	0.973	0.983
293	3482.925	3266.480	3706.175	3489.934	0.986	0.986	0.984
294	3490.008	3297.460	3672.083	3485.009	0.984	0.984	0.986
295	3461.006	3244.980	3633.759	3490.056	0.986	0.986	0.977
296	3493.267	3306.623	3703.197	3486.385	0.985	0.985	0.987
297	3487.959	3321.212	3716.580	3442.699	0.972	0.972	0.985
298	3453.181	3260.636	3577.130	3534.281	0.998	0.998	0.975
299	3456.254	3278.087	3634.537	3522.225	0.995	0.995	0.976
300	3466.566	3317.064	3611.717	3453.395	0.975	0.975	0.979
301	3481.161	3311.652	3636.712	3439.624	0.971	0.971	0.983
302	3479.348	3340.191	3610.139	3518.178	0.994	0.994	0.983
303	3520.031	3342.512	3669.367	3508.006	0.991	0.991	0.994
304	3538.960	3392.617	3649.871	3554.769	1.004	1.004	0.999
305	3568.334	3384.248	3719.938	3606.184	1.018	1.018	1.008
306	3528.922	3282.819	3695.884	3613.265	1.020	1.020	0.997
307	3523.226	3271.471	3662.827	3578.607	1.011	1.011	0.995
308	3562.046	3264.323	3718.465	3604.230	1.018	1.018	1.006
309	3517.649	3268.951	3742.335	3504.572	0.990	0.990	0.993
310	3552.806	3349.526	3809.932	3515.790	0.993	0.993	1.003
311	3539.306	3369.455	3673.592	3567.004	1.007	1.007	1.000
312	3590.372	3353.296	3671.979	3638.813	1.028	1.028	1.014
313	3521.111	3298.880	3658.518	3546.033	1.001	1.001	0.994
314	3556.632	3375.273	3711.716	3571.818	1.009	1.009	1.004
315	3604.262	3441.937	3794.658	3590.505	1.014	1.014	1.018
316	3585.276	3416.885	3700.782	3633.080	1.026	1.026	1.013
317	3600.830	3448.644	3818.839	3592.974	1.015	1.015	1.017
318	3552.079	3396.796	3670.107	3558.475	1.005	1.005	1.003
319	3596.217	3331.596	3754.296	3649.817	1.031	1.031	1.016
320	3593.934	3362.432	3773.253	3553.268	1.003	1.003	1.015
321	3621.891	3516.251	3712.566	3653.494	1.032	1.032	1.023
322	3610.968	3466.097	3782.009	3624.269	1.024	1.024	1.020
323	3620.520	3511.374	3818.850	3586.723	1.013	1.013	1.022
324	3527.333	3375.377	3690.043	3525.377	0.996	0.996	0.996
325	3574.100	3391.982	3942.608	3564.640	1.007	1.007	1.009
326	3587.641	3480.933	3802.135	3571.506	1.009	1.009	1.013
327	3618.714	3473.817	3707.359	3633.409	1.026	1.026	1.022
328	3626.416	3446.850	3719.434	3623.422	1.023	1.023	1.024
329	3605.325	3334.522	3841.958	3623.188	1.023	1.023	1.018
330	3663.008	3386.780	4027.551	3650.477	1.031	1.031	1.034
331	3655.107	3483.030	3773.561	3681.900	1.040	1.040	1.032
332	3618.614	3368.633	3788.156	3627.880	1.025	1.025	1.022
333	3595.454	3362.466	3694.530	3619.688	1.022	1.022	1.015
334	3625.036	3449.833	3744.773	3637.015	1.027	1.027	1.024
335	3627.566	3384.976	3808.377	3635.021	1.027	1.027	1.024
336	3582.082	3482.239	3731.485	3548.426	1.002	1.002	1.012
337	3593.129	3437.330	3760.494	3602.563	1.017	1.017	1.015
338	3570.337	3370.500	3734.255	3581.384	1.011	1.011	1.008
339	3617.211	3365.497	3789.986	3595.071	1.015	1.015	1.022
340	3602.533	3313.664	3769.804	3640.549	1.028	1.028	1.017
341	3591.488	3447.845	3717.084	3622.391	1.023	1.023	1.014
342	3599.799	3451.297	3711.447	3624.368	1.024	1.024	1.017
343	3632.602	3521.557	3686.271	3667.487	1.036	1.036	1.026
344	3681.719	3424.842	3850.649	3716.549	1.050	1.050	1.040
345	3714.107	3510.639	3945.967	3709.804	1.048	1.048	1.049
346	3651.445	3480.726	3830.552	3657.650	1.033	1.033	1.031
347	3640.399	3439.663	3749.095	3669.913	1.036	1.036	1.028
348	3637.825	3439.947	3871.171	3636.235	1.027	1.027	1.027
349	3641.257	3524.980	3829.078	3615.557	1.021	1.021	1.028
350	3686.146	3552.644	3835.975	3676.147	1.038	1.038	1.041
351	3638.619	3538.378	3739.954	3645.094	1.029	1.029	1.028
352	3677.233	3487.525	3922.157	3692.654	1.043	1.043	1.038
353	3641.886	3511.642	3816.349	3648.446	1.030	1.030	1.028
354	3704.273	3522.999	3806.196	3747.172	1.058	1.058	1.046
355	3674.351	3445.956	3907.031	3681.369	1.040	1.040	1.038
356	3643.640	3469.293	3883.761	3653.731	1.032	1.032	1.029
357	3721.939	3499.439	3931.716	3694.060	1.043	1.043	1.051
358	3695.344	3472.048	3880.612	3717.135	1.050	1.050	1.044
359	3652.990	3406.264	3965.242	3673.623	1.037	1.037	1.032
360	3681.828	3557.483	3808.103	3696.697	1.044	1.044	1.040
361	3684.366	3468.836	3849.630	3691.505	1.043	1.043	1.040
362	3681.445	3519.369	3830.022	3681.450	1.040	1.040	1.040
363	3656.868	3482.257	3874.469	3648.660	1.030	1.030	1.033
364	3697.121	3561.148	3936.934	3683.027	1.040	1.040	1.044
365	3644.030	3422.170	3781.707	3645.128	1.029	1.029	1.029
366	3621.725	3403.970	3851.210	3584.603	1.012	1.012	1.023
367	3593.199	3471.004	3691.865	3587.032	1.013	1.013	1.015
368	3650.258	3480.905	3787.657	3647.418	1.030	1.030	1.031
369	3627.781	3464.686	3857.811	3591.900	1.014	1.014	1.025
370	3656.915	3466.970	3812.097	3679.765	1.039	1.039	1.033
371	3680.538	3578.104	3847.968	3644.056	1.029	1.029	1.039
372	3723.942	3543.864	3941.129	3751.113	1.059	1.059	1.052
373	3622.489	3523.210	3747.113	3619.300	1.022	1.022	1.023
374	3641.469	3522.750	3780.921	3668.408	1.036	1.036	1.028
375	3659.285	3458.752	3804.580	3684.244	1.040	1.040	1.033
376	3660.759	3489.037	3768.369	3692.380	1.043	1.043	1.034
377	3664.332	3514.918	3834.623	3690.111	1.042	1.042	1.035
378	3657.569	3538.198	3776.686	3659.153	1.033	1.033	1.033
379	3600.120	3425.985	3745.934	3600.438	1.017	1.017	1.017
380	3659.064	3516.789	3804.094	3679.413	1.039	1.039	1.033
381	3717.968	3585.080	3825.343	3723.554	1.052	1.052	1.050
382	3665.273	3551.326	3774.023	3694.845	1.043	1.043	1.035
383	3683.382	3470.051	3903.119	3699.888	1.045	1.045	1.040
384	3651.447	3464.908	3787.289	3642.609	1.029	1.029	1.031
385	3651.149	3417.227	3810.597	3633.910	1.026	1.026	1.031
386	3593.616	3468.130	3766.075	3572.930	1.009	1.009	1.015
387	3626.019	3480.700	3804.034	3637.641	1.027	1.027	1.024
388	3610.986	3522.756	3725.104	3591.193	1.014	1.014	1.020
389	3599.731	3458.839	3691.035	3629.110	1.025	1.025	1.017
390	3648.776	3531.317	3783.609	3635.216	1.027	1.027	1.030
391	3622.699	3505.684	3862.509	3617.233	1.022	1.022	1.023
392	3603.493	3437.514	3808.128	3591.752	1.014	1.014	1.018
393	3613.469	3436.587	3768.102	3615.359	1.021	1.021	1.020
394	3575.795	3442.020	3854.222	3554.887	1.004	1.004	1.010
395	3613.969	3503.131	3769.583	3593.639	1.015	1.015	1.021
396	3638.094	3496.375	3740.492	3638.245	1.027	1.027	1.027
397	3630.109	3494.260	3753.422	3639.728	1.028	1.028	1.025
398	3614.256	3427.746	3769.805	3613.490	1.020	1.020	1.021
399	3604.986	3437.767	3761.082	3607.926	1.019	1.019	1.018
400	3642.420	3523.869	3807.392	3636.973	1.027	1.027	1.029
401	3649.211	3508.279	3836.151	3651.346	1.031	1.031	1.031
402	3626.757	3498.026	3760.521	3633.810	1.026	1.026	1.024
403	3504.096	3347.049	3623.954	3500.922	0.989	0.989	0.990
404	3554.871	3431.484	3730.171	3546.340	1.002	1.002	1.004
405	3583.605	3503.910	3657.321	3581.466	1.011	1.011	1.012
406	3575.657	3441.981	3666.411	3572.360	1.009	1.009	1.010
407	3574.209	3415.921	3745.456	3567.114	1.007	1.007	1.009
408	3553.907	3469.514	3686.412	3558.144	1.005	1.005	1.004
409	3540.727	3423.860	3606.603	3544.081	1.001	1.001	1.000
410	3521.719	3348.042	3619.215	3528.967	0.997	0.997	0.995
411	3582.748	3422.155	3753.312	3564.685	1.007	1.007	1.012
412	3575.217	3385.218	3671.566	3612.952	1.020	1.020	1.010
413	3553.100	3381.635	3660.704	3565.990	1.007	1.007	1.003
414	3588.671	3472.512	3753.586	3592.557	1.015	1.015	1.013
415	3596.289	3449.937	3772.594	3586.108	1.013	1.013	1.016
416	3590.444	3445.194	3824.562	3569.956	1.008	1.008	1.014
417	3596.717	3448.157	3761.023	3611.494	1.020	1.020	1.016
418	3602.014	3451.527	3812.508	3603.388	1.018	1.018	1.017
419	3553.098	3402.204	3667.294	3548.783	1.002	1.002	1.003
420	3610.431	3474.814	3691.791	3614.829	1.021	1.021	1.020
421	3625.557	3545.050	3736.701	3604.268	1.018	1.018	1.024
422	3581.564	3481.620	3668.039	3587.862	1.013	1.013	1.011
423	3558.992	3438.248	3684.189	3538.274	0.999	0.999	1.005
424	3572.921	3432.334	3706.015	3576.036	1.010	1.010	1.009
425	3615.278	3436.461	3774.043	3626.736	1.024	1.024	1.021
426	3629.289	3547.044	3786.502	3607.033	1.019	1.019	1.025
427	3623.198	3525.911	3708.689	3633.054	1.026	1.026	1.023
428	3587.489	3481.113	3707.727	3600.157	1.017	1.017	1.013
429	3588.379	3400.740	3728.765	3610.993	1.020	1.020	1.013
430	3644.967	3475.273	3737.638	3663.642	1.035	1.035	1.029
431	3610.086	3355.685	3749.118	3648.383	1.030	1.030	1.020
432	3582.660	3402.904	3758.252	3590.473	1.014	1.014	1.012
433	3644.738	3541.039	3791.847	3610.258	1.020	1.020	1.029
434	3594.737	3478.972	3726.748	3573.851	1.009	1.009	1.015
435	3580.107	3472.005	3808.312	3563.427	1.006	1.006	1.011
436	3633.648	3422.210	3810.816	3635.193	1.027	1.027	1.026
437	3689.337	3555.949	3838.360	3700.481	1.045	1.045	1.042
438	3669.752	3545.702	3831.122	3666.991	1.036	1.036	1.036
439	3583.583	3442.252	3710.564	3582.776	1.012	1.012	1.012
440	3554.886	3469.850	3649.195	3557.893	1.005	1.005	1.004
441	3599.003	3443.504	3729.213	3586.892	1.013	1.013	1.016
442	3602.696	3406.733	3829.181	3623.057	1.023	1.023	1.017
443	3573.225	3383.561	3752.204	3593.411	1.015	1.015	1.009
444	3636.500	3403.605	3747.081	3666.645	1.035	1.035	1.027
445	3613.997	3393.056	3710.066	3638.914	1.028	1.028	1.021
446	3604.130	3370.496	3716.698	3623.852	1.023	1.023	1.018
447	3614.375	3298.326	3723.232	3643.702	1.029	1.029	1.021
448	3615.169	3409.918	3840.903	3586.279	1.013	1.013	1.021
449	3560.762	3478.387	3662.762	3564.891	1.007	1.007	1.006
450	3581.777	3498.365	3741.380	3551.863	1.003	1.003	1.012
451	3508.145	3371.519	3671.402	3483.015	0.984	0.984	0.991
452	3575.700	3411.732	3683.448	3613.301	1.020	1.020	1.010
453	3600.752	3406.706	3861.997	3589.153	1.014	1.014	1.017
454	3617.821	3344.900	3849.800	3620.356	1.022	1.022	1.022
455	3589.552	3260.036	3964.722	3591.467	1.014	1.014	1.014
456	3553.825	3256.559	3692.499	3576.171	1.010	1.010	1.004
457	3556.270	3312.573	3727.167	3571.951	1.009	1.009	1.004
458	3583.147	3376.646	3760.790	3584.848	1.012	1.012	1.012
459	3625.718	3463.706	3739.632	3650.684	1.031	1.031	1.024
460	3593.908	3346.074	3745.938	3625.984	1.024	1.024	1.015
461	3602.276	3347.667	3851.840	3656.129	1.033	1.033	1.017
462	3562.826	3358.105	3797.035	3573.039	1.009	1.009	1.006
463	3624.382	3340.042	3937.685	3603.085	1.018	1.018	1.024
464	3638.487	3277.084	3848.728	3685.017	1.041	1.041	1.028
465	3600.730	3281.218	3714.675	3647.875	1.030	1.030	1.017
466	3592.408	3285.225	3764.676	3649.314	1.031	1.031	1.015
467	3561.655	3343.624	3677.047	3582.936	1.012	1.012	1.006
468	3601.900	3349.690	3751.584	3618.670	1.022	1.022	1.017
469	3658.423	3389.854	3765.991	3713.725	1.049	1.049	1.033
470	3599.001	3275.149	3745.555	3618.863	1.022	1.022	1.016
471	3611.947	3384.054	3806.236	3623.241	1.023	1.023	1.020
472	3573.506	3432.812	3706.747	3561.093	1.006	1.006	1.009
473	3604.072	3462.418	3754.183	3594.378	1.015	1.015	1.018
474	3629.382	3342.660	3778.725	3649.448	1.031	1.031	1.025
475	3647.171	3347.632	3742.796	3677.827	1.039	1.039	1.030
476	3684.752	3449.645	3903.216	3714.299	1.049	1.049	1.041
477	3581.801	3462.868	3692.982	3581.787	1.012	1.012	1.012
478	3578.870	3503.498	3628.593	3588.117	1.013	1.013	1.011
479	3610.774	3544.169	3676.370	3625.184	1.024	1.024	1.020
480	3620.815	3511.362	3737.726	3607.664	1.019	1.019	1.023
481	3557.342	3464.769	3690.159	3546.653	1.002	1.002	1.005
482	3594.063	3462.448	3699.219	3600.023	1.017	1.017	1.015
483	3636.253	3423.997	3830.521	3621.425	1.023	1.023	1.027
484	3658.328	3501.872	3849.792	3597.237	1.016	1.016	1.033
485	3597.419	3482.562	3682.855	3596.312	1.016	1.016	1.016
486	3634.948	3463.723	3827.719	3616.634	1.021	1.021	1.027
487	3724.629	3488.843	3878.410	3746.461	1.058	1.058	1.052
488	3672.376	3511.741	3755.603	3683.590	1.040	1.040	1.037
489	3617.679	3477.335	3818.810	3590.230	1.014	1.014	1.022
490	3603.771	3453.275	3669.820	3610.825	1.020	1.020	1.018
491	3628.889	3525.734	3746.397	3634.973	1.027	1.027	1.025
492	3653.802	3426.486	3823.309	3666.982	1.036	1.036	1.032
493	3619.811	3483.471	3795.709	3600.284	1.017	1.017	1.022
494	3656.906	3517.101	3858.313	3640.895	1.028	1.028	1.033
495	3626.580	3586.750	3686.408	3607.465	1.019	1.019	1.024
496	3597.283	3498.606	3736.255	3579.555	1.011	1.011	1.016
497	3591.282	3536.642	3683.546	3588.272	1.013	1.013	1.014
498	3658.352	3560.815	3721.508	3685.993	1.041	1.041	1.033
499	3620.428	3469.871	3793.898	3626.464	1.024	1.024	1.022
500	3559.688	3471.642	3657.812	3551.708	1.003	1.003	1.005
501	3599.952	3519.392	3770.310	3579.117	1.011	1.011	1.017
502	3618.543	3495.334	3748.849	3634.313	1.026	1.026	1.022
503	3622.917	3504.205	3851.701	3616.469	1.021	1.021	1.023
504	3597.153	3419.384	3794.770	3589.314	1.014	1.014	1.016
505	3575.780	3411.281	3842.623	3563.496	1.006	1.006	1.010
506	3576.544	3510.506	3716.461	3570.216	1.008	1.008	1.010
507	3603.480	3515.804	3729.546	3598.467	1.016	1.016	1.018
508	3631.433	3491.728	3727.008	3651.515	1.031	1.031	1.026
509	3619.782	3474.932	3688.071	3638.150	1.027	1.027	1.022
510	3624.196	3532.456	3837.657	3583.747	1.012	1.012	1.023
511	3583.143	3455.405	3789.224	3554.637	1.004	1.004	1.012
512	3591.571	3450.267	3712.765	3618.685	1.022	1.022	1.014
513	3611.439	3433.361	3808.113	3612.599	1.020	1.020	1.020
514	3619.799	3496.939	3848.835	3591.697	1.014	1.014	1.022
515	3596.982	3362.913	3880.057	3586.771	1.013	1.013	1.016
516	3551.667	3379.616	3752.010	3545.533	1.001	1.001	1.003
517	3533.273	3308.641	3703.772	3542.905	1.001	1.001	0.998
518	3551.269	3414.965	3672.427	3556.891	1.004	1.004	1.003
519	3490.555	3265.083	3694.200	3500.550	0.989	0.989	0.986
520	3567.485	3376.180	3711.297	3557.467	1.005	1.005	1.007
521	3539.754	3395.194	3711.245	3545.831	1.001	1.001	1.000
522	3526.839	3264.375	3743.766	3505.855	0.990	0.990	0.996
523	3502.947	3348.444	3696.484	3505.029	0.990	0.990	0.989
524	3471.700	3367.290	3611.306	3459.390	0.977	0.977	0.980
525	3521.315	3325.408	3663.130	3534.001	0.998	0.998	0.994
526	3509.694	3373.842	3654.515	3510.857	0.991	0.991	0.991
527	3611.380	3410.801	3865.727	3593.812	1.015	1.015	1.020
528	3620.986	3471.906	3831.487	3641.826	1.028	1.028	1.023
529	3587.685	3348.192	3864.512	3573.027	1.009	1.009	1.013
530	3553.718	3289.136	3725.313	3550.022	1.003	1.003	1.004
531	3597.366	3459.877	3718.400	3626.095	1.024	1.024	1.016
532	3549.069	3470.757	3662.235	3542.591	1.000	1.000	1.002
533	3572.734	3431.419	3739.250	3555.201	1.004	1.004	1.009
534	3579.168	3391.035	3874.767	3539.000	0.999	0.999	1.011
535	3536.421	3369.783	3657.192	3566.626	1.007	1.007	0.999
536	3591.749	3462.415	3741.144	3575.712	1.010	1.010	1.014
537	3571.845	3328.684	3743.418	3608.424	1.019	1.019	1.009
538	3563.073	3274.712	3857.193	3558.802	1.005	1.005	1.006
539	3523.526	3391.888	3718.074	3489.875	0.986	0.986	0.995
540	3532.995	3407.888	3591.869	3552.733	1.003	1.003	0.998
541	3532.083	3444.539	3752.996	3508.189	0.991	0.991	0.997
542	3536.255	3430.060	3653.211	3501.376	0.989	0.989	0.999
543	3587.287	3389.235	3790.436	3621.920	1.023	1.023	1.013
544	3521.217	3394.235	3569.653	3540.271	1.000	1.000	0.994
545	3534.244	3463.205	3619.083	3536.448	0.999	0.999	0.998
546	3513.793	3444.573	3573.128	3515.368	0.993	0.993	0.992
547	3533.322	3458.046	3647.417	3531.628	0.997	0.997	0.998
548	3541.675	3430.406	3616.311	3543.726	1.001	1.001	1.000
549	3533.488	3430.288	3682.170	3514.661	0.993	0.993	0.998
550	3531.135	3376.853	3597.742	3542.202	1.000	1.000	0.997
551	3562.028	3390.147	3730.177	3541.704	1.000	1.000	1.006
552	3541.976	3484.807	3672.259	3526.823	0.996	0.996	1.000
553	3516.641	3372.426	3641.745	3526.083	0.996	0.996	0.993
554	3508.179	3243.201	3682.023	3489.077	0.985	0.985	0.991
555	3543.821	3417.368	3734.308	3526.953	0.996	0.996	1.001
556	3517.478	3233.321	3640.662	3543.735	1.001	1.001	0.993
557	3601.101	3471.292	3800.867	3583.096	1.012	1.012	1.017
558	3573.197	3434.517	3825.657	3548.444	1.002	1.002	1.009
559	3557.811	3449.698	3695.460	3526.235	0.996	0.996	1.005
560	3555.040	3357.751	3684.399	3575.898	1.010	1.010	1.004
561	3499.255	3334.270	3619.687	3485.525	0.984	0.984	0.988
562	3501.750	3415.762	3571.549	3511.583	0.992	0.992	0.989
563	3512.832	3315.744	3581.281	3531.540	0.997	0.997	0.992
564	3475.096	3322.435	3577.050	3480.922	0.983	0.983	0.981
565	3489.098	3385.475	3605.760	3490.943	0.986	0.986	0.985
566	3492.344	3332.166	3652.536	3527.481	0.996	0.996	0.986
567	3507.997	3439.279	3569.371	3515.398	0.993	0.993	0.991
568	3536.309	3423.373	3697.518	3524.349	0.995	0.995	0.999
569	3566.080	3459.297	3705.278	3551.900	1.003	1.003	1.007
570	3596.299	3455.964	3736.545	3589.600	1.014	1.014	1.016
571	3587.018	3427.404	3771.490	3601.646	1.017	1.017	1.013
572	3478.615	3375.236	3602.677	3472.920	0.981	0.981	0.982
573	3493.740	3349.438	3651.669	3493.215	0.987	0.987	0.987
574	3543.211	3357.039	3687.270	3528.855	0.997	0.997	1.001
575	3511.058	3387.776	3614.135	3517.800	0.993	0.993	0.992
576	3547.496	3467.489	3594.768	3566.378	1.007	1.007	1.002
577	3534.532	3370.023	3627.394	3551.495	1.003	1.003	0.998
578	3494.901	3394.449	3606.071	3514.225	0.992	0.992	0.987
579	3530.941	3428.022	3697.057	3493.889	0.987	0.987	0.997
580	3546.068	3356.174	3773.766	3531.077	0.997	0.997	1.001
581	3538.604	3458.841	3629.689	3526.882	0.996	0.996	0.999
582	3539.767	3419.452	3697.922	3506.465	0.990	0.990	1.000
583	3579.307	3495.136	3745.608	3553.211	1.003	1.003	1.011
584	3534.356	3456.654	3663.921	3519.997	0.994	0.994	0.998
585	3543.539	3408.525	3612.067	3544.546	1.001	1.001	1.001
586	3652.899	3464.665	3804.941	3684.652	1.041	1.041	1.032
587	3641.332	3435.356	3815.493	3628.869	1.025	1.025	1.028
588	3619.377	3479.650	3847.388	3610.258	1.020	1.020	1.022
589	3615.203	3406.589	3776.986	3632.297	1.026	1.026	1.021
590	3649.134	3374.619	3853.733	3638.760	1.028	1.028	1.031
591	3625.362	3499.014	3870.266	3596.853	1.016	1.016	1.024
592	3610.234	3486.293	3791.412	3601.172	1.017	1.017	1.020
593	3657.276	3557.739	3776.191	3676.612	1.038	1.038	1.033
594	3607.498	3493.991	3785.618	3594.819	1.015	1.015	1.019
595	3579.672	3395.658	3778.692	3560.004	1.005	1.005	1.011
596	3664.636	3515.285	3814.012	3660.613	1.034	1.034	1.035
597	3629.122	3469.810	3878.321	3632.600	1.026	1.026	1.025
598	3686.739	3539.610	3931.426	3665.832	1.035	1.035	1.041
599	3629.671	3505.170	3742.472	3628.785	1.025	1.025	1.025
600	3623.636	3425.913	3766.022	3647.958	1.030	1.030	1.023
601	3583.280	3495.311	3691.982	3574.295	1.009	1.009	1.012
602	3546.175	3483.794	3609.516	3530.364	0.997	0.997	1.001
603	3594.596	3512.231	3680.381	3597.797	1.016	1.016	1.015
604	3588.563	3423.112	3700.830	3609.733	1.019	1.019	1.013
605	3571.642	3495.636	3739.668	3565.813	1.007	1.007	1.009
606	3552.516	3361.001	3708.228	3543.213	1.001	1.001	1.003
607	3550.654	3370.098	3733.184	3553.852	1.004	1.004	1.003
608	3568.253	3463.085	3671.526	3583.897	1.012	1.012	1.008
609	3558.285	3440.933	3669.624	3560.139	1.005	1.005	1.005
610	3528.814	3411.751	3648.589	3535.644	0.998	0.998	0.997
611	3596.063	3419.935	3747.536	3576.067	1.010	1.010	1.016
612	3477.773	3393.680	3546.240	3482.506	0.983	0.983	0.982
613	3499.655	3343.993	3641.003	3497.724	0.988	0.988	0.988
614	3557.929	3369.486	3786.323	3578.636	1.011	1.011	1.005
615	3511.823	3443.969	3606.647	3502.753	0.989	0.989	0.992
616	3495.247	3428.281	3555.328	3503.747	0.989	0.989	0.987
617	3439.270	3359.556	3524.466	3432.097	0.969	0.969	0.971
618	3461.220	3341.879	3558.438	3466.529	0.979	0.979	0.977
619	3477.082	3374.382	3645.123	3476.652	0.982	0.982	0.982
620	3486.477	3381.203	3607.548	3484.899	0.984	0.984	0.985
621	3464.946	3353.898	3535.524	3474.689	0.981	0.981	0.979
622	3443.573	3348.859	3583.490	3438.630	0.971	0.971	0.972
623	3416.397	3302.452	3508.008	3424.250	0.967	0.967	0.965
624	3481.855	3380.483	3629.243	3475.612	0.982	0.982	0.983
625	3507.381	3342.519	3594.157	3512.698	0.992	0.992	0.991
626	3432.182	3381.058	3482.168	3421.583	0.966	0.966	0.969
627	3447.524	3366.690	3495.761	3450.675	0.974	0.974	0.974
628	3446.533	3314.157	3575.385	3466.829	0.979	0.979	0.973
629	3453.520	3332.549	3653.125	3430.436	0.969	0.969	0.975
630	3429.863	3346.375	3551.079	3398.423	0.960	0.960	0.969
631	3440.870	3387.990	3482.983	3442.984	0.972	0.972	0.972
632	3443.076	3324.255	3578.052	3441.593	0.972	0.972	0.972
633	3419.765	3350.478	3497.312	3405.007	0.962	0.962	0.966
634	3401.859	3304.469	3544.990	3394.210	0.959	0.959	0.961
635	3424.378	3298.337	3619.432	3398.998	0.960	0.960	0.967
636	3382.935	3285.523	3499.263	3380.970	0.955	0.955	0.955
637	3420.513	3367.137	3473.904	3422.406	0.967	0.967	0.966
638	3396.637	3343.903	3453.714	3379.538	0.954	0.954	0.959
639	3402.083	3342.488	3471.629	3388.406	0.957	0.957	0.961
640	3360.707	3296.472	3434.085	3341.082	0.944	0.944	0.949
641	3414.069	3262.542	3607.229	3435.702	0.970	0.970	0.964
642	3389.928	3263.832	3481.011	3377.799	0.954	0.954	0.957
643	3410.384	3339.401	3606.533	3390.855	0.958	0.958	0.963
644	3393.386	3328.446	3473.738	3393.834	0.958	0.958	0.958
645	3369.803	3290.681	3459.602	3383.094	0.955	0.955	0.952
646	3414.336	3296.000	3515.081	3418.931	0.966	0.966	0.964
647	3366.828	3242.962	3503.929	3391.011	0.958	0.958	0.951
648	3382.715	3214.377	3565.271	3392.415	0.958	0.958	0.955
649	3363.265	3254.604	3459.603	3366.628	0.951	0.951	0.950
650	3397.573	3256.468	3522.931	3398.071	0.960	0.960	0.959
651	3414.545	3311.213	3588.651	3397.270	0.959	0.959	0.964
652	3373.434	3297.324	3418.533	3372.774	0.952	0.952	0.953
653	3361.154	3262.349	3511.850	3350.323	0.946	0.946	0.949
654	3342.265	3230.574	3447.396	3352.520	0.947	0.947	0.944
655	3355.593	3290.584	3395.522	3364.923	0.950	0.950	0.948
656	3375.792	3299.727	3506.830	3387.078	0.957	0.957	0.953
657	3402.714	3315.215	3525.347	3391.557	0.958	0.958	0.961
658	3398.318	3300.697	3595.271	3382.313	0.955	0.955	0.960
659	3365.325	3263.791	3429.805	3376.813	0.954	0.954	0.950
660	3409.291	3303.868	3505.433	3422.096	0.966	0.966	0.963
661	3393.755	3316.580	3465.034	3407.879	0.962	0.962	0.958
662	3381.028	3303.460	3462.827	3374.000	0.953	0.953	0.955
663	3382.394	3278.188	3436.485	3379.457	0.954	0.954	0.955
664	3368.387	3322.147	3406.999	3369.895	0.952	0.952	0.951
665	3378.412	3239.542	3460.389	3389.938	0.957	0.957	0.954
666	3416.974	3214.812	3540.920	3429.245	0.968	0.968	0.965
667	3429.880	3259.988	3587.586	3436.063	0.970	0.970	0.969
668	3436.092	3334.326	3556.074	3433.074	0.970	0.970	0.970
669	3404.838	3249.463	3538.390	3416.310	0.965	0.965	0.962
670	3339.802	3222.423	3443.584	3328.916	0.940	0.940	0.943
671	3355.934	3181.778	3483.399	3385.072	0.956	0.956	0.948
672	3368.670	3210.208	3508.294	3362.919	0.950	0.950	0.951
673	3384.704	3306.214	3478.676	3374.727	0.953	0.953	0.956
674	3385.757	3274.286	3489.732	3384.491	0.956	0.956	0.956
675	3417.822	3339.259	3575.673	3391.582	0.958	0.958	0.965
676	3373.845	3206.392	3466.057	3413.132	0.964	0.964	0.953
677	3377.571	3311.720	3443.446	3390.612	0.958	0.958	0.954
678	3361.854	3244.414	3515.678	3352.054	0.947	0.947	0.949
679	3368.352	3231.500	3447.002	3376.416	0.954	0.954	0.951
680	3379.814	3232.375	3468.043	3384.390	0.956	0.956	0.954
681	3353.063	3279.130	3442.890	3347.907	0.945	0.945	0.947
682	3357.619	3305.343	3394.366	3359.282	0.949	0.949	0.948
683	3372.879	3267.436	3487.769	3362.179	0.949	0.949	0.953
684	3376.865	3259.240	3515.430	3362.743	0.950	0.950	0.954
685	3397.653	3275.772	3494.339	3405.387	0.962	0.962	0.960
686	3360.260	3242.090	3475.792	3365.783	0.951	0.951	0.949
687	3411.121	3246.386	3611.347	3410.622	0.963	0.963	0.963
688	3399.936	3314.233	3523.251	3393.318	0.958	0.958	0.960
689	3397.262	3334.964	3452.906	3388.050	0.957	0.957	0.959
690	3421.337	3355.141	3468.128	3422.053	0.966	0.966	0.966
691	3374.818	3287.224	3545.606	3340.217	0.943	0.943	0.953
692	3393.519	3204.407	3487.244	3412.826	0.964	0.964	0.958
693	3402.554	3240.050	3532.582	3394.685	0.959	0.959	0.961
694	3386.467	3306.976	3449.010	3397.201	0.959	0.959	0.956
695	3393.031	3305.788	3534.250	3389.624	0.957	0.957	0.958
696	3366.114	3245.105	3468.965	3368.825	0.951	0.951	0.951
697	3347.992	3292.014	3422.294	3348.917	0.946	0.946	0.945
698	3372.574	3241.428	3555.298	3372.288	0.952	0.952	0.952
699	3382.822	3200.062	3454.709	3416.485	0.965	0.965	0.955
700	3345.931	3232.314	3444.546	3348.664	0.946	0.946	0.945
701	3349.736	3249.924	3411.519	3349.724	0.946	0.946	0.946
702	3393.470	3307.781	3475.404	3400.979	0.960	0.960	0.958
703	3365.470	3271.392	3434.290	3365.180	0.950	0.950	0.950
704	3382.010	3335.881	3423.946	3386.130	0.956	0.956	0.955
705	3354.242	3273.862	3457.172	3346.399	0.945	0.945	0.947
706	3411.037	3280.727	3546.871	3421.579	0.966	0.966	0.963
707	3367.556	3223.326	3502.990	3352.354	0.947	0.947	0.951
708	3326.980	3186.468	3452.040	3338.986	0.943	0.943	0.940
709	3350.541	3259.589	3429.113	3365.100	0.950	0.950	0.946
710	3419.690	3234.327	3586.027	3427.052	0.968	0.968	0.966
711	3394.066	3296.207	3442.480	3405.322	0.962	0.962	0.959
712	3374.099	3313.355	3442.073	3375.140	0.953	0.953	0.953
713	3394.974	3308.851	3462.229	3396.597	0.959	0.959	0.959
714	3422.938	3324.743	3590.431	3407.094	0.962	0.962	0.967
715	3397.525	3282.814	3572.840	3392.981	0.958	0.958	0.959
716	3402.039	3331.657	3473.731	3408.656	0.963	0.963	0.961
717	3394.921	3301.901	3594.828	3381.942	0.955	0.955	0.959
718	3371.657	3279.332	3454.769	3377.715	0.954	0.954	0.952
719	3362.259	3291.110	3411.327	3361.187	0.949	0.949	0.950
720	3364.388	3321.735	3416.049	3361.150	0.949	0.949	0.950
721	3380.142	3312.134	3433.532	3377.057	0.954	0.954	0.955
722	3358.255	3302.249	3440.720	3352.343	0.947	0.947	0.948
723	3373.865	3335.509	3439.332	3374.202	0.953	0.953	0.953
724	3361.003	3287.353	3509.840	3358.368	0.948	0.948	0.949
725	3371.015	3315.354	3428.252	3366.866	0.951	0.951	0.952
726	3347.336	3255.408	3502.271	3352.799	0.947	0.947	0.945
727	3362.973	3173.053	3597.044	3359.145	0.949	0.949	0.950
728	3396.761	3228.414	3542.978	3393.250	0.958	0.958	0.959
729	3398.679	3301.628	3544.694	3381.642	0.955	0.955	0.960
730	3407.360	3204.443	3645.374	3348.642	0.946	0.946	0.962
731	3425.808	3237.854	3715.228	3371.756	0.952	0.952	0.967
732	3414.342	3274.123	3611.247	3409.115	0.963	0.963	0.964
733	3398.067	3287.024	3555.410	3369.405	0.952	0.952	0.960
734	3405.548	3257.660	3545.914	3410.055	0.963	0.963	0.962
735	3432.902	3372.338	3510.236	3416.708	0.965	0.965	0.969
736	3383.020	3323.566	3474.287	3378.583	0.954	0.954	0.955
737	3399.706	3197.233	3514.024	3432.091	0.969	0.969	0.960
738	3402.079	3345.737	3487.809	3398.436	0.960	0.960	0.961
739	3376.673	3322.700	3452.824	3374.382	0.953	0.953	0.954
740	3346.271	3261.510	3421.103	3351.632	0.947	0.947	0.945
741	3392.083	3308.527	3477.702	3391.046	0.958	0.958	0.958
742	3376.302	3293.544	3462.866	3365.916	0.951	0.951	0.953
743	3366.525	3303.696	3423.159	3357.721	0.948	0.948	0.951
744	3355.265	3274.335	3443.208	3354.150	0.947	0.947	0.948
745	3390.871	3336.829	3491.686	3380.829	0.955	0.955	0.958
746	3331.066	3217.537	3443.936	3333.180	0.941	0.941	0.941
747	3351.615	3229.444	3427.532	3372.959	0.953	0.953	0.947
748	3376.498	3312.916	3430.882	3379.809	0.954	0.954	0.954
749	3350.079	3258.376	3450.312	3356.961	0.948	0.948	0.946
750	3385.241	3286.510	3469.181	3394.257	0.959	0.959	0.956
751	3365.567	3274.588	3492.113	3370.849	0.952	0.952	0.950
752	3335.976	3264.764	3406.685	3329.580	0.940	0.940	0.942
753	3363.984	3289.221	3431.228	3366.122	0.951	0.951	0.950
754	3388.018	3252.448	3512.432	3383.475	0.956	0.956	0.957
755	3377.637	3217.581	3566.464	3379.953	0.955	0.955	0.954
756	3378.733	3243.693	3533.011	3392.631	0.958	0.958	0.954
757	3390.159	3248.490	3570.562	3364.005	0.950	0.950	0.957
758	3369.841	3205.078	3504.216	3340.380	0.943	0.943	0.952
759	3343.657	3206.285	3497.438	3323.292	0.939	0.939	0.944
760	3339.094	3155.695	3546.261	3341.030	0.944	0.944	0.943
761	3356.231	3202.769	3427.450	3380.824	0.955	0.955	0.948
762	3378.747	3286.213	3464.499	3382.474	0.955	0.955	0.954
763	3406.650	3288.183	3525.651	3419.557	0.966	0.966	0.962
764	3400.585	3267.772	3512.554	3390.027	0.957	0.957	0.960
765	3393.822	3299.870	3533.130	3400.662	0.960	0.960	0.958
766	3380.524	3271.381	3472.700	3395.801	0.959	0.959	0.955
767	3350.134	3263.891	3468.971	3349.320	0.946	0.946	0.946
768	3356.702	3254.636	3454.770	3340.242	0.943	0.943	0.948
769	3383.878	3260.077	3528.441	3394.182	0.959	0.959	0.956
770	3347.633	3250.456	3481.141	3355.412	0.948	0.948	0.945
771	3344.593	3166.801	3441.961	3358.008	0.948	0.948	0.945
772	3367.452	3188.573	3610.917	3341.437	0.944	0.944	0.951
773	3332.816	3242.873	3444.439	3312.211	0.935	0.935	0.941
774	3382.368	3264.181	3637.235	3360.210	0.949	0.949	0.955
775	3416.920	3287.028	3574.595	3420.363	0.966	0.966	0.965
776	3416.079	3293.815	3617.319	3386.670	0.956	0.956	0.965
777	3349.922	3224.813	3539.946	3342.435	0.944	0.944	0.946
778	3319.264	3200.212	3457.126	3321.471	0.938	0.938	0.937
779	3353.166	3253.805	3466.874	3367.972	0.951	0.951	0.947
780	3367.107	3292.508	3461.985	3363.271	0.950	0.950	0.951
781	3377.313	3298.966	3435.008	3380.386	0.955	0.955	0.954
782	3340.605	3250.132	3470.061	3340.593	0.943	0.943	0.943
783	3349.015	3283.330	3419.349	3343.204	0.944	0.944	0.946
784	3368.301	3275.107	3420.462	3376.142	0.953	0.953	0.951
785	3368.325	3296.167	3499.068	3371.134	0.952	0.952	0.951
786	3403.779	3326.125	3527.031	3395.951	0.959	0.959	0.961
787	3364.123	3258.379	3437.181	3369.611	0.952	0.952	0.950
788	3351.819	3275.793	3429.740	3360.646	0.949	0.949	0.947
789	3354.721	3300.025	3411.656	3351.540	0.946	0.946	0.947
790	3381.026	3339.586	3434.792	3385.509	0.956	0.956	0.955
791	3350.720	3283.391	3381.706	3361.434	0.949	0.949	0.946
792	3405.036	3339.745	3487.577	3410.434	0.963	0.963	0.962
793	3368.132	3298.285	3463.797	3368.489	0.951	0.951	0.951
794	3323.118	3195.640	3459.116	3318.609	0.937	0.937	0.938
795	3344.391	3286.144	3441.354	3350.652	0.946	0.946	0.944
796	3358.101	3302.626	3483.825	3325.204	0.939	0.939	0.948
797	3324.999	3249.251	3429.359	3317.641	0.937	0.937	0.939
798	3330.936	3232.480	3473.417	3314.965	0.936	0.936	0.941
799	3353.237	3233.729	3442.290	3358.437	0.948	0.948	0.947
800	3357.994	3259.300	3500.987	3334.444	0.942	0.942	0.948
801	3382.210	3256.899	3567.340	3368.134	0.951	0.951	0.955
802	3359.090	3204.719	3530.761	3359.561	0.949	0.949	0.949
803	3389.983	3269.146	3504.319	3392.091	0.958	0.958	0.957
804	3626.757	3498.026	3760.521	3633.810	1.026	1.026	1.024
805	3626.757	3498.026	3760.521	3633.810	1.026	1.026	1.024
