 	Mean	Min	Max	Median	Max_to_bgmean	Median_to_bgmedian	Mean_to_bgmean
1	3332.489	3150.808	3545.743	3318.062	0.947	0.950	0.951
2	3402.143	3224.694	3559.540	3385.639	0.966	0.970	0.971
3	3472.315	3228.815	3757.069	3453.003	0.985	0.989	0.991
4	3506.140	3222.151	3770.933	3508.524	1.001	1.005	1.000
5	3520.070	3215.919	3915.938	3491.033	0.996	1.000	1.004
6	3550.385	3153.806	3925.851	3585.799	1.023	1.027	1.013
7	3653.943	3261.329	4247.833	3558.879	1.015	1.019	1.042
8	3739.270	3259.561	4318.681	3602.417	1.028	1.032	1.067
9	3825.650	3339.282	4608.628	3695.166	1.054	1.058	1.091
10	3760.809	3188.923	4385.740	3818.748	1.089	1.094	1.073
11	3616.782	3285.510	4086.195	3616.335	1.032	1.036	1.032
12	3535.022	3225.414	3842.125	3534.326	1.008	1.012	1.008
13	3492.123	3276.307	3634.399	3522.349	1.005	1.009	0.996
14	3496.475	3260.837	3638.089	3505.075	1.000	1.004	0.997
15	3474.893	3219.671	3664.861	3493.564	0.997	1.000	0.991
16	3498.273	3263.215	3655.480	3518.231	1.004	1.008	0.998
17	3543.065	3205.476	3778.125	3619.798	1.033	1.037	1.011
18	3577.300	3299.981	3936.069	3593.753	1.025	1.029	1.020
19	3598.111	3403.138	3809.037	3621.517	1.033	1.037	1.026
20	3662.634	3458.096	3881.398	3695.782	1.054	1.058	1.045
21	3632.132	3397.712	3935.584	3580.172	1.021	1.025	1.036
22	3682.227	3382.563	3887.008	3649.678	1.041	1.045	1.050
23	3709.438	3315.291	4135.312	3656.054	1.043	1.047	1.058
24	3717.464	3424.624	4218.508	3638.669	1.038	1.042	1.060
25	3682.610	3285.442	4204.965	3679.607	1.050	1.054	1.051
26	3715.262	3363.147	4089.497	3645.416	1.040	1.044	1.060
27	3643.089	3440.633	3927.814	3616.609	1.032	1.036	1.039
28	3675.963	3407.146	3991.105	3595.993	1.026	1.030	1.049
29	3610.552	3434.462	3833.875	3592.089	1.025	1.029	1.030
30	3565.435	3369.220	3693.192	3561.469	1.016	1.020	1.017
31	3564.949	3291.570	3752.693	3596.381	1.026	1.030	1.017
32	3607.971	3285.082	3879.285	3618.726	1.032	1.036	1.029
33	3612.631	3351.239	3772.095	3608.701	1.029	1.033	1.031
34	3644.633	3482.984	3752.062	3666.502	1.046	1.050	1.040
35	3707.906	3546.183	3836.374	3714.055	1.060	1.064	1.058
36	3603.852	3493.596	3791.490	3595.394	1.026	1.030	1.028
37	3664.302	3515.959	3862.670	3624.656	1.034	1.038	1.045
38	3822.372	3555.101	4039.943	3795.575	1.083	1.087	1.090
39	3871.374	3560.754	4123.986	3868.338	1.104	1.108	1.104
40	3915.131	3432.126	4288.182	3902.443	1.113	1.118	1.117
41	3975.199	3401.090	4297.854	4091.259	1.167	1.172	1.134
42	3997.431	3491.816	4296.394	4086.371	1.166	1.170	1.140
43	3909.222	3535.832	4327.841	3876.640	1.106	1.110	1.115
44	4053.765	3586.815	4812.281	3961.272	1.130	1.134	1.156
45	3907.120	3344.305	4403.175	3976.641	1.134	1.139	1.115
46	3931.220	3349.275	4458.900	3965.019	1.131	1.135	1.121
47	3717.708	3394.969	4138.347	3716.745	1.060	1.064	1.061
48	3726.604	3403.945	4108.258	3691.128	1.053	1.057	1.063
49	3585.780	3314.638	3850.643	3533.911	1.008	1.012	1.023
50	3646.703	3306.851	3999.731	3623.240	1.034	1.038	1.040
51	3646.580	3303.184	3917.331	3631.751	1.036	1.040	1.040
52	3703.730	3425.061	3949.694	3690.839	1.053	1.057	1.057
53	3798.155	3497.299	4158.909	3809.488	1.087	1.091	1.083
54	3711.278	3518.279	3803.688	3719.446	1.061	1.065	1.059
55	3712.040	3568.504	3825.093	3690.602	1.053	1.057	1.059
56	3712.497	3565.911	3974.470	3702.042	1.056	1.060	1.059
57	3827.801	3636.689	4074.111	3829.320	1.092	1.097	1.092
58	3817.856	3693.945	3902.074	3822.578	1.090	1.095	1.089
59	3845.637	3648.229	4008.276	3863.471	1.102	1.106	1.097
60	3672.412	3543.296	3777.527	3690.956	1.053	1.057	1.048
61	3712.135	3541.692	4032.311	3671.230	1.047	1.051	1.059
62	3617.495	3429.973	3745.971	3614.307	1.031	1.035	1.032
63	3588.009	3421.570	3676.625	3613.291	1.031	1.035	1.024
64	3585.669	3414.411	3735.777	3609.260	1.030	1.034	1.023
65	3614.844	3376.071	3912.348	3610.481	1.030	1.034	1.031
66	3618.315	3420.797	3804.721	3618.870	1.032	1.036	1.032
67	3592.950	3379.720	3828.435	3595.567	1.026	1.030	1.025
68	3697.603	3551.917	3944.483	3677.439	1.049	1.053	1.055
69	3642.032	3433.042	3880.309	3647.926	1.041	1.045	1.039
70	3643.422	3438.174	3786.324	3688.243	1.052	1.056	1.039
71	3762.342	3493.591	4134.781	3759.870	1.073	1.077	1.073
72	3825.686	3484.050	4453.880	3752.427	1.070	1.075	1.091
73	3795.429	3399.037	4355.173	3680.717	1.050	1.054	1.083
74	3855.374	3538.587	4267.261	3807.878	1.086	1.090	1.100
75	3809.135	3472.503	4307.172	3677.612	1.049	1.053	1.087
76	3874.141	3517.001	4284.868	3795.536	1.083	1.087	1.105
77	3804.402	3556.701	4022.412	3813.019	1.088	1.092	1.085
78	3663.249	3530.417	3999.140	3600.419	1.027	1.031	1.045
79	3685.758	3509.197	3877.488	3685.518	1.051	1.055	1.051
80	3697.705	3500.731	3981.660	3668.820	1.047	1.051	1.055
81	3748.181	3470.109	4052.151	3826.192	1.091	1.096	1.069
82	3675.448	3337.633	4089.170	3683.555	1.051	1.055	1.048
83	3641.065	3507.212	3832.685	3636.029	1.037	1.041	1.039
84	3688.197	3447.663	3849.396	3780.325	1.078	1.083	1.052
85	3738.935	3465.984	3967.729	3760.157	1.073	1.077	1.067
86	3719.556	3512.249	3910.658	3740.750	1.067	1.071	1.061
87	3708.451	3499.142	3906.853	3739.686	1.067	1.071	1.058
88	3715.862	3492.716	4027.725	3699.566	1.055	1.059	1.060
89	3768.191	3599.383	4143.842	3707.241	1.058	1.062	1.075
90	3772.680	3569.310	3987.689	3754.150	1.071	1.075	1.076
91	3677.858	3529.196	3874.478	3665.655	1.046	1.050	1.049
92	3687.549	3458.832	3999.647	3671.345	1.047	1.051	1.052
93	3776.384	3490.814	3919.797	3867.980	1.103	1.108	1.077
94	3767.511	3450.634	4115.279	3743.414	1.068	1.072	1.075
95	3750.975	3504.457	4091.541	3718.750	1.061	1.065	1.070
96	3857.887	3652.535	4060.114	3871.075	1.104	1.109	1.101
97	3918.929	3506.134	4203.386	4002.957	1.142	1.146	1.118
98	3860.742	3506.195	4189.982	3934.364	1.122	1.127	1.101
99	3783.157	3504.060	4012.938	3828.249	1.092	1.096	1.079
100	3691.963	3561.389	3883.176	3675.079	1.048	1.052	1.053
101	3682.025	3497.249	3911.926	3682.344	1.050	1.055	1.050
102	3647.296	3481.737	3917.280	3614.852	1.031	1.035	1.040
103	3562.972	3365.558	3678.297	3596.421	1.026	1.030	1.016
104	3517.474	3324.546	3611.834	3546.868	1.012	1.016	1.003
105	3544.204	3253.323	3682.893	3598.709	1.027	1.031	1.011
106	3603.326	3450.946	3895.142	3578.704	1.021	1.025	1.028
107	3632.645	3466.516	3753.746	3628.665	1.035	1.039	1.036
108	3556.470	3348.702	3677.425	3563.342	1.017	1.020	1.015
109	3564.341	3415.954	3867.593	3515.912	1.003	1.007	1.017
110	3643.488	3504.245	3851.063	3628.221	1.035	1.039	1.039
111	3683.826	3497.725	3835.328	3714.692	1.060	1.064	1.051
112	3547.600	3360.659	3736.081	3534.080	1.008	1.012	1.012
113	3632.052	3418.200	3776.646	3646.882	1.040	1.044	1.036
114	3696.142	3436.129	4091.707	3666.812	1.046	1.050	1.054
115	3798.319	3507.121	4492.532	3737.690	1.066	1.070	1.084
116	3738.720	3530.902	4261.205	3670.310	1.047	1.051	1.067
117	3819.454	3478.145	4256.456	3740.840	1.067	1.071	1.090
118	3779.583	3483.812	4077.712	3764.937	1.074	1.078	1.078
119	3752.426	3448.879	3955.158	3766.047	1.074	1.078	1.070
120	3893.948	3417.143	4233.358	3940.444	1.124	1.128	1.111
121	3976.251	3531.523	4384.943	3916.597	1.117	1.122	1.134
122	4115.484	3588.245	4515.942	4192.193	1.196	1.201	1.174
123	4083.424	3545.986	4370.597	4249.972	1.212	1.217	1.165
124	4055.818	3496.868	4464.477	4217.675	1.203	1.208	1.157
125	3941.781	3500.044	4341.602	3942.407	1.125	1.129	1.124
126	3871.782	3485.725	4449.683	3830.484	1.093	1.097	1.104
127	3907.035	3591.285	4267.823	3879.824	1.107	1.111	1.115
128	3876.327	3590.615	4223.472	3806.853	1.086	1.090	1.106
129	3864.372	3572.750	4215.575	3844.679	1.097	1.101	1.102
130	3736.742	3463.653	4060.585	3733.363	1.065	1.069	1.066
131	3872.082	3574.946	4377.158	3876.392	1.106	1.110	1.105
132	3894.728	3542.847	4163.451	3939.029	1.124	1.128	1.111
133	4036.419	3573.386	4678.931	3960.844	1.130	1.134	1.151
134	4121.735	3772.506	4370.122	4105.650	1.171	1.176	1.176
135	4165.063	3931.255	4723.787	4096.572	1.169	1.173	1.188
136	4066.400	3868.965	4304.074	4090.855	1.167	1.171	1.160
137	4024.191	3745.071	4440.011	4037.140	1.152	1.156	1.148
138	3984.933	3741.284	4229.494	4006.804	1.143	1.147	1.137
139	3877.327	3628.032	4049.053	3947.405	1.126	1.130	1.106
140	3800.777	3591.528	4108.208	3797.639	1.083	1.088	1.084
141	3771.893	3480.882	4057.462	3829.544	1.092	1.097	1.076
142	3717.589	3493.243	3891.796	3714.826	1.060	1.064	1.061
143	3750.549	3543.462	3911.337	3739.112	1.067	1.071	1.070
144	3766.198	3638.290	3900.359	3750.206	1.070	1.074	1.074
145	3798.872	3640.466	4103.013	3787.513	1.080	1.085	1.084
146	3855.735	3635.581	4186.200	3835.171	1.094	1.098	1.100
147	3853.677	3609.875	4103.755	3872.837	1.105	1.109	1.099
148	3894.112	3577.050	4241.558	3932.336	1.122	1.126	1.111
149	4073.163	3450.138	4448.384	4104.462	1.171	1.175	1.162
150	4134.551	3582.974	4442.159	4221.565	1.204	1.209	1.179
151	4115.210	3531.854	4387.776	4218.720	1.203	1.208	1.174
152	4176.095	3864.453	4543.545	4196.408	1.197	1.202	1.191
153	4146.948	3870.126	4411.477	4129.850	1.178	1.183	1.183
154	4088.396	3676.294	4732.416	3999.483	1.141	1.145	1.166
155	4050.548	3853.292	4599.363	3969.858	1.132	1.137	1.155
156	4115.959	4025.407	4268.161	4083.540	1.165	1.169	1.174
157	4046.804	3757.011	4420.857	3990.260	1.138	1.143	1.154
158	4155.894	3890.368	4452.050	4147.527	1.183	1.188	1.186
159	4023.031	3802.351	4387.258	4002.219	1.142	1.146	1.148
160	3984.362	3710.865	4585.653	3832.735	1.093	1.098	1.137
161	3970.110	3754.211	4441.493	3823.343	1.091	1.095	1.133
162	3960.220	3670.305	4278.336	3983.654	1.136	1.141	1.130
163	3859.172	3706.802	4074.147	3872.956	1.105	1.109	1.101
164	3797.070	3632.474	4060.338	3755.055	1.071	1.075	1.083
165	3934.017	3664.055	4236.446	3946.544	1.126	1.130	1.122
166	3880.529	3535.430	4194.488	3897.453	1.112	1.116	1.107
167	3848.024	3618.959	4158.628	3826.042	1.091	1.096	1.098
168	3879.454	3720.339	4192.504	3831.996	1.093	1.097	1.107
169	3831.510	3729.514	3928.499	3825.705	1.091	1.096	1.093
170	3835.297	3518.397	4110.430	3875.998	1.106	1.110	1.094
171	3807.558	3529.048	4117.398	3825.702	1.091	1.096	1.086
172	3731.471	3383.797	4153.559	3638.193	1.038	1.042	1.064
173	3739.765	3482.261	4031.631	3698.791	1.055	1.059	1.067
174	3887.603	3568.759	4162.783	3916.681	1.117	1.122	1.109
175	3884.918	3524.931	4137.386	3939.904	1.124	1.128	1.108
176	3790.989	3459.963	3968.077	3860.075	1.101	1.105	1.081
177	3850.617	3444.335	4196.725	3857.347	1.100	1.105	1.098
178	3810.572	3417.282	4290.138	3802.779	1.085	1.089	1.087
179	3940.820	3361.195	4408.667	3927.169	1.120	1.125	1.124
180	3927.230	3510.063	4253.781	3945.449	1.126	1.130	1.120
181	4004.905	3547.692	4435.173	3979.566	1.135	1.140	1.142
182	4125.634	3513.398	4670.067	4125.646	1.177	1.181	1.177
183	4219.566	3593.496	4995.406	4036.434	1.151	1.156	1.204
184	4164.229	3585.988	4722.814	4056.800	1.157	1.162	1.188
185	4109.570	3594.080	4477.507	4234.817	1.208	1.213	1.172
186	4067.065	3624.755	4425.523	4025.816	1.148	1.153	1.160
187	4121.113	3669.438	4647.461	4087.631	1.166	1.171	1.176
188	4043.854	3563.586	4595.900	4039.817	1.152	1.157	1.154
189	3895.009	3504.810	4390.343	3894.662	1.111	1.115	1.111
190	3904.065	3541.211	4232.639	3957.268	1.129	1.133	1.114
191	3903.813	3516.965	4246.254	3939.668	1.124	1.128	1.114
192	3878.771	3498.633	4332.979	3931.017	1.121	1.126	1.106
193	3943.419	3553.559	4238.371	3985.120	1.137	1.141	1.125
194	3978.563	3636.540	4292.589	4031.151	1.150	1.154	1.135
195	3904.324	3454.444	4162.649	3936.680	1.123	1.127	1.114
196	3888.724	3321.043	4127.107	3967.399	1.132	1.136	1.109
197	4106.793	3544.356	4365.016	4167.363	1.189	1.193	1.172
198	4272.209	3647.010	4693.500	4339.360	1.238	1.243	1.219
199	4245.368	3634.407	4737.904	4313.904	1.231	1.235	1.211
200	4490.253	3802.711	4858.573	4538.207	1.295	1.300	1.281
201	4653.370	3932.139	5181.684	4699.701	1.341	1.346	1.327
202	4570.234	3672.230	5402.250	4564.590	1.302	1.307	1.304
203	4669.170	3573.685	5370.750	4749.691	1.355	1.360	1.332
204	4483.657	3715.215	4982.548	4527.203	1.291	1.296	1.279
205	4438.947	3833.184	4966.693	4408.964	1.258	1.263	1.266
206	4234.227	3684.905	4621.017	4339.303	1.238	1.243	1.208
207	4306.304	3738.255	4691.784	4352.447	1.242	1.246	1.228
208	4461.520	3649.974	4809.437	4579.690	1.306	1.311	1.273
209	4578.220	3877.223	5401.766	4542.984	1.296	1.301	1.306
210	4751.811	3988.683	5498.359	4559.861	1.301	1.306	1.356
211	4848.238	3940.561	5818.307	4771.907	1.361	1.367	1.383
212	4843.225	4070.963	5815.910	4764.813	1.359	1.364	1.382
213	4774.433	4162.453	5677.941	4602.538	1.313	1.318	1.362
214	4590.865	3910.545	5559.179	4428.582	1.263	1.268	1.310
215	4437.209	3928.890	5181.073	4289.871	1.224	1.228	1.266
216	4420.514	3908.002	5009.457	4379.459	1.249	1.254	1.261
217	4360.508	3920.292	5029.960	4401.547	1.256	1.260	1.244
218	4233.622	3954.453	4599.559	4180.998	1.193	1.197	1.208
219	4211.847	3953.964	4520.667	4199.049	1.198	1.202	1.202
220	4211.873	3973.107	4594.602	4115.523	1.174	1.179	1.202
221	4278.332	3817.777	4758.793	4279.505	1.221	1.226	1.220
222	4277.658	3809.553	4872.265	4217.681	1.203	1.208	1.220
223	4274.832	3694.436	4946.566	4135.400	1.180	1.184	1.219
224	4201.399	3731.886	5134.331	3922.272	1.119	1.123	1.199
225	4211.190	3609.223	5039.595	3931.723	1.122	1.126	1.201
226	4332.448	3628.150	5488.229	4052.990	1.156	1.161	1.236
227	4353.340	3588.068	5493.024	4135.571	1.180	1.184	1.242
228	4240.049	3520.326	5123.223	4073.166	1.162	1.166	1.210
229	4461.487	3733.905	5277.350	4228.497	1.206	1.211	1.273
230	4483.887	3796.063	5402.178	4428.330	1.263	1.268	1.279
231	4449.857	3865.826	5006.638	4395.950	1.254	1.259	1.269
232	4224.848	3879.806	4635.318	4206.915	1.200	1.205	1.205
233	4077.765	3827.475	4552.430	4011.668	1.144	1.149	1.163
234	3953.686	3655.560	4197.542	3923.599	1.119	1.124	1.128
235	4027.629	3676.865	4389.237	4007.706	1.143	1.148	1.149
236	4010.464	3606.702	4481.326	3997.393	1.140	1.145	1.144
237	4159.403	3791.502	4539.369	4211.976	1.202	1.206	1.187
238	4233.593	3741.184	4637.869	4240.725	1.210	1.214	1.208
239	4181.761	3634.973	4701.740	4157.675	1.186	1.191	1.193
240	4333.288	3520.423	4993.003	4251.548	1.213	1.218	1.236
241	4323.999	3456.823	4840.311	4384.862	1.251	1.256	1.234
242	4408.071	3581.434	5034.978	4399.604	1.255	1.260	1.257
243	4365.739	3482.589	5111.928	4443.911	1.268	1.273	1.245
244	4350.493	3393.374	5353.961	4205.469	1.200	1.204	1.241
245	4290.028	3341.776	5105.565	4398.036	1.255	1.259	1.224
246	4113.989	3309.600	4964.894	4157.402	1.186	1.191	1.174
247	4147.117	3348.131	4835.949	4119.430	1.175	1.180	1.183
248	4317.817	3339.513	5381.319	4139.297	1.181	1.185	1.232
249	4707.746	3321.406	6607.152	4442.411	1.267	1.272	1.343
250	4704.317	3420.544	6503.910	4406.071	1.257	1.262	1.342
251	4665.979	3395.848	6770.913	4467.330	1.274	1.279	1.331
252	4503.876	3454.891	5659.413	4465.675	1.274	1.279	1.285
253	4679.104	3455.252	5756.195	4640.509	1.324	1.329	1.335
254	4896.720	3377.435	7131.077	4793.581	1.367	1.373	1.397
255	4784.082	3317.402	6472.085	4850.953	1.384	1.389	1.365
256	4667.095	3324.598	5909.276	4941.399	1.410	1.415	1.331
257	4638.333	3465.610	6069.486	4667.557	1.332	1.337	1.323
258	4589.110	3502.920	5612.042	4761.336	1.358	1.363	1.309
259	4543.602	3465.014	5296.816	4719.304	1.346	1.351	1.296
260	4680.016	3639.219	5560.695	4820.294	1.375	1.380	1.335
261	4748.032	3643.187	5449.466	4936.837	1.408	1.414	1.354
262	4837.912	3629.105	6121.350	4864.791	1.388	1.393	1.380
263	4578.230	3494.186	5675.812	4561.741	1.301	1.306	1.306
264	4299.427	3533.582	4832.176	4482.316	1.279	1.284	1.226
265	4254.171	3634.525	4581.738	4331.153	1.236	1.240	1.214
266	4125.004	3699.635	4404.328	4203.745	1.199	1.204	1.177
267	4066.187	3741.442	4504.440	4040.216	1.153	1.157	1.160
268	4039.827	3459.635	4738.376	3884.443	1.108	1.112	1.152
269	3925.198	3316.073	4592.146	3753.764	1.071	1.075	1.120
270	3851.967	3358.417	4497.023	3592.595	1.025	1.029	1.099
271	3766.958	3385.845	4331.680	3646.322	1.040	1.044	1.075
272	3747.715	3346.754	4293.660	3647.575	1.041	1.045	1.069
273	3782.371	3377.677	4300.535	3755.821	1.071	1.076	1.079
274	3796.943	3407.923	4335.183	3865.480	1.103	1.107	1.083
275	3864.037	3253.690	4795.999	3821.425	1.090	1.094	1.102
276	3870.412	3364.130	4499.970	3716.596	1.060	1.064	1.104
277	3857.829	3477.735	4282.508	3918.050	1.118	1.122	1.101
278	3993.575	3535.464	4337.852	4049.687	1.155	1.160	1.139
279	4003.849	3547.172	4474.752	3990.805	1.138	1.143	1.142
280	3918.334	3498.810	4312.129	4048.322	1.155	1.159	1.118
281	4030.408	3488.036	4588.757	3996.875	1.140	1.145	1.150
282	4105.814	3515.384	4947.641	3890.966	1.110	1.114	1.171
283	4217.236	3467.892	5224.045	4084.197	1.165	1.170	1.203
284	4310.059	3281.523	5604.861	4306.270	1.228	1.233	1.230
285	4391.906	3446.917	6026.001	4125.014	1.177	1.181	1.253
286	4369.833	3479.873	5329.919	4221.062	1.204	1.209	1.247
287	4308.786	3464.063	5189.306	4265.284	1.217	1.221	1.229
288	4379.921	3499.991	5061.603	4696.878	1.340	1.345	1.249
289	4155.096	3344.619	4928.137	4210.326	1.201	1.206	1.185
290	4149.928	3298.693	4978.864	4151.908	1.184	1.189	1.184
291	4065.097	3362.111	4736.042	4006.308	1.143	1.147	1.160
292	4076.339	3436.752	4433.919	4297.625	1.226	1.231	1.163
293	4014.955	3521.966	4305.783	4192.594	1.196	1.201	1.145
294	4144.649	3627.552	4506.269	4228.391	1.206	1.211	1.182
295	4288.145	3444.588	4750.139	4411.106	1.258	1.263	1.223
296	4422.901	3340.246	5209.138	4572.949	1.305	1.310	1.262
297	4483.075	3434.388	5283.238	4784.957	1.365	1.370	1.279
298	4506.981	3532.149	5301.401	4791.958	1.367	1.372	1.286
299	4202.912	3466.759	4694.205	4374.691	1.248	1.253	1.199
300	3958.656	3515.113	4341.907	4075.832	1.163	1.167	1.129
301	3876.230	3652.271	4063.714	3867.579	1.103	1.108	1.106
302	3944.803	3695.038	4168.382	3961.966	1.130	1.135	1.125
303	3933.083	3636.033	4212.902	3956.918	1.129	1.133	1.122
304	4101.661	3586.173	4587.581	4091.933	1.167	1.172	1.170
305	4194.257	3928.928	4500.527	4132.189	1.179	1.183	1.196
306	4343.883	3980.781	4606.984	4355.692	1.243	1.247	1.239
307	4300.479	4093.257	4625.975	4249.671	1.212	1.217	1.227
308	4336.332	3749.757	5125.069	4184.410	1.194	1.198	1.237
309	4464.702	3914.202	5570.371	4080.788	1.164	1.169	1.274
310	4456.819	3773.036	5881.617	4074.496	1.162	1.167	1.271
311	4317.841	3697.509	5276.418	4244.418	1.211	1.215	1.232
312	3947.947	3642.713	4488.875	3771.909	1.076	1.080	1.126
313	3934.795	3571.988	4392.438	3788.445	1.081	1.085	1.122
314	3812.441	3598.350	4147.276	3746.133	1.069	1.073	1.088
315	3888.482	3690.805	4191.394	3916.058	1.117	1.121	1.109
316	3831.986	3473.261	3975.514	3880.266	1.107	1.111	1.093
317	4010.623	3617.677	4250.980	4098.682	1.169	1.174	1.144
318	4193.277	3669.513	4631.184	4232.223	1.207	1.212	1.196
319	4602.899	3601.560	5429.290	4498.362	1.283	1.288	1.313
320	4847.113	3650.619	5841.701	4820.555	1.375	1.380	1.383
321	4858.789	3759.918	6098.688	4802.207	1.370	1.375	1.386
322	4592.766	3817.301	5310.653	4671.725	1.333	1.338	1.310
323	4347.065	3735.661	4927.944	4326.433	1.234	1.239	1.240
324	4104.931	3866.084	4385.310	4050.207	1.155	1.160	1.171
325	3950.007	3778.573	4232.755	3894.942	1.111	1.115	1.127
326	4011.353	3894.761	4320.644	3976.830	1.134	1.139	1.144
327	4115.081	3859.482	4348.281	4058.399	1.158	1.162	1.174
328	4059.511	3842.728	4246.350	4087.184	1.166	1.170	1.158
329	4180.335	3870.512	4494.184	4180.701	1.193	1.197	1.193
330	4297.042	3828.424	4804.320	4249.218	1.212	1.217	1.226
331	4386.289	3884.369	4977.182	4389.363	1.252	1.257	1.251
332	4505.907	3845.240	5447.689	4283.492	1.222	1.227	1.285
333	4566.072	3786.305	5274.125	4552.203	1.299	1.304	1.303
334	4536.757	3762.067	5199.309	4616.954	1.317	1.322	1.294
335	4332.041	3816.752	5007.028	4280.956	1.221	1.226	1.236
336	4273.862	3778.849	4843.244	4213.290	1.202	1.207	1.219
337	4309.958	3676.806	4749.583	4374.286	1.248	1.253	1.229
338	4330.392	3666.750	5099.517	4272.449	1.219	1.223	1.235
339	4319.428	3769.429	4781.114	4402.351	1.256	1.261	1.232
340	4084.804	3656.679	4495.947	4058.953	1.158	1.162	1.165
341	3964.293	3730.198	4295.893	3911.202	1.116	1.120	1.131
342	3952.402	3597.625	4356.697	3915.451	1.117	1.121	1.127
343	3952.896	3689.524	4338.243	3906.439	1.114	1.119	1.128
344	3831.511	3544.623	4249.686	3819.044	1.089	1.094	1.093
345	3769.507	3603.163	3952.470	3753.896	1.071	1.075	1.075
346	3772.750	3617.690	4081.485	3742.897	1.068	1.072	1.076
347	3799.480	3646.071	4157.373	3794.237	1.082	1.087	1.084
348	3819.968	3675.125	4018.069	3806.392	1.086	1.090	1.090
349	3943.192	3544.963	4360.078	3952.529	1.128	1.132	1.125
350	4141.482	3451.004	4592.432	4256.786	1.214	1.219	1.181
351	4278.852	3544.925	4924.458	4294.481	1.225	1.230	1.221
352	4298.529	3694.267	4909.796	4244.528	1.211	1.216	1.226
353	4249.657	3894.117	5010.288	4062.580	1.159	1.163	1.212
354	4039.877	3839.010	4478.340	4039.807	1.152	1.157	1.152
355	3931.922	3708.495	4070.911	4005.795	1.143	1.147	1.122
356	3796.560	3589.688	3942.973	3810.589	1.087	1.091	1.083
357	3727.342	3484.886	4007.879	3660.587	1.044	1.048	1.063
358	3645.929	3449.271	4161.292	3564.331	1.017	1.021	1.040
359	3602.805	3393.899	3819.923	3585.354	1.023	1.027	1.028
360	3635.113	3425.196	3940.459	3618.111	1.032	1.036	1.037
361	3607.283	3465.843	3906.118	3575.762	1.020	1.024	1.029
362	3589.223	3492.463	3787.027	3558.865	1.015	1.019	1.024
363	3594.776	3473.531	3672.173	3608.450	1.029	1.033	1.025
364	3611.555	3358.450	4052.858	3587.792	1.023	1.027	1.030
365	3576.226	3416.308	3820.539	3552.638	1.013	1.017	1.020
366	3635.320	3480.019	3770.958	3689.601	1.053	1.057	1.037
367	3603.885	3479.141	3708.041	3619.750	1.033	1.037	1.028
368	3633.344	3401.756	3887.107	3623.368	1.034	1.038	1.036
369	3677.745	3413.071	3915.260	3714.077	1.060	1.064	1.049
370	3593.928	3515.007	3713.089	3582.121	1.022	1.026	1.025
371	3667.401	3553.656	3866.550	3644.893	1.040	1.044	1.046
372	3660.583	3503.454	3864.254	3641.309	1.039	1.043	1.044
373	3589.888	3427.050	3724.628	3576.763	1.020	1.024	1.024
374	3569.426	3402.754	3851.021	3542.732	1.011	1.015	1.018
375	3584.338	3464.348	3694.606	3580.342	1.021	1.025	1.022
376	3645.569	3392.524	3959.268	3617.167	1.032	1.036	1.040
377	3600.750	3401.634	3866.973	3599.473	1.027	1.031	1.027
378	3619.154	3469.814	3715.468	3665.171	1.046	1.050	1.032
379	3648.722	3582.273	3805.481	3625.522	1.034	1.038	1.041
380	3596.057	3474.294	3682.603	3618.888	1.032	1.036	1.026
381	3630.659	3471.995	3849.760	3637.748	1.038	1.042	1.036
382	3568.916	3414.510	3856.676	3567.897	1.018	1.022	1.018
383	3537.116	3332.908	3696.336	3528.193	1.006	1.010	1.009
384	3576.548	3369.311	3809.780	3520.458	1.004	1.008	1.020
385	3625.620	3527.601	3809.358	3596.760	1.026	1.030	1.034
386	3592.128	3388.129	3812.409	3635.406	1.037	1.041	1.025
387	3646.046	3459.146	3898.297	3657.081	1.043	1.047	1.040
388	3690.647	3470.596	4094.277	3593.602	1.025	1.029	1.053
389	3828.497	3510.399	4409.717	3687.503	1.052	1.056	1.092
390	3916.811	3566.274	4357.663	3863.608	1.102	1.106	1.117
391	3854.348	3576.950	4217.933	3722.583	1.062	1.066	1.100
392	3704.485	3481.958	3980.906	3645.060	1.040	1.044	1.057
393	3562.375	3422.531	3792.873	3545.371	1.011	1.015	1.016
394	3486.541	3365.564	3653.153	3481.784	0.993	0.997	0.995
395	3511.917	3355.778	3642.618	3519.932	1.004	1.008	1.002
396	3550.930	3402.811	3726.273	3578.445	1.021	1.025	1.013
397	3581.227	3451.772	3802.440	3552.281	1.013	1.017	1.022
398	3600.908	3456.291	3817.686	3557.958	1.015	1.019	1.027
399	3685.829	3410.688	4004.597	3683.104	1.051	1.055	1.051
400	3800.356	3524.217	4204.921	3757.945	1.072	1.076	1.084
401	3784.097	3529.969	4244.955	3775.175	1.077	1.081	1.079
402	3819.589	3610.512	3971.856	3838.995	1.095	1.099	1.090
403	3812.370	3537.046	4128.306	3801.319	1.084	1.089	1.088
404	3791.590	3444.933	4126.721	3815.596	1.088	1.093	1.082
405	3898.061	3640.296	4093.330	3899.291	1.112	1.117	1.112
406	3877.424	3718.695	3983.384	3897.635	1.112	1.116	1.106
407	3780.921	3643.398	4026.335	3733.166	1.065	1.069	1.079
408	3722.500	3481.295	3933.944	3723.910	1.062	1.066	1.062
409	3683.046	3508.870	3834.769	3698.087	1.055	1.059	1.051
410	3597.485	3450.265	3766.549	3576.007	1.020	1.024	1.026
411	3498.642	3403.326	3613.212	3481.094	0.993	0.997	0.998
412	3493.852	3345.610	3806.329	3462.639	0.988	0.992	0.997
413	3540.723	3382.927	3672.479	3545.459	1.011	1.015	1.010
414	3566.954	3424.482	3849.402	3507.501	1.001	1.004	1.018
415	3524.850	3403.831	3751.933	3486.064	0.994	0.998	1.006
416	3546.275	3346.113	3896.924	3524.320	1.005	1.009	1.012
417	3586.485	3374.803	3757.188	3618.054	1.032	1.036	1.023
418	3593.536	3455.585	3756.839	3596.939	1.026	1.030	1.025
419	3526.034	3385.939	3639.752	3535.083	1.008	1.012	1.006
420	3580.935	3482.343	3767.817	3548.245	1.012	1.016	1.022
421	3578.211	3479.532	3768.154	3564.034	1.017	1.021	1.021
422	3510.141	3387.291	3667.349	3513.129	1.002	1.006	1.001
423	3480.283	3381.402	3601.257	3466.175	0.989	0.993	0.993
424	3490.558	3279.661	3637.211	3516.773	1.003	1.007	0.996
425	3424.551	3264.555	3526.292	3426.249	0.977	0.981	0.977
426	3411.288	3289.764	3648.339	3381.649	0.965	0.968	0.973
427	3413.009	3309.574	3670.538	3398.954	0.970	0.973	0.974
428	3435.458	3303.902	3550.104	3440.317	0.981	0.985	0.980
429	3383.743	3329.548	3438.250	3387.756	0.966	0.970	0.965
430	3418.637	3368.514	3476.091	3419.083	0.975	0.979	0.975
431	3438.114	3304.050	3572.192	3454.548	0.985	0.989	0.981
432	3452.907	3339.847	3597.031	3456.636	0.986	0.990	0.985
433	3428.679	3369.119	3523.330	3411.210	0.973	0.977	0.978
434	3435.601	3346.024	3521.048	3427.258	0.978	0.981	0.980
435	3436.457	3243.564	3559.688	3469.764	0.990	0.994	0.980
436	3435.407	3241.403	3545.757	3470.359	0.990	0.994	0.980
437	3495.625	3381.519	3757.590	3501.288	0.999	1.003	0.997
438	3479.985	3307.943	3613.097	3484.898	0.994	0.998	0.993
439	3524.194	3355.982	3720.106	3548.070	1.012	1.016	1.005
440	3508.505	3412.776	3633.128	3484.561	0.994	0.998	1.001
441	3509.478	3441.294	3630.577	3510.859	1.002	1.005	1.001
442	3483.470	3335.718	3639.058	3480.109	0.993	0.997	0.994
443	3466.334	3299.162	3587.771	3479.126	0.992	0.996	0.989
444	3504.652	3261.513	3682.911	3502.854	0.999	1.003	1.000
445	3467.480	3328.245	3694.946	3456.264	0.986	0.990	0.989
446	3457.616	3358.057	3635.414	3446.932	0.983	0.987	0.986
447	3473.731	3410.225	3624.018	3448.521	0.984	0.988	0.991
448	3468.130	3283.878	3658.454	3473.529	0.991	0.995	0.989
449	3429.174	3337.946	3561.194	3414.997	0.974	0.978	0.978
450	3435.668	3331.420	3607.144	3425.345	0.977	0.981	0.980
451	3477.478	3269.101	3768.929	3475.974	0.992	0.995	0.992
452	3428.041	3328.212	3522.568	3429.588	0.978	0.982	0.978
453	3405.838	3291.218	3498.188	3413.145	0.974	0.977	0.972
454	3471.209	3355.686	3569.749	3509.351	1.001	1.005	0.990
455	3457.285	3298.623	3594.072	3477.744	0.992	0.996	0.986
456	3433.144	3325.143	3573.764	3439.302	0.981	0.985	0.979
457	3432.543	3321.004	3554.111	3431.345	0.979	0.983	0.979
458	3462.259	3264.725	3687.570	3444.036	0.982	0.986	0.988
459	3423.840	3196.289	3615.799	3413.918	0.974	0.978	0.977
460	3427.596	3334.260	3558.367	3425.897	0.977	0.981	0.978
461	3397.524	3320.079	3599.300	3386.187	0.966	0.970	0.969
462	3370.001	3223.502	3534.150	3356.083	0.957	0.961	0.961
463	3401.230	3275.292	3546.361	3397.062	0.969	0.973	0.970
464	3411.389	3238.599	3561.156	3427.502	0.978	0.982	0.973
465	3464.321	3348.854	3614.155	3447.723	0.984	0.987	0.988
466	3447.688	3235.029	3597.290	3429.361	0.978	0.982	0.984
467	3482.359	3404.004	3607.035	3485.706	0.994	0.998	0.993
468	3401.737	3262.604	3498.196	3413.398	0.974	0.977	0.970
469	3468.686	3295.244	3589.889	3489.812	0.996	0.999	0.990
470	3478.971	3304.087	3827.581	3442.629	0.982	0.986	0.992
471	3474.258	3386.418	3521.172	3484.170	0.994	0.998	0.991
472	3465.008	3392.009	3559.522	3464.286	0.988	0.992	0.988
473	3420.897	3357.770	3486.246	3432.583	0.979	0.983	0.976
474	3416.541	3238.930	3578.757	3423.174	0.977	0.980	0.975
475	3495.646	3361.461	3596.474	3522.913	1.005	1.009	0.997
476	3528.665	3399.737	3652.312	3524.437	1.005	1.009	1.007
477	3548.941	3375.031	3693.925	3524.394	1.005	1.009	1.012
478	3516.426	3398.736	3629.737	3512.824	1.002	1.006	1.003
479	3505.928	3357.435	3589.547	3555.517	1.014	1.018	1.000
480	3487.154	3261.296	3692.097	3502.847	0.999	1.003	0.995
481	3416.971	3280.748	3554.497	3417.192	0.975	0.979	0.975
482	3499.956	3346.852	3642.565	3500.383	0.999	1.002	0.998
483	3518.639	3329.704	3666.506	3527.833	1.006	1.010	1.004
484	3581.480	3309.579	3845.363	3618.944	1.032	1.036	1.022
485	3534.582	3385.509	3702.805	3534.450	1.008	1.012	1.008
486	3507.589	3433.677	3649.856	3492.431	0.996	1.000	1.001
487	3522.503	3344.519	3697.395	3534.888	1.008	1.012	1.005
488	3567.841	3421.998	3665.847	3584.251	1.022	1.026	1.018
489	3578.280	3405.610	3697.178	3601.062	1.027	1.031	1.021
490	3649.447	3435.323	3842.940	3648.716	1.041	1.045	1.041
491	3652.880	3450.994	3800.823	3690.701	1.053	1.057	1.042
492	3645.035	3542.944	3808.706	3633.607	1.037	1.041	1.040
493	3676.968	3562.444	3842.451	3677.041	1.049	1.053	1.049
494	3644.511	3426.644	3803.188	3657.849	1.043	1.047	1.040
495	3633.175	3526.259	3770.413	3621.054	1.033	1.037	1.036
496	3618.874	3490.635	3764.910	3604.430	1.028	1.032	1.032
497	3607.255	3515.847	3753.895	3593.906	1.025	1.029	1.029
498	3602.862	3476.727	3803.947	3587.697	1.023	1.027	1.028
499	3613.433	3481.637	3831.251	3577.526	1.021	1.024	1.031
500	3594.455	3426.383	3745.097	3576.085	1.020	1.024	1.025
501	3604.040	3375.621	3744.374	3612.742	1.031	1.035	1.028
502	3571.717	3406.844	3716.911	3571.402	1.019	1.023	1.019
503	3573.562	3432.973	3674.233	3580.524	1.021	1.025	1.019
504	3499.207	3398.368	3592.472	3503.728	1.000	1.003	0.998
505	3467.778	3347.241	3542.011	3481.398	0.993	0.997	0.989
506	3511.504	3400.292	3616.594	3516.508	1.003	1.007	1.002
507	3604.711	3462.874	3825.355	3594.373	1.025	1.029	1.028
508	3511.020	3377.146	3693.252	3516.874	1.003	1.007	1.002
509	3511.241	3430.279	3664.279	3495.426	0.997	1.001	1.002
510	3628.236	3453.420	3819.360	3656.485	1.043	1.047	1.035
511	3610.198	3482.290	3831.258	3587.435	1.023	1.027	1.030
512	3701.332	3434.091	3894.064	3716.819	1.060	1.064	1.056
513	3639.239	3390.806	3954.296	3578.255	1.021	1.025	1.038
514	3647.458	3437.737	3959.337	3612.407	1.031	1.034	1.041
515	3606.691	3370.078	3741.280	3613.012	1.031	1.035	1.029
516	3579.392	3488.333	3754.225	3572.448	1.019	1.023	1.021
517	3575.868	3345.758	3715.453	3588.295	1.024	1.028	1.020
518	3517.415	3298.141	3698.855	3544.110	1.011	1.015	1.003
519	3580.202	3451.258	3696.500	3583.373	1.022	1.026	1.021
520	3569.159	3461.881	3742.471	3562.835	1.016	1.020	1.018
521	3608.364	3421.332	3765.414	3622.449	1.033	1.037	1.029
522	3634.497	3517.949	3766.753	3628.854	1.035	1.039	1.037
523	3627.243	3460.501	3932.627	3621.970	1.033	1.037	1.035
524	3643.032	3428.687	3869.028	3661.978	1.045	1.049	1.039
525	3580.532	3479.885	3684.713	3589.870	1.024	1.028	1.021
526	3547.251	3385.302	3697.598	3558.836	1.015	1.019	1.012
527	3527.807	3434.976	3631.391	3508.716	1.001	1.005	1.006
528	3551.120	3433.825	3680.792	3573.118	1.019	1.023	1.013
529	3532.340	3399.459	3712.337	3514.299	1.003	1.006	1.008
530	3532.957	3402.484	3685.728	3515.308	1.003	1.007	1.008
531	3574.059	3461.025	3718.827	3555.023	1.014	1.018	1.020
532	3511.844	3317.842	3646.426	3522.697	1.005	1.009	1.002
533	3554.105	3421.311	3800.958	3520.497	1.004	1.008	1.014
534	3473.377	3397.941	3597.125	3462.685	0.988	0.992	0.991
535	3540.079	3374.507	3662.915	3550.162	1.013	1.017	1.010
536	3493.196	3293.330	3604.776	3536.121	1.009	1.013	0.996
537	3540.856	3354.931	3701.115	3540.223	1.010	1.014	1.010
538	3575.119	3391.917	3728.504	3607.884	1.029	1.033	1.020
539	3544.941	3466.522	3632.812	3549.541	1.013	1.016	1.011
540	3581.803	3413.708	3764.894	3587.476	1.023	1.027	1.022
541	3556.096	3407.317	3637.778	3559.460	1.015	1.019	1.014
542	3527.658	3430.301	3619.492	3528.315	1.007	1.010	1.006
543	3488.813	3408.011	3619.517	3464.063	0.988	0.992	0.995
544	3483.442	3343.840	3603.964	3488.718	0.995	0.999	0.994
545	3547.773	3359.105	3678.900	3559.007	1.015	1.019	1.012
546	3505.359	3411.102	3681.210	3496.676	0.997	1.001	1.000
547	3437.725	3293.794	3751.962	3433.313	0.979	0.983	0.981
548	3503.983	3357.511	3823.001	3454.289	0.985	0.989	1.000
549	3445.310	3293.573	3579.822	3461.894	0.988	0.991	0.983
550	3480.857	3301.502	3699.124	3425.299	0.977	0.981	0.993
551	3495.753	3344.324	3729.245	3494.064	0.997	1.001	0.997
552	3455.278	3320.127	3605.651	3403.523	0.971	0.975	0.986
553	3455.997	3292.172	3642.604	3436.896	0.980	0.984	0.986
554	3494.322	3264.200	3619.694	3484.162	0.994	0.998	0.997
555	3488.238	3291.779	3680.334	3505.639	1.000	1.004	0.995
556	3532.446	3213.839	3782.792	3570.637	1.019	1.023	1.008
557	3497.564	3277.651	3732.258	3467.663	0.989	0.993	0.998
558	3516.874	3353.936	3658.496	3533.592	1.008	1.012	1.003
559	3532.275	3390.418	3694.031	3501.711	0.999	1.003	1.008
560	3479.233	3329.874	3716.912	3432.292	0.979	0.983	0.993
561	3536.660	3432.443	3660.417	3522.827	1.005	1.009	1.009
562	3573.517	3462.300	3706.789	3557.104	1.015	1.019	1.019
563	3590.668	3471.479	3731.286	3556.448	1.015	1.018	1.024
564	3614.054	3390.534	3726.293	3661.346	1.044	1.048	1.031
565	3611.342	3395.748	3726.050	3628.476	1.035	1.039	1.030
566	3630.359	3379.091	3777.879	3671.396	1.047	1.051	1.036
567	3601.137	3459.439	3786.863	3584.824	1.023	1.027	1.027
568	3637.272	3490.918	3816.566	3624.002	1.034	1.038	1.038
569	3647.786	3492.406	3825.549	3612.572	1.031	1.035	1.041
570	3638.019	3456.136	3792.698	3630.716	1.036	1.040	1.038
571	3567.967	3286.999	3868.533	3562.025	1.016	1.020	1.018
572	3598.261	3416.997	3837.764	3556.408	1.015	1.018	1.026
573	3664.498	3457.124	3850.666	3642.862	1.039	1.043	1.045
574	3653.942	3419.983	3885.597	3637.525	1.038	1.042	1.042
575	3733.164	3550.915	3911.169	3760.981	1.073	1.077	1.065
576	3687.967	3555.279	3821.464	3679.142	1.050	1.054	1.052
577	3671.400	3498.283	3936.302	3642.090	1.039	1.043	1.047
578	3683.214	3486.970	3983.785	3648.310	1.041	1.045	1.051
579	3613.015	3464.865	3757.219	3633.061	1.036	1.040	1.031
580	3522.292	3373.205	3621.066	3529.184	1.007	1.011	1.005
581	3513.285	3431.590	3616.336	3507.757	1.001	1.005	1.002
582	3610.285	3481.467	3788.839	3591.233	1.024	1.028	1.030
583	3637.342	3344.088	3797.324	3651.774	1.042	1.046	1.038
584	3664.318	3424.350	3831.769	3655.834	1.043	1.047	1.045
585	3637.873	3574.824	3722.698	3622.370	1.033	1.037	1.038
586	3697.989	3536.635	3938.620	3689.938	1.053	1.057	1.055
587	3694.840	3556.754	3844.755	3694.308	1.054	1.058	1.054
588	3732.856	3556.391	3948.442	3672.768	1.048	1.052	1.065
589	3707.950	3462.243	4099.091	3675.690	1.049	1.053	1.058
590	3849.973	3602.875	4231.025	3832.259	1.093	1.097	1.098
591	3832.505	3593.796	4028.298	3848.032	1.098	1.102	1.093
592	3832.193	3630.777	3997.497	3845.596	1.097	1.101	1.093
593	3836.693	3715.701	3979.620	3835.776	1.094	1.098	1.094
594	3820.625	3594.240	4142.558	3757.133	1.072	1.076	1.090
595	3912.580	3645.661	4109.751	3933.274	1.122	1.126	1.116
596	3871.770	3702.114	4046.611	3861.733	1.102	1.106	1.104
597	3956.003	3840.635	4199.019	3941.137	1.124	1.129	1.129
598	3929.888	3655.973	4184.793	3918.379	1.118	1.122	1.121
599	3937.753	3735.791	4268.022	3864.876	1.103	1.107	1.123
600	3984.888	3577.189	4612.315	3960.781	1.130	1.134	1.137
601	4093.086	3678.966	4617.407	4079.368	1.164	1.168	1.168
602	4117.810	3720.161	4562.079	3997.346	1.140	1.145	1.175
603	4182.506	3836.606	4723.615	4097.056	1.169	1.173	1.193
604	4121.716	3716.740	4752.966	4041.522	1.153	1.157	1.176
605	3960.943	3603.734	4384.767	3979.178	1.135	1.140	1.130
606	3919.675	3354.136	4531.243	3923.386	1.119	1.124	1.118
607	3940.706	3436.138	4423.904	3884.866	1.108	1.113	1.124
608	4003.603	3473.926	4712.724	3912.011	1.116	1.120	1.142
609	4018.912	3560.842	4660.902	4015.140	1.145	1.150	1.146
610	3984.483	3501.940	4420.973	3959.845	1.130	1.134	1.137
611	3941.509	3646.691	4337.474	3917.187	1.117	1.122	1.124
612	3912.051	3593.860	4363.130	3830.656	1.093	1.097	1.116
613	3807.573	3400.797	4082.516	3755.290	1.071	1.075	1.086
614	3789.773	3491.744	4242.220	3716.041	1.060	1.064	1.081
615	3788.856	3582.048	4107.229	3783.541	1.079	1.083	1.081
616	3647.255	3454.500	3854.567	3671.659	1.047	1.051	1.040
617	3642.605	3437.421	3829.106	3649.541	1.041	1.045	1.039
618	3775.135	3479.098	3993.896	3820.046	1.090	1.094	1.077
619	3747.201	3408.175	4106.395	3751.991	1.070	1.074	1.069
620	3908.402	3475.040	4339.350	3918.587	1.118	1.122	1.115
621	4026.334	3611.683	4781.653	3843.325	1.096	1.101	1.149
622	3963.802	3545.408	4699.194	3809.696	1.087	1.091	1.131
623	3905.193	3573.360	4427.584	3871.672	1.104	1.109	1.114
624	3763.589	3429.564	4109.753	3812.008	1.087	1.092	1.074
625	3699.226	3425.536	3864.709	3718.869	1.061	1.065	1.055
626	3741.791	3533.188	3958.901	3775.636	1.077	1.081	1.067
627	3698.788	3416.406	3874.880	3721.697	1.062	1.066	1.055
628	3738.478	3505.950	3979.071	3745.016	1.068	1.072	1.066
629	3796.227	3549.750	4208.714	3661.363	1.044	1.049	1.083
630	3762.784	3538.975	4082.355	3720.421	1.061	1.065	1.073
631	3841.551	3568.271	4185.720	3801.608	1.084	1.089	1.096
632	3905.876	3586.343	4060.119	3943.720	1.125	1.129	1.114
633	3817.614	3552.905	4051.110	3784.589	1.080	1.084	1.089
634	3729.896	3494.383	3854.391	3734.608	1.065	1.069	1.064
635	3712.677	3501.896	3967.688	3727.369	1.063	1.067	1.059
636	3664.347	3482.944	3869.160	3668.231	1.046	1.050	1.045
637	3693.012	3490.413	3976.288	3703.651	1.057	1.061	1.054
638	3693.720	3474.893	3878.498	3745.377	1.068	1.073	1.054
639	3591.561	3394.072	3778.882	3598.474	1.027	1.030	1.025
640	3628.295	3496.809	3922.371	3590.800	1.024	1.028	1.035
641	3559.576	3332.426	3776.020	3503.628	0.999	1.003	1.015
642	3582.446	3247.293	3704.134	3623.330	1.034	1.038	1.022
643	3605.925	3435.911	3765.190	3592.928	1.025	1.029	1.029
644	3561.866	3421.062	3710.268	3565.799	1.017	1.021	1.016
645	3582.751	3363.930	3815.827	3562.583	1.016	1.020	1.022
646	3603.733	3444.275	3846.452	3556.690	1.015	1.019	1.028
647	3622.365	3386.914	3801.228	3642.479	1.039	1.043	1.033
648	3596.289	3422.579	3735.714	3604.840	1.028	1.032	1.026
649	3667.492	3513.341	3906.239	3618.540	1.032	1.036	1.046
650	3736.342	3507.716	3868.445	3759.195	1.072	1.077	1.066
651	3590.931	3356.112	3726.067	3619.115	1.032	1.036	1.024
652	3596.015	3446.398	3732.486	3585.967	1.023	1.027	1.026
653	3650.210	3455.951	4063.644	3618.738	1.032	1.036	1.041
654	3670.631	3456.230	3927.984	3670.738	1.047	1.051	1.047
655	3652.767	3318.669	3920.029	3672.022	1.048	1.052	1.042
656	3730.869	3434.109	4016.471	3701.530	1.056	1.060	1.064
657	3821.541	3573.666	4097.733	3798.346	1.084	1.088	1.090
658	3885.829	3499.535	4266.103	3857.009	1.100	1.105	1.109
659	3778.111	3545.329	4121.265	3715.266	1.060	1.064	1.078
660	3755.381	3527.402	4009.519	3758.688	1.072	1.076	1.071
661	3816.885	3555.155	4277.492	3782.319	1.079	1.083	1.089
662	3801.392	3513.581	4141.308	3755.816	1.071	1.076	1.084
663	3669.351	3348.803	3887.989	3671.412	1.047	1.051	1.047
664	3643.514	3516.699	3747.306	3636.148	1.037	1.041	1.039
665	3749.684	3469.357	3968.244	3804.188	1.085	1.089	1.070
666	3697.225	3542.208	3984.373	3621.478	1.033	1.037	1.055
667	3696.579	3366.470	3953.091	3737.995	1.066	1.070	1.055
668	3739.726	3422.504	3924.296	3783.494	1.079	1.083	1.067
669	3681.326	3489.943	3828.235	3648.331	1.041	1.045	1.050
670	3677.625	3477.585	3784.455	3700.761	1.056	1.060	1.049
671	3695.397	3451.829	3915.852	3675.903	1.049	1.053	1.054
672	3771.699	3443.610	4118.563	3726.156	1.063	1.067	1.076
673	3769.983	3459.615	4067.774	3754.370	1.071	1.075	1.075
674	3770.052	3406.391	4272.984	3723.736	1.062	1.066	1.075
675	3782.130	3426.665	4279.757	3738.557	1.066	1.071	1.079
676	3686.471	3441.753	3972.068	3652.403	1.042	1.046	1.052
677	3643.505	3330.303	3987.057	3615.380	1.031	1.035	1.039
678	3619.771	3338.553	3890.310	3581.565	1.022	1.026	1.033
679	3677.238	3383.245	3969.387	3676.689	1.049	1.053	1.049
680	3661.292	3338.986	3821.811	3698.385	1.055	1.059	1.044
681	3686.365	3264.450	4107.548	3691.371	1.053	1.057	1.052
682	3659.509	3338.082	4002.384	3648.037	1.041	1.045	1.044
683	3664.022	3341.355	4000.868	3671.600	1.047	1.051	1.045
684	3686.842	3317.348	3936.523	3678.578	1.049	1.053	1.052
685	3665.017	3451.252	3899.448	3657.329	1.043	1.047	1.046
686	3735.748	3431.083	4273.954	3673.147	1.048	1.052	1.066
687	3713.023	3394.738	3957.425	3764.571	1.074	1.078	1.059
688	3663.770	3378.530	3872.441	3680.562	1.050	1.054	1.045
689	3720.196	3419.674	3901.857	3756.763	1.072	1.076	1.061
690	3762.016	3425.183	4111.656	3800.452	1.084	1.088	1.073
691	3838.629	3354.286	4201.571	3945.317	1.125	1.130	1.095
692	3844.284	3320.728	4263.572	3909.231	1.115	1.119	1.097
693	3882.508	3435.803	4242.583	3990.600	1.138	1.143	1.108
694	3872.204	3471.490	4159.526	3955.210	1.128	1.133	1.105
695	3889.330	3456.215	4484.238	3830.501	1.093	1.097	1.110
696	3856.071	3394.186	4324.939	3901.161	1.113	1.117	1.100
697	3782.748	3425.365	4119.417	3836.158	1.094	1.099	1.079
698	3772.064	3404.687	4111.607	3815.216	1.088	1.093	1.076
699	3774.222	3368.167	4211.214	3761.537	1.073	1.077	1.077
700	3781.189	3410.242	4052.827	3800.992	1.084	1.088	1.079
701	3837.179	3542.804	4198.924	3757.793	1.072	1.076	1.095
702	3693.529	3411.950	4035.194	3603.955	1.028	1.032	1.054
703	3701.605	3310.243	4042.730	3742.728	1.068	1.072	1.056
704	3606.641	3425.607	3807.967	3616.255	1.032	1.036	1.029
705	3645.463	3356.232	4172.647	3647.062	1.040	1.044	1.040
706	3598.572	3361.960	3839.592	3567.982	1.018	1.022	1.027
707	3639.660	3399.674	3832.799	3632.744	1.036	1.040	1.038
708	3676.682	3446.914	3904.203	3731.775	1.065	1.069	1.049
709	3602.045	3405.806	4029.208	3528.790	1.007	1.011	1.028
710	3640.739	3406.384	3834.698	3655.832	1.043	1.047	1.039
711	3594.236	3377.166	3950.959	3535.659	1.009	1.013	1.025
712	3606.365	3296.971	3836.781	3657.999	1.044	1.048	1.029
713	3641.751	3372.075	3860.572	3628.267	1.035	1.039	1.039
714	3581.499	3395.517	3817.614	3569.968	1.018	1.022	1.022
715	3654.094	3312.154	4170.024	3637.918	1.038	1.042	1.042
716	3683.349	3407.496	4021.243	3689.431	1.052	1.057	1.051
717	3736.535	3543.835	4011.492	3689.557	1.053	1.057	1.066
718	3671.971	3468.856	4001.071	3637.142	1.038	1.042	1.047
719	3636.409	3450.334	3893.106	3614.006	1.031	1.035	1.037
720	3703.980	3558.286	3981.158	3674.298	1.048	1.052	1.057
721	3754.810	3603.033	3937.974	3720.583	1.061	1.065	1.071
722	3727.547	3516.205	3933.728	3735.146	1.066	1.070	1.063
723	3751.265	3499.519	4174.158	3762.518	1.073	1.077	1.070
724	3728.053	3469.021	3983.185	3724.354	1.062	1.067	1.063
725	3711.002	3402.284	4160.854	3652.589	1.042	1.046	1.059
726	3699.511	3366.729	4087.579	3617.707	1.032	1.036	1.055
727	3656.770	3455.163	3814.354	3652.828	1.042	1.046	1.043
728	3647.067	3522.603	3740.492	3659.766	1.044	1.048	1.040
729	3539.509	3411.504	3625.485	3536.865	1.009	1.013	1.010
730	3561.975	3340.970	3868.190	3518.847	1.004	1.008	1.016
731	3620.503	3475.717	3909.294	3571.525	1.019	1.023	1.033
732	3627.343	3442.146	4019.845	3584.449	1.023	1.026	1.035
733	3619.684	3293.432	3880.044	3633.920	1.037	1.041	1.033
734	3587.443	3305.125	3751.839	3635.513	1.037	1.041	1.023
735	3543.313	3339.425	3751.442	3531.086	1.007	1.011	1.011
736	3503.012	3290.523	3726.328	3493.100	0.996	1.000	0.999
737	3459.527	3308.441	3690.874	3431.506	0.979	0.983	0.987
738	3483.010	3372.924	3584.703	3482.358	0.993	0.997	0.994
739	3493.979	3360.450	3695.981	3471.038	0.990	0.994	0.997
740	3538.318	3394.104	3745.393	3555.897	1.014	1.018	1.009
741	3605.574	3425.613	3789.384	3613.620	1.031	1.035	1.029
742	3559.587	3392.543	3737.485	3584.662	1.023	1.027	1.015
743	3530.373	3363.930	3713.104	3526.190	1.006	1.010	1.007
744	3486.901	3331.443	3685.446	3500.078	0.998	1.002	0.995
745	3484.770	3279.854	3612.033	3477.515	0.992	0.996	0.994
746	3522.172	3326.015	3649.104	3535.306	1.009	1.012	1.005
747	3521.829	3371.794	3888.407	3467.149	0.989	0.993	1.005
748	3455.324	3296.447	3680.736	3460.698	0.987	0.991	0.986
749	3499.987	3335.178	3669.425	3469.370	0.990	0.994	0.998
750	3496.378	3292.117	3778.372	3457.355	0.986	0.990	0.997
751	3434.435	3361.566	3606.220	3396.134	0.969	0.973	0.980
752	3442.515	3314.876	3567.753	3457.966	0.986	0.990	0.982
753	3461.578	3206.963	3614.828	3466.566	0.989	0.993	0.987
754	3440.880	3372.741	3525.674	3437.618	0.981	0.984	0.982
755	3421.244	3298.536	3518.899	3414.403	0.974	0.978	0.976
756	3544.364	3399.473	3775.806	3532.302	1.008	1.012	1.011
757	3493.889	3399.303	3547.626	3511.369	1.002	1.006	0.997
758	3405.360	3322.783	3495.195	3405.263	0.971	0.975	0.971
759	3421.873	3261.824	3559.798	3428.250	0.978	0.982	0.976
760	3418.837	3279.490	3578.994	3438.947	0.981	0.985	0.975
761	3443.548	3366.899	3590.057	3436.672	0.980	0.984	0.982
762	3461.854	3342.294	3558.464	3467.632	0.989	0.993	0.988
763	3422.424	3328.739	3541.665	3409.572	0.973	0.976	0.976
764	3400.669	3258.063	3501.063	3432.259	0.979	0.983	0.970
765	3416.516	3275.807	3567.523	3411.081	0.973	0.977	0.975
766	3409.513	3321.348	3526.240	3397.886	0.969	0.973	0.973
767	3379.692	3257.839	3505.141	3381.594	0.965	0.968	0.964
768	3418.649	3336.813	3611.662	3358.702	0.958	0.962	0.975
769	3402.534	3303.168	3493.791	3392.618	0.968	0.972	0.971
770	3421.337	3332.338	3694.032	3369.461	0.961	0.965	0.976
771	3371.280	3311.698	3449.846	3361.226	0.959	0.963	0.962
772	3363.402	3243.616	3427.487	3367.616	0.961	0.964	0.959
773	3349.464	3174.618	3459.864	3364.788	0.960	0.964	0.955
774	3384.267	3162.526	3637.374	3356.578	0.958	0.961	0.965
775	3360.890	3187.444	3497.771	3412.456	0.973	0.977	0.959
776	3404.465	3310.531	3583.004	3373.528	0.962	0.966	0.971
777	3382.999	3303.696	3492.437	3365.579	0.960	0.964	0.965
778	3398.441	3258.471	3528.933	3384.425	0.965	0.969	0.969
779	3392.050	3242.787	3567.883	3377.774	0.964	0.967	0.968
780	3423.248	3266.589	3611.084	3408.449	0.972	0.976	0.977
781	3356.880	3223.264	3528.753	3386.221	0.966	0.970	0.958
782	3421.563	3210.710	3646.326	3438.387	0.981	0.985	0.976
783	3394.731	3180.147	3641.450	3407.642	0.972	0.976	0.968
784	3401.982	3070.160	4025.941	3313.624	0.945	0.949	0.970
785	3380.237	3278.291	3615.609	3369.246	0.961	0.965	0.964
786	3373.789	3276.902	3454.609	3360.179	0.959	0.962	0.962
787	3424.511	3329.484	3498.153	3432.793	0.979	0.983	0.977
788	3441.897	3338.792	3609.473	3446.558	0.983	0.987	0.982
789	3410.428	3323.356	3540.257	3412.090	0.973	0.977	0.973
790	3391.284	3296.060	3467.247	3398.200	0.969	0.973	0.967
791	3373.154	3286.228	3471.846	3368.707	0.961	0.965	0.962
792	3340.873	3226.477	3407.750	3342.514	0.954	0.957	0.953
793	3436.467	3329.881	3623.063	3428.738	0.978	0.982	0.980
794	3353.532	3299.973	3464.481	3347.582	0.955	0.959	0.957
795	3356.749	3205.752	3487.927	3367.191	0.961	0.964	0.958
796	3347.428	3222.002	3470.137	3377.237	0.963	0.967	0.955
797	3440.250	3341.191	3497.882	3466.728	0.989	0.993	0.981
798	3399.974	3170.607	3487.968	3416.946	0.975	0.979	0.970
799	3404.778	3185.900	3586.023	3440.696	0.982	0.985	0.971
800	3371.943	3295.079	3447.436	3369.994	0.961	0.965	0.962
801	3413.359	3287.825	3528.870	3414.651	0.974	0.978	0.974
802	3409.458	3296.484	3540.067	3380.048	0.964	0.968	0.973
803	3377.854	3260.220	3529.064	3349.061	0.955	0.959	0.964
804	3344.678	3210.089	3539.949	3285.705	0.937	0.941	0.954
805	3359.193	3260.381	3510.761	3330.864	0.950	0.954	0.958
806	3318.924	3232.691	3442.790	3301.604	0.942	0.945	0.947
807	3324.742	3115.564	3490.478	3323.149	0.948	0.952	0.948
808	3353.501	3218.813	3459.432	3346.661	0.955	0.958	0.957
809	3391.794	3306.241	3479.076	3393.396	0.968	0.972	0.968
810	3379.237	3297.599	3439.459	3383.606	0.965	0.969	0.964
811	3299.564	3238.428	3347.032	3298.383	0.941	0.945	0.941
812	3376.666	3289.166	3495.314	3362.644	0.959	0.963	0.963
813	3408.774	3311.467	3502.828	3408.147	0.972	0.976	0.972
814	3383.751	3265.536	3499.519	3395.066	0.969	0.972	0.965
815	3349.471	3207.456	3511.243	3349.028	0.955	0.959	0.955
816	3309.370	3159.249	3426.932	3300.007	0.941	0.945	0.944
817	3341.813	3244.033	3462.388	3323.340	0.948	0.952	0.953
818	3371.174	3191.345	3522.806	3377.131	0.963	0.967	0.962
819	3326.089	3275.127	3395.608	3321.956	0.948	0.951	0.949
820	3300.625	3256.727	3425.951	3279.641	0.936	0.939	0.942
821	3319.859	3256.767	3446.791	3313.485	0.945	0.949	0.947
822	3352.465	3290.906	3436.906	3346.484	0.955	0.958	0.956
823	3324.673	3195.825	3470.240	3338.765	0.952	0.956	0.948
824	3339.150	3227.413	3450.856	3338.603	0.952	0.956	0.953
825	3354.532	3277.331	3409.162	3362.114	0.959	0.963	0.957
826	3367.746	3259.867	3434.796	3402.251	0.971	0.974	0.961
827	3398.918	3290.181	3510.265	3403.423	0.971	0.975	0.970
828	3332.875	3229.370	3459.135	3324.642	0.948	0.952	0.951
829	3334.165	3227.189	3493.320	3314.080	0.945	0.949	0.951
830	3382.959	3294.133	3522.260	3368.959	0.961	0.965	0.965
831	3376.466	3270.130	3474.275	3370.545	0.962	0.965	0.963
832	3391.317	3185.854	3520.414	3423.289	0.977	0.980	0.967
833	3401.552	3268.006	3546.325	3390.523	0.967	0.971	0.970
834	3369.388	3227.863	3642.373	3355.645	0.957	0.961	0.961
835	3381.078	3196.344	3568.752	3386.890	0.966	0.970	0.965
836	3439.351	3306.633	3600.092	3441.748	0.982	0.986	0.981
837	3409.536	3214.457	3568.105	3418.540	0.975	0.979	0.973
838	3366.920	3241.504	3496.363	3358.619	0.958	0.962	0.960
839	3428.078	3318.351	3565.362	3440.426	0.981	0.985	0.978
840	3458.628	3284.385	3600.375	3493.118	0.996	1.000	0.987
841	3438.062	3231.755	3686.793	3383.721	0.965	0.969	0.981
842	3460.205	3371.211	3641.962	3426.833	0.978	0.981	0.987
843	3376.328	3169.460	3490.667	3386.922	0.966	0.970	0.963
844	3402.543	3238.298	3500.208	3433.655	0.980	0.983	0.971
845	3352.762	3224.618	3520.954	3338.218	0.952	0.956	0.956
846	3392.647	3302.539	3512.491	3379.860	0.964	0.968	0.968
847	3370.999	3220.810	3450.414	3389.895	0.967	0.971	0.962
848	3434.852	3346.880	3607.302	3411.036	0.973	0.977	0.980
849	3391.070	3301.016	3449.545	3395.002	0.968	0.972	0.967
850	3370.593	3306.817	3465.131	3371.485	0.962	0.965	0.962
851	3340.156	3223.928	3481.932	3322.470	0.948	0.951	0.953
852	3344.411	3194.745	3457.036	3347.162	0.955	0.959	0.954
853	3383.615	3328.052	3518.524	3364.638	0.960	0.964	0.965
854	3384.656	3302.929	3573.967	3347.804	0.955	0.959	0.966
855	3372.333	3271.700	3483.725	3372.241	0.962	0.966	0.962
856	3408.462	3254.365	3612.027	3384.814	0.966	0.969	0.972
857	3386.943	3261.842	3527.091	3362.640	0.959	0.963	0.966
858	3389.408	3256.251	3560.714	3342.092	0.953	0.957	0.967
859	3358.013	3252.582	3480.120	3340.977	0.953	0.957	0.958
860	3355.230	3273.443	3456.497	3344.828	0.954	0.958	0.957
861	3398.153	3221.557	3525.697	3417.893	0.975	0.979	0.969
862	3329.817	3242.405	3405.135	3335.827	0.952	0.955	0.950
863	3402.315	3222.277	3534.127	3399.377	0.970	0.973	0.971
864	3407.931	3295.221	3554.196	3403.888	0.971	0.975	0.972
865	3334.519	3244.661	3481.007	3312.957	0.945	0.949	0.951
866	3346.780	3218.932	3449.541	3343.053	0.954	0.957	0.955
867	3398.882	3337.746	3478.535	3395.710	0.969	0.972	0.970
868	3414.259	3319.276	3599.969	3401.564	0.970	0.974	0.974
869	3357.868	3238.026	3542.856	3312.853	0.945	0.949	0.958
870	3390.646	3297.726	3506.420	3391.875	0.968	0.971	0.967
871	3391.155	3267.465	3678.648	3341.850	0.953	0.957	0.967
872	3358.114	3238.105	3458.849	3372.672	0.962	0.966	0.958
873	3403.501	3296.920	3468.248	3423.035	0.976	0.980	0.971
874	3411.537	3227.581	3564.749	3430.494	0.979	0.982	0.973
875	3416.801	3183.164	3606.519	3405.334	0.971	0.975	0.975
876	3410.553	3219.714	3631.356	3427.781	0.978	0.982	0.973
877	3474.117	3233.188	3736.725	3525.317	1.006	1.010	0.991
878	3423.899	3164.478	3675.134	3418.802	0.975	0.979	0.977
879	3491.129	3339.946	3645.494	3497.461	0.998	1.002	0.996
880	3524.310	3382.614	3675.091	3492.662	0.996	1.000	1.005
881	3491.520	3253.148	3689.248	3497.442	0.998	1.002	0.996
882	3465.477	3285.329	3632.182	3479.179	0.993	0.996	0.989
883	3523.363	3308.319	3724.598	3542.731	1.011	1.015	1.005
884	3568.665	3395.555	3786.475	3553.912	1.014	1.018	1.018
885	3629.245	3394.533	4150.465	3548.125	1.012	1.016	1.035
886	3668.791	3452.110	4318.655	3567.089	1.018	1.022	1.047
887	3781.795	3434.352	4673.622	3587.154	1.023	1.027	1.079
888	3761.513	3340.769	4055.856	3845.324	1.097	1.101	1.073
889	3735.546	3426.933	4190.302	3739.237	1.067	1.071	1.066
890	3603.021	3443.161	3698.872	3603.881	1.028	1.032	1.028
891	3650.327	3467.202	3853.211	3638.885	1.038	1.042	1.041
892	3680.649	3466.045	3971.849	3641.572	1.039	1.043	1.050
893	3674.002	3408.468	3954.024	3647.690	1.041	1.045	1.048
894	3719.349	3505.608	3970.812	3695.296	1.054	1.058	1.061
895	3737.036	3457.058	4039.174	3688.077	1.052	1.056	1.066
896	3700.254	3471.648	3968.369	3650.349	1.041	1.045	1.056
897	3641.148	3501.082	3854.427	3622.616	1.033	1.037	1.039
898	3736.168	3566.349	4019.160	3687.738	1.052	1.056	1.066
899	3684.902	3523.678	3905.868	3623.120	1.034	1.038	1.051
900	3602.904	3405.710	3710.994	3627.113	1.035	1.039	1.028
901	3612.443	3518.706	3797.655	3590.075	1.024	1.028	1.031
902	3630.009	3441.042	3877.006	3611.094	1.030	1.034	1.036
903	3565.935	3387.535	3638.139	3578.480	1.021	1.025	1.017
904	3481.827	3406.846	3572.059	3477.896	0.992	0.996	0.993
905	3408.215	3292.534	3499.229	3419.695	0.976	0.979	0.972
906	3526.951	3382.821	3657.786	3533.937	1.008	1.012	1.006
907	3573.153	3378.968	3903.136	3530.950	1.007	1.011	1.019
908	3517.862	3365.101	3733.204	3519.815	1.004	1.008	1.004
909	3528.909	3335.954	3718.761	3540.930	1.010	1.014	1.007
910	3514.575	3324.171	3834.427	3487.850	0.995	0.999	1.003
911	3557.974	3394.187	3901.998	3486.363	0.995	0.998	1.015
912	3530.438	3306.627	3954.329	3458.181	0.987	0.990	1.007
913	3555.429	3231.212	3981.022	3534.491	1.008	1.012	1.014
914	3638.658	3410.604	4096.521	3545.827	1.012	1.015	1.038
915	3688.038	3435.641	4023.972	3654.200	1.042	1.046	1.052
916	3604.793	3275.623	3904.710	3602.037	1.028	1.032	1.028
917	3568.578	3369.179	3702.588	3609.499	1.030	1.034	1.018
918	3626.979	3508.778	3706.752	3628.515	1.035	1.039	1.035
919	3681.058	3545.181	3787.479	3702.139	1.056	1.060	1.050
920	3671.660	3401.518	3868.484	3692.842	1.053	1.058	1.047
921	3588.181	3418.234	3806.086	3570.482	1.019	1.022	1.024
922	3582.295	3388.603	3896.250	3517.917	1.004	1.007	1.022
923	3626.034	3437.424	3863.112	3612.374	1.030	1.034	1.034
924	3683.948	3399.393	3966.204	3648.770	1.041	1.045	1.051
925	3702.983	3485.969	4061.131	3666.500	1.046	1.050	1.056
926	3669.332	3391.298	3944.827	3653.623	1.042	1.046	1.047
927	3636.090	3377.565	3894.291	3645.990	1.040	1.044	1.037
928	3615.752	3507.324	3796.094	3586.533	1.023	1.027	1.031
929	3606.561	3432.363	3692.484	3615.925	1.032	1.035	1.029
930	3614.666	3467.156	3726.872	3613.184	1.031	1.035	1.031
931	3621.672	3404.605	3906.738	3602.532	1.028	1.032	1.033
932	3628.810	3403.985	3910.469	3606.088	1.029	1.033	1.035
933	3657.606	3523.083	3839.842	3649.230	1.041	1.045	1.043
934	3742.123	3621.490	3893.113	3753.292	1.071	1.075	1.068
935	3628.223	3547.714	3847.758	3601.645	1.027	1.031	1.035
936	3615.591	3454.388	3848.319	3575.311	1.020	1.024	1.031
937	3584.175	3384.333	3740.380	3659.734	1.044	1.048	1.022
938	3539.876	3404.688	3742.234	3494.098	0.997	1.001	1.010
939	3548.112	3398.448	3698.520	3544.758	1.011	1.015	1.012
940	3570.576	3428.511	3656.591	3583.906	1.022	1.026	1.019
941	3555.712	3406.625	3939.893	3509.933	1.001	1.005	1.014
942	3592.507	3450.129	3724.774	3587.281	1.023	1.027	1.025
943	3541.025	3391.443	3810.198	3499.715	0.998	1.002	1.010
944	3640.937	3509.267	3800.684	3592.259	1.025	1.029	1.039
945	3766.609	3488.277	3984.872	3756.974	1.072	1.076	1.074
946	3893.141	3532.405	4409.784	3838.432	1.095	1.099	1.111
947	3930.998	3541.133	4272.373	3911.854	1.116	1.120	1.121
948	3876.826	3652.152	4037.191	3913.278	1.116	1.121	1.106
949	3898.036	3770.861	4178.925	3882.102	1.107	1.112	1.112
950	3945.671	3801.625	4173.653	3910.749	1.116	1.120	1.126
951	3876.012	3687.022	4048.915	3904.024	1.114	1.118	1.106
952	3890.435	3768.570	4056.465	3875.877	1.106	1.110	1.110
953	3818.739	3718.551	3966.370	3824.952	1.091	1.095	1.089
954	3830.578	3619.094	3945.063	3863.059	1.102	1.106	1.093
955	3801.911	3509.646	4159.552	3833.657	1.094	1.098	1.085
956	3996.508	3568.190	4431.652	3986.945	1.137	1.142	1.140
957	4073.676	3732.634	4418.404	4082.042	1.164	1.169	1.162
958	4007.528	3697.086	4243.863	4011.349	1.144	1.149	1.143
959	4091.173	3819.642	4521.055	4071.564	1.161	1.166	1.167
960	3982.713	3679.666	4269.888	4033.840	1.151	1.155	1.136
961	3827.662	3552.385	4209.017	3830.629	1.093	1.097	1.092
962	3872.604	3517.477	4110.748	3880.360	1.107	1.111	1.105
963	3881.446	3546.750	4386.510	3823.516	1.091	1.095	1.107
964	3773.821	3509.882	4221.972	3694.101	1.054	1.058	1.077
965	3654.245	3433.700	4015.249	3592.388	1.025	1.029	1.042
966	3589.979	3334.693	3812.474	3565.165	1.017	1.021	1.024
967	3471.851	3377.826	3596.519	3455.154	0.986	0.989	0.990
968	3508.389	3373.302	3663.124	3500.843	0.999	1.003	1.001
969	3536.232	3399.218	3641.727	3552.095	1.013	1.017	1.009
970	3596.658	3437.198	3931.934	3578.643	1.021	1.025	1.026
971	3597.055	3446.526	3730.788	3578.524	1.021	1.025	1.026
972	3539.674	3441.015	3630.540	3539.801	1.010	1.014	1.010
973	3574.427	3446.864	3741.211	3590.261	1.024	1.028	1.020
974	3628.251	3473.924	3745.812	3648.101	1.041	1.045	1.035
975	3605.554	3476.026	3702.801	3600.392	1.027	1.031	1.029
976	3775.509	3614.386	3989.184	3753.791	1.071	1.075	1.077
977	3801.966	3511.253	4032.150	3794.098	1.082	1.087	1.085
978	3942.458	3741.270	4403.408	3935.965	1.123	1.127	1.125
979	3995.975	3640.305	4567.875	3865.725	1.103	1.107	1.140
980	4073.031	3704.967	4821.222	3929.061	1.121	1.125	1.162
981	4019.831	3665.284	4227.430	4035.472	1.151	1.156	1.147
982	4130.007	3671.383	4532.495	4169.090	1.189	1.194	1.178
983	4083.880	3588.862	4791.509	3986.834	1.137	1.142	1.165
984	3936.263	3583.101	4464.867	3885.348	1.108	1.113	1.123
985	3870.871	3436.181	4467.624	3767.985	1.075	1.079	1.104
986	3861.710	3416.365	4367.158	3860.063	1.101	1.105	1.102
987	3868.615	3476.090	4267.746	3821.683	1.090	1.094	1.104
988	3962.356	3597.443	4338.579	4018.723	1.146	1.151	1.130
989	3935.280	3616.603	4703.395	3804.142	1.085	1.089	1.123
990	3977.105	3719.271	4365.621	3914.957	1.117	1.121	1.135
991	3807.079	3573.677	4138.181	3759.893	1.073	1.077	1.086
992	3790.764	3528.473	4075.213	3740.392	1.067	1.071	1.081
993	3820.883	3639.988	4001.244	3803.006	1.085	1.089	1.090
994	3762.653	3540.004	4030.439	3755.982	1.071	1.076	1.073
995	3630.981	3465.355	3817.288	3615.510	1.031	1.035	1.036
996	3645.629	3434.750	3819.225	3703.661	1.057	1.061	1.040
997	3678.118	3544.307	3883.462	3659.049	1.044	1.048	1.049
998	3719.589	3598.672	3848.166	3689.172	1.052	1.056	1.061
999	3632.377	3536.875	3769.690	3636.497	1.037	1.041	1.036
1000	3670.842	3504.228	3828.586	3655.710	1.043	1.047	1.047
1001	3590.182	3486.810	3688.597	3580.075	1.021	1.025	1.024
1002	3574.500	3429.321	3710.433	3579.476	1.021	1.025	1.020
1003	3523.064	3446.005	3594.957	3522.452	1.005	1.009	1.005
1004	3540.730	3417.060	3705.616	3519.202	1.004	1.008	1.010
1005	3604.227	3492.613	3778.589	3581.162	1.022	1.026	1.028
1006	3632.840	3378.524	3796.043	3641.818	1.039	1.043	1.036
1007	3606.028	3459.490	3800.546	3606.965	1.029	1.033	1.029
1008	3718.840	3574.975	3951.803	3705.775	1.057	1.061	1.061
1009	3704.263	3537.667	3826.424	3713.925	1.059	1.064	1.057
1010	3853.160	3744.948	4203.184	3819.554	1.090	1.094	1.099
1011	3812.864	3631.183	4083.941	3744.186	1.068	1.072	1.088
1012	3882.783	3791.060	3992.692	3891.134	1.110	1.114	1.108
1013	4001.050	3848.377	4133.523	4001.512	1.142	1.146	1.141
1014	4065.984	3804.914	4534.786	3962.251	1.130	1.135	1.160
1015	4088.734	3609.178	4559.892	4118.760	1.175	1.179	1.166
1016	4117.438	3887.677	4282.168	4102.739	1.170	1.175	1.175
1017	4310.430	3716.920	4786.218	4332.633	1.236	1.241	1.230
1018	4320.725	3679.089	4746.793	4394.981	1.254	1.259	1.233
1019	4612.839	3833.786	5104.028	4660.974	1.330	1.335	1.316
1020	4733.674	3826.496	5347.266	4876.580	1.391	1.397	1.350
1021	4817.099	4042.744	5522.754	4874.626	1.391	1.396	1.374
1022	4579.165	3970.426	5359.105	4597.341	1.311	1.317	1.306
1023	4409.979	4022.596	5069.101	4234.708	1.208	1.213	1.258
1024	4250.030	3698.591	4682.295	4227.564	1.206	1.211	1.212
1025	4308.294	3817.109	4725.131	4379.976	1.249	1.254	1.229
1026	4552.170	3874.243	5171.075	4603.296	1.313	1.318	1.299
1027	4766.313	4011.748	5724.343	4705.909	1.342	1.348	1.360
1028	4873.147	4102.375	5722.731	4905.485	1.399	1.405	1.390
1029	4694.076	4183.236	5149.906	4720.355	1.347	1.352	1.339
1030	4569.903	4195.693	5033.330	4541.120	1.295	1.300	1.304
1031	4376.158	3953.435	4586.171	4454.392	1.271	1.276	1.248
1032	4268.436	4082.269	4617.869	4162.544	1.187	1.192	1.218
1033	4171.108	3908.351	4461.886	4184.531	1.194	1.198	1.190
1034	4260.561	3957.686	4553.973	4270.688	1.218	1.223	1.215
1035	4488.015	4102.854	5323.082	4314.106	1.231	1.235	1.280
1036	5121.206	4284.325	6555.148	4873.344	1.390	1.396	1.461
1037	6173.204	4049.187	8721.683	5815.538	1.659	1.665	1.761
1038	6656.624	4033.442	8740.899	6976.149	1.990	1.998	1.899
1039	7028.629	3895.968	9588.711	7757.063	2.213	2.221	2.005
1040	6162.405	3657.908	8015.888	6698.872	1.911	1.918	1.758
1041	4954.958	3836.452	6045.242	5199.229	1.483	1.489	1.413
1042	4541.492	3993.699	5220.858	4480.332	1.278	1.283	1.296
1043	4330.842	3998.369	4584.766	4394.096	1.253	1.258	1.235
1044	4351.785	3948.615	4623.075	4418.596	1.260	1.265	1.241
1045	4470.944	4122.530	4731.690	4496.044	1.283	1.288	1.275
1046	4355.110	4025.343	4651.785	4394.188	1.254	1.258	1.242
1047	4144.654	3664.467	4627.771	4160.897	1.187	1.192	1.182
1048	3901.619	3743.399	4265.854	3817.829	1.089	1.093	1.113
1049	3847.384	3564.156	4225.275	3754.475	1.071	1.075	1.098
1050	3827.026	3633.286	4046.735	3841.903	1.096	1.100	1.092
1051	3957.350	3651.969	4222.623	3992.872	1.139	1.143	1.129
1052	4101.080	3764.384	4588.545	3992.919	1.139	1.143	1.170
1053	4414.859	3962.211	4996.502	4382.223	1.250	1.255	1.259
1054	4967.264	4121.587	6250.693	4878.650	1.392	1.397	1.417
1055	5517.776	4008.224	7216.399	5349.106	1.526	1.532	1.574
1056	5572.135	4097.546	7567.456	5502.331	1.570	1.576	1.590
1057	5661.273	4005.748	7253.777	5784.582	1.650	1.657	1.615
1058	5469.216	4062.699	6731.201	5512.223	1.572	1.579	1.560
1059	5105.162	4148.203	6058.692	4969.696	1.418	1.423	1.456
1060	4639.024	3856.104	5334.530	4503.980	1.285	1.290	1.323
1061	4153.056	3730.109	4687.836	4100.278	1.170	1.174	1.185
1062	3900.060	3701.812	4264.710	3858.908	1.101	1.105	1.113
1063	3836.922	3626.406	4175.965	3777.851	1.078	1.082	1.095
1064	3821.999	3567.149	4299.050	3767.171	1.075	1.079	1.090
1065	3864.848	3627.506	4231.027	3783.956	1.079	1.084	1.103
1066	3931.646	3684.017	4326.440	3893.434	1.111	1.115	1.122
1067	3971.674	3732.798	4267.208	3988.652	1.138	1.142	1.133
1068	3975.529	3759.321	4175.483	3977.708	1.135	1.139	1.134
1069	4032.585	3808.151	4490.588	3996.842	1.140	1.145	1.150
1070	4142.155	3855.255	4367.191	4149.053	1.184	1.188	1.182
1071	4235.009	3848.538	4718.014	4076.607	1.163	1.167	1.208
1072	4432.140	3914.696	4879.751	4571.771	1.304	1.309	1.264
1073	4285.379	3951.305	4668.346	4372.661	1.247	1.252	1.222
1074	4230.859	3679.980	4547.462	4297.072	1.226	1.231	1.207
1075	4060.156	3592.037	4494.229	4034.018	1.151	1.155	1.158
1076	3843.437	3466.940	4265.686	3922.763	1.119	1.123	1.096
1077	3683.202	3528.933	3868.314	3672.746	1.048	1.052	1.051
1078	3629.316	3375.453	3899.693	3683.862	1.051	1.055	1.035
1079	3479.479	3400.000	3606.396	3469.823	0.990	0.994	0.993
1080	3443.047	3354.175	3672.558	3411.248	0.973	0.977	0.982
1081	3482.717	3356.388	3630.391	3469.516	0.990	0.994	0.994
1082	3488.846	3319.872	3764.220	3494.289	0.997	1.001	0.995
1083	3450.003	3255.037	3655.268	3449.944	0.984	0.988	0.984
1084	3434.182	3306.112	3643.158	3418.229	0.975	0.979	0.980
1085	3446.350	3313.409	3638.347	3446.807	0.983	0.987	0.983
1086	3505.706	3373.920	3771.394	3476.504	0.992	0.996	1.000
1087	3512.260	3271.660	3800.698	3462.349	0.988	0.992	1.002
1088	3634.520	3319.810	4034.119	3515.767	1.003	1.007	1.037
1089	3700.032	3240.008	4141.586	3801.464	1.084	1.089	1.056
1090	3790.411	3270.801	4442.470	3654.655	1.043	1.047	1.081
1091	3894.953	3365.101	4583.468	3650.839	1.041	1.045	1.111
1092	3742.128	3298.656	4298.098	3672.448	1.048	1.052	1.068
1093	3659.250	3278.738	4073.508	3561.097	1.016	1.020	1.044
1094	3647.923	3344.225	4098.021	3475.133	0.991	0.995	1.041
1095	3569.376	3291.040	3917.314	3608.197	1.029	1.033	1.018
1096	3631.403	3355.404	3964.410	3592.318	1.025	1.029	1.036
1097	3628.497	3309.492	3934.062	3659.498	1.044	1.048	1.035
1098	3605.128	3195.982	3995.998	3588.542	1.024	1.028	1.028
1099	3599.914	3183.797	3968.967	3541.175	1.010	1.014	1.027
1100	3665.188	3285.709	4211.574	3662.624	1.045	1.049	1.046
1101	3663.080	3457.332	4357.482	3550.469	1.013	1.017	1.045
1102	3706.756	3426.410	4087.225	3682.052	1.050	1.054	1.057
1103	3789.224	3418.772	4201.916	3793.531	1.082	1.086	1.081
1104	3756.325	3467.856	3942.465	3820.696	1.090	1.094	1.072
1105	3828.932	3540.333	4070.463	3859.120	1.101	1.105	1.092
1106	3804.846	3641.782	4038.144	3788.292	1.081	1.085	1.085
1107	3654.753	3406.105	3979.646	3669.188	1.047	1.051	1.043
1108	3608.059	3477.185	3785.153	3603.807	1.028	1.032	1.029
1109	3587.011	3380.414	3800.263	3587.978	1.024	1.027	1.023
1110	3549.634	3421.460	3701.734	3548.753	1.012	1.016	1.013
1111	3504.896	3400.107	3643.199	3511.916	1.002	1.006	1.000
1112	3456.931	3362.663	3607.173	3451.176	0.985	0.988	0.986
1113	3517.180	3353.980	3682.580	3499.504	0.998	1.002	1.003
1114	3635.679	3511.980	3811.903	3602.263	1.028	1.032	1.037
1115	3582.243	3486.250	3672.350	3585.012	1.023	1.027	1.022
1116	3561.175	3401.812	3793.312	3542.983	1.011	1.015	1.016
1117	3539.809	3356.242	3708.733	3518.320	1.004	1.008	1.010
1118	3562.839	3482.118	3804.415	3537.494	1.009	1.013	1.016
1119	3631.930	3470.593	4018.953	3584.025	1.022	1.026	1.036
1120	3587.999	3433.300	3757.183	3621.511	1.033	1.037	1.024
1121	3708.761	3392.031	4107.361	3619.707	1.033	1.037	1.058
1122	3664.244	3351.414	4246.885	3517.802	1.004	1.007	1.045
1123	3638.672	3425.073	4055.311	3599.736	1.027	1.031	1.038
1124	3783.141	3464.041	4377.164	3705.605	1.057	1.061	1.079
1125	3864.516	3500.854	4402.092	3757.340	1.072	1.076	1.102
1126	3810.415	3471.706	4891.501	3651.585	1.042	1.046	1.087
1127	3653.104	3440.340	4035.697	3577.346	1.021	1.024	1.042
1128	3668.754	3471.604	3861.844	3661.739	1.045	1.049	1.047
1129	3625.588	3460.510	3709.215	3646.877	1.040	1.044	1.034
1130	3637.664	3501.117	3733.206	3632.249	1.036	1.040	1.038
1131	3677.547	3558.751	3752.298	3687.768	1.052	1.056	1.049
1132	3737.015	3371.163	3927.696	3704.625	1.057	1.061	1.066
1133	3862.883	3669.350	4156.592	3814.464	1.088	1.092	1.102
1134	3774.384	3473.194	3975.425	3779.714	1.078	1.082	1.077
1135	3888.344	3584.463	4401.922	3845.842	1.097	1.101	1.109
1136	4004.173	3538.452	4497.266	4080.420	1.164	1.169	1.142
1137	3860.627	3588.253	4141.459	3834.246	1.094	1.098	1.101
1138	3774.550	3508.105	4098.010	3704.394	1.057	1.061	1.077
1139	3704.620	3417.341	3978.210	3703.889	1.057	1.061	1.057
1140	3648.441	3444.062	3855.613	3615.006	1.031	1.035	1.041
1141	3616.021	3505.717	3732.389	3607.504	1.029	1.033	1.032
1142	3605.782	3361.231	3891.506	3551.021	1.013	1.017	1.029
1143	3860.549	3475.342	4449.251	3840.208	1.095	1.100	1.101
1144	3942.285	3604.004	4276.665	3880.784	1.107	1.111	1.125
1145	3923.495	3500.818	4476.594	3836.023	1.094	1.099	1.119
1146	3880.424	3558.499	4372.177	3844.847	1.097	1.101	1.107
1147	3803.712	3577.206	4179.191	3725.987	1.063	1.067	1.085
1148	3757.839	3574.252	3975.670	3752.409	1.070	1.075	1.072
1149	3633.500	3518.671	3763.308	3643.283	1.039	1.043	1.037
1150	3541.188	3412.732	3643.506	3547.613	1.012	1.016	1.010
1151	3551.579	3436.065	3864.085	3546.538	1.012	1.016	1.013
1152	3512.988	3369.127	3677.307	3509.814	1.001	1.005	1.002
1153	3592.776	3414.369	3799.002	3556.155	1.014	1.018	1.025
1154	3540.036	3347.725	3661.912	3580.270	1.021	1.025	1.010
1155	3529.912	3471.418	3610.725	3513.734	1.002	1.006	1.007
1156	3472.056	3385.207	3569.839	3470.952	0.990	0.994	0.990
1157	3474.075	3308.001	3611.010	3491.264	0.996	1.000	0.991
1158	3547.332	3334.277	3680.024	3528.803	1.007	1.011	1.012
1159	3559.621	3415.044	3733.645	3535.560	1.009	1.012	1.015
1160	3632.962	3410.931	3878.867	3600.806	1.027	1.031	1.036
1161	3750.088	3479.605	4334.958	3713.435	1.059	1.063	1.070
1162	3694.430	3398.731	4089.709	3664.935	1.045	1.050	1.054
1163	3811.481	3473.546	4212.311	3856.239	1.100	1.104	1.087
1164	3764.983	3425.066	4219.306	3745.517	1.068	1.073	1.074
1165	3852.824	3491.680	4165.948	3915.895	1.117	1.121	1.099
1166	3856.958	3460.926	4137.921	3826.606	1.092	1.096	1.100
1167	3919.829	3493.915	4567.166	3888.167	1.109	1.113	1.118
1168	3815.346	3572.787	4194.860	3755.665	1.071	1.076	1.088
1169	3826.008	3620.822	4142.947	3813.159	1.088	1.092	1.091
1170	3827.171	3583.446	4139.321	3887.294	1.109	1.113	1.092
1171	3648.458	3461.456	3847.577	3659.125	1.044	1.048	1.041
1172	3658.690	3599.173	3777.131	3657.091	1.043	1.047	1.044
1173	3614.951	3457.674	3841.563	3594.550	1.025	1.029	1.031
1174	3543.521	3306.336	3792.389	3541.054	1.010	1.014	1.011
1175	3562.272	3390.685	3815.183	3571.406	1.019	1.023	1.016
1176	3530.889	3364.270	3620.810	3546.438	1.012	1.016	1.007
1177	3524.033	3388.810	3618.915	3524.178	1.005	1.009	1.005
1178	3572.672	3462.047	3687.689	3578.077	1.021	1.025	1.019
1179	3507.993	3323.452	3650.544	3530.138	1.007	1.011	1.001
1180	3494.949	3433.423	3579.893	3478.694	0.992	0.996	0.997
1181	3545.915	3411.173	3634.570	3537.094	1.009	1.013	1.012
1182	3513.861	3295.314	3764.385	3498.553	0.998	1.002	1.002
1183	3589.874	3356.388	3823.863	3549.369	1.013	1.016	1.024
1184	3646.620	3379.314	4046.691	3566.153	1.017	1.021	1.040
1185	3735.074	3348.976	4262.143	3632.445	1.036	1.040	1.065
1186	3791.705	3367.228	4156.380	3754.604	1.071	1.075	1.082
1187	3922.336	3630.148	4635.169	3796.405	1.083	1.087	1.119
1188	3819.746	3494.681	4445.716	3717.995	1.061	1.065	1.090
1189	3881.027	3475.004	4655.027	3720.941	1.061	1.066	1.107
1190	3963.265	3444.341	5056.258	3739.845	1.067	1.071	1.131
1191	4047.112	3580.508	4862.358	3964.930	1.131	1.135	1.155
1192	3846.655	3452.926	4305.971	3822.256	1.090	1.095	1.097
1193	3706.407	3351.319	3883.531	3744.098	1.068	1.072	1.057
1194	3708.239	3524.682	3891.973	3729.925	1.064	1.068	1.058
1195	3788.710	3595.709	3878.950	3808.244	1.086	1.091	1.081
1196	3817.593	3574.257	4116.224	3812.080	1.087	1.092	1.089
1197	3775.484	3492.863	4081.419	3697.842	1.055	1.059	1.077
1198	3670.386	3418.491	3786.003	3687.111	1.052	1.056	1.047
1199	3642.751	3471.325	3854.562	3635.929	1.037	1.041	1.039
1200	3597.905	3440.875	3676.554	3617.718	1.032	1.036	1.026
1201	3544.427	3369.609	3777.860	3503.371	0.999	1.003	1.011
1202	3480.285	3326.304	3720.243	3481.868	0.993	0.997	0.993
1203	3505.420	3347.481	3721.472	3497.724	0.998	1.002	1.000
1204	3449.042	3269.732	3790.475	3442.175	0.982	0.986	0.984
1205	3460.577	3310.980	3645.519	3421.467	0.976	0.980	0.987
1206	3463.914	3325.048	3566.442	3470.364	0.990	0.994	0.988
1207	3506.809	3376.138	3709.227	3499.042	0.998	1.002	1.000
1208	3522.747	3345.182	3797.006	3491.747	0.996	1.000	1.005
1209	4121.716	3716.740	4752.966	4041.522	1.153	1.157	1.176
1210	4121.716	3716.740	4752.966	4041.522	1.153	1.157	1.176
1211	4121.716	3716.740	4752.966	4041.522	1.153	1.157	1.176
1212	4121.716	3716.740	4752.966	4041.522	1.153	1.157	1.176
1213	4121.716	3716.740	4752.966	4041.522	1.153	1.157	1.176
