178	460
646.000	206.000
645.005	206.099
644.010	206.198
643.015	206.296
642.020	206.396
641.025	206.495
640.029	206.594
639.034	206.694
638.039	206.794
637.045	206.894
636.050	206.995
635.055	207.096
634.060	207.198
633.065	207.300
632.070	207.403
631.076	207.507
630.081	207.610
629.087	207.715
628.092	207.821
627.098	207.927
626.104	208.034
625.110	208.142
624.116	208.251
623.122	208.361
622.128	208.471
621.134	208.583
620.140	208.696
619.147	208.809
618.154	208.925
617.160	209.041
616.167	209.158
615.174	209.277
614.181	209.396
613.189	209.517
612.196	209.640
611.204	209.763
610.212	209.888
609.220	210.015
608.228	210.142
607.236	210.272
606.245	210.403
605.254	210.534
604.263	210.669
603.272	210.804
602.281	210.940
601.291	211.080
600.301	211.220
599.311	211.361
598.321	211.505
597.332	211.650
596.343	211.797
595.354	211.946
594.365	212.095
593.377	212.248
592.389	212.402
591.401	212.556
590.413	212.714
589.426	212.874
588.439	213.034
587.453	213.197
586.466	213.363
585.480	213.528
584.494	213.697
583.509	213.868
582.524	214.038
581.539	214.213
580.555	214.390
579.571	214.566
578.587	214.747
577.604	214.929
576.621	215.111
575.638	215.297
574.656	215.486
573.674	215.674
572.692	215.865
571.711	216.060
570.730	216.254
569.750	216.450
568.770	216.650
567.790	216.850
566.811	217.052
565.832	217.257
564.853	217.463
563.875	217.668
562.897	217.878
561.919	218.089
560.942	218.299
559.965	218.513
558.988	218.728
558.012	218.943
557.036	219.161
556.060	219.380
555.084	219.599
554.109	219.819
553.134	220.043
552.159	220.266
551.185	220.489
550.211	220.715
549.237	220.942
548.263	221.169
547.289	221.398
546.316	221.628
545.343	221.858
544.370	222.089
543.397	222.322
542.425	222.555
541.453	222.788
540.481	223.023
539.509	223.259
538.537	223.495
537.565	223.732
536.594	223.970
535.623	224.208
534.652	224.446
533.681	224.687
532.711	224.927
531.740	225.168
530.769	225.409
529.799	225.651
528.829	225.894
527.859	226.136
526.889	226.380
525.919	226.624
524.950	226.868
523.980	227.113
523.011	227.359
522.041	227.604
521.072	227.850
520.103	228.096
519.133	228.343
518.164	228.589
517.195	228.836
516.227	229.084
515.258	229.331
514.289	229.579
513.320	229.827
512.351	230.075
511.383	230.323
510.414	230.571
509.445	230.820
508.477	231.068
507.508	231.317
506.539	231.565
505.571	231.814
504.602	232.062
503.633	232.311
502.665	232.559
501.696	232.808
500.727	233.056
499.759	233.304
498.790	233.552
497.821	233.800
496.852	234.047
495.883	234.295
494.914	234.542
493.945	234.789
492.976	235.036
492.007	235.282
491.038	235.528
490.068	235.773
489.099	236.019
488.129	236.263
487.160	236.507
486.190	236.752
485.220	236.995
484.250	237.237
483.280	237.480
482.309	237.721
481.339	237.962
480.368	238.202
479.397	238.442
478.426	238.680
477.455	238.919
476.483	239.157
475.512	239.392
474.540	239.628
473.568	239.863
472.595	240.096
471.623	240.329
470.650	240.561
469.677	240.791
468.704	241.021
467.730	241.250
466.756	241.477
465.782	241.703
464.808	241.929
463.833	242.153
462.859	242.376
461.884	242.599
460.908	242.818
459.933	243.038
458.957	243.258
457.981	243.474
457.004	243.690
456.028	243.905
455.051	244.118
454.074	244.331
453.096	244.542
452.118	244.751
451.140	244.960
450.162	245.167
449.183	245.372
448.205	245.577
447.225	245.780
446.246	245.981
445.266	246.182
444.286	246.380
443.306	246.578
442.325	246.774
441.344	246.968
440.363	247.161
439.381	247.353
438.400	247.542
437.418	247.731
436.435	247.918
435.452	248.103
434.470	248.288
433.486	248.469
432.503	248.650
431.519	248.829
430.535	249.006
429.550	249.182
428.565	249.356
427.580	249.528
426.595	249.700
425.610	249.868
424.624	250.036
423.638	250.202
422.651	250.365
421.665	250.529
420.677	250.688
419.690	250.847
418.703	251.005
417.715	251.160
416.727	251.314
415.738	251.465
414.749	251.616
413.761	251.764
412.771	251.910
411.782	252.056
410.792	252.198
409.802	252.339
408.812	252.480
407.821	252.616
406.831	252.753
405.840	252.887
404.849	253.019
403.857	253.150
402.865	253.279
401.874	253.407
400.882	253.533
399.890	253.659
398.898	253.785
397.905	253.909
396.913	254.034
395.921	254.158
394.929	254.283
393.937	254.408
392.945	254.535
391.953	254.661
390.961	254.790
389.969	254.919
388.978	255.049
387.987	255.183
386.996	255.317
386.005	255.455
385.015	255.595
384.025	255.736
383.036	255.883
382.047	256.031
381.059	256.184
380.071	256.340
379.084	256.498
378.098	256.664
377.112	256.830
376.127	257.005
375.143	257.182
374.159	257.363
373.178	257.553
372.196	257.744
371.216	257.945
370.237	258.149
369.259	258.358
368.284	258.578
367.308	258.798
366.336	259.031
365.364	259.268
364.394	259.510
363.427	259.765
362.460	260.019
361.497	260.289
360.535	260.562
359.575	260.842
358.619	261.135
357.663	261.429
356.712	261.739
355.763	262.053
354.816	262.373
353.874	262.710
352.932	263.047
351.996	263.398
351.063	263.758
350.131	264.119
349.207	264.502
348.283	264.885
347.364	265.280
346.451	265.686
345.537	266.093
344.632	266.518
343.729	266.947
342.828	267.380
341.934	267.829
341.041	268.279
340.153	268.739
339.269	269.207
338.386	269.675
337.511	270.160
336.637	270.646
335.765	271.135
334.900	271.638
334.036	272.140
333.176	272.651
332.320	273.168
331.465	273.686
330.616	274.215
329.769	274.747
328.923	275.280
328.085	275.825
327.246	276.370
326.410	276.919
325.580	277.477
324.750	278.034
323.924	278.597
323.102	279.166
322.279	279.735
321.462	280.312
320.647	280.891
319.832	281.471
319.024	282.060
318.216	282.649
317.409	283.240
316.608	283.838
315.806	284.436
315.007	285.037
314.212	285.644
313.417	286.250
312.625	286.861
311.836	287.475
311.047	288.089
310.262	288.709
309.478	289.330
308.695	289.952
307.916	290.579
307.137	291.206
306.360	291.835
305.586	292.469
304.812	293.102
304.040	293.738
303.271	294.376
302.501	295.014
301.734	295.657
300.968	296.300
300.203	296.943
299.441	297.590
298.678	298.237
297.917	298.886
297.158	299.537
296.398	300.187
295.641	300.840
294.884	301.494
294.128	302.148
293.374	302.805
292.619	303.461
291.865	304.118
291.113	304.777
290.360	305.435
289.609	306.095
288.858	306.756
288.108	307.417
287.359	308.079
286.610	308.742
285.863	309.407
285.116	310.071
284.370	310.737
283.625	311.405
282.880	312.072
282.137	312.742
281.395	313.411
280.654	314.083
279.914	314.755
279.174	315.428
278.436	316.104
277.699	316.779
276.963	317.456
276.228	318.135
275.495	318.814
274.763	319.495
274.031	320.177
273.302	320.861
272.572	321.545
271.845	322.232
271.119	322.919
270.394	323.608
269.671	324.299
268.948	324.990
268.228	325.684
267.508	326.378
266.791	327.075
266.075	327.772
265.360	328.472
264.646	329.172
263.934	329.874
263.224	330.579
262.514	331.283
261.808	331.991
261.101	332.698
260.397	333.409
259.695	334.120
258.993	334.833
258.294	335.548
257.595	336.263
256.899	336.981
256.204	337.700
255.511	338.421
254.819	339.143
254.129	339.866
253.440	340.592
252.752	341.317
252.068	342.047
251.384	342.776
250.703	343.508
250.023	344.241
249.344	344.976
248.669	345.714
247.994	346.451
247.324	347.193
246.654	347.936
245.987	348.681
245.322	349.428
244.658	350.176
244.000	350.928
243.341	351.681
242.687	352.437
242.035	353.195
241.385	353.955
240.739	354.719
240.094	355.483
239.455	356.252
238.817	357.022
238.183	357.796
237.553	358.572
236.924	359.349
236.301	360.132
235.679	360.915
235.064	361.703
234.450	362.493
233.841	363.285
233.237	364.082
232.633	364.879
232.039	365.684
231.444	366.488
230.857	367.298
230.274	368.110
229.693	368.924
229.121	369.744
228.549	370.564
227.988	371.392
227.428	372.221
226.875	373.054
226.328	373.891
225.783	374.730
225.250	375.575
224.716	376.421
224.195	377.275
223.676	378.129
223.165	378.989
222.661	379.853
222.162	380.719
221.674	381.592
221.186	382.465
220.714	383.347
220.243	384.228
219.782	385.116
219.326	386.006
218.877	386.899
218.436	387.797
217.997	388.696
217.571	389.600
217.144	390.505
216.730	391.415
216.318	392.326
215.913	393.240
215.513	394.157
215.119	395.076
214.731	395.997
214.345	396.920
213.968	397.846
213.591	398.773
213.224	399.703
212.858	400.633
212.498	401.566
212.141	402.500
211.787	403.436
211.439	404.373
211.091	405.311
210.750	406.251
210.409	407.191
210.073	408.133
209.738	409.075
209.407	410.018
209.077	410.963
208.750	411.907
208.425	412.853
208.100	413.799
207.778	414.746
207.457	415.693
207.137	416.640
206.818	417.588
206.500	418.536
206.182	419.484
205.865	420.432
205.547	421.381
205.230	422.329
204.913	423.277
204.595	424.226
204.277	425.174
203.959	426.122
203.640	427.069
203.319	428.017
202.999	428.964
202.678	429.911
202.357	430.858
202.036	431.805
201.715	432.752
201.394	433.699
201.073	434.647
200.753	435.594
200.433	436.541
200.114	437.489
199.796	438.437
199.479	439.385
199.162	440.334
198.846	441.283
198.533	442.232
198.219	443.182
197.909	444.133
197.598	445.083
197.291	446.035
196.985	446.987
196.679	447.939
196.379	448.893
196.078	449.846
195.781	450.801
195.486	451.757
195.192	452.713
194.904	453.670
194.616	454.628
194.333	455.587
194.052	456.547
193.774	457.507
193.502	458.469
193.229	459.432
192.965	460.396
192.701	461.361
192.443	462.327
192.189	463.294
191.936	464.262
191.694	465.232
191.452	466.202
191.218	467.174
190.987	468.147
190.760	469.121
190.543	470.097
190.326	471.073
190.122	472.052
189.919	473.031
189.724	474.012
189.536	474.995
189.352	475.977
189.181	476.963
189.009	477.948
188.854	478.936
188.700	479.924
188.557	480.914
188.421	481.904
188.291	482.896
188.173	483.889
188.056	484.882
187.954	485.877
187.853	486.872
187.767	487.868
187.683	488.864
187.609	489.862
187.542	490.859
187.481	491.858
187.431	492.856
187.383	493.855
187.349	494.855
187.315	495.854
187.296	496.854
187.277	497.854
187.271	498.854
187.268	499.854
187.273	500.854
187.285	501.853
187.302	502.853
187.328	503.853
187.356	504.853
187.396	505.852
187.436	506.851
187.488	507.850
187.541	508.848
187.604	509.846
187.669	510.844
187.741	511.842
187.818	512.839
187.899	513.835
187.988	514.831
188.078	515.827
188.177	516.822
188.276	517.817
188.383	518.812
188.493	519.806
188.607	520.799
188.725	521.792
188.847	522.785
188.973	523.777
189.101	524.768
189.236	525.759
189.371	526.750
189.512	527.740
189.656	528.730
189.803	529.719
189.955	530.707
190.108	531.695
190.269	532.682
190.429	533.669
190.597	534.655
190.767	535.641
190.941	536.625
191.120	537.609
191.301	538.593
191.489	539.575
191.678	540.557
191.874	541.538
192.073	542.518
192.276	543.497
192.484	544.475
192.694	545.453
192.913	546.428
193.132	547.404
193.359	548.378
193.589	549.351
193.823	550.323
194.064	551.294
194.305	552.264
194.558	553.232
194.811	554.199
195.071	555.165
195.336	556.129
195.605	557.092
195.882	558.053
196.159	559.014
196.448	559.971
196.738	560.928
197.036	561.883
197.339	562.836
197.646	563.788
197.963	564.736
198.280	565.685
198.610	566.629
198.941	567.572
199.282	568.512
199.627	569.451
199.978	570.387
200.339	571.320
200.701	572.252
201.077	573.178
201.454	574.105
201.843	575.026
202.235	575.946
202.635	576.862
203.042	577.776
203.454	578.687
203.875	579.594
204.298	580.501
204.733	581.401
205.169	582.301
205.614	583.196
206.063	584.090
206.518	584.980
206.979	585.867
207.443	586.753
207.916	587.635
208.389	588.516
208.872	589.391
209.355	590.267
209.845	591.138
210.338	592.008
210.835	592.876
211.338	593.741
211.840	594.605
212.351	595.465
212.861	596.325
213.377	597.182
213.895	598.037
214.415	598.891
214.939	599.743
215.463	600.595
215.993	601.443
216.523	602.291
217.055	603.137
217.590	603.982
218.125	604.827
218.664	605.670
219.203	606.512
219.743	607.353
220.286	608.194
220.828	609.034
221.372	609.872
221.917	610.711
222.463	611.549
223.010	612.386
223.556	613.224
224.104	614.060
224.652	614.897
225.200	615.733
225.749	616.569
226.297	617.405
226.846	618.242
227.395	619.078
227.943	619.914
228.492	620.750
229.040	621.586
229.589	622.422
230.137	623.258
230.686	624.094
231.234	624.931
231.783	625.766
232.332	626.602
232.881	627.438
233.431	628.273
233.981	629.108
234.531	629.944
235.082	630.778
235.633	631.612
236.185	632.447
236.737	633.280
237.290	634.113
237.843	634.946
238.398	635.779
238.953	636.610
239.508	637.442
240.064	638.273
240.622	639.103
241.180	639.933
241.738	640.763
242.299	641.591
242.859	642.419
243.420	643.247
243.984	644.073
244.548	644.899
245.111	645.725
245.678	646.549
246.246	647.372
246.813	648.196
247.383	649.017
247.954	649.838
248.525	650.659
249.099	651.478
249.674	652.296
250.250	653.114
250.827	653.930
251.407	654.745
251.987	655.559
252.568	656.374
253.153	657.184
253.738	657.995
254.324	658.806
254.913	659.614
255.504	660.420
256.095	661.227
256.689	662.032
257.286	662.834
257.882	663.637
258.481	664.437
259.084	665.235
259.687	666.033
260.291	666.830
260.901	667.622
261.511	668.415
262.121	669.208
262.737	669.995
263.354	670.782
263.971	671.569
264.594	672.351
265.219	673.132
265.844	673.913
266.473	674.690
267.106	675.464
267.739	676.238
268.376	677.009
269.018	677.776
269.660	678.543
270.304	679.307
270.955	680.066
271.607	680.825
272.260	681.582
272.921	682.333
273.582	683.083
274.245	683.832
274.917	684.572
275.589	685.313
276.261	686.053
276.945	686.783
277.628	687.513
278.312	688.243
279.007	688.961
279.702	689.680
280.399	690.397
281.107	691.104
281.815	691.810
282.526	692.513
283.247	693.206
283.968	693.899
284.694	694.587
285.428	695.266
286.162	695.945
286.903	696.616
287.650	697.282
288.396	697.948
289.152	698.602
289.910	699.254
290.670	699.905
291.439	700.543
292.209	701.181
292.983	701.814
293.764	702.439
294.544	703.064
295.333	703.680
296.124	704.292
296.915	704.902
297.716	705.502
298.517	706.101
299.322	706.694
300.132	707.281
300.941	707.867
301.759	708.444
302.577	709.019
303.397	709.590
304.223	710.154
305.049	710.718
305.881	711.273
306.714	711.826
307.548	712.378
308.388	712.921
309.228	713.464
310.071	714.001
310.917	714.535
311.763	715.068
312.614	715.593
313.464	716.119
314.318	716.640
315.173	717.158
316.029	717.676
316.888	718.187
317.747	718.699
318.608	719.207
319.471	719.713
320.334	720.219
321.199	720.720
322.065	721.221
322.931	721.720
323.798	722.217
324.666	722.715
325.535	723.209
326.404	723.704
327.274	724.198
328.144	724.690
329.014	725.183
329.885	725.675
330.756	726.167
331.626	726.659
332.497	727.151
333.368	727.643
334.238	728.135
335.108	728.628
335.978	729.121
336.848	729.614
337.717	730.108
338.587	730.602
339.456	731.097
340.325	731.592
341.194	732.087
342.062	732.582
342.931	733.078
343.799	733.573
344.668	734.069
345.536	734.565
346.405	735.061
347.273	735.557
348.141	736.054
349.009	736.550
349.877	737.046
350.745	737.543
351.613	738.039
352.482	738.535
353.350	739.032
354.218	739.528
355.086	740.024
355.955	740.520
356.823	741.016
357.691	741.511
358.560	742.007
359.429	742.502
360.298	742.997
361.167	743.492
362.036	743.987
362.905	744.481
363.774	744.976
364.644	745.470
365.514	745.963
366.383	746.456
367.253	746.949
368.124	747.441
368.994	747.934
369.865	748.425
370.736	748.917
371.607	749.408
372.479	749.898
373.350	750.388
374.222	750.878
375.095	751.367
375.967	751.855
376.840	752.344
377.713	752.831
378.586	753.318
379.460	753.805
380.334	754.291
381.208	754.776
382.083	755.261
382.958	755.745
383.833	756.228
384.709	756.712
385.585	757.194
386.461	757.675
387.338	758.157
388.215	758.637
389.093	759.116
389.970	759.596
390.849	760.074
391.727	760.551
392.606	761.028
393.486	761.504
394.366	761.979
395.246	762.454
396.126	762.927
397.008	763.400
397.889	763.873
398.771	764.344
399.653	764.814
400.536	765.284
401.419	765.753
402.303	766.221
403.187	766.689
404.072	767.155
404.957	767.620
405.842	768.085
406.728	768.550
407.614	769.012
408.501	769.475
409.388	769.937
410.276	770.397
411.163	770.857
412.051	771.317
412.940	771.775
413.830	772.233
414.719	772.690
415.609	773.146
416.499	773.601
417.390	774.057
418.281	774.510
419.172	774.963
420.064	775.416
420.956	775.867
421.849	776.318
422.742	776.768
423.635	777.218
424.529	777.666
425.423	778.114
426.318	778.561
427.213	779.007
428.108	779.452
429.003	779.898
429.900	780.341
430.796	780.784
431.693	781.227
432.590	781.668
433.488	782.109
434.385	782.550
435.284	782.989
436.183	783.427
437.081	783.866
437.981	784.303
438.881	784.738
439.781	785.174
440.681	785.609
441.583	786.043
442.484	786.476
443.385	786.909
444.288	787.340
445.190	787.770
446.093	788.201
446.996	788.630
447.900	789.058
448.804	789.486
449.708	789.912
450.613	790.338
451.518	790.763
452.424	791.187
453.330	791.610
454.236	792.033
455.143	792.455
456.050	792.875
456.958	793.295
457.866	793.714
458.774	794.132
459.683	794.549
460.592	794.966
461.502	795.381
462.412	795.796
463.322	796.209
464.233	796.621
465.145	797.033
466.056	797.444
466.969	797.853
467.881	798.262
468.794	798.671
469.708	799.077
470.622	799.483
471.536	799.888
472.451	800.291
473.367	800.693
474.282	801.095
475.199	801.495
476.116	801.895
477.033	802.293
477.951	802.690
478.869	803.086
479.788	803.481
480.707	803.874
481.627	804.267
482.547	804.657
483.469	805.047
484.390	805.436
485.312	805.823
486.235	806.208
487.157	806.594
488.082	806.975
489.006	807.357
489.931	807.738
490.857	808.115
491.783	808.492
492.710	808.868
493.638	809.240
494.565	809.613
495.495	809.983
496.424	810.351
497.354	810.719
498.286	811.083
499.217	811.446
500.150	811.808
501.083	812.167
502.017	812.525
502.951	812.881
503.887	813.234
504.822	813.587
505.760	813.936
506.697	814.284
507.635	814.631
508.574	814.974
509.514	815.316
510.454	815.656
511.396	815.993
512.337	816.331
513.280	816.663
514.224	816.995
515.167	817.326
516.113	817.652
517.058	817.978
518.004	818.302
518.951	818.622
519.899	818.943
520.847	819.259
521.796	819.574
522.745	819.889
523.696	820.199
524.647	820.508
525.599	820.816
526.551	821.120
527.504	821.423
528.458	821.725
529.412	822.023
530.367	822.321
531.322	822.616
532.279	822.909
533.235	823.201
534.192	823.490
535.150	823.777
536.108	824.064
537.067	824.347
538.026	824.629
538.986	824.911
539.947	825.189
540.908	825.465
541.869	825.742
542.831	826.014
543.793	826.286
544.756	826.558
545.719	826.825
546.683	827.092
547.647	827.359
548.611	827.621
549.577	827.883
550.542	828.146
551.508	828.404
552.474	828.662
553.440	828.919
554.407	829.175
555.374	829.428
556.342	829.682
557.309	829.934
558.278	830.183
559.246	830.433
560.215	830.682
561.184	830.928
562.153	831.174
563.122	831.419
564.092	831.663
565.063	831.905
566.033	832.148
567.003	832.389
567.974	832.628
568.945	832.868
569.916	833.107
570.888	833.343
571.859	833.580
572.831	833.816
573.803	834.050
574.775	834.284
575.748	834.518
576.720	834.750
577.693	834.982
578.666	835.213
579.639	835.444
580.613	835.672
581.586	835.901
582.560	836.130
583.533	836.357
584.507	836.584
585.481	836.810
586.456	837.036
587.430	837.260
588.405	837.484
589.379	837.709
590.354	837.931
591.329	838.153
592.304	838.375
593.279	838.597
594.255	838.817
595.230	839.037
596.206	839.257
597.182	839.476
598.157	839.694
599.133	839.913
600.109	840.129
601.086	840.346
602.062	840.563
603.038	840.779
604.015	840.994
604.992	841.209
605.968	841.423
606.945	841.637
607.922	841.850
608.899	842.063
609.876	842.276
610.854	842.488
611.831	842.700
612.809	842.910
613.786	843.121
614.764	843.332
615.742	843.541
616.719	843.751
617.697	843.960
618.675	844.168
619.653	844.376
620.632	844.584
621.610	844.791
622.588	844.998
623.567	845.205
624.545	845.411
625.524	845.616
626.503	845.822
627.481	846.026
628.460	846.231
629.439	846.435
630.418	846.639
631.397	846.843
632.376	847.046
633.355	847.249
634.335	847.451
635.314	847.653
636.294	847.855
637.273	848.056
638.253	848.257
639.232	848.458
640.212	848.658
641.192	848.858
642.172	849.058
643.152	849.257
644.132	849.456
645.112	849.654
646.092	849.852
647.073	850.049
648.053	850.246
649.033	850.443
650.014	850.638
650.995	850.834
651.976	851.029
652.956	851.224
653.937	851.418
654.918	851.611
655.900	851.805
656.881	851.998
657.862	852.190
658.843	852.383
659.825	852.575
660.806	852.767
661.788	852.958
