 	Mean	Min	Max	Median	Max_to_bgmean	Median_to_bgmedian	Mean_to_bgmean
1	3350.673	3224.917	3482.235	3384.052	0.998	1.001	0.989
2	3324.792	3181.382	3401.479	3329.998	0.983	0.985	0.981
3	3328.072	3252.207	3414.587	3320.531	0.980	0.982	0.982
4	3359.707	3288.695	3503.732	3338.784	0.985	0.988	0.991
5	3369.263	3264.487	3436.561	3383.841	0.998	1.001	0.994
6	3390.282	3234.792	3499.729	3397.422	1.002	1.005	1.000
7	3383.405	3257.237	3506.523	3391.967	1.001	1.004	0.998
8	3373.081	3263.633	3599.235	3328.353	0.982	0.985	0.995
9	3383.102	3255.441	3546.549	3357.885	0.991	0.993	0.998
10	3371.225	3277.951	3564.716	3352.156	0.989	0.992	0.995
11	3372.283	3276.492	3603.796	3342.790	0.986	0.989	0.995
12	3399.716	3230.876	3611.698	3383.642	0.998	1.001	1.003
13	3460.952	3340.233	3617.861	3480.571	1.027	1.030	1.021
14	3408.941	3313.344	3551.500	3393.806	1.001	1.004	1.006
15	3379.455	3276.409	3592.344	3352.812	0.989	0.992	0.997
16	3293.951	3222.022	3421.666	3290.250	0.971	0.973	0.972
17	3362.330	3302.891	3459.822	3357.051	0.991	0.993	0.992
18	3397.676	3313.284	3497.045	3370.525	0.994	0.997	1.003
19	3297.782	3212.498	3382.682	3285.816	0.969	0.972	0.973
20	3321.980	3238.448	3368.368	3335.163	0.984	0.987	0.980
21	3335.367	3242.834	3441.434	3318.636	0.979	0.982	0.984
22	3318.902	3256.040	3374.761	3315.901	0.978	0.981	0.979
23	3321.099	3256.049	3376.862	3337.896	0.985	0.988	0.980
24	3290.405	3203.669	3395.412	3274.797	0.966	0.969	0.971
25	3273.825	3181.785	3394.694	3265.919	0.964	0.966	0.966
26	3267.630	3174.622	3344.663	3268.738	0.964	0.967	0.964
27	3291.232	3225.252	3413.506	3288.783	0.970	0.973	0.971
28	3308.346	3201.917	3399.417	3311.691	0.977	0.980	0.976
29	3357.856	3265.888	3465.720	3322.539	0.980	0.983	0.991
30	3372.163	3330.938	3450.768	3354.771	0.990	0.993	0.995
31	3325.588	3222.998	3426.853	3335.820	0.984	0.987	0.981
32	3326.178	3254.298	3389.331	3332.636	0.983	0.986	0.981
33	3346.417	3226.243	3616.674	3338.176	0.985	0.988	0.987
34	3305.046	3182.998	3502.422	3286.669	0.970	0.972	0.975
35	3334.953	3232.218	3472.094	3339.147	0.985	0.988	0.984
36	3361.477	3247.070	3485.638	3367.961	0.994	0.996	0.992
37	3401.604	3327.795	3557.701	3378.623	0.997	1.000	1.004
38	3411.566	3317.199	3517.688	3404.451	1.005	1.007	1.007
39	3367.354	3211.915	3505.833	3368.330	0.994	0.997	0.994
40	3286.474	3201.800	3436.608	3265.561	0.964	0.966	0.970
41	3353.052	3257.731	3476.880	3325.890	0.981	0.984	0.989
42	3441.918	3381.197	3500.771	3453.014	1.019	1.022	1.016
43	3482.610	3293.166	3679.179	3467.915	1.023	1.026	1.028
44	3511.437	3233.081	3692.458	3499.446	1.033	1.035	1.036
45	3430.488	3255.027	3723.463	3421.604	1.010	1.012	1.012
46	3404.965	3273.044	3562.757	3388.192	1.000	1.002	1.005
47	3453.706	3390.073	3580.027	3441.927	1.016	1.018	1.019
48	3449.348	3362.854	3568.344	3441.695	1.015	1.018	1.018
49	3422.510	3283.525	3557.193	3441.898	1.016	1.018	1.010
50	3413.272	3338.730	3583.504	3386.938	0.999	1.002	1.007
51	3403.244	3290.725	3704.342	3363.341	0.992	0.995	1.004
52	3327.289	3110.472	3489.950	3356.218	0.990	0.993	0.982
53	3389.107	3280.475	3550.072	3388.700	1.000	1.003	1.000
54	3403.745	3275.080	3560.611	3391.194	1.001	1.003	1.004
55	3356.329	3293.130	3435.991	3360.194	0.991	0.994	0.990
56	3387.753	3253.232	3523.162	3377.279	0.996	0.999	1.000
57	3421.957	3306.661	3623.010	3386.248	0.999	1.002	1.010
58	3458.674	3275.850	3930.602	3394.321	1.002	1.004	1.020
59	3486.732	3240.515	4210.000	3424.053	1.010	1.013	1.029
60	3474.536	3259.740	4169.750	3351.925	0.989	0.992	1.025
61	3489.567	3262.138	3960.906	3436.800	1.014	1.017	1.030
62	3498.871	3136.163	3826.369	3478.579	1.026	1.029	1.032
63	3428.809	3301.886	3627.282	3383.031	0.998	1.001	1.012
64	3345.062	3214.272	3432.489	3358.883	0.991	0.994	0.987
65	3384.777	3205.281	3573.802	3414.342	1.007	1.010	0.999
66	3340.271	3270.943	3431.570	3315.917	0.978	0.981	0.986
67	3390.897	3301.812	3481.802	3371.570	0.995	0.998	1.001
68	3422.868	3334.919	3522.628	3417.389	1.008	1.011	1.010
69	3376.638	3254.244	3566.561	3352.573	0.989	0.992	0.996
70	3421.953	3272.520	3605.989	3407.317	1.005	1.008	1.010
71	3375.223	3293.942	3442.936	3366.343	0.993	0.996	0.996
72	3405.823	3307.489	3490.853	3400.932	1.003	1.006	1.005
73	3445.217	3394.226	3558.865	3423.284	1.010	1.013	1.017
74	3429.130	3216.463	3688.822	3455.784	1.020	1.022	1.012
75	3503.650	3339.125	3722.896	3463.013	1.022	1.025	1.034
76	3547.584	3268.163	3809.777	3549.861	1.047	1.050	1.047
77	3586.859	3298.278	3899.705	3581.552	1.057	1.060	1.058
78	3581.700	3328.851	3871.705	3584.005	1.057	1.060	1.057
79	3786.734	3306.096	4416.388	3700.747	1.092	1.095	1.117
80	3760.337	3391.458	4185.925	3674.146	1.084	1.087	1.110
81	3583.784	3321.314	3876.458	3549.922	1.047	1.050	1.057
82	3509.858	3265.473	3714.778	3509.658	1.036	1.038	1.036
83	3508.018	3317.702	3681.319	3507.965	1.035	1.038	1.035
84	3476.530	3291.107	3598.966	3495.898	1.031	1.034	1.026
85	3425.072	3257.853	3552.072	3452.155	1.019	1.021	1.011
86	3359.915	3209.549	3501.724	3359.592	0.991	0.994	0.991
87	3330.819	3114.077	3559.471	3374.408	0.996	0.998	0.983
88	3332.044	3138.974	3603.763	3346.060	0.987	0.990	0.983
89	3377.880	3203.142	3632.935	3379.812	0.997	1.000	0.997
90	3411.984	3215.039	3603.949	3437.715	1.014	1.017	1.007
91	3336.826	3219.673	3507.183	3326.028	0.981	0.984	0.985
92	3319.142	3150.857	3455.051	3290.530	0.971	0.974	0.979
93	3373.531	3198.742	3440.941	3384.468	0.999	1.001	0.995
94	3402.539	3297.047	3606.730	3371.534	0.995	0.997	1.004
95	3355.813	3270.034	3636.966	3329.295	0.982	0.985	0.990
96	3353.683	3238.810	3603.677	3314.466	0.978	0.981	0.990
97	3363.344	3259.360	3467.217	3374.324	0.996	0.998	0.992
98	3370.306	3226.502	3546.813	3340.709	0.986	0.988	0.994
99	3362.613	3254.426	3470.833	3349.982	0.988	0.991	0.992
100	3389.407	3225.026	3486.048	3406.574	1.005	1.008	1.000
101	3382.945	3148.726	3516.356	3425.413	1.011	1.013	0.998
102	3385.951	3185.771	3559.032	3410.294	1.006	1.009	0.999
103	3349.448	3241.328	3459.845	3367.600	0.994	0.996	0.988
104	3328.447	3256.286	3421.346	3306.945	0.976	0.978	0.982
105	3341.729	3272.195	3406.096	3331.814	0.983	0.986	0.986
106	3385.778	3260.292	3496.301	3393.526	1.001	1.004	0.999
107	3397.654	3307.394	3522.669	3394.233	1.001	1.004	1.002
108	3408.534	3279.841	3513.186	3430.122	1.012	1.015	1.006
109	3345.525	3194.583	3468.984	3355.263	0.990	0.993	0.987
110	3329.148	3168.184	3519.507	3337.292	0.985	0.987	0.982
111	3350.651	3161.040	3538.915	3362.226	0.992	0.995	0.989
112	3351.551	3205.181	3564.531	3342.202	0.986	0.989	0.989
113	3456.087	3281.992	3681.176	3458.735	1.021	1.023	1.020
114	3471.502	3230.653	3739.041	3434.400	1.013	1.016	1.024
115	3637.385	3380.413	3939.353	3639.203	1.074	1.077	1.073
116	3708.029	3375.410	4277.780	3665.825	1.082	1.085	1.094
117	3736.377	3405.322	4247.893	3685.173	1.087	1.090	1.102
118	3531.365	3285.237	3738.808	3557.493	1.050	1.053	1.042
119	3481.823	3178.529	3751.243	3512.646	1.036	1.039	1.027
120	3422.667	3323.972	3499.412	3425.154	1.011	1.013	1.010
121	3376.827	3230.172	3571.159	3381.928	0.998	1.001	0.996
122	3383.212	3271.402	3534.528	3360.776	0.992	0.994	0.998
123	3401.397	3173.353	3581.359	3439.082	1.015	1.017	1.004
124	3398.948	3228.531	3677.980	3376.797	0.996	0.999	1.003
125	3414.744	3185.699	3600.819	3427.377	1.011	1.014	1.008
126	3344.427	3084.573	3454.296	3368.467	0.994	0.997	0.987
127	3296.710	3178.074	3432.469	3277.118	0.967	0.970	0.973
128	3314.481	3236.192	3362.420	3344.808	0.987	0.990	0.978
129	3344.877	3261.840	3462.836	3341.825	0.986	0.989	0.987
130	3351.678	3172.907	3574.347	3345.136	0.987	0.990	0.989
131	3389.571	3238.154	3535.326	3407.343	1.005	1.008	1.000
132	3384.784	3302.037	3499.068	3371.035	0.995	0.997	0.999
133	3444.074	3343.583	3647.019	3426.579	1.011	1.014	1.016
134	3415.374	3178.386	3620.867	3429.701	1.012	1.015	1.008
135	3467.047	3273.869	3916.837	3414.197	1.007	1.010	1.023
136	3445.757	3198.531	3646.162	3495.135	1.031	1.034	1.017
137	3425.390	3207.473	3598.646	3440.351	1.015	1.018	1.011
138	3367.634	3251.907	3534.111	3365.949	0.993	0.996	0.994
139	3314.653	3216.451	3416.979	3321.306	0.980	0.983	0.978
140	3353.646	3270.586	3402.115	3359.876	0.991	0.994	0.990
141	3391.420	3306.392	3492.424	3387.718	1.000	1.002	1.001
142	3377.090	3284.651	3591.050	3349.693	0.988	0.991	0.996
143	3342.086	3244.847	3442.652	3340.166	0.986	0.988	0.986
144	3362.132	3207.987	3456.657	3367.722	0.994	0.996	0.992
145	3422.534	3287.316	3786.849	3377.298	0.996	0.999	1.010
146	3335.051	3231.611	3424.534	3335.292	0.984	0.987	0.984
147	3380.973	3267.502	3506.309	3352.503	0.989	0.992	0.998
148	3417.707	3283.215	3574.796	3402.633	1.004	1.007	1.008
149	3338.055	3228.640	3409.746	3333.854	0.984	0.986	0.985
150	3406.862	3316.083	3623.588	3367.065	0.993	0.996	1.005
151	3431.050	3252.880	3684.441	3453.006	1.019	1.022	1.012
152	3453.364	3257.819	3613.359	3473.989	1.025	1.028	1.019
153	3414.019	3138.984	3509.744	3436.186	1.014	1.017	1.007
154	3401.210	3247.020	3542.057	3395.859	1.002	1.005	1.004
155	3470.773	3299.180	3683.362	3453.858	1.019	1.022	1.024
156	3472.373	3335.082	3664.890	3461.239	1.021	1.024	1.025
157	3484.713	3141.967	3789.802	3500.862	1.033	1.036	1.028
158	3610.618	3312.895	3983.144	3602.044	1.063	1.066	1.065
159	3516.900	3350.091	3696.421	3508.336	1.035	1.038	1.038
160	3425.349	3214.853	3571.106	3409.132	1.006	1.009	1.011
161	3419.090	3264.117	3513.048	3415.031	1.008	1.010	1.009
162	3420.742	3283.331	3470.003	3445.843	1.017	1.019	1.009
163	3383.053	3296.006	3449.883	3388.924	1.000	1.003	0.998
164	3377.571	3247.337	3532.954	3361.769	0.992	0.995	0.997
165	3382.619	3240.227	3533.734	3379.450	0.997	1.000	0.998
166	3361.655	3282.476	3529.542	3367.375	0.994	0.996	0.992
167	3344.889	3158.201	3485.379	3346.897	0.988	0.990	0.987
168	3311.671	3223.697	3419.235	3304.471	0.975	0.978	0.977
169	3439.643	3368.652	3566.509	3422.282	1.010	1.013	1.015
170	3374.690	3242.651	3453.446	3385.605	0.999	1.002	0.996
171	3359.208	3240.160	3468.556	3366.748	0.993	0.996	0.991
172	3381.695	3291.408	3535.152	3375.978	0.996	0.999	0.998
173	3470.822	3322.457	3590.662	3497.751	1.032	1.035	1.024
174	3408.316	3218.815	3649.394	3403.038	1.004	1.007	1.006
175	3456.956	3291.657	3656.682	3438.775	1.015	1.017	1.020
176	3446.565	3243.700	3603.662	3447.555	1.017	1.020	1.017
177	3472.873	3300.314	3671.751	3453.128	1.019	1.022	1.025
178	3563.903	3316.462	3697.646	3570.614	1.054	1.056	1.052
179	3552.497	3393.185	3777.202	3509.693	1.036	1.038	1.048
180	3543.107	3407.241	3805.636	3495.065	1.031	1.034	1.045
181	3468.133	3341.973	3681.486	3448.525	1.018	1.020	1.023
182	3432.395	3137.591	3600.878	3432.238	1.013	1.015	1.013
183	3420.475	3320.853	3551.404	3413.326	1.007	1.010	1.009
184	3374.893	3225.880	3565.575	3342.904	0.986	0.989	0.996
185	3357.191	3282.237	3446.238	3348.661	0.988	0.991	0.991
186	3349.208	3251.431	3414.039	3357.235	0.991	0.993	0.988
187	3427.555	3237.087	3543.737	3447.107	1.017	1.020	1.011
188	3405.095	3238.938	3584.786	3374.697	0.996	0.998	1.005
189	3380.355	3269.696	3538.723	3389.063	1.000	1.003	0.997
190	3377.189	3270.114	3466.679	3384.501	0.999	1.001	0.996
191	3358.075	3280.661	3416.059	3383.469	0.998	1.001	0.991
192	3379.185	3234.697	3492.009	3393.406	1.001	1.004	0.997
193	3449.706	3275.156	3661.939	3438.937	1.015	1.017	1.018
194	3455.175	3332.918	3679.392	3420.455	1.009	1.012	1.019
195	3457.224	3258.541	3714.016	3414.931	1.008	1.010	1.020
196	3567.010	3370.937	3871.741	3519.959	1.039	1.041	1.052
197	3676.017	3365.920	3989.220	3656.580	1.079	1.082	1.085
198	3594.279	3372.472	3938.213	3516.280	1.037	1.040	1.061
199	3508.235	3296.723	3726.311	3514.347	1.037	1.040	1.035
200	3561.191	3412.827	3797.124	3537.012	1.044	1.046	1.051
201	3504.643	3355.520	3754.679	3495.622	1.031	1.034	1.034
202	3503.072	3273.502	3741.001	3465.299	1.022	1.025	1.034
203	3457.182	3313.842	3628.721	3469.846	1.024	1.027	1.020
204	3504.753	3416.595	3648.491	3472.231	1.024	1.027	1.034
205	3607.389	3400.760	3815.098	3612.578	1.066	1.069	1.064
206	3554.460	3436.175	3693.562	3521.750	1.039	1.042	1.049
207	3579.207	3439.431	3814.169	3545.655	1.046	1.049	1.056
208	3608.752	3411.789	4006.197	3527.804	1.041	1.044	1.065
209	3593.720	3372.181	3977.962	3557.407	1.050	1.052	1.060
210	3532.404	3341.592	3950.471	3501.906	1.033	1.036	1.042
211	3445.370	3335.469	3595.177	3449.490	1.018	1.021	1.017
212	3473.498	3380.052	3612.442	3452.958	1.019	1.022	1.025
213	3493.876	3358.103	3575.014	3507.861	1.035	1.038	1.031
214	3434.947	3320.920	3580.809	3428.768	1.012	1.014	1.013
215	3439.343	3252.972	3604.353	3446.067	1.017	1.020	1.015
216	3441.319	3331.456	3563.044	3433.514	1.013	1.016	1.015
217	3454.315	3324.597	3593.727	3453.020	1.019	1.022	1.019
218	3438.798	3210.431	3628.185	3459.431	1.021	1.024	1.015
219	3470.785	3341.417	3639.152	3443.437	1.016	1.019	1.024
220	3448.111	3371.418	3598.574	3456.512	1.020	1.023	1.017
221	3426.952	3342.450	3521.871	3417.406	1.008	1.011	1.011
222	3459.058	3331.466	3506.998	3467.251	1.023	1.026	1.021
223	3364.292	3239.425	3464.664	3379.902	0.997	1.000	0.993
224	3402.513	3313.037	3506.367	3370.529	0.994	0.997	1.004
225	3397.312	3333.668	3461.316	3405.165	1.005	1.007	1.002
226	3425.063	3282.454	3532.372	3425.173	1.011	1.013	1.011
227	3371.914	3262.562	3461.939	3366.834	0.993	0.996	0.995
228	3481.082	3372.630	3581.760	3483.106	1.028	1.031	1.027
229	3467.478	3322.951	3581.482	3460.627	1.021	1.024	1.023
230	3461.459	3238.517	3638.859	3474.769	1.025	1.028	1.021
231	3474.451	3244.158	3733.336	3450.558	1.018	1.021	1.025
232	3484.485	3324.426	3670.742	3489.194	1.030	1.032	1.028
233	3535.171	3373.491	3707.844	3541.280	1.045	1.048	1.043
234	3617.292	3377.789	3928.934	3656.587	1.079	1.082	1.067
235	3611.735	3279.467	3844.010	3669.835	1.083	1.086	1.066
236	3685.048	3418.775	3967.654	3700.783	1.092	1.095	1.087
237	3635.139	3319.818	3973.836	3656.632	1.079	1.082	1.073
238	3539.104	3223.724	3776.756	3566.947	1.052	1.055	1.044
239	3595.410	3200.527	3840.251	3627.507	1.070	1.073	1.061
240	3599.717	3224.134	3798.232	3604.443	1.064	1.066	1.062
241	3570.174	3295.194	3792.020	3570.949	1.054	1.056	1.053
242	3610.843	3262.805	3958.884	3639.583	1.074	1.077	1.065
243	3616.993	3347.743	3918.149	3623.334	1.069	1.072	1.067
244	3635.452	3312.693	3984.061	3659.022	1.080	1.083	1.073
245	3714.665	3338.843	4082.402	3702.547	1.092	1.095	1.096
246	3629.958	3265.387	3905.496	3673.068	1.084	1.087	1.071
247	3674.329	3366.440	3994.727	3644.664	1.075	1.078	1.084
248	3715.057	3505.490	3899.331	3712.324	1.095	1.098	1.096
249	3698.067	3339.241	3989.905	3698.602	1.091	1.094	1.091
250	3805.009	3327.388	4208.268	3786.805	1.117	1.120	1.123
251	3713.177	3405.559	3921.845	3785.642	1.117	1.120	1.096
252	3627.096	3336.508	3824.161	3698.555	1.091	1.094	1.070
253	3591.953	3383.701	3722.635	3645.265	1.076	1.078	1.060
254	3519.133	3313.246	3754.370	3487.581	1.029	1.032	1.038
255	3537.800	3339.718	3652.080	3586.297	1.058	1.061	1.044
256	3522.607	3310.344	3874.534	3486.731	1.029	1.032	1.039
257	3608.518	3346.330	3917.638	3601.077	1.063	1.065	1.065
258	3641.101	3221.843	4022.774	3623.410	1.069	1.072	1.074
259	3662.313	3442.000	3837.947	3729.482	1.100	1.103	1.081
260	3637.603	3333.364	3912.693	3661.344	1.080	1.083	1.073
261	3739.037	3475.648	4171.680	3744.851	1.105	1.108	1.103
262	3818.995	3432.752	4349.068	3772.474	1.113	1.116	1.127
263	3828.635	3472.427	4535.928	3708.101	1.094	1.097	1.130
264	4030.479	3498.474	4652.041	4069.511	1.201	1.204	1.189
265	4055.019	3429.714	4736.393	4091.435	1.207	1.210	1.196
266	3952.889	3413.668	4611.644	3857.284	1.138	1.141	1.166
267	3988.924	3410.102	5339.471	3846.087	1.135	1.138	1.177
268	3875.416	3238.273	4348.092	3906.982	1.153	1.156	1.143
269	3769.402	3278.024	4124.597	3826.874	1.129	1.132	1.112
270	3603.470	3188.728	3824.851	3636.363	1.073	1.076	1.063
271	3575.039	3261.433	3765.526	3623.691	1.069	1.072	1.055
272	3551.190	3288.812	3721.199	3580.713	1.057	1.059	1.048
273	3522.985	3222.686	3815.729	3525.157	1.040	1.043	1.039
274	3643.674	3486.860	3820.793	3615.710	1.067	1.070	1.075
275	3641.891	3498.597	3773.896	3638.549	1.074	1.076	1.075
276	3700.994	3380.890	4113.379	3729.393	1.100	1.103	1.092
277	3752.223	3498.860	3988.066	3797.647	1.121	1.124	1.107
278	3752.891	3438.539	4026.778	3750.076	1.106	1.109	1.107
279	3671.598	3340.276	3950.782	3675.283	1.084	1.087	1.083
280	3770.261	3362.842	4099.480	3743.649	1.105	1.108	1.112
281	3706.747	3422.068	4045.023	3666.481	1.082	1.085	1.094
282	3727.176	3405.855	4195.864	3696.243	1.091	1.094	1.100
283	3697.433	3456.583	3952.818	3703.132	1.093	1.096	1.091
284	3723.042	3539.851	3937.930	3730.392	1.101	1.104	1.099
285	3707.592	3477.809	3953.463	3727.524	1.100	1.103	1.094
286	3787.118	3447.077	4394.967	3669.234	1.083	1.086	1.117
287	3740.812	3539.376	4156.537	3653.263	1.078	1.081	1.104
288	3658.289	3437.214	4035.990	3583.049	1.057	1.060	1.079
289	3627.750	3424.632	3950.848	3620.161	1.068	1.071	1.070
290	3629.216	3472.514	3723.588	3632.352	1.072	1.075	1.071
291	3633.672	3441.455	3850.846	3621.939	1.069	1.072	1.072
292	3550.757	3386.691	3763.989	3539.222	1.044	1.047	1.048
293	3494.236	3333.818	3725.486	3473.940	1.025	1.028	1.031
294	3518.798	3389.457	3693.618	3514.215	1.037	1.040	1.038
295	3675.912	3414.279	4073.465	3623.470	1.069	1.072	1.085
296	3835.321	3452.903	4238.771	3854.691	1.137	1.140	1.132
297	3938.611	3435.346	4370.535	3881.895	1.145	1.148	1.162
298	4029.110	3489.458	4457.250	4018.737	1.186	1.189	1.189
299	4161.320	3517.400	4754.436	4092.603	1.208	1.211	1.228
300	4019.474	3546.768	4466.983	4057.002	1.197	1.200	1.186
301	3879.538	3631.616	4127.252	3872.123	1.142	1.146	1.145
302	3829.157	3491.864	4160.864	3873.044	1.143	1.146	1.130
303	3853.281	3546.623	4225.674	3802.109	1.122	1.125	1.137
304	4031.144	3565.860	4547.181	3994.798	1.179	1.182	1.189
305	4243.798	3612.652	4991.069	4224.681	1.247	1.250	1.252
306	4318.319	3556.209	5410.892	4231.931	1.249	1.252	1.274
307	4136.097	3489.604	4813.580	4116.225	1.215	1.218	1.220
308	4019.736	3478.449	4611.322	4134.294	1.220	1.223	1.186
309	3894.699	3550.642	4189.689	3895.428	1.149	1.152	1.149
310	3896.211	3580.293	4144.162	3906.100	1.153	1.156	1.150
311	3747.910	3649.070	3943.840	3726.452	1.100	1.103	1.106
312	3793.795	3623.983	4051.810	3755.056	1.108	1.111	1.119
313	3929.311	3573.269	4194.916	3960.782	1.169	1.172	1.159
314	3851.269	3576.207	4448.862	3798.902	1.121	1.124	1.136
315	3869.779	3569.018	4251.567	3824.928	1.129	1.132	1.142
316	3743.800	3526.354	4005.748	3735.978	1.102	1.105	1.105
317	3765.723	3579.772	3889.367	3777.159	1.114	1.118	1.111
318	3764.700	3494.009	3995.398	3813.096	1.125	1.128	1.111
319	3707.201	3481.553	4092.753	3650.856	1.077	1.080	1.094
320	3900.566	3403.271	4702.680	3841.458	1.133	1.137	1.151
321	4083.042	3443.149	4895.631	4003.664	1.181	1.185	1.205
322	4178.143	3476.726	4967.531	4209.239	1.242	1.245	1.233
323	4139.623	3585.391	5050.668	4003.346	1.181	1.184	1.221
324	4001.695	3636.792	4342.890	4015.098	1.185	1.188	1.181
325	4089.330	3869.640	4306.730	4071.765	1.201	1.205	1.207
326	4116.053	3833.932	4385.574	4124.249	1.217	1.220	1.214
327	4106.197	3597.343	4471.896	4143.394	1.223	1.226	1.212
328	4005.841	3648.224	4386.128	3925.990	1.158	1.162	1.182
329	3815.624	3471.154	4061.041	3819.567	1.127	1.130	1.126
330	3824.485	3398.659	4184.186	3859.832	1.139	1.142	1.128
331	3815.098	3371.029	4104.710	3891.327	1.148	1.151	1.126
332	3889.860	3381.910	4326.231	3800.208	1.121	1.124	1.148
333	3925.415	3553.379	4624.363	3907.122	1.153	1.156	1.158
334	4038.493	3402.295	4568.630	4093.674	1.208	1.211	1.192
335	4022.152	3606.127	4495.997	4060.352	1.198	1.201	1.187
336	3728.740	3407.316	3976.870	3750.375	1.107	1.110	1.100
337	3743.763	3439.543	3963.491	3776.027	1.114	1.117	1.105
338	3818.529	3409.579	4195.651	3827.721	1.129	1.132	1.127
339	3903.828	3380.801	4462.126	3845.787	1.135	1.138	1.152
340	3838.253	3509.834	4203.469	3794.139	1.119	1.123	1.132
341	3888.944	3608.157	4141.773	3885.751	1.147	1.150	1.147
342	3824.148	3663.341	4031.580	3782.255	1.116	1.119	1.128
343	3694.536	3558.431	3892.942	3640.843	1.074	1.077	1.090
344	3620.615	3456.503	3869.347	3627.233	1.070	1.073	1.068
345	3598.020	3448.448	3830.796	3519.940	1.039	1.041	1.062
346	3668.335	3436.137	4052.033	3660.428	1.080	1.083	1.082
347	3786.955	3386.101	4198.353	3769.730	1.112	1.115	1.117
348	3902.040	3316.678	4642.114	3910.633	1.154	1.157	1.151
349	3984.847	3329.904	4916.243	3941.649	1.163	1.166	1.176
350	3951.182	3427.707	4645.218	3838.489	1.133	1.136	1.166
351	3959.268	3464.143	4457.418	3981.241	1.175	1.178	1.168
352	3992.887	3495.991	4545.679	3976.489	1.173	1.176	1.178
353	3996.516	3484.386	4768.292	3822.324	1.128	1.131	1.179
354	3933.859	3361.979	4453.306	3827.614	1.129	1.132	1.161
355	3783.718	3460.712	4194.246	3734.660	1.102	1.105	1.116
356	3739.918	3462.213	4142.857	3698.394	1.091	1.094	1.103
357	3662.768	3303.221	3942.280	3653.449	1.078	1.081	1.081
358	3616.539	3478.758	3828.170	3588.967	1.059	1.062	1.067
359	3551.824	3330.097	3815.707	3594.583	1.061	1.063	1.048
360	3664.477	3428.318	4007.124	3630.083	1.071	1.074	1.081
361	3798.897	3438.978	4110.317	3824.371	1.128	1.131	1.121
362	3721.758	3446.767	3960.137	3776.681	1.114	1.117	1.098
363	3839.646	3483.319	4197.786	3836.516	1.132	1.135	1.133
364	3800.667	3451.968	4035.969	3845.402	1.135	1.138	1.121
365	3720.314	3220.302	4114.850	3790.159	1.118	1.121	1.098
366	3705.910	3313.020	4147.701	3694.568	1.090	1.093	1.093
367	3572.774	3302.584	3840.710	3614.174	1.066	1.069	1.054
368	3511.409	3242.895	3783.038	3540.901	1.045	1.048	1.036
369	3460.518	3235.016	3759.339	3435.908	1.014	1.017	1.021
370	3453.750	3124.378	3723.667	3466.625	1.023	1.026	1.019
371	3520.973	3297.372	3678.210	3514.094	1.037	1.040	1.039
372	3594.062	3285.565	3838.566	3633.532	1.072	1.075	1.060
373	3713.139	3310.367	4089.566	3642.245	1.075	1.078	1.096
374	3759.999	3270.140	4111.732	3775.470	1.114	1.117	1.109
375	3813.835	3229.844	4358.490	3776.043	1.114	1.117	1.125
376	3812.477	3250.535	4316.776	3804.740	1.123	1.126	1.125
377	3822.817	3312.661	4354.609	3832.420	1.131	1.134	1.128
378	3854.207	3453.692	4459.201	3717.202	1.097	1.100	1.137
379	3759.841	3316.951	4303.100	3704.222	1.093	1.096	1.109
380	3675.017	3386.147	4138.287	3595.579	1.061	1.064	1.084
381	3571.051	3259.302	4043.515	3563.291	1.051	1.054	1.054
382	3522.026	3310.391	3891.649	3466.156	1.023	1.025	1.039
383	3412.786	3216.791	3576.753	3405.834	1.005	1.008	1.007
384	3406.028	3302.303	3613.289	3353.343	0.989	0.992	1.005
385	3386.063	3229.997	3566.796	3342.938	0.986	0.989	0.999
386	3357.862	3200.242	3584.716	3347.811	0.988	0.990	0.991
387	3427.522	3248.064	3570.286	3473.361	1.025	1.028	1.011
388	3472.520	3245.393	3651.229	3525.918	1.040	1.043	1.025
389	3544.709	3319.191	3727.083	3577.576	1.056	1.058	1.046
390	3546.105	3305.067	3856.855	3506.227	1.035	1.037	1.046
391	3538.508	3247.939	3852.049	3521.250	1.039	1.042	1.044
392	3499.800	3219.872	3763.785	3543.743	1.046	1.048	1.033
393	3498.585	3333.263	3650.712	3506.018	1.034	1.037	1.032
394	3487.835	3326.864	3601.139	3510.605	1.036	1.039	1.029
395	3465.208	3266.243	3748.906	3468.513	1.023	1.026	1.022
396	3458.057	3365.871	3529.971	3463.105	1.022	1.025	1.020
397	3482.306	3232.640	3662.178	3492.908	1.031	1.033	1.027
398	3510.346	3282.432	3721.462	3563.004	1.051	1.054	1.036
399	3502.192	3280.860	3795.920	3487.439	1.029	1.032	1.033
400	3502.899	3354.159	3737.747	3507.131	1.035	1.038	1.034
401	3505.422	3365.639	3677.525	3538.538	1.044	1.047	1.034
402	3442.369	3317.417	3585.641	3438.628	1.015	1.017	1.016
403	3471.789	3314.145	3574.905	3488.242	1.029	1.032	1.024
404	3576.156	3352.489	3810.312	3602.644	1.063	1.066	1.055
405	3559.223	3367.562	3708.048	3596.729	1.061	1.064	1.050
406	3717.021	3497.155	4114.864	3663.187	1.081	1.084	1.097
407	4022.001	3611.110	4394.480	4035.355	1.191	1.194	1.187
408	3952.531	3475.746	4720.458	3845.221	1.135	1.138	1.166
409	3937.874	3634.920	4371.958	3874.352	1.143	1.146	1.162
410	3951.509	3725.170	4538.884	3806.923	1.123	1.126	1.166
411	3942.314	3527.809	4567.780	3924.012	1.158	1.161	1.163
412	3792.826	3465.708	4265.791	3724.754	1.099	1.102	1.119
413	3717.731	3426.862	4207.310	3665.425	1.082	1.084	1.097
414	3663.323	3430.435	3979.518	3617.157	1.067	1.070	1.081
415	3585.634	3422.348	3853.823	3536.121	1.043	1.046	1.058
416	3559.740	3326.092	3791.031	3528.943	1.041	1.044	1.050
417	3569.204	3375.085	3829.194	3592.600	1.060	1.063	1.053
418	3566.116	3323.525	3785.060	3580.177	1.056	1.059	1.052
419	3667.831	3313.673	4022.819	3682.135	1.086	1.089	1.082
420	3711.137	3354.756	4176.559	3653.435	1.078	1.081	1.095
421	3739.146	3396.728	4241.550	3687.927	1.088	1.091	1.103
422	3885.728	3563.062	4372.501	3773.165	1.113	1.116	1.147
423	3945.537	3363.664	4634.413	3875.386	1.143	1.147	1.164
424	3826.527	3459.751	4245.865	3818.915	1.127	1.130	1.129
425	3793.604	3530.007	4196.032	3730.278	1.101	1.104	1.119
426	3867.712	3557.791	4360.305	3769.825	1.112	1.115	1.141
427	3849.094	3456.006	4449.146	3806.044	1.123	1.126	1.136
428	3663.182	3325.178	3999.557	3713.510	1.096	1.099	1.081
429	3595.532	3198.476	4036.459	3616.192	1.067	1.070	1.061
430	3626.521	3380.162	3974.695	3587.826	1.059	1.061	1.070
431	3630.040	3461.991	3790.631	3654.868	1.078	1.081	1.071
432	3604.630	3465.013	3737.618	3620.277	1.068	1.071	1.064
433	3562.878	3407.085	3772.715	3553.615	1.049	1.051	1.051
434	3637.602	3463.251	3855.559	3616.586	1.067	1.070	1.073
435	3751.218	3356.024	4382.949	3720.449	1.098	1.101	1.107
436	3892.569	3366.511	4156.567	3891.540	1.148	1.151	1.149
437	3985.712	3449.465	4365.002	4081.681	1.204	1.208	1.176
438	3902.391	3301.428	4184.770	3948.934	1.165	1.168	1.151
439	3716.755	3444.437	3924.697	3730.738	1.101	1.104	1.097
440	3581.909	3444.085	3830.973	3540.323	1.045	1.047	1.057
441	3591.019	3344.812	3808.021	3607.792	1.064	1.067	1.060
442	3615.496	3516.555	3692.125	3624.786	1.070	1.072	1.067
443	3537.782	3395.008	3676.971	3529.316	1.041	1.044	1.044
444	3648.965	3468.193	3853.739	3638.260	1.073	1.076	1.077
445	3670.216	3455.985	3848.393	3666.247	1.082	1.085	1.083
446	3706.435	3504.286	4036.278	3672.800	1.084	1.087	1.094
447	3747.589	3506.070	3991.521	3754.879	1.108	1.111	1.106
448	3753.916	3509.917	3956.667	3774.562	1.114	1.117	1.108
449	3671.364	3470.330	3782.803	3696.322	1.091	1.094	1.083
450	3578.607	3473.630	3708.019	3574.185	1.055	1.057	1.056
451	3578.533	3452.520	3691.174	3609.364	1.065	1.068	1.056
452	3547.504	3400.852	3726.602	3549.060	1.047	1.050	1.047
453	3574.110	3368.086	3823.802	3569.007	1.053	1.056	1.055
454	3664.488	3330.580	3974.487	3675.554	1.084	1.087	1.081
455	3758.867	3466.660	4229.625	3820.281	1.127	1.130	1.109
456	3609.250	3343.417	3932.501	3602.149	1.063	1.066	1.065
457	3627.265	3376.384	4100.883	3498.144	1.032	1.035	1.070
458	3567.165	3360.044	3736.358	3577.544	1.056	1.058	1.053
459	3502.516	3354.213	3761.192	3444.113	1.016	1.019	1.033
460	3420.930	3249.926	3620.492	3407.765	1.005	1.008	1.009
461	3474.194	3379.702	3610.719	3457.794	1.020	1.023	1.025
462	3578.562	3425.094	3733.864	3562.975	1.051	1.054	1.056
463	3662.368	3519.741	3780.210	3677.041	1.085	1.088	1.081
464	3643.672	3422.075	3891.764	3622.695	1.069	1.072	1.075
465	3653.363	3488.234	3873.372	3622.778	1.069	1.072	1.078
466	3643.614	3524.394	4066.654	3569.952	1.053	1.056	1.075
467	3612.056	3511.795	3814.979	3582.381	1.057	1.060	1.066
468	3561.375	3404.289	3764.248	3546.371	1.046	1.049	1.051
469	3474.824	3386.827	3591.619	3465.380	1.022	1.025	1.025
470	3399.329	3293.406	3458.070	3415.177	1.008	1.010	1.003
471	3411.960	3303.273	3567.796	3390.604	1.000	1.003	1.007
472	3447.790	3341.734	3683.331	3427.744	1.011	1.014	1.017
473	3409.253	3290.947	3556.450	3410.465	1.006	1.009	1.006
474	3374.244	3133.162	3593.322	3397.060	1.002	1.005	0.996
475	3418.335	3292.419	3646.069	3384.257	0.999	1.001	1.009
476	3416.340	3238.111	3582.643	3418.917	1.009	1.012	1.008
477	3450.344	3327.179	3790.673	3412.945	1.007	1.010	1.018
478	3458.252	3379.681	3627.959	3414.871	1.008	1.010	1.020
479	3550.044	3324.273	3757.755	3525.149	1.040	1.043	1.047
480	3639.435	3362.380	3810.447	3653.670	1.078	1.081	1.074
481	3721.249	3470.247	3959.480	3690.364	1.089	1.092	1.098
482	3699.250	3529.555	4033.649	3653.633	1.078	1.081	1.091
483	3672.294	3414.280	3955.950	3664.429	1.081	1.084	1.084
484	3798.756	3399.376	4133.885	3762.705	1.110	1.113	1.121
485	3851.003	3455.189	4413.633	3754.596	1.108	1.111	1.136
486	3793.492	3389.350	4565.485	3602.780	1.063	1.066	1.119
487	3773.869	3429.188	4176.457	3701.333	1.092	1.095	1.113
488	3505.606	3255.802	3728.585	3515.707	1.037	1.040	1.034
489	3460.779	3346.546	3654.923	3445.900	1.017	1.019	1.021
490	3378.012	3259.034	3525.371	3391.943	1.001	1.004	0.997
491	3288.068	3206.810	3354.585	3287.001	0.970	0.972	0.970
492	3333.483	3246.051	3400.944	3336.136	0.984	0.987	0.984
493	3374.320	3140.610	3533.258	3385.452	0.999	1.002	0.996
494	3445.840	3374.383	3559.862	3447.714	1.017	1.020	1.017
495	3478.433	3333.343	3624.955	3487.534	1.029	1.032	1.026
496	3462.816	3257.184	3661.312	3454.020	1.019	1.022	1.022
497	3495.981	3389.490	3633.715	3486.402	1.029	1.031	1.032
498	3507.006	3433.888	3691.711	3484.860	1.028	1.031	1.035
499	3504.739	3378.575	3613.392	3485.729	1.028	1.031	1.034
500	3524.911	3348.396	3717.068	3520.117	1.039	1.041	1.040
501	3539.785	3375.001	3840.252	3510.588	1.036	1.039	1.044
502	3452.943	3308.206	3557.970	3470.768	1.024	1.027	1.019
503	3413.054	3168.590	3656.801	3419.436	1.009	1.012	1.007
504	3386.526	3219.287	3563.253	3350.608	0.989	0.991	0.999
505	3378.224	3273.323	3487.441	3357.991	0.991	0.993	0.997
506	3406.684	3291.923	3583.472	3401.137	1.004	1.006	1.005
507	3443.184	3282.130	3650.465	3440.842	1.015	1.018	1.016
508	3540.922	3324.469	3759.944	3480.389	1.027	1.030	1.045
509	3528.236	3351.964	3695.836	3500.377	1.033	1.036	1.041
510	3568.620	3368.309	3957.906	3530.236	1.042	1.044	1.053
511	3444.324	3304.841	3706.078	3417.725	1.008	1.011	1.016
512	3366.822	3263.015	3530.068	3307.874	0.976	0.979	0.993
513	3421.664	3211.190	3635.537	3430.401	1.012	1.015	1.010
514	3481.271	3325.823	3773.258	3446.800	1.017	1.020	1.027
515	3460.541	3314.451	3727.201	3444.691	1.016	1.019	1.021
516	3398.101	3272.029	3553.190	3384.322	0.999	1.001	1.003
517	3341.329	3224.986	3499.731	3327.161	0.982	0.984	0.986
518	3327.103	3191.854	3456.300	3325.402	0.981	0.984	0.982
519	3357.116	3253.853	3495.926	3323.269	0.981	0.983	0.991
520	3398.692	3329.006	3491.203	3389.038	1.000	1.003	1.003
521	3333.483	3200.646	3449.996	3334.358	0.984	0.986	0.984
522	3292.041	3207.899	3362.212	3292.860	0.972	0.974	0.971
523	3278.880	3198.063	3381.429	3276.513	0.967	0.969	0.967
524	3308.563	3181.809	3410.832	3319.926	0.980	0.982	0.976
525	3313.690	3190.052	3497.835	3317.752	0.979	0.982	0.978
526	3330.314	3239.936	3452.698	3326.674	0.982	0.984	0.983
527	3268.429	3143.159	3405.255	3261.820	0.962	0.965	0.964
528	3291.194	3207.671	3375.301	3303.125	0.975	0.977	0.971
529	3348.653	3283.344	3396.821	3352.974	0.989	0.992	0.988
530	3320.828	3252.161	3367.089	3321.827	0.980	0.983	0.980
531	3360.479	3196.255	3495.970	3390.147	1.000	1.003	0.992
532	3351.712	3258.760	3461.999	3349.507	0.988	0.991	0.989
533	3329.411	3240.390	3411.658	3324.829	0.981	0.984	0.982
534	3314.113	3252.314	3415.861	3306.952	0.976	0.978	0.978
535	3303.680	3201.130	3418.418	3305.526	0.975	0.978	0.975
536	3295.282	3199.025	3360.879	3300.122	0.974	0.976	0.972
537	3343.797	3237.217	3447.439	3347.275	0.988	0.990	0.987
538	3324.887	3216.475	3431.827	3331.607	0.983	0.986	0.981
539	3312.205	3212.461	3395.811	3313.964	0.978	0.980	0.977
540	3317.711	3225.009	3390.579	3333.909	0.984	0.986	0.979
541	3335.465	3256.596	3459.361	3315.672	0.978	0.981	0.984
542	3360.729	3202.586	3486.789	3360.637	0.992	0.994	0.992
543	3301.542	3195.919	3415.063	3308.518	0.976	0.979	0.974
544	3314.888	3211.447	3405.103	3297.208	0.973	0.976	0.978
545	3367.533	3284.859	3466.723	3369.888	0.994	0.997	0.994
546	3393.348	3251.584	3488.678	3403.836	1.004	1.007	1.001
547	3300.497	3205.639	3474.346	3303.251	0.975	0.977	0.974
548	3337.912	3170.152	3460.887	3327.775	0.982	0.985	0.985
549	3333.753	3122.990	3609.972	3285.495	0.969	0.972	0.984
550	3412.234	3257.479	3556.806	3425.028	1.011	1.013	1.007
551	3351.174	3209.220	3523.366	3346.567	0.987	0.990	0.989
552	3353.267	3250.571	3729.061	3293.578	0.972	0.974	0.989
553	3318.840	3189.471	3703.125	3287.718	0.970	0.973	0.979
554	3352.563	3258.103	3519.640	3342.598	0.986	0.989	0.989
555	3394.179	3219.945	3629.187	3359.577	0.991	0.994	1.001
556	3371.990	3191.739	3597.503	3330.952	0.983	0.985	0.995
557	3349.631	3099.074	3467.797	3384.333	0.999	1.001	0.988
558	3316.792	3084.208	3506.793	3319.833	0.980	0.982	0.979
559	3318.148	3232.896	3436.418	3305.829	0.975	0.978	0.979
560	3314.241	3247.806	3404.027	3310.484	0.977	0.979	0.978
561	3321.761	3128.123	3430.531	3345.267	0.987	0.990	0.980
562	3329.407	3241.591	3429.960	3304.412	0.975	0.978	0.982
563	3308.862	3190.940	3514.576	3299.267	0.973	0.976	0.976
564	3307.917	3180.569	3395.974	3313.485	0.978	0.980	0.976
565	3300.032	3190.763	3410.646	3293.409	0.972	0.974	0.974
566	3327.852	3237.841	3452.760	3333.220	0.983	0.986	0.982
567	3289.649	3113.619	3418.538	3292.268	0.971	0.974	0.971
568	3260.274	3169.087	3353.117	3262.837	0.963	0.965	0.962
569	3325.573	3238.848	3436.901	3311.279	0.977	0.980	0.981
570	3291.916	3138.164	3451.657	3307.580	0.976	0.979	0.971
571	3302.145	3203.417	3346.022	3311.179	0.977	0.980	0.974
572	3270.367	3235.332	3309.352	3273.784	0.966	0.969	0.965
573	3301.585	3219.244	3428.380	3296.962	0.973	0.975	0.974
574	3330.208	3236.603	3427.755	3335.930	0.984	0.987	0.983
575	3303.045	3222.540	3442.867	3293.904	0.972	0.975	0.975
576	3286.212	3198.671	3384.430	3288.292	0.970	0.973	0.970
577	3329.946	3213.980	3444.679	3323.345	0.981	0.983	0.983
578	3299.520	3183.923	3449.999	3317.693	0.979	0.982	0.974
579	3333.123	3286.257	3436.366	3323.758	0.981	0.983	0.983
580	3269.229	3216.649	3342.349	3262.603	0.963	0.965	0.965
581	3290.853	3248.592	3357.740	3278.211	0.967	0.970	0.971
582	3322.800	3184.350	3462.158	3308.673	0.976	0.979	0.980
583	3255.143	3187.073	3383.773	3235.128	0.955	0.957	0.960
584	3317.407	3243.596	3368.216	3319.452	0.979	0.982	0.979
585	3295.293	3182.398	3387.981	3303.411	0.975	0.977	0.972
586	3320.474	3202.766	3446.273	3306.223	0.976	0.978	0.980
587	3257.131	3167.362	3418.361	3238.315	0.955	0.958	0.961
588	3292.871	3155.881	3444.111	3317.729	0.979	0.982	0.972
589	3289.207	3192.823	3382.414	3294.986	0.972	0.975	0.970
590	3301.962	3174.203	3418.396	3321.318	0.980	0.983	0.974
591	3326.836	3195.518	3459.220	3323.784	0.981	0.983	0.982
592	3321.877	3170.141	3476.374	3329.839	0.982	0.985	0.980
593	3306.279	3181.864	3574.906	3293.780	0.972	0.974	0.976
594	3313.653	3170.726	3397.095	3349.029	0.988	0.991	0.978
595	3331.582	3184.344	3525.614	3316.634	0.979	0.981	0.983
596	3343.731	3194.223	3404.137	3369.518	0.994	0.997	0.987
597	3364.341	3234.627	3493.861	3355.867	0.990	0.993	0.993
598	3345.380	3143.671	3472.840	3362.243	0.992	0.995	0.987
599	3361.071	3288.247	3496.318	3344.230	0.987	0.989	0.992
600	3270.824	3098.726	3378.511	3274.250	0.966	0.969	0.965
601	3314.378	3211.031	3445.078	3311.703	0.977	0.980	0.978
602	3322.849	3236.778	3392.203	3326.367	0.981	0.984	0.980
603	3360.192	3261.074	3460.419	3361.177	0.992	0.994	0.991
604	3322.665	3210.446	3415.970	3312.782	0.977	0.980	0.980
605	3363.987	3257.552	3463.146	3362.611	0.992	0.995	0.993
606	3322.295	3254.143	3436.367	3304.492	0.975	0.978	0.980
607	3272.447	3064.445	3391.962	3324.097	0.981	0.983	0.966
608	3270.882	3081.559	3395.131	3290.690	0.971	0.974	0.965
609	3312.704	3220.287	3430.883	3304.042	0.975	0.978	0.977
610	3387.849	3255.100	3524.771	3384.535	0.999	1.001	1.000
611	3469.081	3286.566	3657.054	3457.437	1.020	1.023	1.024
612	3501.756	3251.301	3699.075	3562.723	1.051	1.054	1.033
613	3603.067	3338.002	3783.395	3643.438	1.075	1.078	1.063
614	3642.436	3489.374	3852.692	3556.598	1.049	1.052	1.075
615	3595.946	3325.874	3750.280	3643.110	1.075	1.078	1.061
616	3551.801	3397.160	3799.116	3547.597	1.047	1.050	1.048
617	3538.160	3362.789	3673.452	3576.674	1.055	1.058	1.044
618	3444.298	3360.441	3532.330	3436.806	1.014	1.017	1.016
619	3411.241	3347.723	3501.117	3410.566	1.006	1.009	1.007
620	3443.976	3356.290	3528.953	3440.072	1.015	1.018	1.016
621	3426.944	3344.535	3619.943	3380.737	0.998	1.000	1.011
622	3396.151	3323.956	3505.934	3367.126	0.993	0.996	1.002
623	3414.047	3258.731	3552.600	3420.819	1.009	1.012	1.007
624	3385.809	3190.925	3506.270	3401.045	1.003	1.006	0.999
625	3348.887	3270.015	3492.728	3340.006	0.985	0.988	0.988
626	3314.753	3253.951	3483.315	3294.109	0.972	0.975	0.978
627	3337.638	3210.667	3423.248	3345.858	0.987	0.990	0.985
628	3351.592	3272.831	3448.196	3334.699	0.984	0.987	0.989
629	3330.199	3230.572	3440.615	3330.493	0.983	0.985	0.983
630	3335.162	3267.443	3421.447	3335.585	0.984	0.987	0.984
631	3392.458	3197.051	3522.550	3425.093	1.011	1.013	1.001
632	3400.514	3291.014	3687.194	3339.490	0.985	0.988	1.003
633	3377.930	3304.937	3455.032	3384.357	0.999	1.001	0.997
634	3361.857	3274.254	3424.049	3375.986	0.996	0.999	0.992
635	3444.818	3290.816	3504.100	3462.756	1.022	1.024	1.016
636	3373.483	3277.787	3534.585	3342.279	0.986	0.989	0.995
637	3338.640	3212.408	3500.179	3324.931	0.981	0.984	0.985
638	3358.961	3260.414	3456.978	3358.930	0.991	0.994	0.991
639	3298.994	3228.460	3410.612	3277.285	0.967	0.970	0.973
640	3323.619	3146.568	3460.165	3336.943	0.985	0.987	0.981
641	3383.652	3234.992	3495.941	3396.357	1.002	1.005	0.998
642	3446.998	3216.235	3647.758	3425.049	1.011	1.013	1.017
643	3497.992	3273.385	3627.076	3552.019	1.048	1.051	1.032
644	3551.795	3336.592	3757.259	3565.419	1.052	1.055	1.048
645	3585.709	3310.375	3854.016	3585.067	1.058	1.061	1.058
646	3528.686	3283.036	3674.652	3565.413	1.052	1.055	1.041
647	3443.767	3208.057	3572.899	3462.121	1.022	1.024	1.016
648	3441.105	3205.610	3660.659	3448.725	1.018	1.020	1.015
649	3573.142	3320.498	3858.773	3556.176	1.049	1.052	1.054
650	3688.784	3333.693	4241.623	3573.380	1.054	1.057	1.088
651	3631.076	3291.277	3951.779	3581.656	1.057	1.060	1.071
652	3731.332	3262.187	4209.297	3742.656	1.104	1.107	1.101
653	3782.865	3278.682	4620.264	3629.852	1.071	1.074	1.116
654	3953.578	3244.253	4890.259	3906.960	1.153	1.156	1.167
655	3978.259	3251.707	4962.750	3853.023	1.137	1.140	1.174
656	3817.874	3339.437	4596.390	3674.656	1.084	1.087	1.126
657	3621.792	3171.632	4078.940	3662.168	1.081	1.083	1.069
658	3493.765	3174.245	3772.873	3589.507	1.059	1.062	1.031
659	3364.536	3232.763	3531.646	3313.757	0.978	0.980	0.993
660	3422.306	3289.474	3645.194	3401.858	1.004	1.006	1.010
661	3381.506	3265.373	3495.215	3377.223	0.996	0.999	0.998
662	3498.421	3276.619	3698.896	3493.146	1.031	1.033	1.032
663	3548.437	3080.236	3867.418	3621.367	1.069	1.071	1.047
664	3644.010	3320.629	4099.176	3686.970	1.088	1.091	1.075
665	3662.942	3253.343	3992.624	3746.218	1.105	1.108	1.081
666	3653.216	3327.008	4048.488	3649.207	1.077	1.080	1.078
667	3554.725	3341.288	3779.124	3581.901	1.057	1.060	1.049
668	3490.205	3301.603	3623.424	3503.769	1.034	1.037	1.030
669	3492.065	3268.186	3686.206	3527.036	1.041	1.044	1.030
670	3506.649	3274.152	3836.352	3553.735	1.049	1.051	1.035
671	3521.506	3285.169	3725.960	3529.002	1.041	1.044	1.039
672	3540.237	3373.786	3616.327	3558.806	1.050	1.053	1.045
673	3613.833	3432.602	3898.218	3572.283	1.054	1.057	1.066
674	3677.046	3374.427	4012.362	3654.701	1.078	1.081	1.085
675	3780.685	3343.835	4252.552	3790.778	1.118	1.122	1.116
676	3942.275	3407.899	4566.144	4029.960	1.189	1.192	1.163
677	3828.367	3305.210	4341.298	3946.132	1.164	1.167	1.130
678	3824.640	3278.266	4359.581	3849.569	1.136	1.139	1.128
679	3908.921	3376.809	4411.523	3947.188	1.165	1.168	1.153
680	3690.004	3403.619	4087.404	3611.359	1.066	1.068	1.089
681	3546.656	3341.186	3855.601	3483.797	1.028	1.031	1.046
682	3530.735	3370.875	3716.459	3519.310	1.038	1.041	1.042
683	3639.882	3399.169	3866.851	3683.535	1.087	1.090	1.074
684	3561.196	3349.998	3870.772	3558.539	1.050	1.053	1.051
685	3489.587	3321.421	3668.493	3489.502	1.030	1.032	1.030
686	3548.954	3300.772	3850.364	3533.561	1.043	1.045	1.047
687	3508.028	3371.495	3628.881	3492.823	1.031	1.033	1.035
688	3447.091	3275.797	3575.217	3454.705	1.019	1.022	1.017
689	3441.252	3275.833	3557.430	3448.781	1.018	1.020	1.015
690	3513.503	3333.465	3812.075	3504.236	1.034	1.037	1.037
691	3551.286	3308.126	3951.740	3519.827	1.039	1.041	1.048
692	3454.236	3342.752	3620.593	3454.540	1.019	1.022	1.019
693	3484.334	3291.984	3612.225	3491.838	1.030	1.033	1.028
694	3472.849	3246.422	3643.524	3484.556	1.028	1.031	1.025
695	3500.635	3317.203	3707.947	3514.293	1.037	1.040	1.033
696	3387.272	3249.715	3552.450	3375.121	0.996	0.999	0.999
697	3367.663	3243.099	3476.230	3395.208	1.002	1.004	0.994
698	3386.193	3271.230	3533.973	3375.973	0.996	0.999	0.999
699	3351.632	3258.711	3515.103	3332.976	0.983	0.986	0.989
700	3344.113	3247.019	3443.201	3330.149	0.983	0.985	0.987
701	3322.833	3263.817	3443.184	3312.547	0.977	0.980	0.980
702	3375.848	3236.405	3561.220	3381.385	0.998	1.000	0.996
703	3394.041	3263.815	3473.480	3410.534	1.006	1.009	1.001
704	3368.855	3243.861	3460.521	3393.232	1.001	1.004	0.994
705	3378.199	3300.831	3502.191	3364.428	0.993	0.995	0.997
706	3427.590	3369.728	3500.076	3418.001	1.008	1.011	1.011
707	3455.732	3341.551	3588.448	3443.746	1.016	1.019	1.020
708	3574.559	3457.860	3668.893	3576.071	1.055	1.058	1.055
709	3613.228	3512.041	3695.785	3620.091	1.068	1.071	1.066
710	3534.887	3291.244	3759.577	3533.403	1.043	1.045	1.043
711	3564.294	3438.832	3667.199	3564.008	1.052	1.054	1.052
712	3481.412	3307.301	3638.251	3494.165	1.031	1.034	1.027
713	3344.971	3193.042	3507.880	3328.026	0.982	0.985	0.987
714	3352.851	3301.304	3449.125	3353.582	0.989	0.992	0.989
715	3338.404	3213.298	3417.900	3361.660	0.992	0.995	0.985
716	3351.860	3162.749	3593.770	3375.414	0.996	0.999	0.989
717	3315.617	3140.499	3523.611	3310.959	0.977	0.980	0.978
718	3373.915	3291.280	3487.170	3380.250	0.997	1.000	0.995
719	3317.250	3021.190	3578.583	3296.429	0.973	0.975	0.979
720	3406.070	3308.395	3506.426	3395.562	1.002	1.005	1.005
721	3344.692	3120.903	3531.883	3329.941	0.983	0.985	0.987
722	3290.065	3142.117	3485.115	3258.641	0.961	0.964	0.971
723	3370.628	3277.433	3474.060	3368.325	0.994	0.997	0.995
724	3287.596	3160.112	3445.580	3281.891	0.968	0.971	0.970
725	3352.363	3238.219	3559.796	3328.839	0.982	0.985	0.989
726	3321.689	3212.873	3556.047	3291.958	0.971	0.974	0.980
727	3319.062	3190.900	3427.166	3323.680	0.981	0.983	0.979
728	3333.255	3214.461	3445.910	3356.448	0.990	0.993	0.983
729	3392.726	3305.403	3592.658	3358.718	0.991	0.994	1.001
730	3396.348	3282.467	3491.747	3381.648	0.998	1.000	1.002
731	3369.733	3288.758	3466.843	3358.930	0.991	0.994	0.994
732	3408.635	3255.678	3479.321	3427.573	1.011	1.014	1.006
733	3362.881	3272.824	3441.188	3377.285	0.996	0.999	0.992
734	3357.460	3222.348	3467.003	3361.686	0.992	0.995	0.991
735	3297.064	3192.868	3450.224	3282.770	0.969	0.971	0.973
736	3383.512	3296.728	3480.791	3385.381	0.999	1.002	0.998
737	3405.429	3265.830	3580.300	3398.154	1.003	1.005	1.005
738	3325.920	3115.517	3561.894	3328.100	0.982	0.985	0.981
739	3369.470	3240.460	3537.196	3359.378	0.991	0.994	0.994
740	3347.883	3258.390	3499.088	3315.142	0.978	0.981	0.988
741	3388.158	3283.447	3563.159	3390.879	1.000	1.003	1.000
742	3368.271	3252.456	3530.068	3357.772	0.991	0.993	0.994
743	3342.106	3249.175	3419.019	3355.005	0.990	0.993	0.986
744	3371.137	3320.574	3546.615	3346.011	0.987	0.990	0.995
745	3307.528	3216.987	3362.560	3327.820	0.982	0.985	0.976
746	3310.219	3242.041	3371.119	3315.074	0.978	0.981	0.977
747	3301.014	3203.938	3375.914	3307.219	0.976	0.978	0.974
748	3273.678	3199.717	3395.504	3265.447	0.963	0.966	0.966
749	3281.307	3207.979	3326.730	3290.332	0.971	0.973	0.968
750	3330.487	3249.550	3453.001	3303.395	0.975	0.977	0.983
751	3305.206	3189.923	3422.688	3298.451	0.973	0.976	0.975
752	3281.448	3202.943	3376.415	3281.079	0.968	0.971	0.968
753	3321.009	3210.959	3485.500	3323.938	0.981	0.983	0.980
754	3344.785	3210.677	3523.596	3331.871	0.983	0.986	0.987
755	3353.116	3206.484	3541.152	3357.076	0.991	0.993	0.989
756	3416.547	3248.210	3668.981	3394.793	1.002	1.004	1.008
757	3396.621	3296.610	3481.688	3403.415	1.004	1.007	1.002
758	3357.427	3269.474	3456.372	3353.142	0.989	0.992	0.991
759	3322.201	3267.139	3398.350	3310.462	0.977	0.979	0.980
760	3345.519	3269.315	3427.776	3327.529	0.982	0.984	0.987
761	3317.744	3076.246	3502.634	3351.220	0.989	0.991	0.979
762	3331.209	3234.198	3393.870	3344.765	0.987	0.990	0.983
763	3287.468	3196.500	3376.076	3276.663	0.967	0.969	0.970
764	3303.750	3192.051	3411.838	3297.316	0.973	0.976	0.975
765	3318.757	3234.862	3485.229	3305.016	0.975	0.978	0.979
766	3307.108	3161.470	3415.273	3316.336	0.979	0.981	0.976
767	3338.424	3262.186	3400.738	3342.531	0.986	0.989	0.985
768	3325.305	3242.618	3393.311	3339.431	0.985	0.988	0.981
769	3256.020	3170.537	3349.862	3255.200	0.960	0.963	0.961
770	3265.399	3169.939	3339.294	3262.510	0.963	0.965	0.963
771	3274.523	3194.428	3382.717	3282.336	0.968	0.971	0.966
772	3318.145	3240.376	3399.004	3324.057	0.981	0.983	0.979
773	3332.817	3275.758	3386.121	3331.919	0.983	0.986	0.983
774	3370.549	3103.283	3498.112	3401.199	1.004	1.006	0.994
775	3343.272	3245.384	3519.600	3328.045	0.982	0.985	0.986
776	3299.776	3225.184	3355.355	3312.591	0.977	0.980	0.974
777	3294.915	3246.242	3383.346	3281.407	0.968	0.971	0.972
778	3390.544	3289.030	3517.939	3374.251	0.996	0.998	1.000
779	3419.770	3306.716	3655.372	3388.712	1.000	1.003	1.009
780	3367.512	3202.861	3528.706	3401.875	1.004	1.006	0.994
781	3416.057	3190.579	3649.907	3437.606	1.014	1.017	1.008
782	3395.541	3221.898	3560.309	3376.224	0.996	0.999	1.002
783	3352.386	3259.155	3517.900	3368.314	0.994	0.997	0.989
784	3360.168	3297.264	3451.808	3359.003	0.991	0.994	0.991
785	3304.279	3215.088	3384.962	3302.233	0.974	0.977	0.975
786	3316.388	3192.353	3418.464	3310.497	0.977	0.979	0.979
787	3279.381	3113.674	3402.634	3280.311	0.968	0.971	0.968
788	3338.179	3180.811	3431.580	3340.463	0.986	0.988	0.985
789	3313.870	3139.164	3480.061	3327.644	0.982	0.985	0.978
790	3291.411	3110.047	3399.785	3294.865	0.972	0.975	0.971
791	3261.331	3151.282	3408.486	3252.900	0.960	0.962	0.962
792	3227.632	3161.017	3318.644	3211.339	0.948	0.950	0.952
793	3276.629	3214.425	3341.196	3282.909	0.969	0.971	0.967
794	3281.153	3218.243	3361.675	3286.952	0.970	0.972	0.968
795	3266.986	3236.644	3324.516	3261.468	0.962	0.965	0.964
796	3249.007	3168.146	3311.426	3251.743	0.959	0.962	0.959
797	3237.388	3117.652	3371.589	3229.273	0.953	0.955	0.955
798	3237.666	3113.348	3379.255	3216.764	0.949	0.952	0.955
799	3243.303	3174.568	3382.903	3218.752	0.950	0.952	0.957
800	3262.742	3203.996	3333.005	3249.968	0.959	0.962	0.963
801	3283.179	3141.870	3498.790	3268.141	0.964	0.967	0.969
802	3268.886	3105.751	3417.174	3278.128	0.967	0.970	0.965
803	3285.246	3218.882	3345.357	3286.053	0.970	0.972	0.969
804	3322.398	3254.782	3480.280	3299.306	0.973	0.976	0.980
805	3274.088	3146.167	3442.397	3256.302	0.961	0.963	0.966
806	3326.227	3241.584	3489.052	3274.448	0.966	0.969	0.981
807	3278.218	3235.690	3353.307	3261.619	0.962	0.965	0.967
808	3267.774	3215.957	3362.382	3253.798	0.960	0.963	0.964
809	3240.002	3158.663	3400.934	3236.072	0.955	0.957	0.956
810	3289.255	3203.157	3351.681	3286.615	0.970	0.972	0.971
811	3265.647	3163.287	3360.612	3268.293	0.964	0.967	0.964
812	3221.868	3081.736	3295.309	3257.017	0.961	0.964	0.951
813	3252.503	3139.512	3319.690	3266.980	0.964	0.967	0.960
814	3270.907	3211.752	3386.786	3276.781	0.967	0.969	0.965
815	3306.278	3150.153	3550.137	3264.356	0.963	0.966	0.976
816	3294.619	3192.514	3353.928	3307.324	0.976	0.978	0.972
817	3328.202	3207.508	3418.941	3336.684	0.985	0.987	0.982
818	3319.070	3207.307	3445.045	3318.744	0.979	0.982	0.979
819	3270.802	3158.950	3363.871	3269.098	0.965	0.967	0.965
820	3273.124	3211.146	3380.739	3261.919	0.962	0.965	0.966
821	3309.400	3263.738	3372.441	3291.815	0.971	0.974	0.976
822	3292.265	3168.002	3475.194	3287.271	0.970	0.973	0.971
823	3232.692	3075.376	3322.801	3268.595	0.964	0.967	0.954
824	3228.219	3178.303	3291.580	3220.144	0.950	0.953	0.953
825	3250.348	3182.370	3320.170	3248.785	0.959	0.961	0.959
826	3246.858	3175.352	3307.996	3241.082	0.956	0.959	0.958
827	3252.949	3187.732	3360.211	3228.908	0.953	0.955	0.960
828	3236.989	3161.571	3336.943	3225.996	0.952	0.954	0.955
829	3209.671	3131.706	3416.150	3191.718	0.942	0.944	0.947
830	3213.395	3105.647	3317.302	3194.825	0.943	0.945	0.948
831	3286.432	3214.003	3360.896	3276.486	0.967	0.969	0.970
832	3318.707	3196.175	3430.499	3333.487	0.984	0.986	0.979
833	3310.802	3202.444	3431.483	3308.106	0.976	0.979	0.977
834	3325.070	3225.357	3441.746	3312.498	0.977	0.980	0.981
835	3284.823	3151.725	3397.286	3274.939	0.966	0.969	0.969
836	3318.834	3222.074	3458.698	3306.153	0.975	0.978	0.979
837	3317.868	3160.854	3438.318	3340.998	0.986	0.988	0.979
838	3349.922	3234.854	3529.629	3344.355	0.987	0.989	0.988
839	3337.867	3173.263	3518.180	3351.963	0.989	0.992	0.985
840	3314.770	3165.816	3425.797	3327.596	0.982	0.984	0.978
841	3351.902	3178.736	3510.956	3361.789	0.992	0.995	0.989
842	3365.157	3194.162	3601.300	3361.356	0.992	0.994	0.993
843	3369.023	3280.042	3499.925	3355.641	0.990	0.993	0.994
844	3411.086	3229.163	3525.762	3408.901	1.006	1.009	1.006
845	3384.961	3327.427	3487.051	3366.347	0.993	0.996	0.999
846	3308.249	3177.007	3399.492	3321.132	0.980	0.983	0.976
847	3358.367	3258.379	3524.238	3362.852	0.992	0.995	0.991
848	3309.826	3183.148	3496.639	3310.248	0.977	0.979	0.977
849	3327.192	3254.361	3466.576	3322.439	0.980	0.983	0.982
850	3360.642	3295.483	3512.756	3346.541	0.987	0.990	0.992
851	3339.738	3254.823	3540.732	3320.203	0.980	0.982	0.985
852	3341.683	3200.137	3499.522	3324.415	0.981	0.984	0.986
853	3383.374	3189.886	3546.160	3380.148	0.997	1.000	0.998
854	3483.515	3252.534	3742.004	3442.080	1.016	1.018	1.028
855	3422.323	3290.854	3650.640	3404.871	1.005	1.007	1.010
856	3392.149	3207.125	3490.338	3398.716	1.003	1.006	1.001
857	3358.755	3192.258	3478.339	3362.604	0.992	0.995	0.991
858	3313.698	3155.971	3484.297	3297.031	0.973	0.975	0.978
859	3254.623	3188.030	3346.885	3243.664	0.957	0.960	0.960
860	3310.375	3234.273	3502.972	3288.552	0.970	0.973	0.977
861	3315.146	3236.315	3411.681	3305.300	0.975	0.978	0.978
862	3288.346	3173.087	3401.588	3280.667	0.968	0.971	0.970
863	3243.676	3188.800	3314.789	3242.724	0.957	0.959	0.957
864	3287.575	3162.472	3380.230	3295.112	0.972	0.975	0.970
865	3301.023	3131.851	3402.395	3315.948	0.978	0.981	0.974
866	3264.679	3208.051	3340.588	3250.695	0.959	0.962	0.963
867	3287.272	3234.762	3379.849	3285.400	0.969	0.972	0.970
868	3276.983	3193.221	3427.048	3276.026	0.967	0.969	0.967
869	3307.997	3207.663	3370.968	3316.201	0.978	0.981	0.976
870	3285.270	3239.144	3347.984	3270.285	0.965	0.968	0.969
871	3280.447	3228.305	3333.344	3279.170	0.968	0.970	0.968
872	3310.803	3223.921	3475.249	3295.530	0.972	0.975	0.977
873	3321.341	3122.850	3489.355	3321.177	0.980	0.983	0.980
874	3354.402	3121.537	3617.891	3359.753	0.991	0.994	0.990
875	3376.454	3213.745	3764.639	3339.528	0.985	0.988	0.996
876	3341.642	3221.390	3495.117	3336.660	0.984	0.987	0.986
877	3306.182	3242.998	3382.817	3303.541	0.975	0.977	0.976
878	3380.503	3294.809	3460.304	3378.394	0.997	1.000	0.997
879	3458.127	3308.249	3662.754	3442.047	1.016	1.018	1.020
880	3379.023	3174.047	3519.225	3376.779	0.996	0.999	0.997
881	3332.346	3233.531	3551.200	3285.239	0.969	0.972	0.983
882	3389.065	3302.897	3507.132	3375.562	0.996	0.999	1.000
883	3480.170	3279.375	3751.956	3452.912	1.019	1.022	1.027
884	3465.824	3221.430	3704.157	3396.563	1.002	1.005	1.023
885	3507.246	3255.161	3850.108	3453.926	1.019	1.022	1.035
886	3449.183	3271.678	3604.862	3455.400	1.020	1.022	1.018
887	3338.129	3242.116	3450.844	3327.880	0.982	0.985	0.985
888	3395.321	3302.984	3542.605	3369.521	0.994	0.997	1.002
889	3318.122	3185.882	3425.543	3328.872	0.982	0.985	0.979
890	3379.239	3243.783	3454.480	3390.749	1.000	1.003	0.997
891	3457.252	3252.624	3685.543	3441.102	1.015	1.018	1.020
892	3445.228	3336.281	3705.032	3357.496	0.991	0.993	1.017
893	3412.021	3210.625	3545.622	3426.265	1.011	1.014	1.007
894	3434.814	3278.836	3679.996	3427.536	1.011	1.014	1.013
895	3340.696	3212.515	3503.578	3312.485	0.977	0.980	0.986
896	3323.880	3260.602	3371.944	3335.578	0.984	0.987	0.981
897	3338.509	3215.825	3465.595	3327.385	0.982	0.984	0.985
898	3303.065	3212.957	3350.229	3317.308	0.979	0.981	0.975
899	3272.496	3192.232	3353.591	3279.692	0.968	0.970	0.966
900	3269.802	3184.807	3329.798	3290.563	0.971	0.974	0.965
901	3254.730	3178.847	3327.710	3255.840	0.961	0.963	0.960
902	3267.598	3135.853	3403.737	3258.342	0.961	0.964	0.964
903	3308.262	3223.284	3411.508	3298.447	0.973	0.976	0.976
904	3339.574	3212.062	3414.544	3354.996	0.990	0.993	0.985
905	3273.401	3175.113	3350.417	3277.120	0.967	0.970	0.966
906	3308.795	3191.055	3423.417	3309.803	0.977	0.979	0.976
907	3338.631	3253.637	3465.144	3325.298	0.981	0.984	0.985
908	3349.586	3270.729	3426.864	3349.991	0.988	0.991	0.988
909	3368.762	3272.675	3471.714	3372.624	0.995	0.998	0.994
910	3336.050	3234.283	3423.761	3332.414	0.983	0.986	0.984
911	3270.850	3157.488	3352.496	3269.329	0.965	0.967	0.965
912	3312.746	3204.895	3389.628	3317.652	0.979	0.982	0.977
913	3353.716	3248.532	3470.335	3346.962	0.988	0.990	0.990
914	3378.096	3287.058	3433.503	3389.327	1.000	1.003	0.997
915	3418.120	3288.615	3635.872	3375.256	0.996	0.999	1.009
916	3320.907	3195.957	3501.024	3306.056	0.975	0.978	0.980
917	3375.555	3178.844	3466.162	3404.301	1.004	1.007	0.996
918	3406.026	3313.066	3544.237	3382.361	0.998	1.001	1.005
919	3431.973	3279.168	3565.012	3407.451	1.005	1.008	1.013
920	3440.299	3352.907	3582.290	3421.801	1.010	1.012	1.015
921	3421.644	3334.886	3556.485	3430.326	1.012	1.015	1.010
922	3434.031	3358.418	3641.743	3415.606	1.008	1.011	1.013
923	3410.888	3288.507	3556.750	3386.594	0.999	1.002	1.006
924	3411.948	3200.415	3734.936	3413.597	1.007	1.010	1.007
925	3435.667	3227.030	3845.652	3395.558	1.002	1.005	1.014
926	3385.813	3183.096	3794.683	3295.038	0.972	0.975	0.999
927	3394.675	3232.588	3614.353	3373.654	0.995	0.998	1.002
928	3369.817	3242.712	3471.030	3381.885	0.998	1.001	0.994
929	3338.134	3213.642	3546.780	3336.191	0.984	0.987	0.985
930	3401.946	3269.256	3532.783	3404.243	1.004	1.007	1.004
931	3503.277	3288.919	3753.899	3448.478	1.017	1.020	1.034
932	3562.078	3236.391	3989.842	3480.372	1.027	1.030	1.051
933	3559.682	3241.539	3920.006	3561.378	1.051	1.054	1.050
934	3564.360	3289.205	3990.257	3550.298	1.048	1.050	1.052
935	3574.376	3407.942	3889.252	3509.746	1.036	1.038	1.055
936	3441.811	3339.946	3594.252	3426.838	1.011	1.014	1.016
937	3381.513	3195.832	3538.495	3365.164	0.993	0.996	0.998
938	3388.792	3343.351	3435.694	3384.030	0.998	1.001	1.000
939	3403.912	3361.097	3484.768	3384.172	0.999	1.001	1.004
940	3371.046	3239.991	3493.177	3374.749	0.996	0.998	0.995
941	3378.155	3282.921	3543.227	3356.996	0.990	0.993	0.997
942	3396.600	3222.081	3562.754	3399.139	1.003	1.006	1.002
943	3420.063	3220.243	3592.525	3388.658	1.000	1.003	1.009
944	3402.719	3297.907	3598.639	3352.242	0.989	0.992	1.004
945	3371.585	3232.850	3502.555	3362.786	0.992	0.995	0.995
946	3407.714	3244.373	3554.636	3398.861	1.003	1.006	1.005
947	3400.051	3245.103	3607.487	3387.234	0.999	1.002	1.003
948	3429.372	3210.318	3686.106	3408.089	1.006	1.008	1.012
949	3441.379	3324.873	3619.534	3404.115	1.004	1.007	1.015
950	3443.898	3292.387	3533.141	3454.289	1.019	1.022	1.016
951	3408.914	3326.283	3487.384	3414.213	1.007	1.010	1.006
952	3429.474	3264.314	3555.254	3445.007	1.016	1.019	1.012
953	3464.047	3308.901	3599.323	3438.368	1.015	1.017	1.022
954	3461.539	3316.770	3607.828	3472.282	1.025	1.027	1.021
955	3439.235	3275.902	3748.098	3435.219	1.014	1.016	1.015
956	3493.028	3218.950	3613.600	3525.118	1.040	1.043	1.031
957	3433.895	3227.286	3660.066	3410.894	1.006	1.009	1.013
958	3426.105	3170.709	3652.517	3440.146	1.015	1.018	1.011
959	3450.866	3268.218	3635.740	3462.721	1.022	1.024	1.018
960	3494.450	3393.384	3869.104	3444.712	1.016	1.019	1.031
961	3456.914	3286.483	3699.636	3438.145	1.014	1.017	1.020
962	3429.539	3297.456	3594.071	3442.028	1.016	1.018	1.012
963	3458.768	3235.298	3648.837	3509.104	1.035	1.038	1.021
964	3450.991	3169.153	3674.590	3483.383	1.028	1.031	1.018
965	3473.006	3200.842	3766.507	3465.502	1.023	1.025	1.025
966	3418.147	3271.251	3645.931	3388.486	1.000	1.003	1.009
967	3385.903	3202.807	3599.367	3404.370	1.004	1.007	0.999
968	3379.015	3169.390	3540.761	3376.283	0.996	0.999	0.997
969	3377.454	3114.638	3602.519	3419.668	1.009	1.012	0.997
970	3392.563	3096.514	3620.685	3396.815	1.002	1.005	1.001
971	3414.230	3167.787	3671.751	3405.986	1.005	1.008	1.007
972	3383.207	3155.624	3540.588	3403.307	1.004	1.007	0.998
973	3459.429	3208.932	3810.181	3453.127	1.019	1.022	1.021
974	3509.805	3276.163	3778.722	3438.264	1.014	1.017	1.036
975	3504.735	3305.869	3789.903	3460.256	1.021	1.024	1.034
976	3466.030	3264.607	3704.452	3466.484	1.023	1.026	1.023
977	3413.813	3219.147	3650.481	3421.842	1.010	1.012	1.007
978	3380.696	3196.574	3557.221	3374.103	0.996	0.998	0.997
979	3385.009	3193.968	3601.452	3371.133	0.995	0.997	0.999
980	3511.441	3229.643	3798.763	3517.825	1.038	1.041	1.036
981	3525.514	3239.523	3867.403	3482.186	1.027	1.030	1.040
982	3574.202	3206.520	3802.127	3666.215	1.082	1.085	1.055
983	3584.144	3216.098	3910.774	3644.566	1.075	1.078	1.058
984	3593.329	3256.003	3927.162	3612.215	1.066	1.069	1.060
985	3626.725	3271.080	4104.717	3645.747	1.076	1.079	1.070
986	3603.082	3321.069	3967.252	3579.947	1.056	1.059	1.063
987	3589.330	3301.266	3898.511	3555.683	1.049	1.052	1.059
988	3525.579	3331.079	3695.603	3509.902	1.036	1.038	1.040
989	3473.521	3283.491	3670.509	3455.083	1.019	1.022	1.025
990	3512.685	3337.230	3678.089	3490.777	1.030	1.033	1.036
991	3533.257	3297.205	3819.334	3483.616	1.028	1.031	1.043
992	3632.597	3212.783	4184.789	3574.393	1.055	1.058	1.072
993	3796.759	3210.946	4466.952	3888.681	1.147	1.150	1.120
994	3891.001	3202.229	4753.237	3843.004	1.134	1.137	1.148
995	3802.257	3281.784	4472.289	3830.797	1.130	1.133	1.122
996	3802.918	3184.039	4568.060	3773.204	1.113	1.116	1.122
997	3583.189	3148.414	3962.030	3561.251	1.051	1.054	1.057
998	3458.234	3195.813	3687.465	3452.436	1.019	1.021	1.020
999	3441.661	3202.095	3656.724	3444.518	1.016	1.019	1.015
1000	3450.544	3233.902	3706.894	3430.918	1.012	1.015	1.018
1001	3536.005	3319.462	3663.779	3549.436	1.047	1.050	1.043
1002	3551.210	3293.452	3649.671	3591.072	1.060	1.062	1.048
1003	3657.545	3468.349	3812.207	3650.848	1.077	1.080	1.079
1004	3684.577	3486.692	3905.273	3638.325	1.074	1.076	1.087
1005	3626.028	3428.847	3793.339	3654.852	1.078	1.081	1.070
1006	3577.989	3467.512	3746.400	3569.905	1.053	1.056	1.056
1007	3485.545	3379.156	3681.567	3469.471	1.024	1.026	1.028
1008	3441.805	3288.635	3632.590	3420.238	1.009	1.012	1.016
1009	3547.938	3371.144	3720.155	3544.600	1.046	1.049	1.047
1010	3509.602	3341.771	3729.363	3510.166	1.036	1.039	1.036
1011	3538.618	3369.618	3737.690	3521.216	1.039	1.042	1.044
1012	3600.938	3480.051	3770.156	3583.041	1.057	1.060	1.062
1013	3524.211	3320.181	3697.211	3529.597	1.041	1.044	1.040
1014	3495.751	3280.062	3650.859	3483.072	1.028	1.030	1.031
1015	3618.197	3275.521	3866.020	3678.097	1.085	1.088	1.068
1016	3644.775	3398.327	3807.760	3649.108	1.077	1.080	1.075
1017	3579.854	3358.555	3915.283	3529.833	1.041	1.044	1.056
1018	3539.077	3314.792	3844.525	3536.128	1.043	1.046	1.044
1019	3673.731	3450.640	3887.676	3629.701	1.071	1.074	1.084
1020	3681.587	3421.476	3853.553	3756.890	1.108	1.112	1.086
1021	3660.080	3361.758	3946.445	3704.211	1.093	1.096	1.080
1022	3561.146	3270.997	3788.019	3624.012	1.069	1.072	1.051
1023	3624.099	3354.279	3995.854	3598.028	1.062	1.065	1.069
1024	3643.739	3397.967	3913.424	3646.562	1.076	1.079	1.075
1025	3748.907	3398.024	4158.936	3749.728	1.106	1.109	1.106
1026	3721.867	3325.334	3935.928	3783.047	1.116	1.119	1.098
1027	3604.127	3331.094	3777.364	3612.031	1.066	1.069	1.063
1028	3561.278	3326.454	3658.377	3603.854	1.063	1.066	1.051
1029	3571.595	3492.222	3686.006	3561.297	1.051	1.054	1.054
1030	3542.411	3408.058	3937.252	3514.844	1.037	1.040	1.045
1031	3635.189	3424.238	4000.598	3564.418	1.052	1.055	1.073
1032	3657.365	3318.268	4132.854	3559.277	1.050	1.053	1.079
1033	3557.446	3326.531	4018.987	3525.085	1.040	1.043	1.050
1034	3394.047	3268.994	3588.553	3390.638	1.000	1.003	1.001
1035	3466.340	3268.807	3638.177	3474.621	1.025	1.028	1.023
1036	3568.128	3387.560	3689.956	3548.183	1.047	1.050	1.053
1037	3554.521	3373.929	3771.322	3531.829	1.042	1.045	1.049
1038	3552.016	3398.877	3852.635	3511.750	1.036	1.039	1.048
1039	3580.145	3425.872	3771.157	3575.504	1.055	1.058	1.056
1040	3675.225	3431.865	4147.074	3580.372	1.056	1.059	1.084
1041	3710.297	3421.417	4081.031	3647.164	1.076	1.079	1.095
1042	3723.350	3447.651	3926.787	3783.441	1.116	1.119	1.099
1043	3814.258	3420.789	4253.147	3922.560	1.157	1.161	1.125
1044	3908.168	3377.718	4577.395	3882.142	1.145	1.149	1.153
1045	3828.526	3388.885	4424.180	3711.379	1.095	1.098	1.130
1046	3674.337	3346.369	4079.626	3638.321	1.074	1.076	1.084
1047	3619.974	3344.521	4038.696	3561.880	1.051	1.054	1.068
1048	3580.324	3320.785	3812.859	3575.624	1.055	1.058	1.056
1049	3629.404	3357.885	3883.931	3643.644	1.075	1.078	1.071
1050	3702.169	3431.060	4081.578	3671.647	1.083	1.086	1.092
1051	3698.438	3482.800	4162.732	3598.691	1.062	1.065	1.091
1052	3635.198	3435.915	3850.070	3623.256	1.069	1.072	1.073
1053	3556.511	3411.223	3755.683	3560.783	1.051	1.053	1.049
1054	3463.855	3341.978	3550.249	3472.563	1.025	1.027	1.022
1055	3410.041	3283.128	3548.301	3381.259	0.998	1.000	1.006
1056	3447.602	3317.907	3595.263	3444.329	1.016	1.019	1.017
1057	3423.469	3301.520	3515.254	3446.155	1.017	1.020	1.010
1058	3458.514	3361.419	3556.355	3460.116	1.021	1.024	1.020
1059	3431.656	3300.574	3545.497	3454.800	1.019	1.022	1.013
1060	3418.222	3253.115	3564.107	3438.744	1.015	1.017	1.009
1061	3371.079	3261.057	3457.329	3382.511	0.998	1.001	0.995
1062	3435.434	3363.564	3522.391	3437.760	1.014	1.017	1.014
1063	3519.680	3378.501	3677.396	3501.500	1.033	1.036	1.038
1064	3605.756	3466.934	3684.815	3634.688	1.072	1.075	1.064
1065	3707.945	3439.903	3897.679	3746.010	1.105	1.108	1.094
1066	3751.125	3392.098	3949.822	3772.248	1.113	1.116	1.107
1067	3727.100	3496.149	3906.557	3749.013	1.106	1.109	1.100
1068	3691.430	3522.190	3980.937	3640.293	1.074	1.077	1.089
1069	3733.582	3513.705	4029.895	3703.843	1.093	1.096	1.102
1070	3688.004	3486.280	3961.195	3684.288	1.087	1.090	1.088
1071	3721.981	3416.037	3861.175	3756.366	1.108	1.111	1.098
1072	3574.328	3404.988	3775.623	3591.009	1.060	1.062	1.055
1073	3519.847	3323.823	3707.337	3473.319	1.025	1.028	1.039
1074	3560.137	3285.101	3769.304	3602.481	1.063	1.066	1.050
1075	3493.575	3235.199	3659.019	3502.599	1.033	1.036	1.031
1076	3498.883	3318.531	3644.484	3496.229	1.032	1.034	1.032
1077	3531.123	3295.473	3760.128	3531.959	1.042	1.045	1.042
1078	3568.423	3313.995	3758.996	3606.063	1.064	1.067	1.053
1079	3639.554	3363.922	3968.159	3682.148	1.086	1.089	1.074
1080	3669.464	3504.280	3882.852	3683.419	1.087	1.090	1.083
1081	3588.765	3401.494	3817.663	3542.793	1.045	1.048	1.059
1082	3532.488	3326.595	3611.168	3534.306	1.043	1.046	1.042
1083	3529.957	3418.485	3677.756	3534.983	1.043	1.046	1.042
1084	3495.244	3261.955	3672.200	3491.285	1.030	1.033	1.031
1085	3477.336	3339.221	3609.376	3486.344	1.029	1.031	1.026
1086	3556.220	3393.767	3773.940	3550.523	1.048	1.050	1.049
1087	3546.376	3274.985	3929.000	3538.127	1.044	1.047	1.046
1088	3511.844	3335.935	3756.814	3510.900	1.036	1.039	1.036
1089	3531.486	3305.854	3688.681	3557.484	1.050	1.053	1.042
1090	3584.680	3348.000	3865.622	3560.828	1.051	1.053	1.058
1091	3714.253	3339.442	4147.596	3718.578	1.097	1.100	1.096
1092	3790.319	3392.095	4168.567	3750.433	1.107	1.110	1.118
1093	3802.554	3377.385	4568.731	3689.004	1.088	1.091	1.122
1094	3731.686	3424.131	4349.795	3636.519	1.073	1.076	1.101
1095	3683.556	3393.728	4531.931	3540.183	1.045	1.047	1.087
1096	3583.732	3316.705	3997.851	3533.201	1.042	1.045	1.057
1097	3563.373	3309.469	3902.626	3555.427	1.049	1.052	1.051
1098	3554.640	3391.128	3802.477	3529.786	1.041	1.044	1.049
1099	3508.576	3389.944	3759.061	3462.278	1.022	1.024	1.035
1100	3476.741	3339.286	3626.415	3489.613	1.030	1.032	1.026
1101	3564.818	3393.938	3650.852	3584.208	1.058	1.060	1.052
1102	3588.135	3380.172	3850.622	3574.770	1.055	1.058	1.059
1103	3586.649	3367.645	3725.819	3568.499	1.053	1.056	1.058
1104	3720.354	3402.189	4190.884	3647.989	1.076	1.079	1.098
1105	3621.172	3422.788	3779.823	3672.688	1.084	1.087	1.068
1106	3671.452	3450.224	3829.863	3695.083	1.090	1.093	1.083
1107	3573.320	3385.841	3805.846	3572.932	1.054	1.057	1.054
1108	3543.036	3247.700	3783.398	3578.355	1.056	1.059	1.045
1109	3553.029	3254.446	3784.756	3613.377	1.066	1.069	1.048
1110	3578.945	3384.696	3883.207	3578.835	1.056	1.059	1.056
1111	3783.421	3442.089	4506.352	3623.443	1.069	1.072	1.116
1112	3962.568	3373.531	4695.232	3787.313	1.117	1.121	1.169
1113	4193.976	3329.051	5239.707	4050.417	1.195	1.198	1.237
1114	4097.729	3340.145	4964.723	4037.617	1.191	1.195	1.209
1115	3850.980	3392.727	4229.619	3814.651	1.126	1.129	1.136
1116	3678.920	3252.447	3937.290	3733.736	1.102	1.105	1.085
1117	3520.852	3295.026	3697.443	3559.919	1.050	1.053	1.039
1118	3500.647	3301.676	3667.598	3494.731	1.031	1.034	1.033
1119	3550.836	3269.252	3958.048	3501.929	1.033	1.036	1.048
1120	3546.650	3383.409	3777.998	3528.391	1.041	1.044	1.046
1121	3491.902	3320.510	3653.552	3546.046	1.046	1.049	1.030
1122	3536.790	3261.298	3844.503	3515.804	1.037	1.040	1.044
1123	3503.330	3260.745	3588.848	3509.420	1.035	1.038	1.034
1124	3581.964	3423.254	3710.526	3609.854	1.065	1.068	1.057
1125	3504.595	3413.989	3627.274	3482.899	1.028	1.030	1.034
1126	3552.807	3412.082	3704.646	3550.303	1.048	1.050	1.048
1127	3565.967	3346.551	3790.720	3548.828	1.047	1.050	1.052
1128	3557.418	3378.945	3797.374	3555.206	1.049	1.052	1.050
1129	3554.296	3369.568	3744.918	3578.564	1.056	1.059	1.049
1130	3631.050	3321.084	3920.351	3650.390	1.077	1.080	1.071
1131	3606.558	3393.548	3951.438	3539.384	1.044	1.047	1.064
1132	3603.984	3392.267	3815.272	3605.125	1.064	1.067	1.063
1133	3656.872	3522.185	3916.329	3675.310	1.084	1.087	1.079
1134	3686.435	3530.817	3876.653	3721.459	1.098	1.101	1.088
1135	3739.749	3526.877	3936.312	3741.287	1.104	1.107	1.103
1136	3745.393	3463.424	4022.659	3720.591	1.098	1.101	1.105
1137	3693.304	3424.976	4042.165	3667.748	1.082	1.085	1.090
1138	3641.916	3397.036	4027.382	3621.050	1.068	1.071	1.075
1139	3614.131	3323.229	4076.496	3593.891	1.060	1.063	1.066
1140	3695.683	3438.981	4122.103	3650.510	1.077	1.080	1.090
1141	3822.882	3312.028	4280.261	3906.588	1.153	1.156	1.128
1142	3775.545	3338.809	4201.633	3883.673	1.146	1.149	1.114
1143	3723.642	3387.920	4279.768	3635.868	1.073	1.076	1.099
1144	3695.620	3419.339	4031.509	3676.873	1.085	1.088	1.090
1145	3685.255	3457.601	4173.591	3593.509	1.060	1.063	1.087
1146	3669.391	3370.091	3895.815	3669.581	1.083	1.086	1.083
1147	3705.843	3381.910	3945.680	3697.887	1.091	1.094	1.093
1148	3728.879	3446.853	4133.417	3688.753	1.088	1.091	1.100
1149	3696.144	3449.249	3979.145	3710.902	1.095	1.098	1.091
1150	3810.358	3401.772	4302.010	3813.164	1.125	1.128	1.124
1151	3759.548	3374.247	4155.427	3713.858	1.096	1.099	1.109
1152	3773.319	3298.993	4251.486	3786.778	1.117	1.120	1.113
1153	3669.756	3475.058	4019.491	3643.249	1.075	1.078	1.083
1154	3631.187	3378.730	3850.446	3579.199	1.056	1.059	1.071
1155	3661.688	3430.771	3847.644	3651.158	1.077	1.080	1.080
1156	3741.670	3438.583	3965.735	3775.667	1.114	1.117	1.104
1157	3787.647	3488.129	4286.201	3719.493	1.097	1.100	1.118
1158	3734.800	3368.976	4355.202	3683.959	1.087	1.090	1.102
1159	3596.015	3334.951	3742.704	3601.672	1.063	1.066	1.061
1160	3612.057	3381.433	3919.835	3639.188	1.074	1.077	1.066
1161	3612.060	3304.338	3977.456	3611.726	1.066	1.069	1.066
1162	3597.895	3330.240	3879.192	3568.432	1.053	1.056	1.062
1163	3646.403	3300.249	3909.752	3705.696	1.093	1.096	1.076
1164	3591.512	3229.264	3947.236	3527.533	1.041	1.044	1.060
1165	3577.623	3402.016	3732.821	3567.129	1.052	1.055	1.056
1166	3615.858	3510.432	3770.005	3589.058	1.059	1.062	1.067
1167	3571.541	3325.703	3767.163	3570.583	1.054	1.056	1.054
1168	3557.029	3379.360	3729.567	3556.977	1.050	1.052	1.050
1169	3565.032	3435.499	3740.417	3562.476	1.051	1.054	1.052
1170	3687.938	3466.770	3904.990	3665.576	1.082	1.084	1.088
1171	3692.923	3493.020	3920.694	3721.409	1.098	1.101	1.090
1172	3767.064	3522.013	4067.437	3787.631	1.118	1.121	1.111
1173	3849.573	3628.441	4155.489	3840.248	1.133	1.136	1.136
1174	3888.419	3753.464	3982.328	3888.452	1.147	1.150	1.147
1175	3882.037	3584.317	4121.466	3899.182	1.150	1.154	1.145
1176	3996.311	3703.080	4551.644	3848.995	1.136	1.139	1.179
1177	4072.848	3550.976	4884.439	3908.658	1.153	1.156	1.202
1178	4091.665	3515.638	4943.947	3767.795	1.112	1.115	1.207
1179	4026.356	3527.596	4859.660	3880.361	1.145	1.148	1.188
1180	3835.947	3439.230	4349.965	3824.428	1.128	1.131	1.132
1181	3732.291	3436.065	4086.473	3696.146	1.091	1.094	1.101
1182	3717.664	3373.735	4098.104	3688.746	1.088	1.091	1.097
1183	3729.460	3437.218	4073.524	3699.314	1.092	1.094	1.100
1184	3622.901	3450.850	3804.107	3678.656	1.085	1.088	1.069
1185	3657.378	3403.480	3853.258	3701.942	1.092	1.095	1.079
1186	3730.253	3543.282	3886.166	3764.020	1.111	1.114	1.101
1187	3879.178	3649.324	4304.956	3824.922	1.129	1.132	1.145
1188	3822.422	3529.385	4249.559	3786.728	1.117	1.120	1.128
1189	3695.735	3451.183	4031.710	3667.517	1.082	1.085	1.090
1190	3693.429	3464.684	3923.608	3765.032	1.111	1.114	1.090
1191	3768.655	3475.520	4029.565	3756.165	1.108	1.111	1.112
1192	3889.447	3616.891	4311.610	3855.951	1.138	1.141	1.148
1193	4013.368	3633.494	4244.176	4041.484	1.192	1.196	1.184
1194	3974.172	3555.335	4174.078	4054.915	1.196	1.200	1.173
1195	4039.747	3665.410	4260.473	4097.993	1.209	1.212	1.192
1196	3989.266	3557.229	4430.961	3986.458	1.176	1.179	1.177
1197	3974.155	3503.181	4428.491	3946.537	1.164	1.168	1.173
1198	3865.433	3493.167	4190.971	3827.263	1.129	1.132	1.141
1199	3706.580	3439.485	3904.592	3732.319	1.101	1.104	1.094
1200	3710.694	3410.565	3841.968	3745.200	1.105	1.108	1.095
1201	3756.351	3360.789	3938.124	3798.989	1.121	1.124	1.108
1202	3940.979	3535.264	4388.218	3931.657	1.160	1.163	1.163
1203	4029.368	3501.435	4413.180	4126.813	1.218	1.221	1.189
1204	4138.950	3594.999	4426.696	4211.052	1.242	1.246	1.221
1205	4054.759	3565.733	4459.795	4080.598	1.204	1.207	1.196
1206	4006.464	3505.192	4487.226	4036.913	1.191	1.194	1.182
1207	3913.852	3429.844	4251.463	3966.508	1.170	1.174	1.155
1208	3824.283	3220.881	4136.390	3863.948	1.140	1.143	1.128
1209	3644.096	3325.500	3873.440	3654.733	1.078	1.081	1.075
1210	3582.172	3429.681	3793.150	3572.193	1.054	1.057	1.057
1211	3671.124	3455.732	3928.481	3662.733	1.081	1.084	1.083
1212	3721.340	3416.672	4036.713	3684.867	1.087	1.090	1.098
1213	3764.375	3310.720	3992.719	3813.143	1.125	1.128	1.111
1214	3866.989	3381.661	4254.138	3852.070	1.137	1.140	1.141
1215	3944.222	3569.292	4543.917	3870.259	1.142	1.145	1.164
1216	3910.702	3487.944	4333.711	3799.343	1.121	1.124	1.154
1217	3965.898	3411.491	4589.405	3946.866	1.165	1.168	1.170
1218	3843.130	3364.103	4074.223	3953.004	1.166	1.170	1.134
1219	3849.195	3454.721	4262.510	3833.209	1.131	1.134	1.136
1220	3922.316	3504.537	4673.796	3782.554	1.116	1.119	1.157
1221	3781.806	3343.226	4260.792	3638.894	1.074	1.077	1.116
1222	3821.579	3332.776	4256.118	3809.191	1.124	1.127	1.128
1223	3828.943	3366.664	4217.073	3894.913	1.149	1.152	1.130
1224	3999.840	3525.586	4463.553	4028.302	1.189	1.192	1.180
1225	4099.926	3471.174	4550.556	4112.202	1.213	1.217	1.210
1226	4151.195	3435.337	4616.382	4179.768	1.233	1.237	1.225
1227	4032.515	3471.150	4680.149	4035.562	1.191	1.194	1.190
1228	4072.639	3420.292	4758.333	4065.657	1.200	1.203	1.202
1229	4105.765	3197.881	5000.348	4032.963	1.190	1.193	1.211
1230	4034.598	3415.354	4733.965	3989.255	1.177	1.180	1.190
1231	4005.412	3431.369	4591.108	3933.458	1.161	1.164	1.182
1232	3843.917	3439.773	4184.625	3823.996	1.128	1.131	1.134
1233	3736.570	3407.048	4061.912	3768.115	1.112	1.115	1.102
1234	3730.572	3603.921	3843.854	3739.637	1.103	1.106	1.101
1235	3618.887	3370.660	3770.344	3636.823	1.073	1.076	1.068
1236	3619.446	3465.077	3827.344	3599.519	1.062	1.065	1.068
1237	3674.727	3376.220	3828.423	3699.949	1.092	1.095	1.084
1238	3777.124	3525.852	3963.202	3800.063	1.121	1.124	1.114
1239	3870.776	3438.046	4146.072	3942.667	1.163	1.166	1.142
1240	4016.698	3630.956	4451.158	4041.963	1.193	1.196	1.185
1241	4383.441	3863.988	4843.569	4434.075	1.308	1.312	1.293
1242	4663.733	3811.829	5749.322	4667.362	1.377	1.381	1.376
1243	4808.488	3928.167	6380.737	4742.447	1.399	1.403	1.419
1244	4685.923	3868.793	5825.705	4428.235	1.307	1.310	1.383
1245	4316.136	3847.737	5053.396	4135.769	1.220	1.224	1.273
1246	4036.742	3628.134	4776.819	3925.814	1.158	1.161	1.191
1247	4053.471	3571.367	4606.890	4024.922	1.188	1.191	1.196
1248	4011.706	3587.311	4411.097	3968.508	1.171	1.174	1.184
1249	4040.589	3612.699	4521.149	4010.922	1.183	1.187	1.192
1250	4047.329	3449.528	4587.450	4060.248	1.198	1.201	1.194
1251	3899.935	3421.581	4413.537	3819.733	1.127	1.130	1.151
1252	3749.551	3358.389	4179.092	3711.659	1.095	1.098	1.106
1253	3638.117	3349.452	4056.748	3565.216	1.052	1.055	1.073
1254	3562.691	3430.869	3846.796	3513.189	1.037	1.039	1.051
1255	3562.697	3393.323	3753.682	3550.479	1.048	1.050	1.051
1256	3541.235	3443.667	3673.298	3548.661	1.047	1.050	1.045
1257	3556.678	3475.177	3723.752	3515.326	1.037	1.040	1.049
1258	3516.293	3327.147	3889.522	3430.495	1.012	1.015	1.038
1259	3533.165	3372.008	4117.142	3422.494	1.010	1.013	1.042
1260	3511.375	3294.450	4085.328	3442.389	1.016	1.018	1.036
1261	3463.779	3318.034	3922.978	3399.726	1.003	1.006	1.022
1262	3496.461	3416.253	3757.859	3480.748	1.027	1.030	1.032
1263	3483.749	3351.212	3638.814	3495.709	1.031	1.034	1.028
1264	3547.128	3406.196	3631.439	3560.434	1.051	1.053	1.047
1265	3569.184	3414.293	3739.325	3550.814	1.048	1.051	1.053
1266	3617.795	3377.318	3991.437	3535.830	1.043	1.046	1.067
1267	3584.701	3213.991	4187.227	3475.938	1.026	1.028	1.058
1268	3604.473	3263.068	4188.639	3479.944	1.027	1.030	1.064
1269	3552.815	3261.579	4176.121	3485.334	1.028	1.031	1.048
1270	3664.473	3352.333	4069.557	3624.546	1.069	1.072	1.081
1271	3641.555	3493.971	3922.669	3574.759	1.055	1.058	1.074
1272	3648.611	3441.357	3989.422	3590.112	1.059	1.062	1.077
1273	3572.670	3399.591	3828.683	3537.433	1.044	1.047	1.054
1274	3570.340	3313.161	4044.646	3598.607	1.062	1.065	1.053
1275	3552.833	3402.216	3702.363	3554.040	1.049	1.051	1.048
1276	3571.949	3424.128	3756.235	3572.077	1.054	1.057	1.054
1277	3554.836	3340.019	3770.090	3557.733	1.050	1.053	1.049
1278	3483.396	3274.619	3694.691	3475.172	1.025	1.028	1.028
1279	3505.040	3331.956	3825.392	3500.805	1.033	1.036	1.034
1280	3561.272	3398.680	3938.545	3519.730	1.039	1.041	1.051
1281	3613.781	3481.698	3970.313	3531.852	1.042	1.045	1.066
1282	3641.908	3498.603	3845.655	3626.054	1.070	1.073	1.075
1283	3763.803	3542.467	3934.015	3842.255	1.134	1.137	1.111
1284	3844.935	3597.158	4074.165	3864.597	1.140	1.143	1.134
1285	3831.634	3557.522	4088.016	3862.345	1.140	1.143	1.131
1286	3699.483	3421.402	3926.664	3731.179	1.101	1.104	1.092
1287	3609.072	3483.585	3797.758	3600.867	1.062	1.065	1.065
1288	3623.349	3406.145	3824.512	3648.003	1.076	1.079	1.069
1289	3609.970	3424.513	3767.507	3598.860	1.062	1.065	1.065
1290	3681.796	3502.145	3991.888	3617.581	1.067	1.070	1.086
1291	3688.997	3386.406	4040.114	3778.366	1.115	1.118	1.088
1292	3679.796	3394.866	3895.081	3790.718	1.118	1.122	1.086
1293	3663.013	3299.694	3874.714	3722.650	1.098	1.101	1.081
1294	3756.042	3460.091	4146.580	3735.090	1.102	1.105	1.108
1295	3755.675	3249.070	4152.723	3794.854	1.120	1.123	1.108
1296	3809.127	3269.922	4248.936	3917.207	1.156	1.159	1.124
1297	3881.093	3482.778	4318.269	3842.758	1.134	1.137	1.145
1298	3781.464	3337.788	4193.825	3860.588	1.139	1.142	1.116
1299	3671.351	3318.290	4128.357	3639.699	1.074	1.077	1.083
1300	3536.703	3347.087	3873.225	3441.857	1.016	1.018	1.044
1301	3520.697	3323.185	3733.329	3521.050	1.039	1.042	1.039
1302	3539.382	3372.542	3774.293	3492.403	1.030	1.033	1.044
1303	3496.107	3338.296	3576.515	3514.494	1.037	1.040	1.032
1304	3445.289	3324.518	3554.766	3446.644	1.017	1.020	1.017
1305	3434.586	3287.585	3575.070	3428.092	1.011	1.014	1.013
1306	3432.011	3312.044	3621.354	3402.473	1.004	1.007	1.013
1307	3424.095	3264.845	3618.161	3434.093	1.013	1.016	1.010
1308	3422.131	3315.669	3499.362	3423.141	1.010	1.013	1.010
1309	3481.685	3395.563	3585.859	3493.629	1.031	1.034	1.027
1310	3539.995	3394.431	3684.373	3525.069	1.040	1.043	1.044
1311	3655.310	3406.351	3988.974	3614.828	1.067	1.069	1.079
1312	3749.885	3481.211	4162.247	3686.726	1.088	1.091	1.106
1313	3741.163	3392.373	4041.432	3735.749	1.102	1.105	1.104
1314	3745.117	3353.291	4101.287	3757.179	1.109	1.112	1.105
1315	3619.519	3391.691	3839.753	3623.260	1.069	1.072	1.068
1316	3600.801	3427.923	3786.971	3580.700	1.057	1.059	1.062
1317	3469.353	3299.444	3750.953	3444.093	1.016	1.019	1.024
1318	3468.310	3362.004	3663.221	3431.565	1.013	1.015	1.023
1319	3451.078	3323.284	3558.085	3475.123	1.025	1.028	1.018
1320	3441.590	3360.398	3606.403	3410.364	1.006	1.009	1.015
1321	3534.289	3308.719	3962.086	3487.961	1.029	1.032	1.043
1322	3618.537	3385.728	4000.689	3624.171	1.069	1.072	1.068
1323	3676.097	3444.748	4066.343	3608.187	1.065	1.068	1.085
1324	3646.352	3457.031	4015.298	3553.972	1.049	1.051	1.076
1325	3662.751	3376.612	3891.533	3677.352	1.085	1.088	1.081
1326	3609.125	3422.388	3822.157	3599.889	1.062	1.065	1.065
1327	3494.024	3301.527	3663.321	3507.303	1.035	1.038	1.031
1328	3423.676	3338.576	3519.227	3422.300	1.010	1.013	1.010
1329	3458.664	3338.177	3642.859	3424.038	1.010	1.013	1.020
1330	3512.409	3313.695	3785.005	3473.226	1.025	1.028	1.036
1331	3505.055	3412.452	3633.205	3521.976	1.039	1.042	1.034
1332	3555.308	3328.135	3674.899	3591.770	1.060	1.063	1.049
1333	3564.316	3309.566	3806.923	3578.044	1.056	1.059	1.052
1334	3545.620	3285.192	3873.396	3533.045	1.042	1.045	1.046
1335	3588.111	3375.443	3785.574	3571.482	1.054	1.057	1.059
1336	3576.939	3360.618	3888.224	3564.491	1.052	1.055	1.055
1337	3631.987	3369.588	3988.109	3538.153	1.044	1.047	1.072
1338	3611.611	3266.375	4015.597	3589.714	1.059	1.062	1.066
1339	3576.141	3327.039	3811.667	3554.309	1.049	1.052	1.055
1340	3492.572	3200.658	3718.776	3516.636	1.038	1.040	1.031
1341	3495.992	3236.775	3633.429	3541.420	1.045	1.048	1.032
1342	3460.902	3257.531	3578.586	3466.373	1.023	1.026	1.021
1343	3416.715	3339.523	3494.991	3420.340	1.009	1.012	1.008
1344	3387.018	3269.094	3487.722	3396.527	1.002	1.005	0.999
1345	3404.377	3256.560	3623.068	3403.022	1.004	1.007	1.004
1346	3430.106	3281.300	3545.997	3447.888	1.017	1.020	1.012
1347	3404.161	3255.080	3553.087	3382.840	0.998	1.001	1.004
1348	3677.046	3374.427	4012.362	3654.701	1.078	1.081	1.085
1349	3677.046	3374.427	4012.362	3654.701	1.078	1.081	1.085
