 	Mean	Min	Max	Median	Max_to_bgmean	Median_to_bgmedian	Mean_to_bgmean
1	4201.386	3782.940	4852.833	4121.247	1.175	1.179	1.197
2	4044.286	3750.351	4528.602	4016.949	1.145	1.149	1.153
3	4137.324	3727.012	4603.524	4137.336	1.179	1.183	1.179
4	4103.479	3640.574	4413.104	4156.333	1.185	1.189	1.169
5	4104.755	3602.771	4527.541	4116.579	1.173	1.178	1.170
6	4091.605	3737.656	4464.474	4168.119	1.188	1.192	1.166
7	4087.525	3823.342	4631.424	4065.615	1.159	1.163	1.165
8	4101.267	3779.048	4553.804	4037.742	1.151	1.155	1.169
9	4121.490	3727.594	4622.884	4128.980	1.177	1.181	1.175
10	4267.386	3908.423	4489.559	4256.421	1.213	1.218	1.216
11	4363.221	3858.543	4618.838	4400.946	1.254	1.259	1.243
12	4395.501	3840.435	4880.390	4454.650	1.270	1.274	1.253
13	4317.569	3787.742	4707.045	4409.166	1.257	1.261	1.230
14	4254.935	3797.456	4656.958	4316.425	1.230	1.235	1.213
15	4233.086	3649.137	4662.122	4301.263	1.226	1.230	1.206
16	4149.389	3568.623	4628.632	4325.117	1.233	1.237	1.183
17	4329.219	3762.288	4995.344	4288.654	1.222	1.227	1.234
18	4298.186	3756.910	5118.128	4228.162	1.205	1.209	1.225
19	4165.971	3886.854	4359.471	4197.675	1.196	1.201	1.187
20	4240.418	3861.152	4702.211	4300.724	1.226	1.230	1.208
21	4372.115	3921.613	4789.455	4374.819	1.247	1.251	1.246
22	4464.888	3951.308	4808.344	4496.849	1.282	1.286	1.272
23	4513.790	3764.103	5008.956	4559.315	1.299	1.304	1.286
24	4474.088	3596.933	4808.262	4591.174	1.308	1.313	1.275
25	4589.145	3846.417	4970.640	4607.968	1.313	1.318	1.308
26	4305.364	3767.120	4759.814	4290.142	1.223	1.227	1.227
27	4150.702	3834.585	4378.434	4224.256	1.204	1.208	1.183
28	4180.792	3907.493	4493.343	4182.013	1.192	1.196	1.191
29	3945.587	3645.630	4279.738	3961.185	1.129	1.133	1.124
30	3936.767	3714.980	4176.104	3901.124	1.112	1.116	1.122
31	3871.040	3720.586	3996.277	3848.673	1.097	1.101	1.103
32	3830.655	3494.841	4100.071	3856.974	1.099	1.103	1.092
33	3926.123	3745.751	4310.395	3878.723	1.105	1.109	1.119
34	3906.294	3817.966	4058.503	3879.060	1.106	1.110	1.113
35	3931.130	3667.131	4283.538	3857.409	1.099	1.103	1.120
36	3913.926	3637.572	4445.213	3815.142	1.087	1.091	1.115
37	3929.982	3543.629	4241.512	3965.715	1.130	1.134	1.120
38	3787.602	3574.918	4108.668	3764.944	1.073	1.077	1.079
39	3747.238	3480.896	4009.544	3743.152	1.067	1.071	1.068
40	3792.815	3668.941	4085.777	3733.533	1.064	1.068	1.081
41	3845.505	3527.974	3998.605	3858.926	1.100	1.104	1.096
42	3877.609	3643.906	4048.032	3909.384	1.114	1.118	1.105
43	3907.191	3797.921	4224.963	3872.499	1.104	1.108	1.114
44	3890.172	3557.699	4255.761	3843.371	1.095	1.099	1.109
45	3779.806	3565.563	4014.404	3754.238	1.070	1.074	1.077
46	3846.718	3613.551	4039.291	3832.629	1.092	1.096	1.096
47	3846.798	3481.630	4125.388	3865.626	1.102	1.106	1.096
48	3822.352	3521.921	4247.825	3785.322	1.079	1.083	1.089
49	3828.298	3615.032	4140.179	3796.750	1.082	1.086	1.091
50	3811.081	3571.393	3997.692	3838.338	1.094	1.098	1.086
51	3777.179	3602.052	3979.352	3758.881	1.071	1.075	1.076
52	3723.551	3444.285	3990.267	3688.860	1.051	1.055	1.061
53	3765.684	3552.310	3980.758	3741.925	1.066	1.070	1.073
54	3782.701	3620.041	3932.901	3806.013	1.085	1.089	1.078
55	3797.058	3535.584	4083.635	3841.778	1.095	1.099	1.082
56	3747.500	3509.933	3972.610	3787.001	1.079	1.083	1.068
57	3853.218	3669.695	4056.067	3874.423	1.104	1.108	1.098
58	3868.615	3614.125	4052.798	3917.957	1.117	1.121	1.103
59	4088.504	3884.531	4585.284	4035.965	1.150	1.154	1.165
60	4095.809	3666.617	4779.188	3990.450	1.137	1.141	1.167
61	3928.553	3666.965	4298.633	3886.243	1.108	1.112	1.120
62	4028.834	3735.625	4239.121	4065.584	1.159	1.163	1.148
63	4017.347	3680.622	4292.368	4088.111	1.165	1.169	1.145
64	4014.069	3635.490	4370.850	3999.578	1.140	1.144	1.144
65	4125.342	3588.716	4847.142	4053.714	1.155	1.160	1.176
66	4036.879	3577.589	4638.090	3952.673	1.126	1.131	1.150
67	4141.336	3447.119	4946.766	4045.210	1.153	1.157	1.180
68	3922.963	3536.221	4178.079	3984.199	1.135	1.140	1.118
69	3995.846	3619.578	4238.817	4089.262	1.165	1.170	1.139
70	4024.792	3787.624	4169.151	4057.771	1.156	1.161	1.147
71	4124.649	3840.173	4424.206	4148.895	1.182	1.187	1.175
72	4114.454	3786.826	4891.458	4011.898	1.143	1.148	1.173
73	4029.242	3771.883	4415.849	3961.362	1.129	1.133	1.148
74	4018.643	3839.092	4435.840	3941.979	1.123	1.128	1.145
75	4106.628	3912.697	4286.071	4101.034	1.169	1.173	1.170
76	4202.129	3840.375	4520.202	4209.466	1.200	1.204	1.198
77	4326.519	3512.305	5016.233	4377.100	1.247	1.252	1.233
78	4370.560	3656.744	5054.943	4244.616	1.210	1.214	1.246
79	4313.187	3723.246	5015.436	4210.473	1.200	1.204	1.229
80	4154.942	3565.102	4543.549	4222.606	1.203	1.208	1.184
81	4026.995	3650.666	4332.640	4028.877	1.148	1.152	1.148
82	3882.452	3690.826	4093.221	3889.112	1.108	1.112	1.106
83	3871.577	3499.838	4052.538	3974.753	1.133	1.137	1.103
84	3957.220	3631.496	4150.875	4006.312	1.142	1.146	1.128
85	4001.596	3643.136	4396.580	4029.525	1.148	1.153	1.140
86	4091.122	3570.857	4744.195	4075.530	1.161	1.166	1.166
87	4126.618	3581.978	4880.267	4029.157	1.148	1.153	1.176
88	4003.686	3600.228	4520.973	3934.735	1.121	1.125	1.141
89	3926.635	3612.399	4408.856	3877.366	1.105	1.109	1.119
90	3958.338	3598.628	4579.724	3864.907	1.101	1.106	1.128
91	3927.432	3493.720	4205.185	3887.465	1.108	1.112	1.119
92	3914.604	3549.108	4126.736	3964.979	1.130	1.134	1.116
93	3937.922	3432.658	4363.346	3949.350	1.126	1.130	1.122
94	3906.308	3548.708	4467.966	3822.972	1.090	1.094	1.113
95	4091.932	3576.262	4991.700	3961.072	1.129	1.133	1.166
96	4100.847	3611.916	4737.814	4007.350	1.142	1.146	1.169
97	4049.401	3692.646	4483.382	4031.673	1.149	1.153	1.154
98	4012.230	3833.350	4356.150	3966.201	1.130	1.134	1.143
99	4166.022	3865.068	4481.613	4145.488	1.181	1.186	1.187
100	4215.210	4027.733	4450.972	4174.723	1.190	1.194	1.201
101	4039.789	3716.399	4438.619	4000.595	1.140	1.144	1.151
102	3942.466	3650.997	4277.689	3906.899	1.113	1.118	1.124
103	3914.392	3680.327	4213.724	3932.891	1.121	1.125	1.116
104	3973.506	3719.264	4117.984	4006.864	1.142	1.146	1.132
105	4087.717	3691.967	4365.162	4104.471	1.170	1.174	1.165
106	4158.738	3625.673	4744.527	4124.169	1.175	1.180	1.185
107	4222.656	3796.456	4981.740	3996.523	1.139	1.143	1.203
108	4343.520	3626.629	5196.613	4202.714	1.198	1.202	1.238
109	4407.230	3696.581	5202.330	4371.899	1.246	1.251	1.256
110	4468.315	3853.612	4895.406	4550.021	1.297	1.301	1.273
111	4439.318	3833.776	5091.777	4506.041	1.284	1.289	1.265
112	4429.298	3818.006	5054.238	4332.883	1.235	1.239	1.262
113	4395.933	3867.088	5077.452	4215.961	1.202	1.206	1.253
114	4183.191	3779.528	4797.397	4030.645	1.149	1.153	1.192
115	3905.473	3694.874	4202.620	3862.107	1.101	1.105	1.113
116	3977.748	3652.270	4199.763	3978.845	1.134	1.138	1.134
117	3948.421	3581.858	4320.304	3940.300	1.123	1.127	1.125
118	3822.535	3568.448	4143.952	3796.497	1.082	1.086	1.089
119	3761.221	3608.432	3896.110	3759.493	1.071	1.075	1.072
120	3769.779	3671.969	3953.880	3742.692	1.067	1.071	1.074
121	3745.341	3619.850	3886.245	3760.829	1.072	1.076	1.067
122	3931.116	3721.093	4314.386	3896.780	1.111	1.115	1.120
123	4061.850	3662.534	4709.317	3881.006	1.106	1.110	1.158
124	4019.533	3640.088	4388.533	4058.943	1.157	1.161	1.146
125	3994.789	3699.934	4257.147	4003.783	1.141	1.145	1.138
126	4043.672	3677.338	4493.728	4067.407	1.159	1.163	1.152
127	4059.561	3742.550	4234.931	4068.906	1.160	1.164	1.157
128	3989.315	3690.577	4511.645	3940.158	1.123	1.127	1.137
129	4052.227	3717.230	4461.785	4018.496	1.145	1.149	1.155
130	4243.576	3805.268	4629.334	4225.547	1.204	1.209	1.209
131	4220.767	3931.615	4562.126	4224.110	1.204	1.208	1.203
132	4075.115	3688.553	4432.992	4065.643	1.159	1.163	1.161
133	4025.324	3704.927	4395.393	3997.078	1.139	1.143	1.147
134	3891.312	3662.544	4102.833	3870.882	1.103	1.107	1.109
135	3813.781	3400.272	4120.123	3862.452	1.101	1.105	1.087
136	3712.057	3538.691	3832.760	3744.957	1.067	1.071	1.058
137	3744.467	3609.192	3895.403	3734.673	1.064	1.068	1.067
138	3673.130	3547.698	3746.056	3692.820	1.052	1.056	1.047
139	3831.717	3736.923	3971.135	3813.757	1.087	1.091	1.092
140	4013.887	3608.821	4372.253	4052.369	1.155	1.159	1.144
141	4177.029	3565.382	4658.245	4254.190	1.212	1.217	1.190
142	4173.595	3669.409	4674.893	4157.774	1.185	1.189	1.189
143	4105.940	3635.504	4669.631	4092.117	1.166	1.171	1.170
144	4057.941	3587.385	4449.433	4149.412	1.183	1.187	1.156
145	3959.231	3758.282	4310.429	3996.393	1.139	1.143	1.128
146	3830.925	3561.149	4126.592	3867.041	1.102	1.106	1.092
147	3910.806	3452.162	4259.443	3916.714	1.116	1.120	1.115
148	4029.608	3775.416	4460.312	4026.649	1.148	1.152	1.148
149	4061.654	3748.395	4574.980	3982.858	1.135	1.139	1.158
150	3963.674	3238.738	4367.079	4028.859	1.148	1.152	1.130
151	3853.827	3468.066	4299.396	3878.435	1.105	1.109	1.098
152	3730.919	3534.711	3913.864	3722.497	1.061	1.065	1.063
153	3642.367	3466.932	3836.436	3626.290	1.033	1.037	1.038
154	3621.575	3453.681	3911.302	3571.545	1.018	1.022	1.032
155	3666.184	3511.076	3878.500	3640.801	1.038	1.041	1.045
156	3675.604	3400.370	3933.387	3695.220	1.053	1.057	1.048
157	3911.684	3692.752	4160.125	3896.953	1.111	1.115	1.115
158	3806.178	3645.358	3979.008	3833.365	1.092	1.097	1.085
159	3874.160	3508.400	4339.912	3820.021	1.089	1.093	1.104
160	3890.507	3415.953	4415.076	3816.604	1.088	1.092	1.109
161	3805.276	3646.159	4122.724	3727.992	1.062	1.066	1.084
162	3811.575	3533.195	4048.781	3877.036	1.105	1.109	1.086
163	3768.666	3489.827	3963.923	3777.846	1.077	1.081	1.074
164	3711.579	3491.206	3970.138	3648.417	1.040	1.044	1.058
165	3718.541	3536.542	3969.000	3714.510	1.059	1.063	1.060
166	3741.829	3509.897	3981.242	3751.685	1.069	1.073	1.066
167	3702.318	3425.443	3968.800	3684.581	1.050	1.054	1.055
168	3699.008	3515.235	3945.613	3700.722	1.055	1.059	1.054
169	3723.900	3540.920	3955.214	3711.119	1.058	1.062	1.061
170	3726.035	3474.761	3844.020	3768.008	1.074	1.078	1.062
171	3754.339	3583.473	3896.642	3762.237	1.072	1.076	1.070
172	3785.101	3596.086	4174.906	3757.016	1.071	1.075	1.079
173	3818.471	3537.538	4211.609	3721.953	1.061	1.065	1.088
174	3711.591	3495.637	4008.759	3691.977	1.052	1.056	1.058
175	3832.458	3617.364	3956.185	3828.211	1.091	1.095	1.092
176	3826.991	3631.309	4087.637	3783.704	1.078	1.082	1.091
177	3795.097	3550.498	4038.750	3797.391	1.082	1.086	1.082
178	3870.079	3587.296	4142.127	3881.593	1.106	1.110	1.103
179	3944.206	3610.368	4368.492	3948.908	1.125	1.130	1.124
180	3815.720	3555.881	4116.452	3841.253	1.095	1.099	1.087
181	3637.876	3567.333	3740.152	3624.368	1.033	1.037	1.037
182	3645.072	3549.711	3793.825	3635.718	1.036	1.040	1.039
183	3735.034	3577.287	3938.522	3752.664	1.069	1.073	1.064
184	3715.054	3386.970	3929.341	3810.710	1.086	1.090	1.059
185	3762.397	3411.795	4034.657	3754.519	1.070	1.074	1.072
186	3733.527	3585.664	3967.108	3712.009	1.058	1.062	1.064
187	3594.485	3462.077	3745.994	3590.672	1.023	1.027	1.024
188	3536.096	3389.058	3658.060	3541.940	1.009	1.013	1.008
189	3505.169	3386.027	3597.079	3492.184	0.995	0.999	0.999
190	3561.368	3426.782	3776.903	3568.267	1.017	1.021	1.015
191	3486.923	3286.865	3690.178	3473.492	0.990	0.994	0.994
192	3536.833	3378.616	3682.882	3546.164	1.011	1.014	1.008
193	3628.667	3439.891	3737.991	3646.922	1.039	1.043	1.034
194	3667.678	3510.213	3858.098	3665.595	1.045	1.049	1.045
195	3598.002	3432.475	3835.071	3576.124	1.019	1.023	1.025
196	3627.761	3442.967	3853.600	3605.886	1.028	1.031	1.034
197	3639.005	3490.022	3843.748	3609.415	1.029	1.032	1.037
198	3578.506	3508.423	3674.964	3582.630	1.021	1.025	1.020
199	3569.643	3402.812	3753.071	3551.202	1.012	1.016	1.017
200	3639.619	3423.558	3822.951	3655.998	1.042	1.046	1.037
201	3776.979	3432.520	4222.113	3758.009	1.071	1.075	1.076
202	3698.619	3446.621	3866.713	3710.395	1.057	1.061	1.054
203	3753.716	3417.855	3982.855	3772.324	1.075	1.079	1.070
204	3651.059	3440.866	3835.284	3645.075	1.039	1.043	1.041
205	3718.132	3399.397	4017.779	3683.189	1.050	1.054	1.060
206	3642.394	3488.469	3755.131	3656.577	1.042	1.046	1.038
207	3571.752	3307.957	3793.248	3541.719	1.009	1.013	1.018
208	3549.802	3341.438	3712.700	3546.643	1.011	1.014	1.012
209	3536.104	3383.548	3719.369	3539.120	1.009	1.012	1.008
210	3518.390	3387.384	3777.568	3487.523	0.994	0.998	1.003
211	3543.991	3404.337	3707.113	3538.106	1.008	1.012	1.010
212	3467.591	3369.418	3655.427	3455.140	0.985	0.988	0.988
213	3429.071	3182.492	3533.630	3443.247	0.981	0.985	0.977
214	3433.448	3323.823	3560.279	3412.128	0.972	0.976	0.979
215	3446.426	3272.527	3636.136	3454.390	0.984	0.988	0.982
216	3393.129	3327.807	3442.556	3402.265	0.970	0.973	0.967
217	3445.730	3358.762	3572.077	3407.870	0.971	0.975	0.982
218	3494.812	3371.805	3645.089	3508.971	1.000	1.004	0.996
219	3496.556	3243.829	3626.033	3535.373	1.008	1.011	0.996
220	3503.987	3360.924	3659.592	3501.469	0.998	1.002	0.999
221	3488.645	3359.690	3613.877	3492.829	0.995	0.999	0.994
222	3482.768	3340.108	3717.134	3490.120	0.995	0.998	0.993
223	3550.564	3314.513	3684.493	3555.266	1.013	1.017	1.012
224	3529.491	3436.610	3594.711	3533.495	1.007	1.011	1.006
225	3584.007	3417.503	3707.323	3610.548	1.029	1.033	1.021
226	3777.758	3462.182	4464.500	3699.106	1.054	1.058	1.077
227	3788.060	3452.931	4411.332	3642.130	1.038	1.042	1.080
228	3719.496	3350.323	4228.480	3643.141	1.038	1.042	1.060
229	3656.449	3399.582	3933.555	3688.426	1.051	1.055	1.042
230	3590.386	3416.453	3779.122	3580.417	1.020	1.024	1.023
231	3577.440	3402.328	3755.785	3600.960	1.026	1.030	1.020
232	3623.369	3373.630	4070.687	3558.419	1.014	1.018	1.033
233	3524.471	3364.750	3697.768	3517.891	1.003	1.006	1.004
234	3531.844	3410.336	3638.152	3550.271	1.012	1.016	1.007
235	3485.443	3385.754	3605.751	3473.197	0.990	0.993	0.993
236	3473.695	3288.235	3602.467	3475.957	0.991	0.994	0.990
237	3492.983	3371.884	3650.253	3484.220	0.993	0.997	0.995
238	3506.881	3344.727	3642.391	3495.801	0.996	1.000	0.999
239	3468.822	3333.715	3616.534	3472.463	0.990	0.993	0.989
240	3440.935	3302.949	3629.856	3447.782	0.983	0.986	0.981
241	3489.523	3383.935	3640.223	3477.074	0.991	0.995	0.994
242	3471.234	3286.226	3603.095	3481.901	0.992	0.996	0.989
243	3527.475	3306.026	3699.780	3522.239	1.004	1.008	1.005
244	3410.889	3299.313	3578.446	3400.765	0.969	0.973	0.972
245	3427.168	3339.612	3524.533	3420.001	0.975	0.978	0.977
246	3436.158	3364.440	3512.745	3439.691	0.980	0.984	0.979
247	3409.559	3259.976	3572.754	3385.029	0.965	0.968	0.972
248	3490.937	3280.053	3731.126	3506.367	0.999	1.003	0.995
249	3416.042	3277.444	3618.119	3374.765	0.962	0.965	0.974
250	3397.597	3306.895	3466.037	3407.564	0.971	0.975	0.968
251	3435.805	3337.648	3654.986	3414.884	0.973	0.977	0.979
252	3406.786	3279.723	3560.161	3407.062	0.971	0.975	0.971
253	3418.936	3329.105	3528.534	3416.606	0.974	0.977	0.974
254	3380.080	3310.663	3439.801	3382.033	0.964	0.967	0.963
255	3480.484	3376.406	3689.223	3475.570	0.991	0.994	0.992
256	3476.840	3357.847	3671.574	3462.998	0.987	0.991	0.991
257	3446.621	3301.942	3616.654	3458.262	0.986	0.989	0.982
258	3436.325	3338.387	3519.504	3429.880	0.977	0.981	0.979
259	3485.452	3370.468	3670.046	3464.769	0.987	0.991	0.993
260	3453.225	3328.903	3589.905	3459.774	0.986	0.990	0.984
261	3471.618	3285.444	3651.805	3442.715	0.981	0.985	0.989
262	3524.201	3371.731	3790.137	3497.953	0.997	1.001	1.004
263	3375.018	3305.178	3469.911	3375.257	0.962	0.965	0.962
264	3430.710	3312.906	3557.799	3412.461	0.973	0.976	0.978
265	3412.892	3252.199	3495.040	3454.308	0.984	0.988	0.973
266	3447.635	3271.357	3584.459	3462.512	0.987	0.990	0.983
267	3454.390	3314.317	3582.860	3461.927	0.987	0.990	0.984
268	3468.437	3190.357	3682.931	3502.264	0.998	1.002	0.988
269	3416.429	3258.142	3614.820	3382.237	0.964	0.967	0.974
270	3429.864	3335.017	3599.917	3429.928	0.978	0.981	0.977
271	3388.650	3304.585	3490.243	3395.001	0.968	0.971	0.966
272	3457.239	3328.668	3594.910	3451.753	0.984	0.987	0.985
273	3420.479	3261.318	3537.124	3423.560	0.976	0.979	0.975
274	3385.665	3289.037	3567.771	3354.729	0.956	0.960	0.965
275	3471.538	3331.370	3632.371	3458.378	0.986	0.989	0.989
276	3486.382	3375.013	3664.991	3444.313	0.982	0.985	0.994
277	3423.642	3313.051	3554.796	3445.247	0.982	0.985	0.976
278	3414.620	3281.198	3491.987	3409.886	0.972	0.975	0.973
279	3441.085	3290.340	3672.396	3448.341	0.983	0.986	0.981
280	3434.429	3361.684	3505.988	3427.144	0.977	0.980	0.979
281	3377.616	3274.557	3505.192	3377.169	0.962	0.966	0.963
282	3390.083	3188.107	3500.432	3418.563	0.974	0.978	0.966
283	3366.631	3237.321	3505.413	3364.220	0.959	0.962	0.959
284	3383.453	3242.864	3571.857	3367.422	0.960	0.963	0.964
285	3376.598	3280.023	3472.336	3384.717	0.965	0.968	0.962
286	3422.487	3298.235	3575.159	3405.496	0.971	0.974	0.975
287	3391.819	3248.596	3615.324	3403.169	0.970	0.973	0.967
288	3369.309	3180.019	3720.465	3340.610	0.952	0.956	0.960
289	3367.795	3258.983	3492.243	3344.040	0.953	0.957	0.960
290	3356.437	3147.525	3502.039	3354.155	0.956	0.959	0.957
291	3420.894	3298.406	3521.919	3422.417	0.975	0.979	0.975
292	3403.749	3309.232	3511.698	3384.878	0.965	0.968	0.970
293	3363.700	3291.284	3441.621	3366.331	0.959	0.963	0.959
294	3415.948	3290.368	3558.012	3413.689	0.973	0.976	0.974
295	3344.185	3276.991	3402.617	3343.049	0.953	0.956	0.953
296	3345.651	3223.241	3422.849	3356.939	0.957	0.960	0.953
297	3374.304	3261.879	3478.300	3372.262	0.961	0.965	0.962
298	3404.789	3316.696	3574.345	3369.048	0.960	0.964	0.970
299	3383.942	3297.798	3476.237	3375.039	0.962	0.965	0.964
300	3376.120	3277.100	3539.753	3367.221	0.960	0.963	0.962
301	3428.101	3333.965	3551.951	3422.694	0.975	0.979	0.977
302	3457.900	3296.502	3684.469	3445.930	0.982	0.986	0.985
303	3395.503	3333.418	3446.401	3397.073	0.968	0.972	0.968
304	3395.065	3335.697	3461.653	3391.095	0.966	0.970	0.968
305	3375.834	3324.612	3460.962	3360.158	0.958	0.961	0.962
306	3362.156	3266.958	3504.783	3353.165	0.956	0.959	0.958
307	3405.459	3335.935	3491.772	3396.140	0.968	0.971	0.971
308	3394.326	3243.122	3627.076	3332.196	0.950	0.953	0.967
309	3407.294	3211.924	3693.844	3414.739	0.973	0.977	0.971
310	3399.512	3214.912	3573.342	3395.584	0.968	0.971	0.969
311	3390.763	3244.850	3566.855	3414.681	0.973	0.977	0.966
312	3349.800	3193.319	3516.969	3342.536	0.953	0.956	0.955
313	3368.856	3276.380	3478.726	3352.026	0.955	0.959	0.960
314	3409.886	3235.919	3542.420	3404.812	0.970	0.974	0.972
315	3477.694	3346.691	3591.187	3489.965	0.995	0.998	0.991
316	3513.706	3413.922	3601.692	3527.267	1.005	1.009	1.001
317	3411.301	3270.283	3546.379	3394.143	0.967	0.971	0.972
318	3386.296	3298.986	3557.643	3372.485	0.961	0.965	0.965
319	3397.520	3288.151	3650.455	3371.266	0.961	0.964	0.968
320	3373.965	3219.103	3531.884	3344.268	0.953	0.957	0.962
321	3402.105	3331.129	3542.723	3383.320	0.964	0.968	0.970
322	3362.760	3284.604	3454.269	3350.794	0.955	0.958	0.958
323	3458.363	3356.533	3538.914	3453.833	0.984	0.988	0.986
324	3408.521	3314.487	3536.299	3382.446	0.964	0.968	0.971
325	3381.569	3301.540	3472.596	3363.242	0.958	0.962	0.964
326	3416.234	3289.318	3578.415	3397.686	0.968	0.972	0.974
327	3413.407	3284.104	3562.775	3404.076	0.970	0.974	0.973
328	3413.973	3249.984	3537.376	3412.019	0.972	0.976	0.973
329	3361.924	3181.582	3498.932	3390.848	0.966	0.970	0.958
330	3437.293	3310.775	3570.216	3425.740	0.976	0.980	0.980
331	3480.914	3401.209	3569.633	3492.477	0.995	0.999	0.992
332	3450.249	3325.752	3645.010	3438.711	0.980	0.984	0.983
333	3422.804	3289.465	3552.198	3429.243	0.977	0.981	0.975
334	3469.386	3332.618	3696.972	3483.378	0.993	0.996	0.989
335	3457.104	3180.876	3804.110	3407.990	0.971	0.975	0.985
336	3497.352	3312.694	3657.953	3506.875	0.999	1.003	0.997
337	3434.119	3292.033	3568.368	3448.872	0.983	0.987	0.979
338	3432.995	3364.329	3532.274	3419.142	0.974	0.978	0.978
339	3348.777	3212.395	3465.134	3332.863	0.950	0.953	0.954
340	3384.148	3318.563	3481.935	3379.734	0.963	0.967	0.964
341	3425.211	3356.405	3483.706	3430.127	0.978	0.981	0.976
342	3443.080	3272.113	3596.770	3431.789	0.978	0.982	0.981
343	3441.152	3342.276	3558.269	3419.791	0.975	0.978	0.981
344	3356.695	3269.133	3437.062	3366.745	0.959	0.963	0.957
345	3403.946	3297.269	3467.889	3427.160	0.977	0.980	0.970
346	3444.614	3373.202	3533.293	3438.096	0.980	0.983	0.982
347	3408.849	3288.346	3707.945	3390.151	0.966	0.970	0.971
348	3386.833	3231.069	3551.673	3372.432	0.961	0.965	0.965
349	3390.831	3255.960	3559.695	3383.553	0.964	0.968	0.966
350	3447.827	3349.112	3497.074	3456.269	0.985	0.989	0.983
351	3453.141	3254.873	3665.044	3445.801	0.982	0.986	0.984
352	3477.470	3365.343	3516.179	3501.192	0.998	1.001	0.991
353	3410.589	3336.856	3449.766	3414.979	0.973	0.977	0.972
354	3407.861	3365.332	3469.639	3396.896	0.968	0.972	0.971
355	3431.733	3348.036	3534.859	3410.590	0.972	0.976	0.978
356	3426.278	3245.697	3648.528	3434.074	0.979	0.982	0.976
357	3443.441	3318.073	3552.091	3435.703	0.979	0.983	0.981
358	3443.426	3313.756	3575.657	3437.323	0.980	0.983	0.981
359	3448.256	3319.113	3531.466	3465.712	0.988	0.991	0.983
360	3416.442	3340.872	3494.226	3401.535	0.969	0.973	0.974
361	3470.688	3321.215	3678.860	3446.016	0.982	0.986	0.989
362	3358.873	3286.827	3515.406	3344.951	0.953	0.957	0.957
363	3406.039	3273.391	3568.043	3388.375	0.966	0.969	0.971
364	3505.706	3353.347	3710.045	3482.242	0.992	0.996	0.999
365	3402.319	3325.101	3474.187	3398.470	0.969	0.972	0.970
366	3432.330	3326.341	3678.897	3389.131	0.966	0.969	0.978
367	3403.362	3311.639	3551.235	3392.225	0.967	0.970	0.970
368	3391.728	3219.951	3564.189	3409.196	0.972	0.975	0.967
369	3431.370	3308.613	3543.698	3436.445	0.979	0.983	0.978
370	3392.694	3296.469	3554.969	3371.192	0.961	0.964	0.967
371	3412.796	3299.215	3503.429	3446.387	0.982	0.986	0.973
372	3422.699	3313.551	3566.255	3414.240	0.973	0.977	0.975
373	3356.426	3205.227	3548.477	3358.530	0.957	0.961	0.957
374	3445.664	3134.286	3835.177	3412.831	0.973	0.976	0.982
375	3381.233	3292.214	3478.010	3396.282	0.968	0.971	0.964
376	3456.084	3255.143	3560.895	3452.489	0.984	0.988	0.985
377	3399.255	3280.975	3518.867	3386.512	0.965	0.969	0.969
378	3368.837	3290.719	3439.244	3367.981	0.960	0.963	0.960
379	3383.639	3233.403	3496.164	3396.484	0.968	0.972	0.964
380	3441.014	3333.868	3538.360	3426.846	0.977	0.980	0.981
381	3464.871	3374.458	3585.558	3446.332	0.982	0.986	0.987
382	3423.743	3327.752	3600.669	3412.925	0.973	0.976	0.976
383	3456.599	3257.351	3606.678	3483.437	0.993	0.996	0.985
384	3467.762	3294.666	3640.922	3463.464	0.987	0.991	0.988
385	3467.700	3273.134	3629.806	3470.240	0.989	0.993	0.988
386	3450.418	3384.872	3516.258	3443.207	0.981	0.985	0.983
387	3479.895	3350.978	3611.369	3484.728	0.993	0.997	0.992
388	3460.786	3383.447	3571.757	3456.498	0.985	0.989	0.986
389	3405.970	3302.803	3459.858	3433.847	0.979	0.982	0.971
390	3361.211	3245.153	3466.959	3352.920	0.956	0.959	0.958
391	3383.969	3204.232	3669.306	3368.485	0.960	0.964	0.964
392	3382.793	3240.532	3533.407	3383.634	0.964	0.968	0.964
393	3382.116	3295.216	3522.082	3390.062	0.966	0.970	0.964
394	3407.938	3270.381	3519.797	3397.061	0.968	0.972	0.971
395	3361.133	3276.408	3484.461	3363.245	0.958	0.962	0.958
396	3317.372	3198.969	3416.008	3294.339	0.939	0.942	0.945
397	3370.722	3206.926	3516.207	3355.092	0.956	0.960	0.961
398	3366.636	3206.433	3526.600	3349.289	0.955	0.958	0.959
399	3409.754	3292.370	3522.278	3410.907	0.972	0.976	0.972
400	3483.911	3383.263	3644.556	3456.842	0.985	0.989	0.993
401	3393.083	3186.862	3523.997	3431.180	0.978	0.981	0.967
402	3426.128	3264.132	3626.224	3429.721	0.977	0.981	0.976
403	3353.178	3284.451	3419.112	3358.814	0.957	0.961	0.956
404	3390.035	3229.895	3594.999	3348.056	0.954	0.958	0.966
405	3394.540	3282.777	3486.511	3380.822	0.964	0.967	0.967
406	3353.197	3232.194	3424.477	3360.129	0.958	0.961	0.956
407	3415.372	3293.069	3604.311	3405.805	0.971	0.974	0.973
408	3390.264	3244.447	3639.479	3365.541	0.959	0.963	0.966
409	3415.685	3250.514	3745.063	3336.921	0.951	0.954	0.973
410	3327.061	3156.716	3424.327	3367.653	0.960	0.963	0.948
411	3416.405	3326.084	3507.589	3416.585	0.974	0.977	0.974
412	3466.937	3393.228	3577.656	3463.766	0.987	0.991	0.988
413	3382.324	3221.512	3505.386	3380.902	0.964	0.967	0.964
414	3427.958	3329.784	3568.627	3427.544	0.977	0.980	0.977
415	3392.354	3277.319	3628.302	3386.235	0.965	0.969	0.967
416	3358.280	3203.874	3541.766	3333.166	0.950	0.953	0.957
417	3356.731	3207.482	3562.294	3360.882	0.958	0.961	0.957
418	3358.871	3185.361	3578.272	3357.812	0.957	0.960	0.957
419	3337.758	3190.635	3551.744	3330.083	0.949	0.953	0.951
420	3384.645	3298.685	3446.187	3405.959	0.971	0.974	0.965
421	3384.872	3321.087	3489.646	3376.094	0.962	0.966	0.965
422	3390.457	3270.714	3491.432	3390.682	0.966	0.970	0.966
423	3395.141	3290.490	3515.031	3382.280	0.964	0.967	0.968
424	3348.896	3237.334	3542.761	3338.438	0.951	0.955	0.954
425	3407.693	3301.769	3558.568	3391.811	0.967	0.970	0.971
426	3379.767	3279.882	3443.188	3404.599	0.970	0.974	0.963
427	3389.755	3293.568	3495.538	3385.335	0.965	0.968	0.966
428	3380.527	3339.190	3445.700	3375.213	0.962	0.965	0.963
429	3372.094	3226.709	3475.924	3396.948	0.968	0.972	0.961
430	3418.066	3327.004	3480.919	3433.503	0.979	0.982	0.974
431	3443.793	3378.207	3524.927	3429.530	0.977	0.981	0.981
432	3455.126	3373.479	3565.311	3433.240	0.978	0.982	0.985
433	3337.423	3263.303	3453.454	3325.911	0.948	0.951	0.951
434	3398.938	3283.496	3558.001	3409.472	0.972	0.975	0.969
435	3420.047	3181.298	3684.704	3411.927	0.972	0.976	0.975
436	3415.621	3276.191	3699.726	3371.692	0.961	0.964	0.973
437	3483.568	3339.389	3621.357	3484.538	0.993	0.997	0.993
438	3419.567	3300.611	3549.026	3414.141	0.973	0.977	0.975
439	3330.993	3245.167	3456.958	3316.925	0.945	0.949	0.949
440	3392.349	3274.626	3569.892	3398.570	0.969	0.972	0.967
441	3415.194	3270.837	3601.456	3410.103	0.972	0.975	0.973
442	3449.078	3318.729	3595.602	3435.868	0.979	0.983	0.983
443	3461.056	3348.964	3660.786	3390.402	0.966	0.970	0.986
444	3463.460	3293.910	3590.776	3472.950	0.990	0.993	0.987
445	3414.873	3322.829	3536.467	3401.095	0.969	0.973	0.973
446	3383.329	3301.714	3475.500	3377.006	0.962	0.966	0.964
447	3414.032	3349.260	3482.341	3408.134	0.971	0.975	0.973
448	3483.280	3296.178	3708.512	3457.898	0.985	0.989	0.993
449	3458.977	3359.569	3645.589	3427.667	0.977	0.980	0.986
450	3406.506	3286.653	3557.615	3396.186	0.968	0.971	0.971
451	3381.937	3236.335	3493.773	3377.608	0.963	0.966	0.964
452	3449.994	3375.588	3526.958	3449.986	0.983	0.987	0.983
453	3387.591	3309.159	3448.890	3401.580	0.969	0.973	0.965
454	3420.573	3250.439	3661.348	3402.422	0.970	0.973	0.975
455	3391.943	3287.396	3525.707	3340.614	0.952	0.956	0.967
456	3362.034	3187.633	3463.803	3396.608	0.968	0.972	0.958
457	3343.640	3233.484	3420.954	3354.595	0.956	0.960	0.953
458	3429.671	3284.134	3533.908	3436.851	0.979	0.983	0.977
459	3479.647	3401.608	3553.625	3480.208	0.992	0.995	0.992
460	3415.774	3328.169	3534.907	3403.297	0.970	0.973	0.973
461	3473.424	3284.179	3645.678	3484.203	0.993	0.997	0.990
462	3415.695	3320.656	3531.907	3413.185	0.973	0.976	0.973
463	3488.451	3294.033	3654.688	3491.436	0.995	0.999	0.994
464	3458.907	3340.817	3589.594	3441.381	0.981	0.984	0.986
465	3428.679	3325.333	3611.010	3414.939	0.973	0.977	0.977
466	3533.103	3378.362	3695.822	3527.420	1.005	1.009	1.007
467	3466.877	3254.275	3680.007	3480.288	0.992	0.996	0.988
468	3520.347	3423.418	3704.575	3488.110	0.994	0.998	1.003
469	3450.424	3328.327	3599.811	3461.507	0.987	0.990	0.983
470	3420.500	3339.148	3552.222	3412.772	0.973	0.976	0.975
471	3456.873	3273.094	3626.392	3443.701	0.981	0.985	0.985
472	3380.609	3281.240	3469.915	3374.314	0.962	0.965	0.963
473	3406.474	3279.823	3514.495	3392.160	0.967	0.970	0.971
474	3427.438	3290.590	3603.833	3403.229	0.970	0.973	0.977
475	3420.075	3312.078	3529.158	3419.330	0.974	0.978	0.975
476	3436.501	3237.156	3613.416	3432.694	0.978	0.982	0.979
477	3461.471	3354.647	3566.554	3443.454	0.981	0.985	0.986
478	3428.824	3389.437	3460.043	3430.584	0.978	0.981	0.977
479	3439.778	3380.632	3564.908	3425.871	0.976	0.980	0.980
480	3389.155	3263.118	3530.334	3386.010	0.965	0.969	0.966
481	3385.832	3283.384	3527.647	3400.440	0.969	0.973	0.965
482	3452.849	3275.838	3550.483	3467.788	0.988	0.992	0.984
483	3488.957	3356.844	3608.185	3494.081	0.996	0.999	0.994
484	3410.390	3334.189	3539.187	3395.174	0.968	0.971	0.972
485	3392.802	3323.985	3482.860	3379.080	0.963	0.967	0.967
486	3387.813	3279.738	3500.333	3395.042	0.968	0.971	0.965
487	3424.584	3307.682	3595.383	3415.747	0.973	0.977	0.976
488	3396.061	3205.951	3669.924	3366.134	0.959	0.963	0.968
489	3394.820	3235.091	3518.944	3392.169	0.967	0.970	0.967
490	3436.812	3301.352	3593.377	3451.486	0.984	0.987	0.979
491	3445.340	3325.824	3543.603	3466.055	0.988	0.991	0.982
492	3409.699	3332.549	3530.470	3383.597	0.964	0.968	0.972
493	3433.632	3282.822	3709.424	3422.290	0.975	0.979	0.979
494	3427.646	3354.503	3510.253	3419.462	0.975	0.978	0.977
495	3421.477	3250.712	3725.840	3400.064	0.969	0.973	0.975
496	3399.199	3269.410	3665.708	3372.475	0.961	0.965	0.969
497	3376.540	3308.081	3639.132	3351.078	0.955	0.959	0.962
498	3354.876	3256.809	3532.360	3330.130	0.949	0.953	0.956
499	3405.704	3251.659	3510.690	3440.162	0.980	0.984	0.971
500	3417.164	3219.560	3559.070	3445.270	0.982	0.985	0.974
501	3418.802	3335.912	3503.588	3393.621	0.967	0.971	0.974
502	3381.061	3263.907	3611.958	3368.460	0.960	0.964	0.964
503	3415.049	3333.907	3466.900	3421.432	0.975	0.979	0.973
504	3475.136	3331.893	3603.773	3465.734	0.988	0.991	0.990
505	3503.249	3363.927	3716.014	3512.184	1.001	1.005	0.998
506	3462.113	3282.042	3622.731	3460.427	0.986	0.990	0.987
507	3416.717	3196.487	3741.907	3398.412	0.969	0.972	0.974
508	3468.151	3230.702	3896.819	3440.379	0.980	0.984	0.988
509	3514.247	3365.597	3796.489	3481.271	0.992	0.996	1.002
510	3514.801	3395.271	3741.017	3488.766	0.994	0.998	1.002
511	3484.040	3248.603	3737.276	3504.553	0.999	1.002	0.993
512	3493.879	3382.012	3694.094	3466.056	0.988	0.991	0.996
513	3501.510	3350.179	3630.276	3532.160	1.007	1.010	0.998
514	3514.673	3279.015	3755.990	3520.946	1.003	1.007	1.002
515	3569.389	3361.027	3900.242	3569.848	1.017	1.021	1.017
516	3553.678	3354.976	3681.658	3603.938	1.027	1.031	1.013
517	3501.653	3277.159	3776.107	3460.696	0.986	0.990	0.998
518	3505.738	3295.147	3763.996	3465.394	0.988	0.991	0.999
519	3512.124	3374.511	3804.449	3500.074	0.997	1.001	1.001
520	3525.891	3267.309	3664.013	3561.288	1.015	1.019	1.005
521	3525.683	3341.314	3675.469	3553.873	1.013	1.017	1.005
522	3557.283	3364.049	3694.211	3606.802	1.028	1.032	1.014
523	3546.715	3358.120	3726.812	3557.422	1.014	1.018	1.011
524	3574.339	3302.539	3769.446	3600.158	1.026	1.030	1.019
525	3552.505	3405.773	3779.368	3542.938	1.010	1.013	1.012
526	3670.046	3375.830	4006.165	3573.210	1.018	1.022	1.046
527	3619.674	3370.654	3945.947	3607.380	1.028	1.032	1.032
528	3680.549	3331.936	4007.742	3730.509	1.063	1.067	1.049
529	3646.308	3343.299	3928.268	3691.573	1.052	1.056	1.039
530	3592.005	3293.753	3868.935	3605.375	1.028	1.031	1.024
531	3652.754	3322.405	4185.934	3666.002	1.045	1.049	1.041
532	3539.734	3202.492	3713.996	3565.620	1.016	1.020	1.009
533	3481.968	3330.624	3626.622	3487.512	0.994	0.998	0.992
534	3548.921	3341.847	3829.732	3541.387	1.009	1.013	1.011
535	3486.872	3339.503	3610.280	3492.104	0.995	0.999	0.994
536	3565.491	3372.997	3701.408	3609.697	1.029	1.033	1.016
537	3586.157	3324.078	3822.994	3609.500	1.029	1.032	1.022
538	3612.001	3354.101	4017.657	3616.108	1.031	1.034	1.029
539	3645.402	3468.573	3924.721	3617.411	1.031	1.035	1.039
540	3646.033	3452.497	3861.679	3612.713	1.030	1.033	1.039
541	3565.100	3357.343	3790.911	3561.223	1.015	1.019	1.016
542	3467.586	3408.658	3527.140	3465.261	0.988	0.991	0.988
543	3501.503	3369.676	3722.839	3472.596	0.990	0.993	0.998
544	3587.073	3422.586	3872.481	3563.926	1.016	1.019	1.022
545	3589.129	3363.037	3780.654	3575.593	1.019	1.023	1.023
546	3534.802	3347.676	3666.404	3557.984	1.014	1.018	1.007
547	3539.242	3317.042	3825.495	3529.600	1.006	1.010	1.009
548	3554.087	3321.753	3698.253	3591.379	1.024	1.027	1.013
549	3499.326	3354.419	3582.633	3500.115	0.998	1.001	0.997
550	3521.333	3437.029	3603.431	3528.537	1.006	1.009	1.004
551	3537.567	3449.314	3671.454	3522.376	1.004	1.008	1.008
552	3588.069	3402.495	3828.027	3589.533	1.023	1.027	1.023
553	3574.742	3282.393	3935.843	3523.305	1.004	1.008	1.019
554	3511.964	3267.130	3890.992	3448.657	0.983	0.986	1.001
555	3501.105	3279.824	3825.982	3466.693	0.988	0.992	0.998
556	3507.099	3352.321	3606.470	3512.017	1.001	1.005	0.999
557	3482.263	3290.694	3641.072	3476.760	0.991	0.994	0.992
558	3505.703	3329.683	3636.781	3488.558	0.994	0.998	0.999
559	3574.209	3381.068	3651.449	3592.458	1.024	1.028	1.019
560	3560.288	3452.092	3723.811	3545.579	1.010	1.014	1.015
561	3519.527	3434.549	3616.478	3523.434	1.004	1.008	1.003
562	3500.214	3356.692	3708.983	3457.230	0.985	0.989	0.998
563	3498.085	3305.212	3861.195	3453.737	0.984	0.988	0.997
564	3511.891	3360.471	3609.316	3516.306	1.002	1.006	1.001
565	3532.196	3303.582	3649.413	3551.013	1.012	1.016	1.007
566	3495.870	3375.099	3635.460	3474.974	0.990	0.994	0.996
567	3453.086	3349.800	3580.357	3455.475	0.985	0.988	0.984
568	3501.076	3350.282	3674.230	3517.502	1.002	1.006	0.998
569	3504.779	3287.537	3695.092	3489.222	0.994	0.998	0.999
570	3508.728	3351.823	3746.246	3495.865	0.996	1.000	1.000
571	3502.070	3364.775	3620.097	3534.199	1.007	1.011	0.998
572	3569.141	3400.444	3700.658	3600.647	1.026	1.030	1.017
573	3612.621	3517.888	3771.763	3620.698	1.032	1.036	1.030
574	3605.964	3516.768	3782.234	3568.859	1.017	1.021	1.028
575	3688.697	3483.585	3921.260	3658.860	1.043	1.047	1.051
576	3697.193	3412.409	3960.771	3694.569	1.053	1.057	1.054
577	3658.423	3492.632	3895.526	3622.194	1.032	1.036	1.043
578	3605.465	3377.407	3783.496	3626.762	1.034	1.037	1.028
579	3617.963	3375.888	3823.293	3615.855	1.030	1.034	1.031
580	3549.718	3374.672	3719.663	3567.601	1.017	1.020	1.012
581	3533.800	3377.554	3772.951	3461.837	0.987	0.990	1.007
582	3499.199	3312.323	3625.170	3494.279	0.996	1.000	0.997
583	3503.314	3399.482	3677.226	3482.847	0.993	0.996	0.998
584	3528.879	3413.812	3708.574	3508.885	1.000	1.004	1.006
585	3514.761	3200.413	3705.275	3543.021	1.010	1.013	1.002
586	3557.138	3375.911	3856.620	3546.003	1.011	1.014	1.014
587	3498.497	3317.822	3863.646	3448.001	0.983	0.986	0.997
588	3497.217	3348.804	3617.718	3480.090	0.992	0.995	0.997
589	3513.536	3358.954	3830.591	3470.181	0.989	0.993	1.001
590	3436.663	3269.525	3652.406	3395.390	0.968	0.971	0.979
591	3429.706	3232.275	3549.822	3428.896	0.977	0.981	0.977
592	3455.746	3266.771	3604.777	3474.502	0.990	0.994	0.985
593	3478.321	3305.048	3620.416	3484.275	0.993	0.997	0.991
594	3492.697	3313.120	3667.423	3496.616	0.997	1.000	0.995
595	3400.670	3255.114	3765.122	3346.747	0.954	0.957	0.969
596	3408.004	3251.795	3593.537	3436.721	0.979	0.983	0.971
597	3466.745	3302.570	3634.728	3469.587	0.989	0.992	0.988
598	3485.246	3347.687	3717.920	3463.531	0.987	0.991	0.993
599	3480.976	3290.259	3763.094	3481.957	0.992	0.996	0.992
600	3475.049	3335.267	3683.091	3461.223	0.986	0.990	0.990
601	3494.177	3249.766	3673.776	3527.085	1.005	1.009	0.996
602	3469.954	3262.079	3594.409	3461.800	0.987	0.990	0.989
603	3394.025	3228.888	3512.201	3387.759	0.965	0.969	0.967
604	3379.645	3285.745	3476.850	3380.265	0.963	0.967	0.963
605	3481.391	3338.170	3604.929	3458.607	0.986	0.989	0.992
606	3551.728	3421.963	3637.955	3553.123	1.013	1.016	1.012
607	3555.861	3395.049	3663.365	3572.953	1.018	1.022	1.013
608	3496.297	3384.023	3711.770	3465.871	0.988	0.991	0.996
609	3591.690	3344.996	3721.167	3580.065	1.020	1.024	1.024
610	3512.957	3343.002	3653.047	3516.438	1.002	1.006	1.001
611	3606.695	3458.826	3754.208	3587.919	1.023	1.026	1.028
612	3712.402	3532.135	3885.748	3701.014	1.055	1.059	1.058
613	3776.650	3402.989	4205.485	3813.496	1.087	1.091	1.076
614	3705.691	3431.407	3938.152	3752.763	1.070	1.073	1.056
615	3560.110	3382.777	3819.426	3515.420	1.002	1.006	1.015
616	3468.962	3295.889	3650.527	3466.481	0.988	0.992	0.989
617	3529.240	3309.550	3726.992	3520.699	1.003	1.007	1.006
618	3485.693	3244.537	3612.846	3490.712	0.995	0.998	0.993
619	3541.311	3380.231	3824.061	3507.856	1.000	1.003	1.009
620	3562.672	3415.085	3751.872	3551.050	1.012	1.016	1.015
621	3634.754	3425.909	3944.398	3615.842	1.030	1.034	1.036
622	3658.808	3403.324	3846.553	3674.651	1.047	1.051	1.043
623	3590.255	3419.510	3882.517	3528.678	1.006	1.009	1.023
624	3538.123	3268.806	3758.556	3543.457	1.010	1.014	1.008
625	3536.533	3401.373	3790.721	3512.705	1.001	1.005	1.008
626	3594.916	3495.461	3797.887	3574.694	1.019	1.023	1.025
627	3600.827	3298.768	3764.791	3630.646	1.035	1.039	1.026
628	3612.992	3485.450	3726.569	3619.317	1.031	1.035	1.030
629	3564.304	3403.376	3773.740	3562.785	1.015	1.019	1.016
630	3513.540	3369.143	3699.075	3483.967	0.993	0.997	1.001
631	3575.787	3429.501	3730.338	3567.528	1.017	1.020	1.019
632	3593.068	3465.529	3690.002	3601.848	1.026	1.030	1.024
633	3601.428	3476.425	3714.077	3589.416	1.023	1.027	1.026
634	3552.395	3454.099	3732.127	3527.314	1.005	1.009	1.012
635	3576.612	3447.797	3748.514	3526.155	1.005	1.009	1.019
636	3625.784	3485.131	3829.478	3621.660	1.032	1.036	1.033
637	3672.018	3453.990	4041.451	3610.392	1.029	1.033	1.046
638	3632.432	3380.375	3915.248	3603.644	1.027	1.031	1.035
639	3604.104	3368.937	3906.565	3567.663	1.017	1.020	1.027
640	3614.737	3430.248	3852.664	3619.920	1.032	1.035	1.030
641	3616.823	3421.621	3891.638	3607.144	1.028	1.032	1.031
642	3557.237	3350.207	3853.851	3545.416	1.010	1.014	1.014
643	3535.272	3456.235	3581.149	3545.999	1.011	1.014	1.008
644	3603.711	3406.156	3859.879	3598.106	1.025	1.029	1.027
645	3651.444	3307.288	4026.582	3714.294	1.059	1.062	1.041
646	3684.162	3411.232	3917.030	3676.297	1.048	1.052	1.050
647	3717.606	3476.176	3867.579	3741.521	1.066	1.070	1.059
648	3706.441	3397.676	4010.007	3719.345	1.060	1.064	1.056
649	3722.704	3455.173	4058.595	3682.993	1.050	1.053	1.061
650	3646.002	3499.866	3797.217	3641.463	1.038	1.042	1.039
651	3648.168	3351.253	3845.741	3675.941	1.048	1.051	1.040
652	3699.393	3373.186	4052.415	3687.360	1.051	1.055	1.054
653	3615.213	3249.124	3846.993	3662.219	1.044	1.048	1.030
654	3623.057	3224.388	4058.892	3616.353	1.031	1.034	1.033
655	3641.784	3337.179	3865.346	3692.354	1.052	1.056	1.038
656	3672.042	3414.027	3991.513	3686.969	1.051	1.055	1.047
657	3658.573	3288.969	4067.917	3649.790	1.040	1.044	1.043
658	3582.444	3318.985	3845.596	3541.760	1.009	1.013	1.021
659	3489.932	3280.079	3678.189	3494.251	0.996	0.999	0.995
660	3438.836	3312.732	3592.083	3446.464	0.982	0.986	0.980
661	3429.140	3357.651	3561.861	3415.981	0.974	0.977	0.977
662	3446.750	3354.748	3545.402	3425.352	0.976	0.980	0.982
663	3451.282	3323.240	3582.916	3459.986	0.986	0.990	0.984
664	3448.554	3342.598	3546.440	3478.525	0.991	0.995	0.983
665	3441.668	3332.633	3587.203	3407.554	0.971	0.975	0.981
666	3403.573	3301.493	3548.166	3398.492	0.969	0.972	0.970
667	3503.773	3395.692	3607.367	3498.125	0.997	1.001	0.999
668	3482.747	3366.781	3594.089	3495.782	0.996	1.000	0.993
669	3503.486	3292.468	3603.631	3535.951	1.008	1.011	0.998
670	3496.434	3328.960	3650.357	3468.637	0.989	0.992	0.996
671	3500.844	3347.550	3722.901	3442.115	0.981	0.985	0.998
672	3642.466	3378.627	3929.778	3686.047	1.050	1.054	1.038
673	3687.567	3372.933	4238.141	3607.915	1.028	1.032	1.051
674	3594.199	3372.974	3984.584	3536.466	1.008	1.012	1.024
675	3511.648	3305.646	3873.705	3452.490	0.984	0.988	1.001
676	3509.809	3298.879	3870.529	3418.193	0.974	0.978	1.000
677	3534.848	3349.746	3743.051	3508.846	1.000	1.004	1.007
678	3479.491	3269.925	3631.374	3524.412	1.004	1.008	0.992
679	3562.575	3145.465	3813.153	3601.592	1.026	1.030	1.015
680	3641.818	3242.149	4138.104	3594.902	1.025	1.028	1.038
681	3664.881	3305.010	4223.461	3695.782	1.053	1.057	1.044
682	3690.986	3278.502	4243.122	3669.806	1.046	1.050	1.052
683	3663.640	3259.070	4222.883	3646.194	1.039	1.043	1.044
684	3717.340	3326.596	4224.930	3670.740	1.046	1.050	1.059
685	3699.778	3243.105	3985.082	3789.854	1.080	1.084	1.054
686	3583.058	3250.899	3849.307	3601.068	1.026	1.030	1.021
687	3646.741	3339.415	3955.661	3609.816	1.029	1.033	1.039
688	3620.800	3392.819	3751.764	3635.890	1.036	1.040	1.032
689	3684.830	3502.841	3817.833	3726.166	1.062	1.066	1.050
690	3698.047	3482.640	4083.709	3686.069	1.051	1.054	1.054
691	3650.516	3375.531	3861.022	3690.186	1.052	1.056	1.040
692	3612.486	3468.962	3972.955	3561.811	1.015	1.019	1.030
693	3542.330	3392.584	3758.038	3522.764	1.004	1.008	1.010
694	3605.656	3368.432	3759.728	3633.213	1.035	1.039	1.028
695	3589.508	3416.870	3855.814	3555.286	1.013	1.017	1.023
696	3713.658	3508.753	3987.852	3700.514	1.055	1.058	1.058
697	3717.335	3596.471	3853.457	3720.548	1.060	1.064	1.059
698	3824.734	3673.863	4061.698	3802.324	1.084	1.088	1.090
699	3751.575	3441.578	3930.796	3711.657	1.058	1.062	1.069
700	3613.213	3470.917	3947.042	3576.226	1.019	1.023	1.030
701	3564.386	3497.432	3641.711	3559.204	1.014	1.018	1.016
702	3606.317	3447.567	3798.951	3605.338	1.027	1.031	1.028
703	3564.327	3410.174	3663.316	3558.349	1.014	1.018	1.016
704	3571.323	3408.945	3804.636	3522.977	1.004	1.008	1.018
705	3605.972	3450.962	3717.421	3623.109	1.033	1.036	1.028
706	3652.656	3457.767	3873.535	3664.111	1.044	1.048	1.041
707	3653.958	3455.414	3793.350	3681.001	1.049	1.053	1.041
708	3580.082	3325.170	3775.162	3587.093	1.022	1.026	1.020
709	3628.545	3371.478	3876.238	3638.603	1.037	1.041	1.034
710	3684.702	3425.407	3924.328	3694.368	1.053	1.057	1.050
711	3697.436	3433.673	3926.895	3722.541	1.061	1.065	1.054
712	3742.562	3387.348	3967.080	3804.278	1.084	1.088	1.067
713	3812.459	3564.061	4017.959	3829.344	1.091	1.095	1.087
714	3855.555	3446.296	4070.469	3913.167	1.115	1.119	1.099
715	3941.614	3438.508	4282.471	4040.134	1.151	1.156	1.123
716	4137.854	3563.240	4705.121	4056.049	1.156	1.160	1.179
717	4078.344	3482.701	4858.014	4006.330	1.142	1.146	1.162
718	4063.118	3484.075	4813.532	3998.944	1.140	1.144	1.158
719	3967.293	3479.870	4478.925	3894.154	1.110	1.114	1.131
720	3828.509	3396.576	4431.165	3760.375	1.072	1.076	1.091
721	3781.499	3344.795	4250.738	3797.288	1.082	1.086	1.078
722	3855.529	3434.874	4149.828	3873.180	1.104	1.108	1.099
723	3740.451	3579.118	4037.775	3720.013	1.060	1.064	1.066
724	3621.302	3458.546	3792.761	3629.714	1.034	1.038	1.032
725	3597.436	3397.790	3947.488	3580.328	1.020	1.024	1.025
726	3570.702	3396.466	3826.118	3517.563	1.002	1.006	1.018
727	3406.039	3273.391	3568.043	3388.375	0.966	0.969	0.971
728	3406.039	3273.391	3568.043	3388.375	0.966	0.969	0.971
