 	Mean	Min	Max	Median	Max_to_bgmean	Median_to_bgmedian	Mean_to_bgmean
1	7305.866	5176.946	9556.763	7154.709	2.222	2.219	2.269
2	6880.846	4822.810	9376.998	7027.762	2.183	2.179	2.137
3	6517.110	4823.270	8160.971	6335.213	1.968	1.965	2.024
4	6201.677	4909.785	8509.409	5749.339	1.786	1.783	1.926
5	5592.800	4352.889	7378.785	5290.332	1.643	1.641	1.737
6	5243.871	4328.296	6515.658	5235.142	1.626	1.624	1.629
7	5085.785	4392.575	6158.486	4914.422	1.526	1.524	1.580
8	5130.405	4441.330	5987.796	5087.942	1.580	1.578	1.594
9	5312.884	4683.916	6027.144	5310.338	1.649	1.647	1.650
10	5243.502	4125.609	5886.518	5344.420	1.660	1.657	1.629
11	5216.703	4357.972	5957.072	5304.899	1.648	1.645	1.620
12	5314.319	4325.960	6350.828	5178.120	1.608	1.606	1.651
13	5572.137	4596.638	6571.406	5581.656	1.734	1.731	1.731
14	5962.119	4578.791	7069.000	6171.819	1.917	1.914	1.852
15	6672.057	4730.787	8461.860	6644.156	2.064	2.061	2.072
16	7295.944	4975.380	9699.130	7314.166	2.272	2.268	2.266
17	7561.468	4690.660	10392.460	7551.872	2.346	2.342	2.349
18	7031.485	4688.066	9190.226	7508.265	2.332	2.329	2.184
19	6456.158	4987.377	7447.780	6629.719	2.059	2.056	2.005
20	6248.482	5042.868	7087.335	6401.452	1.988	1.985	1.941
21	6043.005	4962.847	6850.702	6160.207	1.913	1.910	1.877
22	5925.307	5528.653	6658.040	5791.726	1.799	1.796	1.840
23	5839.768	5057.892	7258.763	5653.941	1.756	1.753	1.814
24	6083.428	5134.375	7789.888	5890.519	1.830	1.827	1.890
25	5954.629	5075.854	7375.443	5765.374	1.791	1.788	1.850
26	5947.105	4853.428	7198.777	5672.414	1.762	1.759	1.847
27	5866.139	4971.371	7345.898	5679.696	1.764	1.761	1.822
28	5526.615	5187.491	5855.119	5521.899	1.715	1.712	1.717
29	5618.530	4953.449	6616.062	5573.264	1.731	1.728	1.745
30	5931.475	5148.655	6648.305	6101.399	1.895	1.892	1.842
31	6177.949	5196.976	7433.253	6108.348	1.897	1.894	1.919
32	6037.100	5264.216	6830.218	6092.582	1.892	1.889	1.875
33	6064.808	5494.322	7250.889	5698.437	1.770	1.767	1.884
34	5911.941	4846.366	7634.732	5585.248	1.735	1.732	1.836
35	5796.785	4597.070	7119.061	5563.010	1.728	1.725	1.801
36	6068.690	4804.470	7477.761	5962.802	1.852	1.849	1.885
37	5993.889	5240.297	7265.829	5792.302	1.799	1.796	1.862
38	5725.863	5200.360	6532.991	5622.396	1.746	1.744	1.778
39	5138.580	4921.034	5431.097	5039.114	1.565	1.563	1.596
40	4993.924	4572.467	5687.984	4888.590	1.518	1.516	1.551
41	4685.844	4396.967	5299.135	4546.284	1.412	1.410	1.455
42	4546.871	4239.647	5187.175	4501.838	1.398	1.396	1.412
43	4481.656	4192.368	4813.768	4473.011	1.389	1.387	1.392
44	4626.848	4268.376	5006.490	4596.877	1.428	1.426	1.437
45	4898.430	4163.231	5418.571	4953.747	1.539	1.536	1.521
46	4868.012	3947.765	6137.049	4916.157	1.527	1.525	1.512
47	4982.625	3898.556	7106.030	4664.578	1.449	1.447	1.548
48	5307.532	4211.620	8548.525	4748.932	1.475	1.473	1.649
49	5482.867	4237.996	7882.478	4921.558	1.529	1.526	1.703
50	5607.646	4332.081	7730.181	5271.966	1.638	1.635	1.742
51	5286.649	4129.134	6331.074	5292.681	1.644	1.641	1.642
52	5460.965	4210.143	6465.206	5699.931	1.770	1.768	1.696
53	5885.906	4018.169	7020.521	6309.208	1.960	1.957	1.828
54	5964.105	4371.460	8050.763	5913.349	1.837	1.834	1.852
55	6056.231	4334.167	7891.983	6006.247	1.866	1.863	1.881
56	5847.213	4419.547	7057.379	6000.991	1.864	1.861	1.816
57	5618.575	4397.266	6950.819	5898.057	1.832	1.829	1.745
58	5469.423	4253.199	6770.062	5669.508	1.761	1.758	1.699
59	5661.606	4091.510	6977.197	5754.792	1.787	1.785	1.759
60	5652.379	3971.156	7335.017	5753.763	1.787	1.784	1.756
61	5562.386	4123.798	7398.797	5261.854	1.634	1.632	1.728
62	5181.749	3960.774	6458.253	4986.998	1.549	1.547	1.609
63	4948.415	4256.595	5795.270	4785.809	1.487	1.484	1.537
64	4920.798	4365.040	5331.868	4966.149	1.543	1.540	1.528
65	4982.207	4100.173	5797.735	5036.558	1.564	1.562	1.548
66	5068.423	3943.696	6484.097	4953.315	1.539	1.536	1.574
67	5286.524	4295.025	7083.948	5017.854	1.559	1.556	1.642
68	5245.157	4290.297	6942.420	4965.364	1.542	1.540	1.629
69	4960.844	4521.479	5536.120	4837.166	1.502	1.500	1.541
70	4955.686	4689.586	5243.059	4987.108	1.549	1.547	1.539
71	5219.716	4831.819	5603.533	5220.532	1.622	1.619	1.621
72	5244.501	4859.967	5740.031	5240.635	1.628	1.625	1.629
73	5161.171	4791.729	5384.949	5203.311	1.616	1.614	1.603
74	5139.210	4560.802	5932.982	5078.276	1.577	1.575	1.596
75	5087.777	4282.211	5485.972	5176.629	1.608	1.605	1.580
76	4923.538	4115.642	5582.062	4804.161	1.492	1.490	1.529
77	5056.961	4012.152	5754.221	5142.439	1.597	1.595	1.571
78	4890.424	4108.471	5595.186	4926.185	1.530	1.528	1.519
79	4814.229	3986.546	5235.320	4989.088	1.550	1.547	1.495
80	4736.599	4269.880	5114.870	4733.001	1.470	1.468	1.471
81	4650.604	4282.589	5029.321	4707.562	1.462	1.460	1.445
82	4749.621	4254.744	5401.408	4627.999	1.437	1.435	1.475
83	5063.722	4265.512	5917.225	4966.086	1.543	1.540	1.573
84	5409.875	4445.104	7166.090	4994.352	1.551	1.549	1.680
85	5537.110	4379.179	7649.101	5097.003	1.583	1.581	1.720
86	5637.955	4412.875	7532.178	5216.327	1.620	1.618	1.751
87	5383.725	4609.657	6686.824	5173.939	1.607	1.605	1.672
88	5404.432	4591.474	6242.109	5426.815	1.686	1.683	1.679
89	5801.267	4565.668	6977.778	5774.446	1.794	1.791	1.802
90	5945.526	4443.577	6641.262	6097.480	1.894	1.891	1.847
91	5797.916	4411.080	6579.545	5953.870	1.849	1.846	1.801
92	5708.974	4184.939	6856.384	5786.638	1.797	1.795	1.773
93	5901.119	4232.876	7960.800	5475.731	1.701	1.698	1.833
94	6172.661	4194.365	8133.624	5699.812	1.770	1.768	1.917
95	6284.306	4185.406	8161.298	6174.811	1.918	1.915	1.952
96	6704.653	4344.581	8646.786	6585.497	2.046	2.042	2.083
97	5906.532	4291.292	6605.569	6189.852	1.923	1.920	1.835
98	5490.744	4388.696	6269.193	5520.341	1.715	1.712	1.705
99	5032.305	4182.043	5727.806	5041.703	1.566	1.564	1.563
100	4808.631	4248.003	5425.934	4789.353	1.488	1.485	1.494
101	4663.799	3865.245	5643.010	4607.943	1.431	1.429	1.449
102	4818.523	4153.458	5693.786	4717.417	1.465	1.463	1.497
103	4994.761	4360.729	5889.988	4922.395	1.529	1.527	1.551
104	5191.514	4517.234	6147.021	5153.777	1.601	1.598	1.613
105	5410.887	4716.397	6587.190	5167.174	1.605	1.602	1.681
106	5253.028	4784.794	6123.115	5152.022	1.600	1.598	1.632
107	5109.838	4484.465	5552.691	5215.972	1.620	1.618	1.587
108	5271.152	4261.593	5951.049	5320.176	1.652	1.650	1.637
109	5372.752	4226.505	6384.858	5434.094	1.688	1.685	1.669
110	5744.239	4207.853	7044.920	5797.781	1.801	1.798	1.784
111	5911.104	4011.094	7129.619	5997.328	1.863	1.860	1.836
112	5829.218	4176.489	7300.233	5821.835	1.808	1.806	1.811
113	5929.807	4394.530	8078.950	5710.905	1.774	1.771	1.842
114	5753.517	4127.164	7548.014	5687.974	1.767	1.764	1.787
115	5341.367	3918.480	6974.229	5074.591	1.576	1.574	1.659
116	5178.398	4035.698	7082.471	4894.423	1.520	1.518	1.608
117	4885.838	4019.935	6555.479	4523.960	1.405	1.403	1.518
118	4782.209	3891.615	6014.814	4541.798	1.411	1.409	1.485
119	4808.202	3836.589	5945.278	4725.005	1.468	1.465	1.493
120	5058.278	4069.178	6365.360	4906.542	1.524	1.522	1.571
121	5096.279	3954.815	5974.042	5150.282	1.600	1.597	1.583
122	5553.079	4197.018	6385.461	5775.830	1.794	1.791	1.725
123	5534.902	3972.648	5960.867	5792.217	1.799	1.796	1.719
124	5062.935	4126.760	5585.401	5231.541	1.625	1.622	1.573
125	4467.513	4063.157	4988.715	4404.673	1.368	1.366	1.388
126	4363.226	3940.624	4840.022	4316.522	1.341	1.339	1.355
127	4431.149	3861.804	5040.421	4520.739	1.404	1.402	1.376
128	4619.506	3891.726	5459.464	4619.258	1.435	1.433	1.435
129	4754.133	3833.083	5563.736	4755.788	1.477	1.475	1.477
130	4998.216	3861.538	6114.795	4992.850	1.551	1.548	1.552
131	5337.073	3809.242	6732.977	5186.772	1.611	1.609	1.658
132	5481.678	3747.748	7318.165	5553.759	1.725	1.722	1.703
133	5218.693	3770.188	6607.216	5166.269	1.605	1.602	1.621
134	5018.366	3779.997	6666.793	4826.754	1.499	1.497	1.559
135	4727.050	3841.026	5476.220	4757.319	1.478	1.475	1.468
136	4723.457	3935.523	5888.957	4598.902	1.428	1.426	1.467
137	4668.075	3681.125	5665.762	4625.638	1.437	1.435	1.450
138	4860.404	3862.806	6141.518	4635.713	1.440	1.438	1.510
139	4916.471	3901.645	6127.325	4719.410	1.466	1.464	1.527
140	5060.001	4032.885	6429.812	4919.101	1.528	1.526	1.572
141	5225.163	3897.992	6550.674	5220.228	1.621	1.619	1.623
142	5276.400	3789.069	6708.011	5168.319	1.605	1.603	1.639
143	5548.132	3882.465	7330.277	5227.457	1.624	1.621	1.723
144	5754.710	3829.426	8158.794	5499.384	1.708	1.705	1.787
145	5790.701	4207.261	7748.115	5605.482	1.741	1.738	1.799
146	5946.225	4182.409	8057.620	5760.216	1.789	1.786	1.847
147	6108.266	4398.656	7533.416	6015.959	1.869	1.866	1.897
148	6122.784	4463.085	7778.620	5862.573	1.821	1.818	1.902
149	5855.973	4410.250	6851.385	5901.416	1.833	1.830	1.819
150	5257.677	4257.977	5831.315	5347.623	1.661	1.658	1.633
151	5128.931	4125.069	5651.390	5262.685	1.635	1.632	1.593
152	5046.542	4286.380	5709.502	5058.428	1.571	1.569	1.567
153	5136.258	4159.973	6163.251	5095.924	1.583	1.580	1.595
154	5424.924	4260.249	6453.199	5380.190	1.671	1.669	1.685
155	5306.832	4169.976	6477.356	5248.045	1.630	1.628	1.648
156	5209.152	4355.184	6013.982	5223.226	1.622	1.620	1.618
157	5236.365	4369.613	6057.065	5369.622	1.668	1.665	1.626
158	5298.769	4209.120	6436.918	5283.196	1.641	1.638	1.646
159	5487.738	4130.099	6922.113	5382.040	1.672	1.669	1.705
160	5431.812	3955.149	7105.663	5184.950	1.610	1.608	1.687
161	5454.918	4341.634	7187.026	5154.846	1.601	1.599	1.694
162	5295.946	4487.014	6480.774	5153.840	1.601	1.598	1.645
163	5140.583	4725.062	5785.560	5108.589	1.587	1.584	1.597
164	5113.881	4565.959	5592.539	5158.262	1.602	1.600	1.588
165	5175.825	4548.252	6152.424	5152.949	1.601	1.598	1.608
166	5258.026	4588.665	5639.243	5258.238	1.633	1.631	1.633
167	5284.829	4538.278	5873.585	5357.033	1.664	1.661	1.642
168	5297.691	4379.364	6429.778	4983.158	1.548	1.545	1.646
169	5077.440	4177.179	6138.203	4995.540	1.552	1.549	1.577
170	4746.766	4076.573	5865.250	4664.671	1.449	1.447	1.474
171	4594.823	3810.546	5044.510	4733.617	1.470	1.468	1.427
172	4480.524	3911.959	4851.612	4594.577	1.427	1.425	1.392
173	4469.469	3871.754	4959.500	4539.781	1.410	1.408	1.388
174	4563.000	3733.313	5465.016	4493.743	1.396	1.394	1.417
175	4604.466	3777.569	5280.906	4657.140	1.447	1.444	1.430
176	4861.125	3940.913	5457.251	4927.404	1.530	1.528	1.510
177	5154.566	4054.031	5847.519	5325.130	1.654	1.651	1.601
178	4981.959	4231.034	5666.598	4950.835	1.538	1.535	1.547
179	4979.265	4120.091	5645.694	4939.562	1.534	1.532	1.547
180	4737.781	4212.873	5453.794	4709.624	1.463	1.461	1.472
181	4488.147	4142.148	4945.812	4428.755	1.376	1.373	1.394
182	4738.049	4231.564	5412.039	4701.348	1.460	1.458	1.472
183	4915.251	4230.325	5530.681	4888.617	1.518	1.516	1.527
184	4904.732	4014.120	6006.135	4861.714	1.510	1.508	1.523
185	5100.521	4433.360	5863.674	5112.393	1.588	1.585	1.584
186	5133.400	4316.893	5817.355	5157.604	1.602	1.600	1.594
187	5317.568	4309.524	6756.923	5186.754	1.611	1.609	1.652
188	5441.589	4198.684	7042.165	5224.444	1.623	1.620	1.690
189	5178.837	3995.424	6485.254	5122.441	1.591	1.589	1.609
190	5139.209	3966.800	6168.039	5245.069	1.629	1.627	1.596
191	5234.613	4112.994	6692.577	5051.955	1.569	1.567	1.626
192	5630.361	4194.583	7106.332	5604.937	1.741	1.738	1.749
193	5592.955	4048.766	6948.654	5385.795	1.673	1.670	1.737
194	5248.480	3978.457	6290.285	5293.718	1.644	1.642	1.630
195	4939.798	4240.811	5882.272	4823.247	1.498	1.496	1.534
196	4839.969	4119.182	5415.628	4907.374	1.524	1.522	1.503
197	5019.116	4016.853	6422.887	5022.113	1.560	1.557	1.559
198	5206.188	3952.145	7469.034	4970.086	1.544	1.541	1.617
199	5475.980	3941.054	7435.344	5195.444	1.614	1.611	1.701
200	5617.152	3908.366	7508.637	5444.169	1.691	1.688	1.745
201	5560.394	3891.045	7744.251	5123.042	1.591	1.589	1.727
202	5317.966	3828.858	7346.596	5108.254	1.587	1.584	1.652
203	5229.938	3714.981	7077.292	4988.359	1.549	1.547	1.624
204	5116.882	3724.138	6787.538	5015.907	1.558	1.556	1.589
205	5168.638	3839.020	7252.218	5009.023	1.556	1.553	1.605
206	5234.540	3828.975	7246.960	5009.853	1.556	1.554	1.626
207	5209.483	3909.887	6885.885	5006.148	1.555	1.553	1.618
208	5048.746	3785.989	7083.561	4651.280	1.445	1.442	1.568
209	5217.914	3915.611	8303.132	4732.714	1.470	1.468	1.621
210	4942.352	3800.594	6753.062	4674.446	1.452	1.450	1.535
211	4723.656	3868.886	6396.763	4227.564	1.313	1.311	1.467
212	4811.735	3914.469	5955.801	4721.659	1.467	1.464	1.495
213	4683.602	3768.905	5580.169	4668.533	1.450	1.448	1.455
214	4628.586	3888.937	5608.297	4473.514	1.390	1.387	1.438
215	4692.413	3971.711	5503.338	4772.401	1.482	1.480	1.457
216	4619.899	3925.923	5625.163	4569.674	1.419	1.417	1.435
217	4688.740	4000.257	5416.152	4518.314	1.403	1.401	1.456
218	4844.016	4073.537	5647.205	4801.738	1.491	1.489	1.505
219	4625.424	4144.217	5185.456	4532.488	1.408	1.406	1.437
220	4421.356	3987.180	4895.965	4419.524	1.373	1.371	1.373
221	4494.772	4104.942	4774.307	4498.744	1.397	1.395	1.396
222	4435.083	4078.939	4940.852	4402.489	1.367	1.365	1.378
223	4477.910	3954.440	5021.746	4439.875	1.379	1.377	1.391
224	4571.087	3924.832	5449.595	4513.920	1.402	1.400	1.420
225	4471.286	4075.101	5286.372	4396.407	1.366	1.363	1.389
226	4573.368	4041.973	5071.356	4528.878	1.407	1.405	1.421
227	4809.150	3855.567	6148.493	4723.649	1.467	1.465	1.494
228	4951.897	3993.002	6611.140	4697.866	1.459	1.457	1.538
229	4976.833	3875.469	6480.587	4791.860	1.488	1.486	1.546
230	5024.316	3983.841	6632.156	4582.482	1.423	1.421	1.561
231	4816.914	4047.852	5815.857	4738.447	1.472	1.470	1.496
232	4850.666	3999.758	6533.998	4568.480	1.419	1.417	1.507
233	4863.111	3889.628	6261.397	4609.188	1.432	1.429	1.511
234	4804.420	4063.732	5604.283	4742.149	1.473	1.471	1.492
235	4734.374	4023.700	5440.679	4738.878	1.472	1.470	1.471
236	4790.045	4132.555	5358.683	4909.832	1.525	1.523	1.488
237	4797.273	4130.879	5496.676	4783.846	1.486	1.484	1.490
238	4784.247	4048.837	5430.905	4879.807	1.516	1.513	1.486
239	4834.960	4055.399	5290.815	4893.887	1.520	1.518	1.502
240	4896.601	4127.941	5582.708	4978.490	1.546	1.544	1.521
241	5300.257	4059.670	5934.744	5437.682	1.689	1.686	1.646
242	5550.930	3896.253	6536.204	5764.368	1.790	1.788	1.724
243	5672.982	3972.023	7370.901	5720.979	1.777	1.774	1.762
244	5202.186	3748.617	6492.278	5311.799	1.650	1.647	1.616
245	5057.030	3684.299	6686.980	4906.373	1.524	1.522	1.571
246	4680.095	3743.096	5500.819	4715.172	1.465	1.462	1.454
247	4629.557	3664.701	5321.915	4794.909	1.489	1.487	1.438
248	4528.526	3566.537	5328.271	4525.781	1.406	1.404	1.407
249	4527.634	3767.002	5597.927	4288.852	1.332	1.330	1.406
250	4728.520	3682.345	6223.008	4451.418	1.383	1.380	1.469
251	5021.467	3485.477	6636.308	4951.202	1.538	1.535	1.560
252	5258.423	3826.376	7109.642	5005.046	1.555	1.552	1.633
253	4998.819	3747.870	6328.002	5079.377	1.578	1.575	1.553
254	4639.544	3947.324	5417.411	4608.171	1.431	1.429	1.441
255	4622.912	3660.188	5411.997	4702.458	1.461	1.458	1.436
256	4604.731	3596.280	5317.790	4866.635	1.512	1.509	1.430
257	4669.431	3493.210	5784.194	4818.289	1.497	1.494	1.450
258	4783.596	3693.064	5814.382	4851.586	1.507	1.505	1.486
259	4733.965	3684.709	5669.232	4834.527	1.502	1.499	1.470
260	4532.194	3636.557	5289.547	4534.996	1.409	1.406	1.408
261	4557.621	3771.277	5212.007	4643.282	1.442	1.440	1.416
262	4613.433	3678.894	5426.107	4678.832	1.453	1.451	1.433
263	4622.525	3605.101	5533.546	4670.926	1.451	1.449	1.436
264	4661.389	3621.515	5520.465	4655.646	1.446	1.444	1.448
265	4760.795	3578.475	5926.218	4689.329	1.457	1.454	1.479
266	4871.994	3437.182	6215.064	4830.810	1.500	1.498	1.513
267	4829.454	3689.267	5838.159	4855.907	1.508	1.506	1.500
268	4728.727	3694.834	5581.739	4835.849	1.502	1.500	1.469
269	4663.841	3724.412	5103.623	4788.487	1.487	1.485	1.449
270	4483.520	3821.360	5187.426	4408.138	1.369	1.367	1.393
271	4118.102	3480.462	4453.479	4160.747	1.292	1.290	1.279
272	3950.708	3636.314	4134.184	4014.529	1.247	1.245	1.227
273	3906.094	3557.277	4211.026	3951.418	1.227	1.225	1.213
274	3992.165	3514.869	4437.744	3963.027	1.231	1.229	1.240
275	3957.738	3512.935	4486.865	4074.343	1.266	1.264	1.229
276	3984.803	3510.184	4458.043	4020.281	1.249	1.247	1.238
277	4015.989	3454.734	4439.273	4060.120	1.261	1.259	1.247
278	4149.071	3536.474	4882.646	4231.932	1.314	1.312	1.289
279	4181.231	3467.591	4876.319	4332.135	1.346	1.344	1.299
280	4291.749	3383.574	5128.032	4468.235	1.388	1.386	1.333
281	4315.512	3494.558	5261.301	4371.006	1.358	1.356	1.340
282	4249.406	3267.370	5050.478	4362.850	1.355	1.353	1.320
283	4257.903	3467.874	5216.780	4285.155	1.331	1.329	1.323
284	4014.987	3404.811	4619.122	3970.119	1.233	1.231	1.247
285	3891.414	3255.786	4607.125	3780.855	1.174	1.173	1.209
286	3919.070	3383.487	4603.269	3935.180	1.222	1.220	1.217
287	4002.456	3402.259	4628.489	3905.796	1.213	1.211	1.243
288	3989.737	3291.120	4789.248	3862.904	1.200	1.198	1.239
289	4000.557	3489.796	4479.515	3963.552	1.231	1.229	1.243
290	3813.278	3330.164	4471.496	3807.667	1.183	1.181	1.184
291	3865.753	3378.790	4459.709	3825.398	1.188	1.186	1.201
292	3852.451	3429.999	4427.324	3745.465	1.163	1.162	1.197
293	3848.660	3310.887	4772.264	3773.912	1.172	1.170	1.195
294	3801.061	3322.801	4382.828	3828.392	1.189	1.187	1.181
295	3885.096	3255.909	4723.828	3752.734	1.166	1.164	1.207
296	3814.219	3304.464	4295.405	3728.768	1.158	1.156	1.185
297	3748.862	3389.490	4252.198	3710.226	1.152	1.151	1.164
298	3742.909	3420.455	4269.182	3718.965	1.155	1.153	1.163
299	3761.723	3445.583	4123.831	3765.072	1.169	1.168	1.168
300	3795.464	3396.196	4206.191	3743.892	1.163	1.161	1.179
301	3868.385	3415.275	4197.152	3948.612	1.226	1.225	1.202
302	3895.558	3438.140	4232.728	4001.071	1.243	1.241	1.210
303	3978.735	3443.682	4460.545	3995.142	1.241	1.239	1.236
304	4026.062	3494.603	4576.954	4077.417	1.266	1.265	1.251
305	3947.712	3329.663	4344.494	4015.598	1.247	1.245	1.226
306	3868.785	3357.496	4299.755	3937.315	1.223	1.221	1.202
307	3845.076	3328.249	4261.109	3871.356	1.202	1.201	1.194
308	3839.720	3398.130	4241.362	3909.552	1.214	1.212	1.193
309	3808.518	3198.398	4219.992	3907.746	1.214	1.212	1.183
310	3763.230	3328.280	4192.527	3803.430	1.181	1.180	1.169
311	3848.437	3328.306	4234.542	3835.562	1.191	1.190	1.195
312	3800.509	3429.926	4093.739	3920.591	1.218	1.216	1.180
313	3782.945	3415.618	4057.946	3838.628	1.192	1.190	1.175
314	3750.437	3442.401	4034.583	3770.283	1.171	1.169	1.165
315	3753.272	3439.687	4078.394	3737.995	1.161	1.159	1.166
316	3858.110	3474.162	4133.724	3826.684	1.189	1.187	1.198
317	3955.816	3432.127	4185.647	4011.660	1.246	1.244	1.229
318	4192.201	3474.246	4929.471	4100.033	1.273	1.272	1.302
319	4247.041	3528.621	5167.199	4144.380	1.287	1.285	1.319
320	4159.083	3644.632	4728.702	4209.381	1.307	1.305	1.292
321	4130.118	3619.796	4537.993	4109.425	1.276	1.274	1.283
322	4194.241	3629.144	4582.860	4207.106	1.307	1.305	1.303
323	4119.270	3614.333	4349.771	4201.674	1.305	1.303	1.279
324	4020.715	3608.668	4573.791	4018.618	1.248	1.246	1.249
325	3938.759	3608.123	4111.971	4004.034	1.244	1.242	1.223
326	3904.368	3455.800	4173.731	3968.140	1.233	1.231	1.213
327	3866.257	3423.516	4280.575	3835.503	1.191	1.189	1.201
328	3831.097	3439.219	4152.436	3827.445	1.189	1.187	1.190
329	3667.522	3360.219	4161.129	3665.797	1.139	1.137	1.139
330	3619.014	3432.658	3889.958	3590.650	1.115	1.114	1.124
331	3689.807	3371.561	3858.772	3734.443	1.160	1.158	1.146
332	3732.455	3432.547	4061.951	3701.251	1.150	1.148	1.159
333	3774.437	3394.728	4073.219	3721.623	1.156	1.154	1.172
334	3667.682	3369.041	3858.805	3664.230	1.138	1.136	1.139
335	3713.532	3468.453	3911.235	3723.493	1.157	1.155	1.153
336	3726.386	3480.569	3983.883	3701.995	1.150	1.148	1.157
337	3775.838	3425.729	3917.817	3831.949	1.190	1.188	1.173
338	3800.041	3340.138	4105.473	3854.835	1.197	1.195	1.180
339	3920.027	3350.139	4342.118	3998.132	1.242	1.240	1.218
340	3938.452	3444.389	4511.515	3979.291	1.236	1.234	1.223
341	3867.058	3462.355	4068.647	3912.551	1.215	1.213	1.201
342	3801.431	3376.530	4086.060	3865.589	1.201	1.199	1.181
343	3682.380	3389.005	3833.649	3727.147	1.158	1.156	1.144
344	3673.253	3356.266	3929.417	3689.709	1.146	1.144	1.141
345	3610.000	3426.622	3911.486	3563.352	1.107	1.105	1.121
346	3533.093	3307.820	3791.007	3469.757	1.078	1.076	1.097
347	3498.447	3312.202	3722.680	3511.815	1.091	1.089	1.087
348	3471.036	3303.565	3663.526	3463.647	1.076	1.074	1.078
349	3505.215	3171.755	3723.789	3525.835	1.095	1.093	1.089
350	3547.080	3349.589	3757.384	3525.605	1.095	1.093	1.102
351	3681.464	3391.037	4124.256	3573.394	1.110	1.108	1.143
352	3716.288	3311.044	4314.777	3565.362	1.107	1.106	1.154
353	3662.318	3346.217	4284.592	3585.409	1.114	1.112	1.138
354	3575.063	3300.702	3790.353	3590.502	1.115	1.114	1.110
355	3618.326	3356.529	3805.152	3641.706	1.131	1.129	1.124
356	3623.256	3369.533	3752.096	3698.516	1.149	1.147	1.125
357	3638.887	3292.838	3940.454	3705.042	1.151	1.149	1.130
358	3663.706	3482.449	3814.530	3706.846	1.151	1.150	1.138
359	3648.862	3303.765	3860.868	3648.117	1.133	1.131	1.133
360	3728.164	3324.679	4091.463	3710.105	1.152	1.151	1.158
361	3758.955	3379.819	4278.910	3690.675	1.146	1.145	1.168
362	3766.024	3436.890	4164.680	3641.180	1.131	1.129	1.170
363	3694.987	3454.022	4021.548	3653.191	1.135	1.133	1.148
364	3619.282	3300.338	3889.572	3626.167	1.126	1.125	1.124
365	3530.644	3257.657	3832.497	3581.933	1.113	1.111	1.097
366	3541.026	3324.508	3751.913	3548.608	1.102	1.101	1.100
367	3540.303	3345.596	3687.791	3574.543	1.110	1.109	1.100
368	3538.315	3374.842	3722.722	3552.855	1.104	1.102	1.099
369	3618.654	3440.512	3949.483	3598.002	1.118	1.116	1.124
370	3563.708	3411.657	3849.738	3535.034	1.098	1.096	1.107
371	3553.983	3328.397	3825.368	3520.618	1.094	1.092	1.104
372	3513.842	3281.864	3758.466	3478.910	1.081	1.079	1.091
373	3604.195	3280.180	3790.258	3628.058	1.127	1.125	1.119
374	3570.410	3276.575	3755.232	3610.503	1.121	1.120	1.109
375	3504.713	3256.903	3734.669	3540.969	1.100	1.098	1.089
376	3684.490	3412.325	3924.753	3714.723	1.154	1.152	1.144
377	3704.305	3402.807	4015.498	3686.284	1.145	1.143	1.151
378	3825.425	3368.593	4319.135	3843.574	1.194	1.192	1.188
379	3983.578	3461.163	4378.489	4064.340	1.262	1.260	1.237
380	3838.680	3499.662	4085.763	3912.216	1.215	1.213	1.192
381	3934.458	3501.662	4375.147	3945.702	1.226	1.224	1.222
382	3863.892	3521.837	4225.463	3863.766	1.200	1.198	1.200
383	3739.349	3397.615	4182.009	3723.368	1.157	1.155	1.161
384	3814.034	3544.151	4147.578	3820.017	1.187	1.185	1.185
385	3833.280	3508.017	4210.454	3859.916	1.199	1.197	1.191
386	3869.713	3416.074	4297.492	3915.982	1.216	1.214	1.202
387	3799.409	3383.529	4292.551	3740.836	1.162	1.160	1.180
388	3722.838	3413.358	4038.686	3686.666	1.145	1.143	1.156
389	3698.982	3425.003	4088.743	3650.595	1.134	1.132	1.149
390	3743.643	3411.184	4166.166	3734.876	1.160	1.158	1.163
391	3771.781	3452.562	4416.384	3661.338	1.137	1.135	1.172
392	3765.697	3469.995	4259.306	3680.690	1.143	1.141	1.170
393	3741.865	3349.914	4082.238	3751.504	1.165	1.163	1.162
394	3806.978	3477.943	4098.324	3881.409	1.206	1.204	1.182
395	3818.569	3422.992	4301.331	3911.162	1.215	1.213	1.186
396	3826.297	3526.477	4091.702	3825.521	1.188	1.186	1.188
397	3657.075	3482.997	3906.774	3614.858	1.123	1.121	1.136
398	3733.992	3464.053	3990.093	3724.662	1.157	1.155	1.160
399	3729.214	3422.733	4324.117	3653.807	1.135	1.133	1.158
400	3705.666	3419.703	3999.380	3702.834	1.150	1.148	1.151
401	3787.535	3474.204	4133.149	3856.471	1.198	1.196	1.176
402	3776.066	3563.296	3991.562	3733.637	1.160	1.158	1.173
403	3698.566	3516.827	3886.842	3717.365	1.155	1.153	1.149
404	3744.358	3537.271	3931.705	3779.500	1.174	1.172	1.163
405	3722.650	3625.874	3883.685	3705.948	1.151	1.149	1.156
406	3699.340	3587.643	3762.810	3707.735	1.152	1.150	1.149
407	3723.057	3524.879	3846.852	3733.521	1.160	1.158	1.156
408	3768.045	3547.757	4269.587	3742.448	1.162	1.161	1.170
409	3736.980	3595.566	3965.018	3691.734	1.147	1.145	1.161
410	3768.947	3589.125	4022.989	3750.217	1.165	1.163	1.171
411	3834.591	3617.302	4102.200	3794.509	1.179	1.177	1.191
412	3834.596	3501.095	4042.475	3817.454	1.186	1.184	1.191
413	3863.055	3381.622	4596.145	3839.523	1.193	1.191	1.200
414	3797.696	3389.786	4140.457	3829.296	1.189	1.188	1.180
415	3801.557	3464.547	4017.258	3856.189	1.198	1.196	1.181
416	3660.622	3419.503	3777.379	3688.142	1.146	1.144	1.137
417	3656.013	3384.502	3837.491	3683.107	1.144	1.142	1.136
418	3679.376	3416.722	3909.021	3696.274	1.148	1.146	1.143
419	3711.377	3402.560	3846.098	3741.758	1.162	1.160	1.153
420	3725.976	3527.241	3879.133	3756.848	1.167	1.165	1.157
421	3780.062	3599.167	4091.813	3744.029	1.163	1.161	1.174
422	3697.671	3441.901	3974.088	3676.546	1.142	1.140	1.149
423	3725.661	3532.835	4067.718	3712.147	1.153	1.151	1.157
424	3716.452	3562.255	3932.803	3660.941	1.137	1.135	1.154
425	3686.341	3495.429	3844.130	3697.335	1.148	1.147	1.145
426	3611.945	3387.108	3887.478	3630.911	1.128	1.126	1.122
427	3743.518	3547.262	4011.966	3686.552	1.145	1.143	1.163
428	3661.608	3475.709	3928.444	3599.009	1.118	1.116	1.137
429	3690.248	3487.511	3873.069	3685.853	1.145	1.143	1.146
430	3661.121	3406.800	3882.267	3703.861	1.150	1.149	1.137
431	3617.059	3440.136	3808.571	3595.774	1.117	1.115	1.123
432	3735.031	3567.428	3888.582	3722.603	1.156	1.154	1.160
433	3728.333	3471.921	3917.468	3790.938	1.177	1.176	1.158
434	3753.367	3476.469	3964.924	3788.165	1.177	1.175	1.166
435	3854.221	3553.590	4244.770	3879.441	1.205	1.203	1.197
436	3883.350	3518.462	4095.123	3908.996	1.214	1.212	1.206
437	3926.277	3568.117	4178.685	3936.207	1.223	1.221	1.220
438	3951.413	3443.065	4304.319	3977.861	1.236	1.234	1.227
439	3978.307	3680.070	4148.621	4044.321	1.256	1.254	1.236
440	3947.802	3761.323	4103.933	3983.831	1.237	1.235	1.226
441	3904.689	3655.554	4177.859	3936.970	1.223	1.221	1.213
442	3914.501	3677.292	4131.085	3882.241	1.206	1.204	1.216
443	3830.400	3664.166	4043.008	3818.337	1.186	1.184	1.190
444	3931.197	3735.085	4227.747	3939.398	1.224	1.222	1.221
445	3935.034	3692.024	4149.000	3917.065	1.217	1.215	1.222
446	4006.515	3756.462	4257.124	4043.341	1.256	1.254	1.244
447	3873.985	3683.255	4019.696	3900.231	1.211	1.210	1.203
448	3919.898	3726.265	4198.326	3916.930	1.217	1.215	1.218
449	3851.840	3482.240	4175.743	3909.302	1.214	1.212	1.196
450	3870.524	3520.120	4425.951	3847.742	1.195	1.193	1.202
451	3779.453	3537.514	4075.500	3793.356	1.178	1.176	1.174
452	3786.280	3572.725	3960.836	3805.645	1.182	1.180	1.176
453	3782.713	3621.434	3909.225	3794.293	1.179	1.177	1.175
454	3802.738	3538.942	4167.315	3760.025	1.168	1.166	1.181
455	3895.161	3673.141	4223.066	3808.308	1.183	1.181	1.210
456	3865.502	3619.070	4106.678	3856.157	1.198	1.196	1.201
457	3717.297	3466.931	3868.209	3739.525	1.162	1.160	1.155
458	3749.284	3511.071	3967.009	3754.448	1.166	1.164	1.165
459	3673.401	3569.483	3770.322	3671.418	1.140	1.139	1.141
460	3642.511	3562.831	3721.187	3652.447	1.134	1.133	1.131
461	3727.909	3544.737	4101.813	3709.477	1.152	1.150	1.158
462	3655.615	3494.895	3885.969	3631.938	1.128	1.126	1.135
463	3648.446	3578.010	3737.117	3645.784	1.132	1.131	1.133
464	3713.155	3419.038	3921.488	3749.458	1.165	1.163	1.153
465	3670.137	3532.210	3809.106	3675.795	1.142	1.140	1.140
466	3758.895	3556.853	3904.068	3756.911	1.167	1.165	1.168
467	3785.128	3600.299	3977.830	3748.117	1.164	1.162	1.176
468	3920.775	3710.537	4056.307	3957.754	1.229	1.227	1.218
469	3810.439	3596.965	4074.449	3821.282	1.187	1.185	1.184
470	3862.977	3677.744	4011.284	3849.129	1.196	1.194	1.200
471	3855.149	3621.629	4070.521	3871.278	1.202	1.201	1.197
472	3881.534	3719.451	4054.738	3861.035	1.199	1.197	1.206
473	3910.771	3754.151	4058.291	3898.652	1.211	1.209	1.215
474	3905.233	3729.333	4069.233	3900.913	1.212	1.210	1.213
475	3899.378	3705.285	4154.323	3887.833	1.208	1.206	1.211
476	3868.328	3624.674	4116.435	3861.845	1.200	1.198	1.202
477	3755.852	3604.721	3893.149	3754.837	1.166	1.164	1.167
478	3790.498	3619.578	3905.381	3813.483	1.184	1.183	1.177
479	3783.197	3622.005	3986.927	3709.426	1.152	1.150	1.175
480	3805.610	3665.942	3971.762	3808.510	1.183	1.181	1.182
481	3711.714	3556.481	3888.584	3705.270	1.151	1.149	1.153
482	3797.572	3664.445	3972.814	3778.165	1.174	1.172	1.180
483	3843.834	3612.691	4119.430	3853.615	1.197	1.195	1.194
484	3798.845	3649.512	3910.677	3807.173	1.183	1.181	1.180
485	3765.666	3646.645	3902.127	3753.464	1.166	1.164	1.170
486	3927.745	3735.395	4172.416	3901.888	1.212	1.210	1.220
487	3813.456	3582.597	4095.570	3794.668	1.179	1.177	1.184
488	3915.296	3722.962	4080.822	3919.473	1.217	1.216	1.216
489	3979.568	3680.697	4121.350	4011.929	1.246	1.244	1.236
490	4032.525	3840.866	4352.163	4022.110	1.249	1.247	1.253
491	4096.942	3787.646	4446.349	4088.000	1.270	1.268	1.273
492	4261.703	3781.763	4592.621	4260.962	1.323	1.321	1.324
493	4279.013	3850.927	4704.420	4257.387	1.322	1.320	1.329
494	4245.182	3776.244	4613.945	4274.252	1.328	1.326	1.319
495	4247.324	3857.318	4835.488	4155.703	1.291	1.289	1.319
496	4116.086	3856.875	4471.661	4130.538	1.283	1.281	1.278
497	4077.622	3859.077	4327.554	4053.968	1.259	1.257	1.267
498	4052.477	3703.782	4372.756	4033.477	1.253	1.251	1.259
499	4202.227	3757.765	4807.587	4158.982	1.292	1.290	1.305
500	4137.871	3701.188	4756.901	3984.275	1.238	1.236	1.285
501	4058.676	3700.073	4584.335	3935.364	1.222	1.220	1.261
502	4216.772	3552.529	5048.220	4101.803	1.274	1.272	1.310
503	4224.820	3816.074	4816.882	4083.366	1.268	1.266	1.312
504	4049.130	3664.843	4519.076	4050.652	1.258	1.256	1.258
505	4048.533	3723.853	4357.410	4049.921	1.258	1.256	1.258
506	4007.430	3551.308	4345.367	4005.701	1.244	1.242	1.245
507	4070.304	3681.412	4520.339	4030.331	1.252	1.250	1.264
508	4009.883	3621.846	4401.475	4049.619	1.258	1.256	1.245
509	3980.327	3706.366	4257.919	3991.336	1.240	1.238	1.236
510	4082.523	3843.696	4379.767	4014.098	1.247	1.245	1.268
511	4085.563	3779.599	4398.125	4144.812	1.287	1.285	1.269
512	4212.598	3939.417	4631.228	4167.898	1.295	1.293	1.308
513	4365.370	3931.850	4761.341	4368.482	1.357	1.355	1.356
514	4550.860	4028.905	5158.172	4419.670	1.373	1.371	1.414
515	4463.493	3776.534	4971.195	4456.146	1.384	1.382	1.386
516	4323.225	3838.824	4813.279	4298.539	1.335	1.333	1.343
517	4298.028	3856.087	5232.037	4167.814	1.295	1.293	1.335
518	4133.403	3636.273	4718.858	4090.106	1.270	1.268	1.284
519	4008.096	3712.084	4428.948	3947.193	1.226	1.224	1.245
520	3970.783	3622.473	4404.936	3990.986	1.240	1.238	1.233
521	3982.499	3610.781	4181.307	4046.729	1.257	1.255	1.237
522	4042.568	3672.923	4217.933	4137.644	1.285	1.283	1.256
523	4191.898	3724.730	4481.213	4288.040	1.332	1.330	1.302
524	4269.960	3598.239	5035.964	4333.747	1.346	1.344	1.326
525	4275.885	3617.599	4582.008	4300.333	1.336	1.334	1.328
526	4210.718	3771.770	4579.172	4173.736	1.296	1.294	1.308
527	3996.355	3617.259	4336.194	4079.683	1.267	1.265	1.241
528	3975.823	3727.206	4234.519	3987.688	1.239	1.237	1.235
529	3999.696	3620.186	4295.783	4011.982	1.246	1.244	1.242
530	4240.956	3659.059	4669.039	4307.917	1.338	1.336	1.317
531	4202.352	3627.631	4747.261	4172.779	1.296	1.294	1.305
532	4262.998	3628.814	4644.676	4347.895	1.350	1.348	1.324
533	4247.637	3576.417	4871.729	4305.760	1.337	1.335	1.319
534	4097.819	3627.122	4627.588	4075.816	1.266	1.264	1.273
535	3921.441	3520.310	4349.585	3998.022	1.242	1.240	1.218
536	3987.456	3688.257	4383.009	3989.831	1.239	1.237	1.239
537	3928.546	3483.154	4272.640	3937.957	1.223	1.221	1.220
538	3838.241	3355.273	4149.219	3860.398	1.199	1.197	1.192
539	3890.593	3531.821	4493.761	3921.965	1.218	1.216	1.208
540	3788.506	3510.490	4019.904	3834.832	1.191	1.189	1.177
541	3935.587	3409.987	4222.017	4019.707	1.249	1.247	1.222
542	3920.338	3482.672	4231.875	3994.583	1.241	1.239	1.218
543	3990.019	3500.459	4237.973	4125.391	1.281	1.279	1.239
544	4074.425	3448.539	4583.976	4150.677	1.289	1.287	1.266
545	4263.324	3604.217	4800.904	4282.789	1.330	1.328	1.324
546	4418.356	3717.282	5088.286	4358.040	1.354	1.352	1.372
547	4714.653	3838.997	5670.352	4607.107	1.431	1.429	1.464
548	4652.368	3760.324	5736.650	4529.019	1.407	1.405	1.445
549	4750.901	3704.058	5756.731	4769.199	1.481	1.479	1.476
550	4749.475	3701.322	5700.118	4915.312	1.527	1.524	1.475
551	5009.456	3783.479	5907.576	5291.007	1.643	1.641	1.556
552	5308.020	3742.022	6987.276	5359.060	1.665	1.662	1.649
553	5533.825	3556.710	7312.780	5670.769	1.761	1.759	1.719
554	5595.833	3628.593	7464.948	5708.785	1.773	1.770	1.738
555	5213.765	3737.565	6558.752	5375.090	1.670	1.667	1.619
556	5248.507	3679.640	6786.208	5340.069	1.659	1.656	1.630
557	5093.930	3883.873	6339.163	5046.228	1.567	1.565	1.582
558	4774.892	3817.543	5953.894	4715.871	1.465	1.463	1.483
559	4756.291	3729.573	5616.619	4823.900	1.498	1.496	1.477
560	4868.112	4139.929	5505.220	4829.787	1.500	1.498	1.512
561	5153.677	4423.384	5932.670	5335.239	1.657	1.655	1.601
562	5445.726	4194.847	6409.309	5466.409	1.698	1.695	1.691
563	5564.547	4456.606	6502.249	5370.627	1.668	1.666	1.728
564	5614.404	4936.243	6123.614	5635.188	1.750	1.748	1.744
565	5291.749	4703.884	6062.681	5267.072	1.636	1.633	1.644
566	4907.935	4644.905	5223.813	4862.598	1.510	1.508	1.524
567	4829.832	4181.620	5303.383	4916.617	1.527	1.525	1.500
568	4832.460	3959.368	5366.515	4983.068	1.548	1.545	1.501
569	4798.884	4123.657	5441.855	4653.142	1.445	1.443	1.491
570	4644.813	4027.681	5185.572	4593.998	1.427	1.425	1.443
571	4360.118	3710.171	4719.175	4423.776	1.374	1.372	1.354
572	4302.888	4051.388	4674.997	4200.038	1.305	1.303	1.337
573	4246.014	4058.148	4535.535	4192.338	1.302	1.300	1.319
574	4364.891	4017.023	4989.793	4355.343	1.353	1.351	1.356
575	4434.194	3999.307	5190.692	4358.705	1.354	1.352	1.377
576	4364.722	3916.624	5453.766	4189.055	1.301	1.299	1.356
577	4436.071	4002.172	5483.145	4279.846	1.329	1.327	1.378
578	4318.129	3946.232	5449.402	4189.459	1.301	1.299	1.341
579	4116.706	3874.382	4652.530	4044.057	1.256	1.254	1.279
580	4060.781	3699.951	4516.813	4050.567	1.258	1.256	1.261
581	4029.915	3677.910	4539.389	4034.701	1.253	1.251	1.252
582	4091.215	3898.829	4358.243	4059.795	1.261	1.259	1.271
583	4132.949	3965.312	4336.793	4120.625	1.280	1.278	1.284
584	4107.671	3852.232	4285.979	4128.188	1.282	1.280	1.276
585	4049.920	3816.738	4262.077	4040.436	1.255	1.253	1.258
586	3989.849	3713.906	4298.898	3991.559	1.240	1.238	1.239
587	3968.734	3647.930	4376.996	3960.418	1.230	1.228	1.233
588	4013.345	3740.875	4285.051	3994.963	1.241	1.239	1.247
589	4196.890	3930.376	4553.999	4139.814	1.286	1.284	1.304
590	4268.278	3786.979	4821.830	4270.553	1.326	1.324	1.326
591	4246.944	3698.462	5028.400	4071.542	1.265	1.263	1.319
592	4227.018	3861.085	4677.417	4120.288	1.280	1.278	1.313
593	4371.881	3999.004	4962.953	4308.382	1.338	1.336	1.358
594	4296.987	3960.618	4691.834	4265.951	1.325	1.323	1.335
595	4557.139	3940.968	5218.934	4565.514	1.418	1.416	1.415
596	4336.873	3978.606	4772.874	4287.473	1.332	1.330	1.347
597	4523.069	4018.937	5166.077	4482.551	1.392	1.390	1.405
598	4686.604	4050.637	5571.711	4513.912	1.402	1.400	1.456
599	4583.940	4000.466	5110.711	4542.207	1.411	1.409	1.424
600	4649.901	3776.765	5500.882	4568.210	1.419	1.417	1.444
601	4690.486	3839.847	5684.518	4724.743	1.468	1.465	1.457
602	4572.084	3782.343	5555.552	4499.188	1.397	1.395	1.420
603	4590.958	3858.362	5480.871	4525.604	1.406	1.404	1.426
604	4342.309	3758.100	4991.785	4315.426	1.340	1.338	1.349
605	4254.938	3987.728	4810.376	4181.727	1.299	1.297	1.322
606	4234.819	4016.457	4689.567	4170.135	1.295	1.293	1.315
607	4362.817	4038.739	4924.311	4276.910	1.328	1.326	1.355
608	4635.899	4123.505	5399.255	4585.082	1.424	1.422	1.440
609	4752.174	4072.113	5357.224	4787.679	1.487	1.485	1.476
610	4980.061	4212.800	5568.541	4991.663	1.550	1.548	1.547
611	4879.552	4299.030	5252.507	4867.475	1.512	1.510	1.516
612	4900.888	4025.906	5487.501	4941.212	1.535	1.532	1.522
613	5024.231	3820.994	6010.908	5022.411	1.560	1.558	1.561
614	4828.176	3868.996	5559.769	5012.714	1.557	1.555	1.500
615	4383.943	3847.970	4802.188	4373.265	1.358	1.356	1.362
616	4369.896	3936.948	4589.042	4414.581	1.371	1.369	1.357
617	4307.353	3729.413	4516.403	4358.990	1.354	1.352	1.338
618	4375.351	4157.828	4596.645	4360.248	1.354	1.352	1.359
619	4570.294	4135.430	5078.312	4490.210	1.395	1.393	1.420
620	4615.822	3906.385	5583.178	4292.547	1.333	1.331	1.434
621	4862.528	4063.078	6013.115	4542.393	1.411	1.409	1.510
622	4835.075	4183.440	5435.700	4633.168	1.439	1.437	1.502
623	4725.846	4154.539	5073.935	4799.159	1.491	1.488	1.468
624	4685.934	4161.922	5278.703	4722.604	1.467	1.465	1.455
625	4622.011	4179.862	5333.830	4556.475	1.415	1.413	1.436
626	4630.876	4078.517	5406.887	4558.239	1.416	1.414	1.438
627	4582.031	4156.472	5453.987	4511.702	1.401	1.399	1.423
628	4551.759	3979.341	5383.948	4523.156	1.405	1.403	1.414
629	4658.642	4000.130	6171.929	4559.174	1.416	1.414	1.447
630	4630.312	4192.646	5731.442	4434.249	1.377	1.375	1.438
631	4683.802	4347.119	5495.873	4562.392	1.417	1.415	1.455
632	4571.236	4198.570	5103.002	4478.686	1.391	1.389	1.420
633	4629.766	4018.024	5071.156	4643.193	1.442	1.440	1.438
634	4661.182	4340.813	4993.582	4677.149	1.453	1.451	1.448
635	4881.615	4205.464	5328.921	4973.724	1.545	1.542	1.516
636	4918.670	4283.317	5565.554	4808.839	1.494	1.491	1.528
637	4982.123	4372.211	5679.566	4982.683	1.548	1.545	1.547
638	4830.346	4298.348	5383.233	4854.008	1.508	1.505	1.500
639	4862.812	4125.551	5484.667	4970.438	1.544	1.541	1.510
640	5150.931	4134.896	5886.859	5235.778	1.626	1.624	1.600
641	5051.167	4347.219	5798.682	5091.079	1.581	1.579	1.569
642	4910.822	4355.529	5740.892	4820.616	1.497	1.495	1.525
643	4631.346	4320.866	5055.515	4629.750	1.438	1.436	1.439
644	4487.270	4075.132	4788.188	4572.453	1.420	1.418	1.394
645	4661.515	4192.367	5107.023	4656.760	1.446	1.444	1.448
646	4855.165	4466.396	5276.188	4874.043	1.514	1.512	1.508
647	4854.909	4465.243	5404.310	4740.917	1.473	1.470	1.508
648	4934.372	4242.986	5967.219	4894.518	1.520	1.518	1.533
649	5063.352	4192.625	6623.324	5019.610	1.559	1.557	1.573
650	4990.508	4190.893	6329.053	4904.424	1.523	1.521	1.550
651	4904.014	4301.160	5484.706	4868.118	1.512	1.510	1.523
652	5104.105	4301.270	5687.821	5059.217	1.571	1.569	1.585
653	5036.651	4325.181	6205.350	4733.177	1.470	1.468	1.564
654	5502.838	4476.844	6658.213	5512.185	1.712	1.709	1.709
655	5550.267	4367.238	7128.984	5473.368	1.700	1.697	1.724
656	5653.520	4312.144	7297.782	5418.409	1.683	1.680	1.756
657	5467.088	4404.770	6468.399	5453.056	1.694	1.691	1.698
658	5265.644	4405.687	6345.232	5121.401	1.591	1.588	1.636
659	4987.360	4217.127	5525.630	4957.583	1.540	1.537	1.549
660	4962.821	4520.667	5723.116	4939.163	1.534	1.532	1.541
661	5166.326	4377.395	5915.712	5121.847	1.591	1.588	1.605
662	5302.459	4311.597	6499.175	5165.785	1.605	1.602	1.647
663	5167.088	4275.438	6325.301	5033.639	1.563	1.561	1.605
664	5019.332	4041.191	5747.921	5043.188	1.566	1.564	1.559
665	4838.459	4014.685	5522.141	4923.692	1.529	1.527	1.503
666	4755.327	4062.223	5306.997	4865.746	1.511	1.509	1.477
667	4686.985	4099.079	5644.651	4671.261	1.451	1.449	1.456
668	4479.250	3840.183	5309.966	4501.667	1.398	1.396	1.391
669	4579.081	3742.223	5172.192	4652.886	1.445	1.443	1.422
670	4818.740	3782.625	5351.118	5025.182	1.561	1.558	1.497
671	5171.896	3968.391	5837.984	5442.506	1.690	1.688	1.606
672	5656.134	4322.112	6602.017	6037.861	1.875	1.872	1.757
673	5893.640	4072.534	7315.292	6265.018	1.946	1.943	1.831
674	6148.030	4327.695	8178.305	6416.745	1.993	1.990	1.910
675	6139.836	4304.506	7859.246	6472.464	2.010	2.007	1.907
676	5667.104	3962.905	7285.790	5705.944	1.772	1.770	1.760
677	5397.969	4152.268	7093.359	5160.351	1.603	1.600	1.677
678	5191.194	4181.664	5979.647	5224.149	1.623	1.620	1.612
679	4903.513	4703.654	5111.803	4870.870	1.513	1.511	1.523
680	4724.516	4374.806	5006.069	4757.446	1.478	1.475	1.467
681	4876.223	4234.524	5259.686	4900.142	1.522	1.520	1.515
682	4804.478	4090.308	5118.563	4930.771	1.532	1.529	1.492
683	4932.570	4170.067	5892.462	4856.155	1.508	1.506	1.532
684	5311.501	4259.753	6622.037	5120.388	1.590	1.588	1.650
685	5370.820	4365.888	6187.126	5417.263	1.683	1.680	1.668
686	5249.555	4236.826	7244.607	5049.969	1.569	1.566	1.631
687	4899.018	4461.165	5267.771	4896.520	1.521	1.519	1.522
688	4817.590	4148.000	5320.738	4853.681	1.508	1.505	1.496
689	4957.611	4315.601	5441.982	4961.055	1.541	1.539	1.540
690	4963.481	4661.219	5492.920	4905.705	1.524	1.521	1.542
691	4872.102	4109.542	5432.544	4903.004	1.523	1.521	1.513
692	5186.511	4490.574	6239.354	5042.697	1.566	1.564	1.611
693	5329.270	4582.090	6953.680	5080.074	1.578	1.575	1.655
694	5592.477	4573.028	7685.552	5205.072	1.617	1.614	1.737
695	5505.251	4912.915	6326.566	5387.768	1.673	1.671	1.710
696	5373.481	4547.751	6299.718	5469.214	1.699	1.696	1.669
697	5097.704	4342.337	6465.021	4755.754	1.477	1.475	1.583
698	4822.631	4219.898	6171.465	4404.675	1.368	1.366	1.498
699	4571.682	4224.442	5263.628	4460.492	1.385	1.383	1.420
700	4606.942	4413.741	4743.474	4646.652	1.443	1.441	1.431
701	4810.478	4423.691	5062.344	4883.383	1.517	1.514	1.494
702	5005.772	4456.824	5696.158	4997.323	1.552	1.550	1.555
703	5029.374	4572.672	5477.452	5118.836	1.590	1.587	1.562
704	5019.541	4587.629	6198.688	4684.173	1.455	1.453	1.559
705	4943.694	4448.844	6417.452	4769.673	1.481	1.479	1.536
706	4865.774	4447.712	5555.169	4776.780	1.484	1.481	1.511
707	4855.427	4680.967	5224.972	4785.077	1.486	1.484	1.508
708	4924.934	4538.701	5361.103	4862.637	1.510	1.508	1.530
709	4878.610	4620.754	5502.331	4846.155	1.505	1.503	1.515
710	4697.840	4526.086	4975.723	4662.862	1.448	1.446	1.459
711	4567.908	4407.186	4787.067	4556.519	1.415	1.413	1.419
712	4530.718	4277.262	4893.573	4532.576	1.408	1.406	1.407
713	4415.294	4204.383	4694.009	4386.339	1.362	1.360	1.371
714	4594.520	4385.873	4735.173	4586.514	1.425	1.422	1.427
715	4651.365	4435.231	5044.288	4617.433	1.434	1.432	1.445
716	4656.672	4317.338	5004.291	4691.721	1.457	1.455	1.446
717	4824.872	4201.006	5469.666	4871.940	1.513	1.511	1.499
718	4894.377	4162.899	5552.441	4821.807	1.498	1.495	1.520
719	5035.161	4435.123	5871.510	4922.946	1.529	1.527	1.564
720	5128.343	4371.877	5981.107	5061.398	1.572	1.570	1.593
721	5044.357	4419.734	5549.827	5088.242	1.580	1.578	1.567
722	5156.473	4427.918	5695.669	5110.349	1.587	1.585	1.602
723	5287.294	4645.382	6123.134	5210.335	1.618	1.616	1.642
724	5407.806	4614.413	6223.636	5524.012	1.716	1.713	1.680
725	5667.568	4695.440	6567.091	5784.282	1.797	1.794	1.760
726	5263.994	4754.956	5777.021	5280.699	1.640	1.638	1.635
727	4920.390	4551.322	5285.611	4896.125	1.521	1.518	1.528
728	4801.682	4360.330	5251.294	4815.179	1.496	1.493	1.491
729	4818.356	4561.025	5370.170	4758.486	1.478	1.476	1.497
730	4767.550	4448.673	5189.869	4737.337	1.471	1.469	1.481
731	4870.590	4306.110	6377.580	4616.049	1.434	1.432	1.513
732	5185.876	4289.589	7368.762	4848.154	1.506	1.504	1.611
733	5402.048	4461.231	8164.562	4852.036	1.507	1.505	1.678
734	5293.864	4218.485	8164.638	4880.924	1.516	1.514	1.644
735	5095.647	4348.409	6895.934	4914.112	1.526	1.524	1.583
736	5018.523	4475.447	5591.223	5011.609	1.557	1.554	1.559
737	5125.975	4693.143	5752.896	5108.291	1.587	1.584	1.592
738	4938.293	4447.039	5416.792	4965.007	1.542	1.540	1.534
739	4816.094	4263.359	5272.791	4793.677	1.489	1.487	1.496
740	4918.011	4365.028	5280.232	5103.321	1.585	1.583	1.528
741	5204.779	4665.543	6013.241	5029.367	1.562	1.560	1.617
742	5295.738	4559.462	6431.219	5011.571	1.557	1.554	1.645
743	5059.167	4333.458	6113.706	4883.381	1.517	1.514	1.571
744	4798.146	4182.069	5099.632	4920.916	1.528	1.526	1.490
745	4677.169	4158.619	5198.557	4683.961	1.455	1.453	1.453
746	4643.446	4102.592	4967.273	4792.166	1.488	1.486	1.442
747	4848.209	4272.096	5470.873	4815.941	1.496	1.494	1.506
748	4898.898	4392.433	5444.003	4976.186	1.546	1.543	1.522
749	4705.817	3893.773	5532.260	4650.763	1.445	1.442	1.462
750	4581.585	3807.820	5151.685	4588.402	1.425	1.423	1.423
751	4460.356	4139.521	4982.811	4352.224	1.352	1.350	1.385
752	4439.552	4075.922	4908.909	4386.831	1.363	1.360	1.379
753	4616.047	4146.857	5294.546	4563.329	1.417	1.415	1.434
754	4872.234	4191.812	5937.523	4554.688	1.415	1.413	1.513
755	4809.931	4097.952	5508.009	4697.441	1.459	1.457	1.494
756	4816.159	4272.440	5772.834	4608.801	1.432	1.429	1.496
757	4730.342	4336.069	5078.229	4677.372	1.453	1.451	1.469
758	4628.290	4144.738	4954.740	4640.153	1.441	1.439	1.438
759	4740.248	4245.124	5276.803	4738.542	1.472	1.470	1.472
760	4932.492	4409.022	5776.903	4725.045	1.468	1.465	1.532
761	4973.651	4523.883	5845.529	4717.239	1.465	1.463	1.545
762	5023.344	4380.310	5771.267	5027.169	1.561	1.559	1.560
763	4816.612	4321.778	5459.550	4837.213	1.502	1.500	1.496
764	4834.937	4313.218	5429.287	5019.550	1.559	1.557	1.502
765	4674.125	4188.137	5316.600	4629.272	1.438	1.436	1.452
766	4561.482	4044.083	5175.137	4454.123	1.383	1.381	1.417
767	4481.194	4059.362	5052.566	4428.150	1.375	1.373	1.392
768	4582.294	4121.139	5189.728	4549.487	1.413	1.411	1.423
769	4489.123	4043.506	5034.508	4353.251	1.352	1.350	1.394
770	4467.515	4114.042	4973.483	4341.267	1.348	1.346	1.388
771	4496.008	4125.785	4911.174	4428.310	1.375	1.373	1.396
772	4498.762	4113.411	4903.399	4508.314	1.400	1.398	1.397
773	4323.630	3934.247	4896.841	4283.885	1.331	1.329	1.343
774	3799.409	3383.529	4292.551	3740.836	1.162	1.160	1.180
775	3799.409	3383.529	4292.551	3740.836	1.162	1.160	1.180
