 	Mean	Min	Max	Median	Max_to_bgmean	Median_to_bgmedian	Mean_to_bgmean
1	4082.979	3823.881	4427.047	4024.983	1.110	1.114	1.126
2	4173.391	3627.872	4688.841	4045.669	1.116	1.120	1.151
3	4292.996	3863.725	4763.545	4257.570	1.174	1.179	1.184
4	4342.664	4152.457	4451.547	4363.510	1.204	1.208	1.198
5	4392.191	4068.239	4738.246	4412.558	1.217	1.222	1.212
6	4414.501	3864.875	4934.493	4465.210	1.232	1.236	1.218
7	4602.694	4165.668	5056.803	4636.411	1.279	1.284	1.270
8	4548.785	4042.542	5010.014	4517.440	1.246	1.251	1.255
9	4528.189	4111.567	4894.988	4561.947	1.258	1.263	1.249
10	4306.716	4026.425	4625.038	4310.859	1.189	1.193	1.188
11	4266.053	4048.313	4499.499	4264.855	1.176	1.181	1.177
12	4297.184	3906.515	4742.043	4292.097	1.184	1.188	1.185
13	4325.582	4087.547	4847.511	4192.289	1.156	1.161	1.193
14	4366.896	4005.252	4699.060	4293.229	1.184	1.189	1.205
15	4335.908	3968.211	4739.807	4311.601	1.189	1.194	1.196
16	4334.351	3976.506	4848.823	4262.607	1.176	1.180	1.196
17	4175.783	3930.514	4791.339	4136.739	1.141	1.145	1.152
18	4249.335	3899.445	5121.084	4146.595	1.144	1.148	1.172
19	4461.860	3971.486	5718.589	4316.204	1.191	1.195	1.231
20	4385.360	3984.680	5494.707	4200.951	1.159	1.163	1.210
21	4434.258	4088.206	4961.570	4363.923	1.204	1.208	1.223
22	4387.459	4059.568	4596.001	4421.468	1.220	1.224	1.210
23	4471.507	4038.979	4991.429	4362.731	1.203	1.208	1.233
24	4676.477	4153.587	5093.469	4571.381	1.261	1.266	1.290
25	4523.176	4030.049	5173.991	4435.692	1.224	1.228	1.248
26	4630.459	4021.895	5211.740	4618.553	1.274	1.279	1.277
27	4449.493	3981.843	4893.533	4464.137	1.231	1.236	1.227
28	4270.654	3926.264	4763.548	4228.255	1.166	1.171	1.178
29	4146.688	3817.073	4491.936	4180.740	1.153	1.157	1.144
30	3995.557	3828.186	4318.992	3970.489	1.095	1.099	1.102
31	3959.670	3761.512	4274.847	3942.631	1.088	1.092	1.092
32	3984.533	3684.888	4252.365	3980.303	1.098	1.102	1.099
33	3957.047	3670.771	4290.394	3928.974	1.084	1.088	1.092
34	3982.743	3615.116	4528.391	3954.388	1.091	1.095	1.099
35	3985.344	3430.189	4479.917	4087.770	1.128	1.132	1.099
36	4143.001	3583.173	4632.229	4312.033	1.189	1.194	1.143
37	4203.920	3708.096	4931.244	3996.336	1.102	1.106	1.160
38	4083.103	3447.866	4613.994	4031.947	1.112	1.116	1.126
39	4140.263	3584.862	4886.721	4101.575	1.131	1.136	1.142
40	3996.180	3459.807	4578.780	3937.597	1.086	1.090	1.102
41	3880.169	3653.337	4185.873	3824.761	1.055	1.059	1.070
42	3938.626	3691.372	4316.057	3867.385	1.067	1.071	1.086
43	3977.865	3744.585	4373.514	3879.128	1.070	1.074	1.097
44	4105.807	3858.508	4334.477	4126.052	1.138	1.142	1.133
45	4220.508	3660.188	4626.021	4249.671	1.172	1.177	1.164
46	4341.646	3489.151	4988.761	4318.199	1.191	1.196	1.198
47	4551.898	3559.523	5643.426	4591.362	1.267	1.271	1.256
48	4611.428	3827.122	5722.222	4516.404	1.246	1.250	1.272
49	4588.343	3661.987	6099.708	4303.528	1.187	1.191	1.266
50	4432.713	3579.725	5744.666	4196.546	1.158	1.162	1.223
51	4316.257	3640.150	5171.429	4280.623	1.181	1.185	1.191
52	4245.053	3651.608	5456.479	4156.605	1.147	1.151	1.171
53	4304.751	3675.551	5282.911	4412.357	1.217	1.222	1.187
54	4394.163	3708.764	5542.654	4258.135	1.175	1.179	1.212
55	4454.409	3668.457	5259.952	4586.048	1.265	1.270	1.229
56	4521.682	3702.692	5254.084	4582.668	1.264	1.269	1.247
57	4656.271	3584.300	5805.871	4562.540	1.259	1.263	1.284
58	4881.646	3666.657	6004.675	5011.661	1.382	1.388	1.347
59	4857.045	3957.597	5521.437	4991.067	1.377	1.382	1.340
60	5016.870	4182.992	5826.304	5074.038	1.400	1.405	1.384
61	5181.210	4064.316	6446.501	5220.917	1.440	1.445	1.429
62	5235.293	4206.961	6264.780	5273.148	1.455	1.460	1.444
63	5339.045	4214.697	6749.970	5532.983	1.526	1.532	1.473
64	5331.743	4474.120	6667.438	5158.365	1.423	1.428	1.471
65	5191.867	4497.375	6016.183	4959.410	1.368	1.373	1.432
66	5031.657	4344.986	5456.692	5118.640	1.412	1.417	1.388
67	5308.770	4738.675	5935.692	5318.444	1.467	1.472	1.464
68	5237.417	4519.819	5625.033	5326.066	1.469	1.475	1.445
69	5273.458	4580.822	5885.826	5419.577	1.495	1.500	1.455
70	5118.369	4440.888	6267.317	4920.117	1.357	1.362	1.412
71	5095.864	4492.856	5598.129	5095.051	1.405	1.411	1.406
72	4966.614	4602.340	5396.765	4969.104	1.371	1.376	1.370
73	4822.802	4344.678	5517.707	4799.924	1.324	1.329	1.330
74	4696.306	4050.062	5150.197	4730.144	1.305	1.310	1.295
75	4954.112	4432.661	5518.883	4911.707	1.355	1.360	1.367
76	4998.531	4349.431	6011.602	4857.925	1.340	1.345	1.379
77	4739.845	4201.025	5484.129	4684.543	1.292	1.297	1.307
78	4428.226	4120.631	4885.970	4329.592	1.194	1.199	1.222
79	4312.552	3879.555	4997.934	4310.632	1.189	1.193	1.190
80	4289.916	3725.586	4664.314	4294.538	1.185	1.189	1.183
81	4199.665	3922.371	4569.558	4178.182	1.153	1.157	1.158
82	4127.813	3994.917	4323.203	4110.759	1.134	1.138	1.139
83	4110.904	3948.208	4346.509	4041.829	1.115	1.119	1.134
84	4021.211	3780.746	4175.151	4035.859	1.113	1.117	1.109
85	4028.571	3804.457	4346.890	4021.753	1.109	1.113	1.111
86	4026.608	3621.422	4671.716	4004.290	1.105	1.109	1.111
87	4127.493	3730.469	4911.762	4106.095	1.133	1.137	1.139
88	4043.792	3695.293	4709.245	3940.085	1.087	1.091	1.115
89	4098.884	3787.980	4659.611	4091.391	1.129	1.133	1.131
90	4163.525	3801.381	4736.662	4129.260	1.139	1.143	1.148
91	4300.881	3850.538	4947.160	4174.033	1.151	1.156	1.186
92	4308.576	3664.809	5143.488	4240.080	1.170	1.174	1.188
93	4259.468	3862.290	4830.422	4179.839	1.153	1.157	1.175
94	4198.066	3810.498	4930.446	4033.692	1.113	1.117	1.158
95	4202.890	3924.052	4574.104	4224.629	1.165	1.170	1.159
96	4227.778	3914.094	4662.736	4194.030	1.157	1.161	1.166
97	4447.003	4022.896	5069.639	4408.395	1.216	1.220	1.227
98	4585.769	4027.573	5205.573	4423.618	1.220	1.225	1.265
99	4808.019	4221.441	5451.181	4823.075	1.330	1.335	1.326
100	4795.702	4055.062	5702.215	4689.280	1.294	1.298	1.323
101	4797.901	4250.872	5257.824	4911.641	1.355	1.360	1.323
102	4790.844	4537.672	4955.888	4827.905	1.332	1.337	1.322
103	4803.618	4461.352	5213.399	4731.203	1.305	1.310	1.325
104	4655.881	4286.756	5199.971	4595.551	1.268	1.272	1.284
105	4757.890	4170.719	5627.980	4720.273	1.302	1.307	1.312
106	4920.538	4366.870	5816.507	4787.803	1.321	1.326	1.357
107	5200.348	4354.321	6473.653	5248.532	1.448	1.453	1.434
108	5268.315	4263.792	6695.477	5057.758	1.395	1.400	1.453
109	5563.754	4373.351	7398.381	5240.109	1.445	1.451	1.535
110	5720.302	4445.287	7887.344	5612.288	1.548	1.554	1.578
111	5386.111	4207.388	6883.063	5293.443	1.460	1.466	1.486
112	5275.110	4387.850	6353.990	5144.035	1.419	1.424	1.455
113	4874.368	4129.578	5858.257	4717.243	1.301	1.306	1.345
114	4715.436	4299.064	5252.707	4724.251	1.303	1.308	1.301
115	4527.839	4206.004	4799.295	4601.730	1.269	1.274	1.249
116	4212.947	3998.343	4405.771	4199.385	1.158	1.163	1.162
117	4213.722	4062.413	4515.971	4149.790	1.145	1.149	1.162
118	4369.051	4212.854	4677.941	4317.281	1.191	1.195	1.205
119	4468.450	4147.748	5012.461	4459.990	1.230	1.235	1.233
120	4371.289	4072.402	4987.684	4265.940	1.177	1.181	1.206
121	4310.968	3865.358	5530.819	4184.581	1.154	1.159	1.189
122	4298.103	3788.060	5252.815	4231.277	1.167	1.171	1.186
123	4354.105	3839.353	4918.110	4292.440	1.184	1.188	1.201
124	4497.196	4050.591	5440.732	4409.888	1.216	1.221	1.241
125	4630.889	4090.074	5607.684	4432.422	1.223	1.227	1.277
126	4871.518	3882.134	5870.914	4722.063	1.303	1.307	1.344
127	5119.968	4112.713	6655.912	4965.896	1.370	1.375	1.412
128	5452.474	4490.413	6831.548	5230.240	1.443	1.448	1.504
129	5749.525	5118.855	6369.383	5813.035	1.603	1.609	1.586
130	6238.758	5330.933	7518.769	6093.320	1.681	1.687	1.721
131	6711.002	4980.059	8632.363	6614.847	1.825	1.831	1.851
132	6640.891	5164.940	8852.117	6187.755	1.707	1.713	1.832
133	5870.368	4800.831	7486.540	5520.291	1.523	1.528	1.619
134	5242.390	4533.842	6303.356	5143.729	1.419	1.424	1.446
135	4828.976	4259.778	5293.625	4691.829	1.294	1.299	1.332
136	4756.863	4143.040	5453.867	4752.533	1.311	1.316	1.312
137	4640.703	3987.733	5157.202	4675.715	1.290	1.294	1.280
138	4659.489	3902.500	5402.571	4860.760	1.341	1.346	1.285
139	4547.313	4087.820	4866.399	4594.856	1.267	1.272	1.254
140	4589.462	4103.482	4900.058	4710.532	1.299	1.304	1.266
141	4644.249	3863.098	5152.789	4804.718	1.325	1.330	1.281
142	4634.160	4084.969	5256.660	4605.589	1.270	1.275	1.278
143	4885.077	3803.543	5844.992	5011.783	1.382	1.388	1.348
144	4938.526	3621.910	5812.065	5157.574	1.423	1.428	1.362
145	4775.192	3721.974	5695.240	4925.807	1.359	1.364	1.317
146	4431.371	3611.095	5375.490	4414.549	1.218	1.222	1.222
147	4378.062	3643.051	4926.167	4393.085	1.212	1.216	1.208
148	4379.562	3795.875	4997.490	4384.407	1.209	1.214	1.208
149	4334.657	3766.178	4766.454	4370.054	1.205	1.210	1.196
150	4356.930	3686.710	4990.864	4385.432	1.210	1.214	1.202
151	4221.183	3621.496	4989.791	4183.532	1.154	1.158	1.164
152	4164.648	3646.204	4710.827	4156.972	1.147	1.151	1.149
153	4143.946	3555.794	4703.933	4094.609	1.129	1.134	1.143
154	4157.506	3572.741	4853.301	4041.760	1.115	1.119	1.147
155	4083.030	3497.254	5004.557	3964.680	1.094	1.098	1.126
156	4114.025	3460.753	4885.363	3978.571	1.097	1.101	1.135
157	4128.461	3548.004	5095.737	3913.788	1.080	1.084	1.139
158	4015.137	3498.281	5380.636	3606.804	0.995	0.999	1.108
159	3985.615	3493.294	4684.462	3860.173	1.065	1.069	1.099
160	3992.885	3416.024	4989.534	3867.970	1.067	1.071	1.101
161	4000.322	3446.397	5047.310	3741.989	1.032	1.036	1.103
162	3992.231	3349.199	5001.833	3792.124	1.046	1.050	1.101
163	4009.288	3364.346	4984.078	3789.294	1.045	1.049	1.106
164	4047.495	3348.546	4991.528	3965.383	1.094	1.098	1.116
165	3983.733	3339.187	4846.606	3863.829	1.066	1.070	1.099
166	3934.857	3356.843	4965.761	3794.137	1.047	1.050	1.085
167	3940.660	3278.335	4985.024	3792.523	1.046	1.050	1.087
168	3903.831	3385.377	4781.238	3744.075	1.033	1.037	1.077
169	4006.020	3366.739	5197.421	3695.848	1.019	1.023	1.105
170	4096.803	3403.292	5210.747	3787.577	1.045	1.049	1.130
171	4107.754	3351.719	5330.746	3796.252	1.047	1.051	1.133
172	4338.043	3305.716	5881.145	3927.867	1.083	1.087	1.197
173	4278.733	3411.858	6169.411	3692.084	1.018	1.022	1.180
174	4251.974	3433.504	5589.522	3810.181	1.051	1.055	1.173
175	4001.823	3408.414	5088.458	3927.703	1.083	1.087	1.104
176	3874.727	3443.090	4613.505	3778.210	1.042	1.046	1.069
177	3956.481	3389.102	4638.524	3880.438	1.070	1.074	1.091
178	3953.245	3195.963	4558.383	4011.051	1.106	1.110	1.090
179	3852.262	3312.526	4487.942	3918.799	1.081	1.085	1.063
180	3886.303	3322.881	4382.188	3921.385	1.082	1.086	1.072
181	3855.623	3409.666	4289.763	3909.401	1.078	1.082	1.064
182	3759.838	3413.698	4088.662	3826.899	1.056	1.059	1.037
183	3753.584	3505.214	4156.153	3731.629	1.029	1.033	1.035
184	3801.561	3514.619	4061.261	3846.493	1.061	1.065	1.049
185	3689.701	3414.680	3879.615	3695.035	1.019	1.023	1.018
186	3752.051	3447.281	3934.364	3799.349	1.048	1.052	1.035
187	3736.820	3439.199	3982.972	3730.569	1.029	1.033	1.031
188	3820.470	3647.460	3992.911	3826.547	1.056	1.059	1.054
189	3828.592	3525.049	4088.579	3848.730	1.062	1.066	1.056
190	3821.077	3468.102	4101.347	3855.280	1.063	1.067	1.054
191	3935.385	3398.803	4359.966	3977.302	1.097	1.101	1.086
192	4195.990	3383.659	4905.172	4188.798	1.155	1.160	1.157
193	4501.443	3772.660	5006.985	4559.437	1.258	1.262	1.242
194	5020.314	3769.912	6344.262	4964.535	1.369	1.374	1.385
195	5161.824	3700.137	6789.111	4937.721	1.362	1.367	1.424
196	4696.699	3568.822	5771.172	4620.933	1.275	1.279	1.296
197	4496.919	3674.821	5329.965	4582.250	1.264	1.269	1.240
198	4149.699	3582.185	4563.743	4153.365	1.146	1.150	1.145
199	3982.583	3672.087	4484.229	3935.317	1.086	1.090	1.099
200	3861.959	3567.589	4199.639	3846.042	1.061	1.065	1.065
201	3907.852	3756.966	4156.290	3861.866	1.065	1.069	1.078
202	3868.652	3699.062	4053.637	3853.721	1.063	1.067	1.067
203	3956.972	3705.912	4289.859	3985.323	1.099	1.103	1.092
204	4039.176	3576.507	4388.382	4118.264	1.136	1.140	1.114
205	4237.639	3774.036	4790.117	4191.320	1.156	1.160	1.169
206	4704.147	4040.789	5429.714	4634.760	1.278	1.283	1.298
207	4999.557	4028.314	5974.335	5007.262	1.381	1.386	1.379
208	5039.501	3929.096	6094.125	4944.926	1.364	1.369	1.390
209	4924.424	3958.536	5967.089	4922.265	1.358	1.363	1.358
210	4692.174	3596.427	5245.959	4902.223	1.352	1.357	1.294
211	4464.262	3851.509	5216.763	4417.229	1.218	1.223	1.231
212	4196.779	3808.602	4449.422	4279.175	1.180	1.185	1.158
213	3945.857	3629.973	4343.965	3927.922	1.083	1.087	1.088
214	3940.570	3747.321	4204.326	3946.607	1.089	1.093	1.087
215	4007.486	3814.393	4340.962	3970.015	1.095	1.099	1.105
216	4003.844	3749.290	4219.417	4036.625	1.113	1.118	1.104
217	3935.884	3663.998	4306.811	3921.501	1.082	1.086	1.086
218	4021.362	3635.650	4190.412	4069.619	1.123	1.127	1.109
219	4092.435	3851.682	4478.362	4052.781	1.118	1.122	1.129
220	4152.589	3716.037	4477.535	4156.207	1.146	1.151	1.145
221	4644.471	3764.053	5275.257	4517.340	1.246	1.251	1.281
222	5037.711	3612.886	6057.796	5329.368	1.470	1.475	1.390
223	5173.804	3623.050	6554.322	5165.297	1.425	1.430	1.427
224	4820.494	3520.419	6108.633	4870.677	1.344	1.348	1.330
225	4373.558	3490.515	4982.703	4467.264	1.232	1.237	1.206
226	4172.211	3538.118	4594.654	4293.732	1.184	1.189	1.151
227	4089.325	3695.549	4418.917	4158.066	1.147	1.151	1.128
228	4150.339	3636.752	4534.785	4262.520	1.176	1.180	1.145
229	4411.657	3913.344	4896.318	4487.287	1.238	1.242	1.217
230	4549.056	3794.121	5305.205	4507.692	1.243	1.248	1.255
231	4804.754	3922.746	5730.402	4693.951	1.295	1.300	1.325
232	5123.503	4099.174	6396.723	4935.044	1.361	1.366	1.413
233	5231.772	4012.872	6398.844	5266.989	1.453	1.458	1.443
234	4792.310	3912.456	5418.823	4819.742	1.329	1.334	1.322
235	4505.270	3687.966	5027.831	4555.300	1.257	1.261	1.243
236	4370.294	3675.280	5030.394	4448.480	1.227	1.232	1.206
237	4396.283	3685.270	4884.165	4600.241	1.269	1.274	1.213
238	4291.854	3621.272	4784.950	4360.664	1.203	1.207	1.184
239	4363.744	3521.188	5067.467	4408.397	1.216	1.220	1.204
240	4522.941	3577.201	5515.148	4711.429	1.300	1.304	1.248
241	4654.068	3636.282	5472.793	4943.387	1.364	1.369	1.284
242	4760.160	3567.491	5529.386	5152.687	1.421	1.427	1.313
243	4676.030	3552.013	5661.473	5019.788	1.385	1.390	1.290
244	4630.667	3601.748	5386.069	4979.244	1.373	1.379	1.277
245	4523.260	3690.911	5168.044	4831.996	1.333	1.338	1.248
246	4527.052	3829.976	5149.601	4517.630	1.246	1.251	1.249
247	4370.693	3692.396	5212.645	4377.999	1.208	1.212	1.206
248	4346.007	3642.918	5266.640	4435.409	1.223	1.228	1.199
249	4327.841	3596.153	5310.203	4243.292	1.170	1.175	1.194
250	4395.011	3663.487	5330.435	4224.680	1.165	1.170	1.212
251	4643.550	3782.260	5957.209	4441.095	1.225	1.230	1.281
252	4886.341	3647.876	6452.089	4686.530	1.293	1.297	1.348
253	5171.028	4036.942	6782.409	5065.554	1.397	1.402	1.426
254	5615.704	4150.701	6737.882	5894.534	1.626	1.632	1.549
255	5876.191	4391.977	6947.058	6167.170	1.701	1.707	1.621
256	5645.029	4272.713	7003.463	5482.019	1.512	1.518	1.557
257	5190.522	4006.741	6530.280	5109.230	1.409	1.415	1.432
258	4695.168	3806.385	5464.444	4634.685	1.278	1.283	1.295
259	4616.501	3842.611	5209.497	4721.868	1.302	1.307	1.273
260	4472.838	3882.363	4689.473	4523.308	1.248	1.252	1.234
261	4273.775	3799.750	4494.900	4363.541	1.204	1.208	1.179
262	4227.197	3685.453	4684.813	4283.684	1.182	1.186	1.166
263	4329.159	3816.204	4943.766	4312.147	1.189	1.194	1.194
264	4320.734	3791.997	4954.670	4313.109	1.190	1.194	1.192
265	4374.300	3854.126	4760.833	4452.547	1.228	1.233	1.207
266	4588.572	3950.293	5214.322	4549.281	1.255	1.259	1.266
267	5187.097	4425.478	6363.678	4965.768	1.370	1.375	1.431
268	5395.474	4133.971	7088.217	5158.896	1.423	1.428	1.488
269	5326.321	4271.602	6164.931	5185.802	1.430	1.436	1.469
270	4877.749	4071.493	5638.785	5077.291	1.401	1.406	1.345
271	4711.158	3921.069	5439.423	4709.267	1.299	1.304	1.300
272	4732.485	4078.112	5203.802	4796.089	1.323	1.328	1.305
273	4687.580	4015.429	5373.548	4718.614	1.302	1.306	1.293
274	4811.243	3863.474	5479.842	4858.743	1.340	1.345	1.327
275	4643.769	3720.852	5330.212	4823.305	1.330	1.335	1.281
276	4520.642	3847.343	4979.003	4724.004	1.303	1.308	1.247
277	4440.364	3828.232	4905.648	4562.729	1.259	1.263	1.225
278	4211.226	3802.286	4653.181	4261.098	1.175	1.180	1.162
279	4147.861	3819.744	4473.341	4133.010	1.140	1.144	1.144
280	4111.391	3763.692	4593.841	4075.067	1.124	1.128	1.134
281	4253.295	3807.145	4827.067	4127.689	1.139	1.143	1.173
282	4226.540	3929.562	4716.310	4164.877	1.149	1.153	1.166
283	4153.559	3822.212	4869.776	3991.795	1.101	1.105	1.146
284	4024.313	3836.770	4281.272	4042.489	1.115	1.119	1.110
285	4018.653	3707.032	4315.830	4051.370	1.118	1.122	1.109
286	4143.814	3945.670	4552.576	4113.455	1.135	1.139	1.143
287	4199.902	3797.403	4466.213	4209.649	1.161	1.165	1.159
288	4214.164	4014.286	4619.568	4197.149	1.158	1.162	1.162
289	4334.255	3998.231	4855.104	4221.123	1.164	1.169	1.196
290	4460.589	3984.274	5257.835	4190.102	1.156	1.160	1.230
291	4439.532	3872.184	5880.171	4118.867	1.136	1.140	1.225
292	4392.066	3618.586	5682.123	4021.020	1.109	1.113	1.212
293	4619.236	3910.154	5887.507	4407.132	1.216	1.220	1.274
294	4518.077	3772.758	5664.125	4439.316	1.225	1.229	1.246
295	4518.949	3883.067	5350.876	4539.141	1.252	1.257	1.247
296	4434.171	3683.845	5401.939	4408.793	1.216	1.221	1.223
297	4474.066	3768.384	5744.704	4109.875	1.134	1.138	1.234
298	4582.231	3769.280	6078.044	4233.485	1.168	1.172	1.264
299	4631.170	3845.592	5751.479	4405.488	1.215	1.220	1.277
300	4475.781	3865.490	5624.263	4347.887	1.199	1.204	1.235
301	4366.610	3832.734	5204.035	4320.757	1.192	1.196	1.205
302	4357.194	3992.120	4732.164	4408.450	1.216	1.221	1.202
303	4381.034	4040.441	4769.936	4421.037	1.220	1.224	1.208
304	4577.450	3933.905	5326.381	4531.442	1.250	1.255	1.263
305	4355.574	3896.526	4961.082	4315.814	1.190	1.195	1.201
306	4219.777	3913.235	4597.912	4244.478	1.171	1.175	1.164
307	3996.773	3746.984	4279.814	3996.533	1.102	1.106	1.102
308	4041.940	3774.800	4419.416	3970.933	1.095	1.099	1.115
309	3987.394	3802.742	4346.892	3926.640	1.083	1.087	1.100
310	3912.612	3559.128	4214.720	3836.919	1.058	1.062	1.079
311	3883.406	3678.098	4238.014	3812.333	1.052	1.055	1.071
312	3926.162	3495.603	4143.563	3953.981	1.091	1.095	1.083
313	3858.961	3599.178	4038.147	3896.281	1.075	1.079	1.064
314	3816.176	3664.673	3962.703	3806.096	1.050	1.054	1.053
315	3728.593	3574.848	3897.895	3726.338	1.028	1.032	1.029
316	3707.120	3486.633	3825.990	3739.764	1.032	1.035	1.023
317	3806.296	3646.060	4044.622	3803.309	1.049	1.053	1.050
318	3802.950	3434.391	4224.859	3750.539	1.035	1.038	1.049
319	3977.277	3756.334	4222.806	3964.451	1.094	1.098	1.097
320	3987.148	3738.952	4225.085	3937.466	1.086	1.090	1.100
321	3982.010	3717.692	4259.959	3990.863	1.101	1.105	1.098
322	3912.256	3598.141	4209.043	3897.531	1.075	1.079	1.079
323	3874.919	3607.852	4276.250	3821.866	1.054	1.058	1.069
324	3811.804	3709.543	3899.614	3800.037	1.048	1.052	1.051
325	3893.889	3712.154	4143.059	3897.348	1.075	1.079	1.074
326	3856.610	3595.319	4121.151	3845.634	1.061	1.065	1.064
327	3911.188	3623.195	4322.178	3851.195	1.062	1.066	1.079
328	4113.775	3782.726	4515.935	4089.934	1.128	1.132	1.135
329	4129.743	3677.339	4724.455	4089.500	1.128	1.132	1.139
330	4251.008	3751.491	4814.979	4153.790	1.146	1.150	1.173
331	4313.574	3595.041	5091.967	4183.342	1.154	1.158	1.190
332	4507.319	3773.133	5762.544	4243.177	1.170	1.175	1.243
333	4369.627	3801.857	5069.938	4248.793	1.172	1.176	1.205
334	4134.855	3750.647	4420.850	4162.687	1.148	1.152	1.141
335	4064.112	3731.049	4446.912	4144.738	1.143	1.147	1.121
336	4038.650	3830.092	4320.230	4059.455	1.120	1.124	1.114
337	4044.463	3806.428	4305.627	3978.700	1.098	1.102	1.116
338	4098.084	3632.411	4381.233	4089.563	1.128	1.132	1.130
339	4098.654	3668.642	4359.237	4126.532	1.138	1.142	1.131
340	4118.891	3648.728	4688.669	4086.191	1.127	1.131	1.136
341	4263.414	3702.585	4802.313	4324.307	1.193	1.197	1.176
342	4249.639	3767.820	4656.747	4362.328	1.203	1.208	1.172
343	4211.324	3680.966	4773.035	4136.002	1.141	1.145	1.162
344	4091.663	3700.905	4544.937	4005.384	1.105	1.109	1.129
345	4109.553	3645.245	4422.504	4174.968	1.152	1.156	1.134
346	4079.168	3803.192	4282.167	4064.479	1.121	1.125	1.125
347	3964.342	3714.748	4241.121	3982.591	1.099	1.103	1.094
348	3912.124	3733.738	4152.779	3910.401	1.079	1.083	1.079
349	3824.044	3597.641	4015.722	3851.794	1.062	1.066	1.055
350	3883.115	3617.072	4088.836	3938.072	1.086	1.090	1.071
351	3796.629	3494.664	3975.837	3828.218	1.056	1.060	1.047
352	3897.897	3573.572	4156.023	3916.719	1.080	1.084	1.075
353	3752.627	3467.890	4215.636	3660.923	1.010	1.014	1.035
354	3747.704	3537.189	4134.097	3657.747	1.009	1.013	1.034
355	3883.955	3541.582	4346.861	3797.027	1.047	1.051	1.071
356	3814.053	3481.854	4160.348	3783.413	1.044	1.047	1.052
357	3731.289	3490.836	4089.215	3669.301	1.012	1.016	1.029
358	3743.763	3575.281	3915.159	3719.104	1.026	1.030	1.033
359	3719.828	3581.121	3923.647	3711.560	1.024	1.028	1.026
360	3673.647	3503.635	3849.513	3648.380	1.006	1.010	1.013
361	3757.556	3617.137	3862.492	3772.519	1.041	1.044	1.036
362	3776.618	3554.083	4029.785	3757.500	1.036	1.040	1.042
363	3791.915	3518.211	4219.801	3791.114	1.046	1.050	1.046
364	3737.930	3603.353	3966.320	3722.046	1.027	1.030	1.031
365	3643.958	3460.582	3849.182	3609.561	0.996	0.999	1.005
366	3684.091	3536.560	3805.037	3676.992	1.014	1.018	1.016
367	3655.633	3531.102	3852.464	3635.726	1.003	1.007	1.008
368	3660.396	3568.976	3788.821	3660.038	1.010	1.013	1.010
369	3698.724	3507.610	3872.943	3656.155	1.009	1.012	1.020
370	3661.846	3533.108	3789.339	3659.523	1.009	1.013	1.010
371	3655.551	3497.971	3813.909	3648.915	1.007	1.010	1.008
372	3655.368	3430.242	3851.083	3687.401	1.017	1.021	1.008
373	3606.285	3492.977	3835.441	3580.847	0.988	0.991	0.995
374	3663.379	3479.971	3844.809	3676.619	1.014	1.018	1.011
375	3716.485	3496.417	3902.410	3713.287	1.024	1.028	1.025
376	3718.532	3594.832	3833.223	3714.053	1.024	1.028	1.026
377	3797.153	3576.422	3963.588	3805.759	1.050	1.054	1.047
378	3803.923	3642.972	3984.041	3830.474	1.057	1.060	1.049
379	3840.094	3619.252	4275.434	3828.288	1.056	1.060	1.059
380	4010.536	3596.867	4394.642	3973.027	1.096	1.100	1.106
381	3977.124	3774.143	4185.249	3965.642	1.094	1.098	1.097
382	3909.151	3710.042	4148.178	3868.117	1.067	1.071	1.078
383	3768.353	3483.329	3928.794	3802.940	1.049	1.053	1.039
384	3808.163	3549.684	4017.125	3836.087	1.058	1.062	1.050
385	3779.618	3467.211	3972.043	3854.206	1.063	1.067	1.043
386	3761.772	3471.202	3957.422	3717.026	1.025	1.029	1.038
387	3780.461	3646.887	3984.461	3749.053	1.034	1.038	1.043
388	3831.545	3658.837	4089.412	3850.181	1.062	1.066	1.057
389	3805.003	3522.686	4205.139	3794.659	1.047	1.051	1.050
390	3795.240	3446.671	4131.345	3774.313	1.041	1.045	1.047
391	3878.002	3545.473	4123.665	3911.415	1.079	1.083	1.070
392	3828.983	3667.485	4098.383	3823.611	1.055	1.059	1.056
393	3718.313	3524.691	4011.837	3618.054	0.998	1.002	1.026
394	3710.553	3497.021	3910.003	3720.058	1.026	1.030	1.024
395	3842.614	3476.525	4131.208	3871.433	1.068	1.072	1.060
396	3801.113	3489.143	4024.011	3821.007	1.054	1.058	1.049
397	3829.133	3613.917	4173.470	3778.567	1.042	1.046	1.056
398	3876.144	3549.766	4376.038	3854.532	1.063	1.067	1.069
399	3903.111	3638.425	4320.174	3842.714	1.060	1.064	1.077
400	3869.809	3540.989	4361.585	3781.964	1.043	1.047	1.067
401	3963.270	3556.570	4516.154	3882.740	1.071	1.075	1.093
402	4078.154	3517.035	4684.068	4023.350	1.110	1.114	1.125
403	3899.130	3424.032	4296.408	4006.415	1.105	1.109	1.076
404	3760.745	3410.848	4040.033	3828.514	1.056	1.060	1.037
405	3804.571	3519.085	4016.952	3838.286	1.059	1.063	1.049
406	3741.494	3459.119	4011.265	3742.912	1.032	1.036	1.032
407	3758.137	3594.498	4027.880	3697.305	1.020	1.024	1.037
408	3738.948	3461.001	3913.060	3732.029	1.029	1.033	1.031
409	3791.010	3583.080	3980.956	3791.881	1.046	1.050	1.046
410	3824.204	3619.718	4068.733	3831.891	1.057	1.061	1.055
411	3793.155	3605.279	4085.890	3767.875	1.039	1.043	1.046
412	3872.212	3644.497	4138.609	3878.187	1.070	1.074	1.068
413	3892.627	3653.186	4259.029	3882.904	1.071	1.075	1.074
414	3928.080	3588.617	4230.987	3965.118	1.094	1.098	1.084
415	3997.914	3620.645	4668.364	3898.556	1.075	1.079	1.103
416	3918.635	3736.691	4248.977	3860.886	1.065	1.069	1.081
417	3796.557	3522.489	4129.667	3732.441	1.030	1.033	1.047
418	3768.193	3542.930	4032.011	3769.800	1.040	1.044	1.039
419	3808.870	3582.513	3936.961	3859.596	1.065	1.069	1.051
420	3911.008	3636.329	4185.087	3944.617	1.088	1.092	1.079
421	3904.540	3756.889	4067.768	3893.784	1.074	1.078	1.077
422	3805.193	3655.985	3984.448	3801.499	1.049	1.052	1.050
423	3807.182	3663.877	4044.451	3765.488	1.039	1.042	1.050
424	3760.873	3530.939	4049.357	3773.047	1.041	1.045	1.037
425	3720.474	3571.037	3967.555	3682.030	1.016	1.019	1.026
426	3639.259	3384.703	3961.187	3657.004	1.009	1.012	1.004
427	3733.848	3328.813	4059.532	3762.385	1.038	1.042	1.030
428	3714.475	3442.929	3923.653	3722.515	1.027	1.031	1.025
429	3643.836	3446.155	3748.207	3680.429	1.015	1.019	1.005
430	3717.732	3499.010	3878.115	3741.552	1.032	1.036	1.026
431	3621.180	3469.671	3825.605	3606.449	0.995	0.998	0.999
432	3603.388	3465.107	3773.539	3598.527	0.993	0.996	0.994
433	3691.681	3567.938	3997.988	3627.070	1.001	1.004	1.018
434	3754.680	3526.263	3932.887	3771.159	1.040	1.044	1.036
435	3764.809	3573.401	4090.735	3698.788	1.020	1.024	1.039
436	3724.852	3484.286	4191.519	3669.778	1.012	1.016	1.027
437	3854.950	3481.554	4303.403	3791.848	1.046	1.050	1.063
438	3904.480	3549.761	4699.117	3832.240	1.057	1.061	1.077
439	3829.191	3543.107	4131.269	3847.369	1.061	1.065	1.056
440	3796.112	3483.040	4089.870	3785.103	1.044	1.048	1.047
441	3785.564	3568.182	4047.830	3789.946	1.045	1.049	1.044
442	3720.539	3416.783	3948.229	3736.575	1.031	1.034	1.026
443	3812.866	3422.064	4192.933	3932.598	1.085	1.089	1.052
444	3774.124	3451.963	4202.110	3668.082	1.012	1.016	1.041
445	3728.177	3530.737	3991.583	3706.954	1.023	1.026	1.028
446	3754.214	3538.155	3932.189	3753.895	1.035	1.039	1.036
447	3685.500	3560.363	3866.491	3686.743	1.017	1.021	1.017
448	3670.995	3563.415	3785.489	3684.382	1.016	1.020	1.013
449	3674.315	3497.911	3882.052	3671.013	1.013	1.016	1.014
450	3658.943	3371.008	3839.667	3666.006	1.011	1.015	1.009
451	3608.176	3489.016	3728.178	3606.117	0.995	0.998	0.995
452	3646.913	3516.429	3775.388	3633.719	1.002	1.006	1.006
453	3643.773	3554.330	3860.510	3604.543	0.994	0.998	1.005
454	3612.812	3461.685	3801.490	3623.348	0.999	1.003	0.997
455	3667.941	3486.413	3877.210	3636.081	1.003	1.007	1.012
456	3651.567	3518.906	3843.371	3612.026	0.996	1.000	1.007
457	3625.430	3339.378	3869.693	3620.370	0.999	1.002	1.000
458	3660.103	3458.830	3867.189	3607.927	0.995	0.999	1.010
459	3597.738	3484.063	3808.313	3560.485	0.982	0.986	0.992
460	3611.340	3471.942	3732.877	3606.845	0.995	0.999	0.996
461	3774.765	3559.232	3931.199	3797.840	1.048	1.051	1.041
462	3709.281	3532.878	3998.952	3675.151	1.014	1.017	1.023
463	3641.313	3416.674	3943.138	3609.429	0.996	0.999	1.004
464	3701.332	3535.268	3999.911	3636.447	1.003	1.007	1.021
465	3707.944	3489.018	3917.151	3652.809	1.008	1.011	1.023
466	3633.688	3333.338	3861.009	3644.221	1.005	1.009	1.002
467	3571.657	3409.235	3737.459	3568.748	0.984	0.988	0.985
468	3627.368	3514.381	3764.242	3598.393	0.993	0.996	1.001
469	3628.420	3475.501	3788.477	3619.771	0.998	1.002	1.001
470	3559.644	3389.961	3803.904	3544.142	0.978	0.981	0.982
471	3526.382	3386.130	3650.283	3534.169	0.975	0.978	0.973
472	3550.145	3335.250	3737.763	3563.750	0.983	0.987	0.979
473	3568.727	3271.192	3774.667	3597.712	0.992	0.996	0.984
474	3588.811	3311.237	3812.817	3615.566	0.997	1.001	0.990
475	3647.094	3386.992	3925.708	3615.454	0.997	1.001	1.006
476	3596.997	3387.033	3856.544	3542.330	0.977	0.981	0.992
477	3533.610	3219.914	3811.344	3513.683	0.969	0.973	0.975
478	3580.515	3183.371	3994.317	3544.405	0.978	0.981	0.988
479	3601.751	3241.245	4140.035	3535.298	0.975	0.979	0.994
480	3614.307	3234.717	4478.300	3485.686	0.962	0.965	0.997
481	3546.529	3230.378	4121.766	3418.049	0.943	0.946	0.978
482	3478.670	3208.514	3709.937	3564.738	0.983	0.987	0.960
483	3466.766	3277.494	3694.577	3486.786	0.962	0.965	0.956
484	3560.937	3278.965	3950.365	3566.350	0.984	0.987	0.982
485	3495.542	3201.102	4024.095	3449.962	0.952	0.955	0.964
486	3519.618	3268.790	3816.188	3575.471	0.986	0.990	0.971
487	3520.689	3247.424	3846.876	3488.402	0.962	0.966	0.971
488	3568.103	3234.614	3859.362	3618.824	0.998	1.002	0.984
489	3536.944	3210.304	3720.364	3640.506	1.004	1.008	0.976
490	3535.732	3287.539	3753.443	3617.470	0.998	1.002	0.975
491	3516.560	3247.469	3744.724	3518.977	0.971	0.974	0.970
492	3537.346	3239.207	3820.670	3540.829	0.977	0.980	0.976
493	3547.628	3271.144	3715.909	3583.835	0.989	0.992	0.979
494	3484.436	3254.934	3801.254	3496.756	0.965	0.968	0.961
495	3571.759	3308.443	3834.327	3549.786	0.979	0.983	0.985
496	3538.583	3179.935	3746.498	3590.796	0.990	0.994	0.976
497	3454.277	3180.127	3784.273	3434.782	0.947	0.951	0.953
498	3419.949	3213.809	3719.441	3423.446	0.944	0.948	0.943
499	3528.021	3232.385	3935.703	3493.611	0.964	0.967	0.973
500	3542.446	3244.823	3892.713	3532.967	0.975	0.978	0.977
501	3544.721	3249.536	3815.190	3584.572	0.989	0.992	0.978
502	3612.725	3328.349	3836.336	3588.259	0.990	0.993	0.997
503	3530.541	3254.724	3729.119	3627.355	1.001	1.004	0.974
504	3583.561	3381.330	3831.379	3556.457	0.981	0.985	0.989
505	3543.083	3319.867	3768.745	3519.611	0.971	0.974	0.977
506	3515.122	3352.005	3706.658	3528.876	0.973	0.977	0.970
507	3550.487	3319.357	3666.567	3588.573	0.990	0.994	0.979
508	3526.626	3295.888	3791.214	3562.778	0.983	0.986	0.973
509	3596.756	3278.648	3829.458	3682.687	1.016	1.020	0.992
510	3488.216	3363.497	3864.340	3382.873	0.933	0.937	0.962
511	3499.636	3377.635	3619.543	3504.138	0.967	0.970	0.965
512	3464.587	3307.797	3633.773	3447.933	0.951	0.955	0.956
513	3511.611	3204.364	3759.115	3514.658	0.969	0.973	0.969
514	3528.451	3247.176	3680.414	3553.997	0.980	0.984	0.973
515	3477.801	3333.466	3623.227	3491.632	0.963	0.967	0.959
516	3507.620	3325.671	3659.259	3496.984	0.965	0.968	0.968
517	3561.218	3330.122	3767.150	3601.239	0.993	0.997	0.982
518	3568.801	3401.946	3705.081	3562.670	0.983	0.986	0.984
519	3587.604	3386.154	3916.293	3569.722	0.985	0.988	0.990
520	3580.918	3329.274	3755.255	3605.665	0.995	0.998	0.988
521	3521.608	3297.717	3642.398	3533.254	0.975	0.978	0.971
522	3620.194	3396.023	3775.242	3654.293	1.008	1.012	0.999
523	3545.540	3243.831	3787.215	3591.579	0.991	0.994	0.978
524	3584.506	3440.768	3681.397	3600.985	0.993	0.997	0.989
525	3547.477	3354.368	3711.832	3538.340	0.976	0.980	0.979
526	3507.770	3282.259	3656.690	3544.405	0.978	0.981	0.968
527	3702.557	3418.924	3888.611	3746.898	1.034	1.037	1.021
528	3659.505	3303.182	3822.144	3698.202	1.020	1.024	1.009
529	3567.130	3386.045	3797.961	3527.978	0.973	0.977	0.984
530	3595.900	3353.265	3803.459	3620.125	0.999	1.002	0.992
531	3628.962	3528.942	3782.057	3602.913	0.994	0.997	1.001
532	3682.443	3580.642	3774.130	3699.130	1.020	1.024	1.016
533	3689.167	3616.346	3820.278	3690.877	1.018	1.022	1.018
534	3583.514	3399.652	3823.625	3570.956	0.985	0.989	0.988
535	3730.418	3483.320	4103.148	3679.709	1.015	1.019	1.029
536	3718.032	3512.725	3958.434	3669.306	1.012	1.016	1.026
537	3654.956	3529.366	3800.430	3642.069	1.005	1.008	1.008
538	3699.835	3479.619	4086.344	3696.862	1.020	1.023	1.021
539	3768.212	3562.839	4067.144	3721.353	1.027	1.030	1.039
540	3783.602	3517.259	4119.066	3754.141	1.036	1.039	1.044
541	3744.248	3462.569	4052.478	3702.090	1.021	1.025	1.033
542	3668.043	3456.748	3834.069	3631.307	1.002	1.005	1.012
543	3700.868	3520.175	3974.443	3697.528	1.020	1.024	1.021
544	3699.592	3456.469	3943.986	3680.177	1.015	1.019	1.021
545	3626.296	3453.634	3781.760	3625.740	1.000	1.004	1.000
546	3611.856	3423.780	3809.809	3588.849	0.990	0.994	0.996
547	3653.788	3363.422	3788.871	3683.750	1.016	1.020	1.008
548	3736.937	3509.698	4034.504	3699.259	1.020	1.024	1.031
549	3704.068	3442.548	3939.932	3724.468	1.027	1.031	1.022
550	3706.088	3485.707	4006.549	3676.661	1.014	1.018	1.022
551	3699.729	3367.078	4048.507	3684.957	1.016	1.020	1.021
552	3619.398	3444.937	3913.621	3581.829	0.988	0.992	0.998
553	3741.309	3586.115	3907.219	3747.804	1.034	1.038	1.032
554	3810.877	3412.401	4127.836	3857.385	1.064	1.068	1.051
555	3634.789	3350.312	3908.229	3628.267	1.001	1.005	1.003
556	3635.681	3375.848	3851.342	3662.217	1.010	1.014	1.003
557	3623.949	3499.215	3719.793	3645.029	1.005	1.009	1.000
558	3605.818	3360.913	3770.645	3614.003	0.997	1.001	0.995
559	3604.992	3516.860	3838.646	3575.961	0.986	0.990	0.994
560	3636.516	3392.046	3867.240	3672.035	1.013	1.017	1.003
561	3552.791	3332.181	3764.218	3503.919	0.967	0.970	0.980
562	3597.444	3377.822	3829.713	3559.331	0.982	0.985	0.992
563	3552.451	3285.213	3968.309	3483.280	0.961	0.964	0.980
564	3666.325	3439.265	3890.173	3676.947	1.014	1.018	1.011
565	3514.864	3435.958	3590.057	3512.112	0.969	0.972	0.970
566	3603.385	3447.249	3779.068	3595.438	0.992	0.995	0.994
567	3648.207	3347.385	3827.808	3720.972	1.026	1.030	1.006
568	3653.949	3374.351	3859.011	3670.313	1.012	1.016	1.008
569	3487.583	3351.942	3564.541	3484.117	0.961	0.965	0.962
570	3511.440	3349.591	3623.419	3535.896	0.975	0.979	0.969
571	3547.482	3442.879	3765.096	3513.751	0.969	0.973	0.979
572	3540.237	3419.426	3708.808	3543.914	0.978	0.981	0.977
573	3661.804	3451.549	3799.764	3698.010	1.020	1.024	1.010
574	3546.206	3406.461	3732.372	3535.236	0.975	0.979	0.978
575	3559.919	3383.451	3756.923	3559.969	0.982	0.986	0.982
576	3498.546	3374.046	3704.487	3485.291	0.961	0.965	0.965
577	3540.993	3380.195	3836.577	3476.325	0.959	0.962	0.977
578	3485.382	3321.838	3690.390	3484.058	0.961	0.965	0.961
579	3496.189	3328.127	3781.532	3451.353	0.952	0.956	0.964
580	3477.341	3337.017	3553.134	3498.500	0.965	0.969	0.959
581	3530.235	3435.179	3593.613	3543.171	0.977	0.981	0.974
582	3610.640	3485.117	3807.186	3580.382	0.988	0.991	0.996
583	3508.173	3375.776	3658.664	3485.664	0.961	0.965	0.968
584	3494.085	3340.227	3662.550	3520.368	0.971	0.975	0.964
585	3519.354	3293.417	3721.057	3551.875	0.980	0.983	0.971
586	3550.861	3266.430	3847.865	3479.404	0.960	0.963	0.979
587	3599.343	3309.102	3842.035	3577.179	0.987	0.990	0.993
588	3545.495	3407.124	3746.865	3527.090	0.973	0.976	0.978
589	3552.582	3443.150	3646.426	3562.610	0.983	0.986	0.980
590	3554.435	3430.356	3724.923	3525.666	0.973	0.976	0.980
591	3626.531	3364.820	3851.522	3602.721	0.994	0.997	1.000
592	3594.510	3350.417	3781.357	3578.889	0.987	0.991	0.992
593	3621.151	3269.935	3927.760	3622.477	0.999	1.003	0.999
594	3606.595	3347.048	3817.589	3602.077	0.994	0.997	0.995
595	3641.019	3447.852	3820.692	3631.289	1.002	1.005	1.004
596	3589.090	3280.934	3871.909	3613.063	0.997	1.000	0.990
597	3554.771	3308.687	3736.045	3574.216	0.986	0.990	0.981
598	3592.308	3321.705	3828.927	3661.949	1.010	1.014	0.991
599	3512.424	3281.911	3886.138	3496.616	0.965	0.968	0.969
600	3555.299	3269.657	3767.106	3616.673	0.998	1.001	0.981
601	3618.340	3276.011	3818.651	3725.602	1.028	1.031	0.998
602	3615.542	3284.995	3805.031	3731.259	1.029	1.033	0.997
603	3667.633	3372.246	3863.739	3679.779	1.015	1.019	1.012
604	3622.977	3346.238	3779.226	3628.427	1.001	1.005	0.999
605	3665.294	3341.198	3884.148	3719.609	1.026	1.030	1.011
606	3609.947	3338.961	3765.512	3664.070	1.011	1.014	0.996
607	3643.677	3330.668	3818.033	3740.171	1.032	1.035	1.005
608	3705.862	3325.155	3947.092	3742.356	1.032	1.036	1.022
609	3654.252	3357.799	3868.320	3717.701	1.026	1.029	1.008
610	3656.650	3416.018	3859.226	3667.378	1.012	1.015	1.009
611	3567.222	3356.010	3890.837	3540.812	0.977	0.980	0.984
612	3547.096	3400.624	3703.141	3539.869	0.976	0.980	0.978
613	3632.083	3483.222	3756.642	3664.302	1.011	1.014	1.002
614	3588.502	3425.970	3707.253	3657.367	1.009	1.013	0.990
615	3606.840	3440.656	3688.552	3638.565	1.004	1.007	0.995
616	3607.591	3425.262	3787.813	3577.851	0.987	0.991	0.995
617	3579.806	3394.735	3735.930	3552.075	0.980	0.983	0.987
618	3579.126	3358.917	3771.842	3578.021	0.987	0.991	0.987
619	3593.889	3321.054	3785.726	3562.633	0.983	0.986	0.991
620	3587.554	3423.418	3755.542	3592.312	0.991	0.995	0.990
621	3572.482	3321.667	3769.431	3603.388	0.994	0.998	0.985
622	3622.672	3449.865	3931.049	3588.503	0.990	0.993	0.999
623	3605.196	3466.071	3816.554	3596.399	0.992	0.996	0.994
624	3610.834	3539.661	3737.789	3584.210	0.989	0.992	0.996
625	3672.343	3510.147	3842.438	3653.178	1.008	1.011	1.013
626	3488.720	3268.654	3651.767	3492.587	0.963	0.967	0.962
627	3553.888	3302.696	3852.780	3551.837	0.980	0.983	0.980
628	3571.120	3393.360	3787.201	3559.482	0.982	0.985	0.985
629	3557.351	3413.417	3641.496	3580.250	0.988	0.991	0.981
630	3495.236	3387.466	3647.800	3494.487	0.964	0.967	0.964
631	3571.269	3386.920	3724.600	3563.536	0.983	0.987	0.985
632	3627.596	3552.464	3755.656	3619.762	0.998	1.002	1.001
633	3529.145	3389.857	3602.151	3570.064	0.985	0.988	0.973
634	3495.828	3385.864	3680.768	3516.489	0.970	0.974	0.964
635	3522.038	3296.976	3691.282	3548.236	0.979	0.982	0.972
636	3524.434	3291.343	3629.474	3558.710	0.982	0.985	0.972
637	3548.672	3393.462	3670.067	3550.612	0.979	0.983	0.979
638	3605.319	3486.314	3771.670	3592.377	0.991	0.995	0.995
639	3566.834	3385.953	3743.366	3528.036	0.973	0.977	0.984
640	3546.362	3346.113	3778.177	3560.048	0.982	0.986	0.978
641	3510.483	3329.420	3652.581	3570.940	0.985	0.989	0.968
642	3560.879	3382.696	3753.749	3575.719	0.986	0.990	0.982
643	3546.047	3373.493	3789.247	3503.404	0.966	0.970	0.978
644	3522.856	3317.351	3804.949	3520.806	0.971	0.975	0.972
645	3528.182	3309.703	3750.689	3549.615	0.979	0.983	0.973
646	3554.385	3424.735	3767.058	3543.920	0.978	0.981	0.980
647	3533.414	3376.868	3733.162	3539.894	0.976	0.980	0.975
648	3561.906	3340.361	3681.730	3578.655	0.987	0.991	0.983
649	3583.537	3316.999	3794.628	3628.533	1.001	1.005	0.988
650	3564.095	3420.271	3736.076	3561.147	0.982	0.986	0.983
651	3555.132	3216.836	3721.018	3597.406	0.992	0.996	0.981
652	3527.164	3276.512	3704.093	3532.076	0.974	0.978	0.973
653	3570.189	3324.631	3708.402	3562.915	0.983	0.986	0.985
654	3602.940	3344.317	3763.642	3626.710	1.000	1.004	0.994
655	3571.487	3379.076	3686.694	3592.289	0.991	0.995	0.985
656	3508.575	3376.691	3683.184	3497.112	0.965	0.968	0.968
657	3554.956	3407.775	3779.637	3531.729	0.974	0.978	0.981
658	3612.490	3463.187	3838.052	3584.707	0.989	0.992	0.996
659	3557.583	3287.054	4015.576	3518.857	0.971	0.974	0.981
660	3588.794	3465.924	3938.886	3544.789	0.978	0.981	0.990
661	3575.010	3387.128	3819.364	3565.689	0.984	0.987	0.986
662	3655.865	3416.878	3888.369	3635.485	1.003	1.007	1.008
663	3613.406	3379.814	3792.573	3618.196	0.998	1.002	0.997
664	3564.143	3451.823	3657.130	3570.173	0.985	0.988	0.983
665	3535.661	3433.080	3648.486	3516.577	0.970	0.974	0.975
666	3555.317	3398.892	3751.184	3526.382	0.973	0.976	0.981
667	3548.644	3407.224	3713.093	3556.497	0.981	0.985	0.979
668	3557.592	3387.471	3770.125	3522.547	0.972	0.975	0.981
669	3457.247	3294.139	3602.425	3452.573	0.952	0.956	0.954
670	3519.232	3419.586	3624.979	3527.784	0.973	0.977	0.971
671	3468.972	3326.671	3632.382	3465.252	0.956	0.959	0.957
672	3489.663	3324.111	3745.782	3438.651	0.949	0.952	0.963
673	3576.434	3403.036	3768.745	3574.744	0.986	0.990	0.987
674	3551.448	3353.406	3776.936	3549.603	0.979	0.983	0.980
675	3617.233	3507.271	3736.382	3622.720	0.999	1.003	0.998
676	3623.937	3450.587	3820.266	3611.269	0.996	1.000	1.000
677	3572.359	3407.615	3718.118	3566.052	0.984	0.987	0.985
678	3561.899	3358.435	3716.942	3549.079	0.979	0.983	0.983
679	3610.200	3381.302	3766.520	3628.009	1.001	1.004	0.996
680	3598.441	3382.469	3722.046	3617.893	0.998	1.002	0.993
681	3603.464	3426.664	3846.032	3587.534	0.990	0.993	0.994
682	3665.751	3496.019	3877.065	3606.538	0.995	0.998	1.011
683	3630.181	3403.934	3859.481	3629.032	1.001	1.005	1.001
684	3581.648	3418.501	3778.490	3596.045	0.992	0.996	0.988
685	3582.348	3370.556	3748.531	3597.315	0.992	0.996	0.988
686	3580.915	3350.295	3764.418	3583.825	0.989	0.992	0.988
687	3516.376	3362.891	3661.362	3532.947	0.975	0.978	0.970
688	3526.242	3330.159	3685.343	3535.833	0.975	0.979	0.973
689	3541.296	3332.863	3723.170	3550.916	0.979	0.983	0.977
690	3614.349	3322.736	3865.421	3668.395	1.012	1.016	0.997
691	3540.627	3298.030	3781.935	3542.263	0.977	0.981	0.977
692	3525.229	3325.560	3702.192	3567.229	0.984	0.988	0.972
693	3539.983	3400.855	3690.253	3550.662	0.979	0.983	0.976
694	3517.493	3308.522	3710.017	3555.921	0.981	0.984	0.970
695	3561.906	3261.990	3776.713	3583.042	0.988	0.992	0.983
696	3685.732	3283.857	4095.212	3732.726	1.030	1.033	1.017
697	3565.068	3255.131	3820.796	3617.950	0.998	1.002	0.983
698	3537.195	3261.063	3852.597	3570.999	0.985	0.989	0.976
699	3561.615	3189.958	3915.897	3491.794	0.963	0.967	0.982
700	3532.099	3285.429	3824.251	3540.281	0.977	0.980	0.974
701	3505.320	3257.678	3740.416	3510.665	0.968	0.972	0.967
702	3505.236	3210.927	3784.598	3429.477	0.946	0.949	0.967
703	3502.453	3287.535	3665.842	3523.168	0.972	0.975	0.966
704	3555.536	3277.259	3925.627	3569.906	0.985	0.988	0.981
705	3526.416	3230.074	3907.459	3478.275	0.959	0.963	0.973
706	3624.580	3345.902	3885.706	3645.803	1.006	1.009	1.000
707	3631.640	3274.214	4039.417	3579.801	0.987	0.991	1.002
708	3634.528	3272.073	3950.582	3636.294	1.003	1.007	1.003
709	3570.012	3281.117	3820.034	3617.843	0.998	1.002	0.985
710	3584.404	3272.144	3849.645	3603.619	0.994	0.998	0.989
711	3592.763	3365.244	3817.188	3586.316	0.989	0.993	0.991
712	3592.129	3417.654	3749.164	3553.790	0.980	0.984	0.991
713	3660.748	3433.361	3826.849	3711.759	1.024	1.028	1.010
714	3662.311	3486.231	3812.272	3710.821	1.024	1.027	1.010
715	3565.523	3422.942	3691.296	3556.502	0.981	0.985	0.984
716	3503.251	3373.883	3709.229	3492.130	0.963	0.967	0.966
717	3636.236	3484.099	3761.473	3669.083	1.012	1.016	1.003
718	3632.935	3448.490	3928.381	3633.615	1.002	1.006	1.002
719	3656.646	3366.253	3936.640	3595.869	0.992	0.996	1.009
720	3662.394	3457.435	3876.257	3673.650	1.013	1.017	1.010
721	3700.609	3424.911	3954.988	3690.761	1.018	1.022	1.021
722	3727.778	3490.632	3988.779	3755.819	1.036	1.040	1.028
723	3796.159	3536.077	4037.857	3814.286	1.052	1.056	1.047
724	3766.097	3580.935	4126.401	3684.298	1.016	1.020	1.039
725	3811.593	3519.167	3981.839	3863.891	1.066	1.070	1.051
726	3797.593	3532.784	4153.784	3827.709	1.056	1.060	1.048
727	3787.932	3511.177	4263.840	3747.694	1.034	1.038	1.045
728	3717.849	3552.093	3893.720	3697.362	1.020	1.024	1.026
729	3658.216	3502.359	3762.852	3669.685	1.012	1.016	1.009
730	3691.279	3515.074	3849.338	3719.883	1.026	1.030	1.018
731	3774.833	3379.610	4197.879	3752.283	1.035	1.039	1.041
732	3811.503	3430.332	4219.911	3794.691	1.047	1.051	1.051
733	3865.283	3513.617	4254.707	3884.888	1.072	1.076	1.066
734	3838.870	3479.943	4205.549	3794.946	1.047	1.051	1.059
735	3999.277	3383.246	4320.929	4069.623	1.123	1.127	1.103
736	4007.967	3469.201	4294.240	4058.760	1.120	1.124	1.106
737	4089.960	3575.731	4425.721	4119.013	1.136	1.140	1.128
738	4046.698	3465.193	4509.968	4116.457	1.136	1.140	1.116
739	4105.673	3473.415	4579.177	4174.350	1.151	1.156	1.133
740	4174.882	3503.595	4921.400	4149.580	1.145	1.149	1.152
741	4200.709	3534.717	4700.399	4203.527	1.160	1.164	1.159
742	4081.970	3504.270	4575.787	4060.972	1.120	1.124	1.126
743	4040.377	3729.098	4425.537	3949.640	1.089	1.093	1.115
744	4066.128	3447.127	4430.379	4112.202	1.134	1.138	1.122
745	3983.274	3625.455	4172.529	4011.227	1.106	1.111	1.099
746	3960.706	3580.034	4160.136	3968.481	1.095	1.099	1.093
747	3967.008	3696.971	4274.925	3944.746	1.088	1.092	1.094
748	4019.317	3661.467	4277.545	4039.110	1.114	1.118	1.109
749	3950.230	3644.316	4224.099	3966.586	1.094	1.098	1.090
750	3819.437	3454.083	4082.332	3838.794	1.059	1.063	1.054
751	3770.936	3436.752	4321.489	3737.868	1.031	1.035	1.040
752	3738.040	3502.949	4159.127	3641.198	1.004	1.008	1.031
753	3667.590	3510.294	3805.065	3691.395	1.018	1.022	1.012
754	3661.280	3327.219	3819.269	3749.828	1.034	1.038	1.010
755	3632.328	3275.575	3810.914	3697.923	1.020	1.024	1.002
756	3635.615	3323.639	3833.763	3660.325	1.010	1.013	1.003
757	3717.953	3397.858	4080.784	3658.296	1.009	1.013	1.026
758	3750.941	3330.674	4108.796	3774.933	1.041	1.045	1.035
759	3811.600	3423.106	4457.661	3732.455	1.030	1.033	1.051
760	3843.477	3581.170	4390.068	3770.496	1.040	1.044	1.060
761	3918.380	3624.255	4450.323	3822.569	1.054	1.058	1.081
762	4003.953	3453.635	4638.433	3934.112	1.085	1.089	1.104
763	3988.126	3520.586	4640.886	4022.294	1.110	1.114	1.100
764	4054.203	3713.153	4486.813	4013.013	1.107	1.111	1.118
765	4038.070	3711.365	4373.052	3992.133	1.101	1.105	1.114
766	3899.898	3545.483	4311.621	3912.302	1.079	1.083	1.076
767	3829.199	3500.291	4334.887	3836.740	1.058	1.062	1.056
768	3884.265	3539.113	4426.973	3858.402	1.064	1.068	1.071
769	3922.517	3681.018	4331.228	3857.053	1.064	1.068	1.082
770	4039.536	3588.827	4452.803	4035.523	1.113	1.117	1.114
771	4054.031	3687.469	4503.512	4060.740	1.120	1.124	1.118
772	4068.222	3597.252	4654.062	4093.493	1.129	1.133	1.122
773	4005.440	3543.936	4539.008	3929.623	1.084	1.088	1.105
774	4123.060	3828.383	4427.553	4093.660	1.129	1.133	1.137
775	3845.758	3604.020	3985.231	3847.305	1.061	1.065	1.061
776	3778.087	3486.997	3996.777	3776.505	1.042	1.046	1.042
777	3823.148	3507.161	4027.938	3925.661	1.083	1.087	1.055
778	3790.331	3613.584	3970.211	3834.594	1.058	1.062	1.046
779	3796.504	3535.641	3918.557	3851.545	1.062	1.066	1.047
780	3859.463	3692.967	3994.389	3879.600	1.070	1.074	1.065
781	3857.451	3740.784	4107.049	3820.696	1.054	1.058	1.064
782	3993.292	3794.580	4176.570	3997.435	1.103	1.107	1.102
783	4116.419	3834.411	4410.746	4126.262	1.138	1.142	1.135
784	4119.340	3654.849	4575.074	4099.917	1.131	1.135	1.136
785	4099.472	3634.620	4488.384	4049.283	1.117	1.121	1.131
786	4117.299	3722.822	4447.717	4193.750	1.157	1.161	1.136
787	4238.214	3749.087	4616.041	4309.416	1.189	1.193	1.169
788	4326.031	3722.527	4978.439	4219.522	1.164	1.168	1.193
789	4318.525	3766.234	4737.452	4344.750	1.198	1.203	1.191
790	4233.565	3798.491	4643.161	4256.644	1.174	1.178	1.168
791	4226.337	3889.052	4443.331	4272.599	1.179	1.183	1.166
792	4156.362	3685.162	4459.904	4254.502	1.174	1.178	1.147
793	3945.072	3611.574	4293.901	3908.155	1.078	1.082	1.088
794	4013.448	3718.174	4364.285	3998.054	1.103	1.107	1.107
795	4193.859	3830.515	4512.320	4171.133	1.151	1.155	1.157
796	4467.081	3987.814	5016.642	4440.007	1.225	1.229	1.232
797	4862.037	4010.371	6495.454	4621.632	1.275	1.280	1.341
798	5538.729	3990.805	7263.166	5379.415	1.484	1.489	1.528
799	5704.700	3981.393	8446.255	5292.965	1.460	1.465	1.574
800	5213.099	4035.369	6689.031	5071.616	1.399	1.404	1.438
801	4725.210	4059.825	5612.261	4743.008	1.308	1.313	1.303
802	4414.029	3787.419	5060.376	4378.034	1.208	1.212	1.218
803	4241.115	3767.250	4630.745	4236.382	1.169	1.173	1.170
804	4206.581	4005.833	4320.943	4263.664	1.176	1.180	1.160
805	4227.179	3679.759	4621.480	4321.939	1.192	1.197	1.166
806	4198.188	3775.527	4542.380	4260.133	1.175	1.179	1.158
807	4429.138	4013.015	4976.455	4389.562	1.211	1.215	1.222
808	4595.783	4091.329	5060.387	4640.917	1.280	1.285	1.268
809	4587.047	4093.520	4920.851	4575.229	1.262	1.267	1.265
810	4853.074	4006.813	5607.400	4923.594	1.358	1.363	1.339
811	5102.464	4121.825	6323.426	5049.974	1.393	1.398	1.407
812	4935.690	3924.803	5731.030	5090.732	1.404	1.409	1.361
813	4530.236	3941.688	5193.608	4687.210	1.293	1.298	1.250
814	4285.088	3673.055	4780.243	4406.680	1.216	1.220	1.182
815	4048.659	3755.638	4322.643	4036.477	1.113	1.118	1.117
816	3925.200	3747.171	4054.589	3948.244	1.089	1.093	1.083
817	3949.699	3683.987	4083.045	4001.642	1.104	1.108	1.090
818	3912.562	3730.564	4165.111	3885.677	1.072	1.076	1.079
819	3925.543	3691.164	4173.678	3868.539	1.067	1.071	1.083
820	4109.385	3796.396	4609.979	4072.966	1.124	1.128	1.134
821	4089.266	3826.417	4498.689	4064.221	1.121	1.125	1.128
822	4022.887	3721.863	4338.480	4044.740	1.116	1.120	1.110
823	4213.793	3866.266	4682.576	4167.327	1.150	1.154	1.162
824	4335.306	4008.065	4930.787	4232.137	1.167	1.172	1.196
825	4554.645	4012.411	5059.574	4527.327	1.249	1.253	1.256
826	4542.915	4233.711	4948.061	4515.135	1.245	1.250	1.253
827	4533.054	3969.807	5213.624	4543.097	1.253	1.258	1.250
828	4537.274	3944.332	5517.209	4422.229	1.220	1.224	1.252
829	4521.849	4055.512	5528.837	4412.082	1.217	1.222	1.247
830	4282.396	3952.353	4738.419	4242.685	1.170	1.175	1.181
831	4280.395	4022.543	4572.528	4244.336	1.171	1.175	1.181
832	4386.677	3935.605	4891.396	4354.821	1.201	1.206	1.210
833	4501.080	4044.535	5052.331	4514.281	1.245	1.250	1.242
834	4735.272	4110.123	5582.800	4617.865	1.274	1.278	1.306
835	4509.062	3955.068	5131.282	4458.533	1.230	1.234	1.244
836	4495.281	3833.196	5232.924	4495.385	1.240	1.245	1.240
837	4361.887	3952.736	4937.890	4301.610	1.187	1.191	1.203
838	4472.521	3959.681	5149.617	4426.682	1.221	1.226	1.234
839	4274.700	3626.075	4737.270	4323.770	1.193	1.197	1.179
840	4494.882	3843.218	4918.327	4531.773	1.250	1.255	1.240
841	4788.603	3940.248	5915.813	4686.929	1.293	1.298	1.321
842	4848.117	4088.067	5693.691	4786.468	1.320	1.325	1.337
843	4967.720	3640.594	5902.195	5168.000	1.426	1.431	1.370
844	4921.781	3814.354	5888.904	4964.812	1.370	1.375	1.358
845	5023.626	3989.225	5862.919	5159.427	1.423	1.428	1.386
846	5398.798	3954.062	6529.625	5435.125	1.499	1.505	1.489
847	5526.031	3957.994	6990.407	5598.652	1.544	1.550	1.524
848	5734.168	3918.095	7341.843	5766.469	1.591	1.596	1.582
849	5762.563	3914.264	7780.226	5600.277	1.545	1.550	1.590
850	5486.030	4059.290	7370.546	5459.556	1.506	1.512	1.513
851	5115.853	3931.448	6125.630	5235.384	1.444	1.449	1.411
852	4995.673	4150.711	5560.610	5026.236	1.386	1.392	1.378
853	4818.544	3824.361	5359.297	4922.209	1.358	1.363	1.329
854	4797.647	3887.693	5500.374	4865.865	1.342	1.347	1.323
855	5011.792	3938.236	5902.821	5031.193	1.388	1.393	1.382
856	5098.025	3980.183	5522.963	5300.464	1.462	1.467	1.406
857	5250.419	3838.055	6221.191	5143.705	1.419	1.424	1.448
858	5488.677	3926.576	7498.762	5024.151	1.386	1.391	1.514
859	5555.377	3860.236	7743.001	5057.303	1.395	1.400	1.532
860	5213.097	3887.165	6920.485	5007.449	1.381	1.386	1.438
861	4747.333	3630.217	5877.672	4745.076	1.309	1.314	1.310
862	4521.743	3647.506	5340.052	4541.375	1.253	1.257	1.247
863	4193.989	3643.080	4596.537	4233.095	1.168	1.172	1.157
864	4196.970	3739.615	4660.565	4218.580	1.164	1.168	1.158
865	4332.953	3787.133	4565.021	4383.955	1.209	1.214	1.195
866	4488.186	3935.887	4881.162	4504.721	1.243	1.247	1.238
867	4721.412	4149.217	5123.998	4787.890	1.321	1.326	1.302
868	4772.938	3999.922	5598.097	4665.841	1.287	1.292	1.317
869	4804.614	3898.361	5619.506	4797.010	1.323	1.328	1.325
870	4712.424	3921.744	5213.764	4833.105	1.333	1.338	1.300
871	4392.582	3940.407	4749.806	4416.156	1.218	1.223	1.212
872	4203.637	4025.148	4321.153	4203.773	1.160	1.164	1.160
873	4241.878	4016.918	4684.578	4217.032	1.163	1.168	1.170
874	4310.582	3956.147	4843.008	4335.833	1.196	1.200	1.189
875	4370.427	4083.172	4905.783	4305.345	1.188	1.192	1.206
876	4468.472	4129.278	4942.711	4418.200	1.219	1.223	1.233
877	4239.318	4059.914	4533.345	4182.857	1.154	1.158	1.169
878	4131.654	3916.500	4368.969	4121.648	1.137	1.141	1.140
879	4076.144	3736.533	4316.172	4060.816	1.120	1.124	1.124
880	3992.747	3595.739	4352.951	3932.548	1.085	1.089	1.101
881	4045.351	3820.962	4480.479	3942.290	1.087	1.091	1.116
882	4177.713	3844.454	4624.361	4154.512	1.146	1.150	1.152
883	4302.637	3597.678	5134.074	4332.975	1.195	1.200	1.187
884	4171.076	3490.256	5165.050	4026.873	1.111	1.115	1.151
885	4132.321	3513.874	4801.112	4187.108	1.155	1.159	1.140
886	4023.655	3535.407	4524.564	4043.980	1.116	1.120	1.110
887	3968.487	3780.348	4282.115	3942.098	1.087	1.091	1.095
888	3948.208	3554.362	4281.421	4011.725	1.107	1.111	1.089
889	4068.941	3593.572	4718.697	4004.313	1.105	1.109	1.122
890	4230.510	3637.655	5073.613	4153.891	1.146	1.150	1.167
891	4233.754	3718.370	5001.118	4211.601	1.162	1.166	1.168
892	4157.671	3750.287	4630.879	4166.813	1.149	1.154	1.147
893	4193.500	3596.579	4670.019	4230.551	1.167	1.171	1.157
894	4292.676	3773.590	4994.065	4288.696	1.183	1.187	1.184
895	4300.043	3709.086	5239.224	4195.238	1.157	1.161	1.186
896	4511.781	3926.026	4983.984	4550.816	1.255	1.260	1.245
897	4616.740	4034.872	5086.809	4690.060	1.294	1.298	1.274
898	4501.631	3936.142	4924.977	4575.158	1.262	1.267	1.242
899	4657.282	3756.100	5434.981	4656.824	1.285	1.289	1.285
900	4828.216	3933.131	5964.139	4786.577	1.320	1.325	1.332
901	4710.441	4132.930	5036.847	4761.409	1.313	1.318	1.299
902	5234.289	4187.673	6094.143	5275.997	1.455	1.461	1.444
903	5319.862	4171.234	6397.763	5323.218	1.468	1.474	1.467
904	5256.110	4462.157	6167.651	5143.243	1.419	1.424	1.450
905	5301.425	4437.588	6208.154	5263.163	1.452	1.457	1.462
906	4927.220	4204.735	5366.795	5062.392	1.396	1.402	1.359
907	4779.370	4190.812	5249.677	4836.719	1.334	1.339	1.318
908	4627.594	4076.923	5249.267	4485.748	1.237	1.242	1.276
909	4651.847	4296.980	5055.523	4635.743	1.279	1.283	1.283
910	4700.191	4214.922	5236.027	4731.042	1.305	1.310	1.297
911	4464.184	4086.967	5330.048	4391.171	1.211	1.216	1.231
912	4493.993	3995.102	5357.085	4473.574	1.234	1.239	1.240
913	4428.463	3819.178	5019.729	4546.630	1.254	1.259	1.222
914	4506.334	3820.064	5092.363	4613.793	1.273	1.277	1.243
915	4759.844	3910.727	5390.658	4833.509	1.333	1.338	1.313
916	4665.907	4081.594	5204.381	4655.101	1.284	1.289	1.287
917	4492.520	4196.534	4930.806	4394.582	1.212	1.217	1.239
918	4540.396	3974.898	5124.733	4564.973	1.259	1.264	1.252
919	4542.039	4086.484	5136.311	4574.163	1.262	1.266	1.253
920	4861.832	4392.911	5157.695	4922.621	1.358	1.363	1.341
921	5225.351	4790.699	5750.869	5224.672	1.441	1.446	1.441
922	5525.142	4510.101	6682.232	5708.167	1.575	1.580	1.524
923	6314.548	4314.526	8566.677	6177.124	1.704	1.710	1.742
924	6274.400	4280.963	8878.384	6332.265	1.747	1.753	1.731
925	6114.382	4352.628	8102.691	6315.021	1.742	1.748	1.687
926	5950.331	4442.731	7490.562	6001.917	1.656	1.662	1.641
927	6029.334	4330.030	7465.934	6019.537	1.660	1.667	1.663
928	6319.462	4660.582	8134.142	6272.289	1.730	1.737	1.743
929	6287.456	4539.428	7811.937	6439.387	1.776	1.783	1.734
930	6142.525	4642.121	7194.616	6386.672	1.762	1.768	1.694
931	5985.224	4849.897	7367.905	6021.690	1.661	1.667	1.651
932	5912.824	4289.348	6764.676	6291.231	1.735	1.742	1.631
933	5827.313	4428.358	7834.875	5685.974	1.568	1.574	1.607
934	5495.825	4264.746	7288.818	5288.312	1.459	1.464	1.516
935	4975.269	4177.468	6267.518	4812.723	1.328	1.332	1.372
936	4678.526	4194.875	5398.211	4648.325	1.282	1.287	1.291
937	4499.969	3901.157	4904.579	4598.883	1.269	1.273	1.241
938	4697.973	3927.969	5399.908	4945.828	1.364	1.369	1.296
939	4748.639	3829.387	5778.322	4717.220	1.301	1.306	1.310
940	4960.014	3803.367	6469.562	4784.207	1.320	1.325	1.368
941	5168.476	3884.695	7040.737	5048.930	1.393	1.398	1.426
942	5184.179	3805.397	6705.820	5016.741	1.384	1.389	1.430
943	4872.696	3709.487	6448.735	4634.924	1.279	1.283	1.344
944	4559.446	3582.952	5961.756	4368.559	1.205	1.209	1.258
945	4399.102	3546.918	5315.867	4375.008	1.207	1.211	1.213
946	4258.599	3675.119	5155.206	4045.637	1.116	1.120	1.175
947	4163.107	3534.406	5023.736	3868.636	1.067	1.071	1.148
948	3977.922	3508.516	4619.528	3787.044	1.045	1.048	1.097
949	4028.547	3552.617	4739.527	3875.146	1.069	1.073	1.111
950	4145.044	3526.427	4983.529	3957.521	1.092	1.096	1.143
951	4136.651	3599.293	5118.842	3960.225	1.092	1.096	1.141
952	4245.991	3508.808	5161.177	4256.483	1.174	1.178	1.171
953	4434.993	3593.012	5271.097	4485.783	1.237	1.242	1.223
954	4477.218	3729.237	5091.127	4503.695	1.242	1.247	1.235
955	4661.684	3637.424	5508.285	4803.208	1.325	1.330	1.286
956	4932.340	3786.916	6009.193	5209.850	1.437	1.442	1.361
957	5138.438	3841.277	6131.658	5341.774	1.473	1.479	1.417
958	5181.866	3947.806	6491.667	5313.042	1.466	1.471	1.429
959	5118.323	3915.229	5970.525	5240.667	1.446	1.451	1.412
960	4970.284	4002.093	5992.736	4891.969	1.349	1.354	1.371
961	4846.225	3997.079	5545.417	4853.660	1.339	1.344	1.337
962	4685.364	4101.538	5122.287	4645.284	1.281	1.286	1.292
963	4853.209	4374.282	5177.973	4921.603	1.358	1.363	1.339
964	5028.576	4621.590	5527.432	5020.519	1.385	1.390	1.387
965	5584.219	4798.674	6843.953	5178.140	1.428	1.434	1.540
966	6447.348	4820.469	8764.633	5944.062	1.640	1.646	1.778
967	7502.815	5480.299	10088.069	7131.928	1.967	1.975	2.070
968	7379.630	5418.688	10101.596	7143.724	1.971	1.978	2.036
969	7034.794	5421.470	9276.584	6697.034	1.847	1.854	1.941
970	7336.718	5971.114	9485.264	7349.688	2.027	2.035	2.024
971	7987.992	6049.109	10464.209	7754.590	2.139	2.147	2.203
972	7894.329	6116.840	9965.846	7915.731	2.184	2.192	2.178
973	7440.776	5908.294	8682.104	7555.327	2.084	2.092	2.052
974	7166.830	5895.454	9604.820	6868.911	1.895	1.902	1.977
975	6537.038	5328.419	9315.834	6171.032	1.702	1.708	1.803
976	5805.632	4816.115	8084.846	5455.778	1.505	1.510	1.601
977	5374.161	4297.547	6541.152	5486.992	1.514	1.519	1.482
978	5392.176	4300.683	6263.078	5617.711	1.550	1.555	1.487
979	5464.021	4526.302	6555.325	5450.468	1.503	1.509	1.507
980	5377.714	4234.861	6908.961	5335.155	1.472	1.477	1.483
981	5518.773	4485.942	6744.316	5625.828	1.552	1.558	1.522
982	6075.681	4806.267	7952.541	5858.495	1.616	1.622	1.676
983	6056.564	5019.589	7098.121	5799.747	1.600	1.606	1.671
984	6320.367	5331.793	6937.979	6490.401	1.790	1.797	1.743
985	6431.791	5519.029	6999.444	6400.452	1.766	1.772	1.774
986	6445.574	5705.313	7264.454	6525.142	1.800	1.807	1.778
987	6092.689	5222.469	6716.806	6173.092	1.703	1.709	1.681
988	5558.144	4996.860	5992.218	5728.875	1.580	1.586	1.533
989	5156.292	4357.768	5909.771	5021.722	1.385	1.390	1.422
990	5011.171	4496.340	5494.401	4933.237	1.361	1.366	1.382
991	5169.450	4676.161	5833.246	5094.266	1.405	1.410	1.426
992	5499.460	4667.554	6516.317	5414.588	1.494	1.499	1.517
993	5883.047	4637.026	7419.245	5784.746	1.596	1.602	1.623
994	6241.875	4893.821	8317.951	5858.550	1.616	1.622	1.722
995	6100.062	4474.566	8676.082	5670.475	1.564	1.570	1.683
996	5711.350	4254.381	7949.093	5185.942	1.431	1.436	1.575
997	5450.657	4347.193	6863.941	5174.685	1.427	1.433	1.504
998	5324.497	4549.510	6327.337	5133.272	1.416	1.421	1.469
999	4980.975	4447.958	5505.166	4928.353	1.359	1.364	1.374
1000	5382.636	4987.102	6123.542	5318.361	1.467	1.472	1.485
1001	5738.687	4751.430	6605.862	5832.380	1.609	1.615	1.583
1002	5864.193	4886.716	7408.555	5742.323	1.584	1.590	1.618
1003	5491.639	4658.740	6915.175	5166.992	1.425	1.431	1.515
1004	5082.464	4627.484	6151.890	4898.057	1.351	1.356	1.402
1005	4707.806	4222.920	5152.571	4764.365	1.314	1.319	1.299
1006	4627.582	4327.877	5369.757	4463.471	1.231	1.236	1.276
1007	4643.282	4159.401	5634.352	4401.308	1.214	1.219	1.281
1008	4681.562	4119.599	6071.562	4500.807	1.242	1.246	1.291
1009	4499.695	4069.135	5944.940	4233.314	1.168	1.172	1.241
1010	4264.250	3974.953	4943.335	4075.738	1.124	1.128	1.176
1011	4252.445	3908.757	4784.533	4265.434	1.177	1.181	1.173
1012	4213.280	4004.278	4689.706	4119.727	1.136	1.141	1.162
1013	4127.294	3750.074	4611.914	4107.994	1.133	1.137	1.138
1014	4373.340	4071.162	4646.845	4397.514	1.213	1.217	1.206
1015	4645.528	4191.917	5199.738	4675.110	1.290	1.294	1.281
1016	4997.506	4263.776	5848.555	4945.150	1.364	1.369	1.379
1017	5392.343	4727.375	6317.198	5275.567	1.455	1.461	1.487
1018	5664.498	4734.745	7186.240	5239.327	1.445	1.451	1.563
1019	5861.643	4396.391	7942.322	5266.040	1.453	1.458	1.617
1020	5862.552	4430.716	7817.043	5375.675	1.483	1.488	1.617
1021	5925.561	4704.563	7307.319	5792.081	1.598	1.604	1.635
1022	5916.498	4514.078	7165.354	6045.205	1.668	1.674	1.632
1023	5878.679	4688.426	7296.791	5612.031	1.548	1.554	1.622
1024	5906.462	5118.268	6805.077	5832.965	1.609	1.615	1.629
1025	6004.125	5418.855	6634.648	6024.474	1.662	1.668	1.656
1026	5739.036	5020.505	6541.745	5765.887	1.590	1.596	1.583
1027	5345.688	4766.226	5984.087	5291.112	1.460	1.465	1.475
1028	5023.094	4422.647	5670.273	4987.036	1.376	1.381	1.386
1029	4778.444	4218.812	5419.101	4766.917	1.315	1.320	1.318
1030	4559.937	4240.627	4833.068	4626.058	1.276	1.281	1.258
1031	4622.060	4180.129	4900.247	4641.651	1.280	1.285	1.275
1032	4942.999	4521.115	5356.903	4960.917	1.368	1.373	1.363
1033	5024.707	4614.900	5387.431	5073.329	1.399	1.405	1.386
1034	4941.666	4412.357	5263.032	5058.342	1.395	1.400	1.363
1035	5201.924	4515.851	6121.746	5060.446	1.396	1.401	1.435
1036	5313.462	4451.396	6358.500	5332.865	1.471	1.476	1.466
1037	5503.087	4689.270	6608.610	5393.173	1.488	1.493	1.518
1038	5443.103	4645.692	6615.303	5305.105	1.463	1.469	1.501
1039	5440.451	4747.785	6454.729	5438.602	1.500	1.506	1.501
1040	3580.918	3329.274	3755.255	3605.665	0.995	0.998	0.988
1041	3580.918	3329.274	3755.255	3605.665	0.995	0.998	0.988
