 	Mean	Min	Max	Median	Max_to_bgmean	Median_to_bgmedian	Mean_to_bgmean
1	3572.971	3468.768	3851.577	3548.449	1.106	1.106	1.114
2	3580.818	3309.577	3765.233	3581.605	1.116	1.117	1.116
3	3645.771	3432.956	3837.921	3658.000	1.140	1.141	1.136
4	3749.262	3442.294	3969.646	3795.729	1.183	1.184	1.169
5	3937.502	3579.304	4267.437	3995.222	1.245	1.246	1.227
6	4069.201	3769.150	4507.804	4009.022	1.250	1.250	1.268
7	4163.451	3695.163	4546.345	4128.017	1.287	1.287	1.298
8	4261.042	3853.121	4677.848	4179.014	1.303	1.303	1.328
9	4101.704	3673.551	4507.009	4152.083	1.294	1.295	1.279
10	4151.224	3697.344	4694.497	4106.439	1.280	1.280	1.294
11	4272.431	3709.766	4980.711	4264.910	1.329	1.330	1.332
12	4193.514	3699.999	4796.396	4077.831	1.271	1.272	1.307
13	4233.495	3666.171	4903.108	4316.750	1.346	1.346	1.320
14	4082.699	3593.107	4413.293	4172.252	1.301	1.301	1.273
15	4041.773	3816.926	4311.034	4032.865	1.257	1.258	1.260
16	4094.554	3680.714	4734.187	4033.973	1.257	1.258	1.276
17	4019.407	3669.431	4488.937	4112.415	1.282	1.282	1.253
18	3889.505	3431.945	4156.494	3973.422	1.239	1.239	1.212
19	3937.223	3648.646	4289.786	3904.259	1.217	1.217	1.227
20	3951.875	3684.081	4188.904	3887.944	1.212	1.212	1.232
21	3911.634	3494.470	4502.412	3811.892	1.188	1.189	1.219
22	3858.193	3562.621	4109.455	3894.721	1.214	1.214	1.203
23	3857.225	3594.812	4137.809	3842.158	1.198	1.198	1.202
24	3844.674	3569.941	4475.082	3784.940	1.180	1.180	1.198
25	4047.107	3529.188	5792.607	3728.998	1.162	1.163	1.262
26	4309.171	3523.292	7022.232	3898.822	1.215	1.216	1.343
27	4359.282	3476.619	6933.526	3786.128	1.180	1.181	1.359
28	4138.381	3569.000	5809.351	3718.924	1.159	1.160	1.290
29	3943.315	3538.221	4810.685	3780.648	1.178	1.179	1.229
30	3726.161	3516.570	4204.019	3712.781	1.157	1.158	1.161
31	3685.711	3471.510	3984.074	3650.157	1.138	1.138	1.149
32	3738.083	3558.651	3971.469	3725.451	1.161	1.162	1.165
33	3660.202	3584.315	3778.734	3647.777	1.137	1.137	1.141
34	3542.721	3437.388	3606.923	3549.958	1.107	1.107	1.104
35	3488.869	3356.092	3660.758	3481.404	1.085	1.086	1.088
36	3493.679	3343.904	3635.038	3503.902	1.092	1.093	1.089
37	3560.833	3344.231	3718.572	3577.267	1.115	1.115	1.110
38	3637.761	3494.859	3873.115	3624.152	1.130	1.130	1.134
39	3684.168	3367.100	4173.238	3630.473	1.132	1.132	1.148
40	3706.493	3543.678	4230.073	3625.284	1.130	1.130	1.155
41	3653.685	3450.511	3876.296	3630.163	1.132	1.132	1.139
42	3590.523	3435.352	3903.205	3508.564	1.094	1.094	1.119
43	3537.874	3330.196	3770.933	3522.630	1.098	1.098	1.103
44	3580.779	3450.526	3832.178	3561.866	1.110	1.111	1.116
45	3595.506	3461.659	3759.410	3594.282	1.120	1.121	1.121
46	3570.327	3423.830	3741.374	3568.769	1.112	1.113	1.113
47	3554.449	3371.279	3781.369	3547.629	1.106	1.106	1.108
48	3544.772	3438.796	3655.849	3556.596	1.109	1.109	1.105
49	3551.274	3328.470	3896.432	3549.993	1.107	1.107	1.107
50	3666.347	3319.422	4013.253	3615.605	1.127	1.127	1.143
51	3655.429	3393.608	3922.851	3673.820	1.145	1.146	1.139
52	3842.117	3546.500	4412.530	3692.128	1.151	1.151	1.198
53	4083.290	3662.744	5084.866	3869.814	1.206	1.207	1.273
54	4481.331	3710.579	7011.139	4190.968	1.306	1.307	1.397
55	4615.248	3624.853	7280.051	4202.350	1.310	1.310	1.439
56	4570.118	3481.974	7776.014	4050.232	1.263	1.263	1.425
57	4574.401	3594.957	7553.751	4140.245	1.291	1.291	1.426
58	4156.094	3596.720	5399.614	3974.033	1.239	1.239	1.296
59	3914.010	3540.097	4412.439	3815.586	1.189	1.190	1.220
60	3848.774	3591.736	4283.813	3790.669	1.182	1.182	1.200
61	3814.843	3538.890	3994.197	3821.023	1.191	1.191	1.189
62	4070.444	3755.671	4634.531	3972.111	1.238	1.239	1.269
63	4354.686	3733.721	5136.366	4258.593	1.327	1.328	1.357
64	4853.167	3843.677	6241.077	4737.888	1.477	1.477	1.513
65	5202.715	3673.262	6690.368	5404.181	1.685	1.685	1.622
66	5297.788	3684.357	6492.966	5522.592	1.721	1.722	1.651
67	5193.523	3480.789	6311.958	5457.329	1.701	1.702	1.619
68	4924.724	3839.866	5697.705	5003.394	1.560	1.560	1.535
69	4773.910	3915.759	5366.985	4860.177	1.515	1.515	1.488
70	4508.411	3725.528	5434.286	4468.741	1.393	1.393	1.405
71	4142.608	3630.241	4822.991	3925.468	1.224	1.224	1.291
72	3926.076	3520.665	4279.326	3912.948	1.220	1.220	1.224
73	3690.532	3450.328	4102.815	3635.377	1.133	1.134	1.150
74	3562.335	3386.307	3772.996	3562.255	1.110	1.111	1.110
75	3625.213	3397.560	3993.186	3568.152	1.112	1.113	1.130
76	3589.037	3449.178	3810.465	3574.010	1.114	1.114	1.119
77	3591.915	3421.912	3812.998	3577.483	1.115	1.116	1.120
78	3614.972	3475.132	4004.091	3575.132	1.114	1.115	1.127
79	3617.971	3408.464	3778.406	3636.993	1.134	1.134	1.128
80	3662.902	3499.087	3841.115	3624.792	1.130	1.130	1.142
81	3668.468	3458.362	4040.491	3625.257	1.130	1.130	1.144
82	3700.484	3461.360	4080.854	3668.907	1.144	1.144	1.153
83	3854.054	3416.040	4184.202	4000.624	1.247	1.247	1.201
84	4040.116	3391.278	4873.351	4070.004	1.269	1.269	1.259
85	4097.343	3693.735	4797.942	3969.856	1.237	1.238	1.277
86	3883.624	3717.047	4204.564	3867.328	1.205	1.206	1.211
87	3699.019	3428.511	3979.838	3685.472	1.149	1.149	1.153
88	3693.097	3343.410	3838.678	3729.086	1.162	1.163	1.151
89	3675.795	3443.141	3829.089	3744.853	1.167	1.168	1.146
90	3647.068	3471.244	3828.258	3635.459	1.133	1.134	1.137
91	3552.944	3394.654	3705.035	3565.951	1.112	1.112	1.107
92	3542.854	3373.696	3787.581	3529.170	1.100	1.100	1.104
93	3540.744	3447.088	3651.539	3538.999	1.103	1.104	1.104
94	3629.377	3503.304	3876.918	3576.080	1.115	1.115	1.131
95	3558.688	3411.383	3760.629	3529.321	1.100	1.101	1.109
96	3498.509	3420.131	3631.084	3497.754	1.090	1.091	1.091
97	3539.209	3372.234	3693.772	3527.701	1.100	1.100	1.103
98	3542.160	3380.800	3660.681	3552.764	1.107	1.108	1.104
99	3582.824	3418.193	3766.580	3574.465	1.114	1.115	1.117
100	3617.335	3302.194	4124.569	3572.150	1.113	1.114	1.128
101	3681.056	3281.718	4412.353	3529.308	1.100	1.101	1.147
102	3703.267	3347.685	4345.719	3489.004	1.088	1.088	1.154
103	3771.449	3563.284	4167.029	3674.404	1.145	1.146	1.176
104	3750.280	3579.224	4092.302	3673.713	1.145	1.146	1.169
105	3690.855	3481.029	3867.121	3706.371	1.155	1.156	1.150
106	3742.266	3590.546	3885.545	3751.576	1.169	1.170	1.167
107	3715.735	3501.655	3931.287	3719.981	1.160	1.160	1.158
108	3828.376	3515.067	4270.543	3782.295	1.179	1.179	1.193
109	3859.333	3568.001	4523.801	3722.698	1.160	1.161	1.203
110	3896.307	3603.075	4815.011	3735.966	1.165	1.165	1.215
111	3764.514	3512.536	4876.763	3593.064	1.120	1.120	1.173
112	3631.483	3372.927	4030.377	3623.915	1.130	1.130	1.132
113	3558.809	3459.995	3728.406	3539.040	1.103	1.104	1.109
114	3530.103	3441.790	3685.182	3487.941	1.087	1.088	1.100
115	3527.461	3339.707	3735.678	3507.724	1.093	1.094	1.100
116	3537.653	3268.399	3669.887	3574.701	1.114	1.115	1.103
117	3538.087	3372.099	3676.820	3541.410	1.104	1.104	1.103
118	3619.297	3459.908	3789.143	3636.609	1.134	1.134	1.128
119	3859.283	3405.963	4429.016	3769.443	1.175	1.175	1.203
120	3984.155	3413.312	5107.973	3822.664	1.192	1.192	1.242
121	4111.422	3406.262	5135.679	4055.227	1.264	1.264	1.282
122	4085.880	3471.340	5260.459	3843.350	1.198	1.198	1.274
123	3850.136	3541.375	4356.241	3789.410	1.181	1.182	1.200
124	3836.111	3480.788	4076.608	3858.521	1.203	1.203	1.196
125	3729.958	3417.365	4141.150	3705.491	1.155	1.155	1.163
126	3734.965	3465.538	4410.883	3692.597	1.151	1.151	1.164
127	3760.667	3448.691	4241.720	3721.303	1.160	1.160	1.172
128	3700.898	3489.202	4527.053	3639.800	1.135	1.135	1.154
129	3678.651	3384.219	4236.686	3610.637	1.125	1.126	1.147
130	3667.615	3464.345	3885.329	3657.875	1.140	1.141	1.143
131	3661.876	3501.760	3768.744	3669.536	1.144	1.144	1.141
132	3718.352	3555.158	3917.364	3719.943	1.160	1.160	1.159
133	3718.554	3401.906	4091.909	3698.136	1.153	1.153	1.159
134	3754.217	3293.083	4246.619	3695.804	1.152	1.152	1.170
135	3753.030	3481.195	4180.036	3625.135	1.130	1.130	1.170
136	3826.944	3585.636	4217.730	3668.019	1.143	1.144	1.193
137	3693.312	3494.354	3933.449	3628.048	1.131	1.131	1.151
138	3648.571	3491.830	4057.090	3606.263	1.124	1.124	1.137
139	3611.995	3451.509	3816.949	3601.585	1.123	1.123	1.126
140	3612.488	3508.059	3724.354	3626.211	1.130	1.131	1.126
141	3552.979	3411.829	3665.372	3553.540	1.108	1.108	1.108
142	3517.048	3444.393	3635.483	3497.959	1.090	1.091	1.096
143	3546.657	3433.118	3716.276	3534.758	1.102	1.102	1.106
144	3620.007	3524.067	3812.423	3600.354	1.122	1.123	1.128
145	3600.157	3468.085	3796.469	3606.353	1.124	1.125	1.122
146	3578.480	3446.561	3736.924	3558.425	1.109	1.110	1.115
147	3570.538	3383.073	3757.473	3568.492	1.112	1.113	1.113
148	3783.385	3582.362	4065.288	3735.208	1.164	1.165	1.179
149	3870.217	3506.282	4319.582	3834.301	1.195	1.196	1.206
150	3825.581	3398.442	4429.771	3848.201	1.200	1.200	1.192
151	3814.059	3585.264	4229.747	3816.035	1.189	1.190	1.189
152	3771.248	3547.434	4200.704	3695.375	1.152	1.152	1.176
153	3675.697	3514.504	3888.860	3658.499	1.140	1.141	1.146
154	3614.278	3500.639	3699.667	3623.055	1.129	1.130	1.127
155	3627.035	3443.751	3899.232	3609.000	1.125	1.125	1.131
156	3553.992	3425.458	3773.167	3518.743	1.097	1.097	1.108
157	3632.125	3449.479	3850.389	3624.450	1.130	1.130	1.132
158	3537.445	3435.159	3665.975	3534.756	1.102	1.102	1.103
159	3522.779	3407.921	3700.200	3520.551	1.097	1.098	1.098
160	3470.124	3287.021	3803.229	3448.366	1.075	1.075	1.082
161	3592.583	3358.263	3976.917	3502.216	1.092	1.092	1.120
162	3789.344	3381.005	4309.390	3709.195	1.156	1.157	1.181
163	3957.975	3358.226	4766.404	3758.292	1.172	1.172	1.234
164	4141.736	3527.567	5300.561	3689.394	1.150	1.150	1.291
165	4205.729	3476.412	5378.257	3878.733	1.209	1.209	1.311
166	4122.494	3446.547	5360.223	3799.017	1.184	1.185	1.285
167	3907.363	3471.539	4769.874	3700.857	1.154	1.154	1.218
168	3734.666	3543.456	4105.375	3666.528	1.143	1.143	1.164
169	3633.691	3445.604	3810.296	3683.285	1.148	1.149	1.133
170	3535.492	3429.453	3628.457	3546.951	1.106	1.106	1.102
171	3547.787	3419.548	3628.509	3552.908	1.107	1.108	1.106
172	3590.248	3465.164	3699.247	3608.006	1.125	1.125	1.119
173	3659.286	3463.921	3984.281	3631.534	1.132	1.132	1.141
174	3751.904	3638.829	3947.874	3721.629	1.160	1.160	1.170
175	3768.890	3649.002	3968.533	3738.250	1.165	1.166	1.175
176	3995.679	3695.900	4430.643	3894.182	1.214	1.214	1.245
177	4135.036	3617.379	5236.512	4017.831	1.252	1.253	1.289
178	4495.990	3589.923	6038.727	4235.185	1.320	1.321	1.401
179	4502.196	3578.350	5742.448	4393.079	1.369	1.370	1.403
180	4347.557	3539.114	5238.342	4446.822	1.386	1.387	1.355
181	4152.402	3675.514	4558.109	4137.113	1.290	1.290	1.294
182	4033.480	3663.991	4288.008	4045.483	1.261	1.261	1.257
183	3866.953	3623.953	4207.698	3821.361	1.191	1.192	1.205
184	3851.373	3679.167	4098.593	3804.055	1.186	1.186	1.201
185	3857.611	3649.935	4181.903	3854.410	1.201	1.202	1.202
186	3760.395	3521.419	3902.903	3788.293	1.181	1.181	1.172
187	3748.179	3630.792	3916.119	3738.128	1.165	1.166	1.168
188	3671.759	3421.701	3942.118	3633.793	1.133	1.133	1.145
189	3714.945	3520.044	3920.015	3731.433	1.163	1.164	1.158
190	3730.664	3499.568	4067.467	3675.518	1.146	1.146	1.163
191	3643.416	3501.997	3924.958	3556.354	1.109	1.109	1.136
192	3572.420	3442.518	3860.459	3526.029	1.099	1.099	1.114
193	3509.857	3345.231	3670.477	3515.505	1.096	1.096	1.094
194	3469.251	3321.929	3550.727	3511.873	1.095	1.095	1.081
195	3483.349	3315.157	3632.933	3519.155	1.097	1.097	1.086
196	3568.438	3413.115	3865.753	3493.050	1.089	1.089	1.112
197	3708.302	3457.452	3972.405	3768.100	1.175	1.175	1.156
198	3572.247	3398.878	3715.503	3579.406	1.116	1.116	1.114
199	3552.003	3360.934	3784.736	3541.165	1.104	1.104	1.107
200	3486.026	3359.965	3649.644	3479.304	1.085	1.085	1.087
201	3572.459	3397.891	3760.782	3592.811	1.120	1.120	1.114
202	3560.283	3399.756	3808.938	3572.890	1.114	1.114	1.110
203	3571.860	3454.992	3720.338	3541.844	1.104	1.104	1.113
204	3594.040	3463.244	3719.326	3578.308	1.115	1.116	1.120
205	3508.083	3352.111	3663.217	3512.573	1.095	1.095	1.094
206	3470.764	3352.114	3568.585	3456.349	1.077	1.078	1.082
207	3515.984	3359.855	3717.085	3492.394	1.089	1.089	1.096
208	3527.229	3400.966	3781.611	3463.188	1.080	1.080	1.099
209	3511.536	3405.953	3650.170	3495.808	1.090	1.090	1.095
210	3493.335	3333.677	3673.335	3494.596	1.089	1.090	1.089
211	3589.909	3395.676	3886.024	3561.331	1.110	1.110	1.119
212	3609.595	3421.209	3965.880	3585.377	1.118	1.118	1.125
213	3646.588	3476.339	3894.067	3615.373	1.127	1.127	1.137
214	3603.004	3483.385	3772.786	3582.101	1.117	1.117	1.123
215	3659.360	3504.261	3844.165	3635.159	1.133	1.134	1.141
216	3548.776	3366.092	3662.179	3560.830	1.110	1.110	1.106
217	3467.736	3331.642	3575.813	3484.030	1.086	1.086	1.081
218	3578.411	3395.435	3753.963	3563.748	1.111	1.111	1.115
219	3620.414	3480.427	3778.363	3616.924	1.127	1.128	1.129
220	3743.437	3531.603	4170.182	3709.734	1.156	1.157	1.167
221	3981.165	3624.470	4582.880	3910.129	1.219	1.219	1.241
222	4455.739	3653.230	5570.218	4329.640	1.350	1.350	1.389
223	4768.739	3865.409	5833.815	4760.702	1.484	1.484	1.486
224	5229.803	4277.225	6056.675	5368.771	1.674	1.674	1.630
225	5571.635	4230.879	7293.702	5310.231	1.655	1.656	1.737
226	5186.712	4120.954	6831.583	5003.174	1.560	1.560	1.617
227	4577.449	3862.293	5415.313	4439.216	1.384	1.384	1.427
228	4081.997	3832.850	4455.571	4025.867	1.255	1.255	1.272
229	3734.706	3483.086	3994.886	3748.533	1.168	1.169	1.164
230	3557.735	3452.757	3662.868	3570.166	1.113	1.113	1.109
231	3518.799	3321.489	3706.260	3494.440	1.089	1.090	1.097
232	3498.603	3397.563	3588.646	3518.688	1.097	1.097	1.091
233	3504.660	3371.430	3663.605	3500.438	1.091	1.091	1.092
234	3484.401	3386.596	3573.041	3491.802	1.088	1.089	1.086
235	3430.569	3340.498	3490.001	3437.495	1.072	1.072	1.069
236	3501.135	3381.609	3733.251	3464.739	1.080	1.080	1.091
237	3480.073	3376.699	3699.550	3467.222	1.081	1.081	1.085
238	3471.740	3349.936	3543.056	3483.245	1.086	1.086	1.082
239	3487.371	3324.918	3715.408	3487.155	1.087	1.087	1.087
240	3466.378	3267.649	3683.385	3448.017	1.075	1.075	1.081
241	3499.549	3356.068	3641.638	3494.613	1.089	1.090	1.091
242	3530.207	3387.194	3773.536	3458.172	1.078	1.078	1.100
243	3461.177	3327.225	3626.707	3456.270	1.077	1.078	1.079
244	3542.849	3405.977	3667.240	3526.603	1.099	1.100	1.104
245	3574.412	3394.430	3762.780	3551.000	1.107	1.107	1.114
246	3683.610	3486.082	3970.732	3625.527	1.130	1.131	1.148
247	3843.496	3464.213	4256.528	3839.851	1.197	1.197	1.198
248	3779.658	3516.133	4083.462	3799.777	1.184	1.185	1.178
249	3714.007	3475.722	3955.639	3701.587	1.154	1.154	1.158
250	3625.930	3465.076	3880.025	3594.703	1.121	1.121	1.130
251	3609.277	3363.654	3791.928	3632.463	1.132	1.133	1.125
252	3647.997	3453.612	4051.052	3549.953	1.107	1.107	1.137
253	3809.128	3616.929	4266.393	3720.694	1.160	1.160	1.187
254	3839.080	3642.232	4405.066	3781.440	1.179	1.179	1.197
255	3714.871	3503.046	4164.001	3632.608	1.132	1.133	1.158
256	3802.300	3509.757	3995.541	3847.857	1.199	1.200	1.185
257	3997.229	3450.955	4375.521	3980.629	1.241	1.241	1.246
258	4281.333	3548.428	5037.368	4148.930	1.293	1.294	1.335
259	4482.883	3529.417	5738.602	4274.761	1.332	1.333	1.397
260	4246.331	3627.617	5271.403	3905.816	1.217	1.218	1.324
261	4091.683	3516.950	4854.982	4017.068	1.252	1.253	1.275
262	3909.537	3491.816	4437.628	3845.195	1.199	1.199	1.219
263	3826.772	3469.782	4286.055	3792.293	1.182	1.183	1.193
264	3776.458	3526.104	4051.893	3703.679	1.154	1.155	1.177
265	3820.135	3604.408	4174.644	3741.779	1.166	1.167	1.191
266	3788.384	3442.104	4237.569	3773.302	1.176	1.177	1.181
267	3766.099	3438.448	4032.242	3782.451	1.179	1.179	1.174
268	3722.973	3486.516	3953.697	3727.406	1.162	1.162	1.160
269	3680.894	3470.760	3868.708	3677.139	1.146	1.147	1.147
270	3748.108	3579.854	4094.997	3701.373	1.154	1.154	1.168
271	3715.822	3451.515	4069.539	3702.740	1.154	1.155	1.158
272	3646.962	3472.240	3895.769	3586.024	1.118	1.118	1.137
273	3596.905	3424.350	3800.315	3597.851	1.121	1.122	1.121
274	3625.949	3547.556	3757.568	3592.950	1.120	1.120	1.130
275	3683.145	3467.050	4045.321	3615.337	1.127	1.127	1.148
276	3713.826	3504.497	4074.119	3642.107	1.135	1.136	1.158
277	3578.808	3377.660	3916.095	3562.598	1.111	1.111	1.116
278	3600.534	3390.112	3909.990	3596.229	1.121	1.121	1.122
279	3566.655	3368.505	3679.732	3585.009	1.117	1.118	1.112
280	3522.085	3342.367	3747.101	3534.330	1.102	1.102	1.098
281	3524.857	3409.046	3647.334	3516.691	1.096	1.097	1.099
282	3520.951	3371.118	3648.996	3521.936	1.098	1.098	1.098
283	3507.125	3406.743	3633.250	3508.702	1.094	1.094	1.093
284	3537.552	3397.358	3736.235	3547.252	1.106	1.106	1.103
285	3533.773	3444.130	3610.378	3533.982	1.102	1.102	1.102
286	3664.027	3441.920	4023.659	3625.947	1.130	1.131	1.142
287	3825.736	3578.548	4293.586	3756.722	1.171	1.171	1.193
288	3966.958	3614.176	4574.454	3903.100	1.217	1.217	1.237
289	4133.863	3542.963	4609.359	4076.803	1.271	1.271	1.289
290	3991.787	3498.259	4520.819	3859.058	1.203	1.203	1.244
291	3964.257	3590.591	4357.442	3996.432	1.246	1.246	1.236
292	3826.023	3437.829	4155.756	3784.674	1.180	1.180	1.193
293	3794.883	3571.971	3976.146	3829.044	1.194	1.194	1.183
294	3785.143	3611.719	4034.199	3760.200	1.172	1.172	1.180
295	3682.003	3536.273	3897.282	3629.534	1.131	1.132	1.148
296	3597.721	3378.808	3802.918	3585.656	1.118	1.118	1.121
297	3558.553	3392.311	3742.384	3525.556	1.099	1.099	1.109
298	3546.061	3381.404	3731.764	3486.250	1.087	1.087	1.105
299	3536.724	3457.926	3625.087	3540.970	1.104	1.104	1.102
300	3543.457	3374.817	3765.381	3521.639	1.098	1.098	1.105
301	3570.112	3309.724	3713.301	3598.609	1.122	1.122	1.113
302	3574.243	3406.533	3766.469	3588.002	1.118	1.119	1.114
303	3606.480	3409.169	3810.192	3609.259	1.125	1.125	1.124
304	3738.048	3506.036	4097.470	3722.159	1.160	1.161	1.165
305	3855.249	3493.038	4220.052	3803.321	1.186	1.186	1.202
306	4270.786	3649.041	5036.881	4137.847	1.290	1.290	1.331
307	4637.788	3771.525	6066.343	4237.305	1.321	1.321	1.446
308	4947.184	3673.038	6696.309	4945.245	1.541	1.542	1.542
309	4765.788	3747.371	6285.521	4612.089	1.438	1.438	1.486
310	4280.709	3663.104	5301.127	4179.460	1.303	1.303	1.334
311	3968.506	3523.050	4333.899	3979.648	1.240	1.241	1.237
312	3742.133	3506.750	3973.997	3737.710	1.165	1.165	1.166
313	3621.033	3428.011	3767.582	3608.689	1.125	1.125	1.129
314	3595.015	3496.638	3729.892	3580.721	1.116	1.117	1.121
315	3566.865	3390.737	3748.781	3557.203	1.109	1.109	1.112
316	3639.143	3448.247	3917.007	3616.707	1.127	1.128	1.134
317	3585.765	3449.289	3730.037	3572.302	1.114	1.114	1.118
318	3517.106	3439.160	3634.960	3518.467	1.097	1.097	1.096
319	3521.600	3438.396	3661.527	3535.474	1.102	1.102	1.098
320	3499.181	3356.175	3693.993	3478.694	1.084	1.085	1.091
321	3513.204	3409.888	3643.656	3499.859	1.091	1.091	1.095
322	3609.700	3404.822	3910.794	3582.377	1.117	1.117	1.125
323	3670.692	3384.052	4039.083	3679.470	1.147	1.147	1.144
324	3741.824	3447.388	4060.174	3732.109	1.163	1.164	1.166
325	3781.361	3294.780	4136.290	3769.508	1.175	1.175	1.179
326	3837.625	3461.659	4350.914	3752.312	1.170	1.170	1.196
327	3830.233	3475.606	4241.601	3732.968	1.164	1.164	1.194
328	3789.044	3483.289	4222.576	3677.758	1.146	1.147	1.181
329	3761.391	3458.818	4365.109	3641.135	1.135	1.135	1.172
330	3834.338	3412.871	4539.125	3734.297	1.164	1.164	1.195
331	3766.844	3360.543	4314.832	3699.194	1.153	1.153	1.174
332	3704.980	3416.479	4114.594	3654.335	1.139	1.139	1.155
333	3776.458	3464.572	4136.103	3769.241	1.175	1.175	1.177
334	3732.591	3472.110	3901.449	3761.434	1.172	1.173	1.163
335	3741.673	3675.208	3874.779	3732.525	1.163	1.164	1.166
336	3756.867	3335.721	4158.980	3743.820	1.167	1.167	1.171
337	3857.842	3553.896	4332.376	3707.125	1.156	1.156	1.203
338	4053.894	3588.950	4816.458	3939.690	1.228	1.228	1.264
339	4273.246	3672.778	5032.328	4179.262	1.303	1.303	1.332
340	4222.169	3719.449	4775.878	4166.127	1.299	1.299	1.316
341	4293.173	3913.476	4677.596	4302.952	1.341	1.342	1.338
342	4312.694	3982.686	4764.426	4213.779	1.313	1.314	1.344
343	4228.127	3772.833	4679.003	4331.272	1.350	1.351	1.318
344	4152.013	3637.911	4766.509	4250.659	1.325	1.325	1.294
345	4064.181	3503.537	4704.120	4064.731	1.267	1.267	1.267
346	4058.782	3681.902	4397.666	4087.494	1.274	1.275	1.265
347	4174.069	3631.779	4736.520	4063.024	1.266	1.267	1.301
348	4056.444	3714.826	4633.508	3982.903	1.242	1.242	1.264
349	4025.035	3641.201	4693.465	3912.825	1.220	1.220	1.255
350	3908.909	3476.255	4400.423	3865.070	1.205	1.205	1.218
351	3855.934	3555.199	4129.651	3837.599	1.196	1.197	1.202
352	3691.326	3557.964	3908.547	3654.324	1.139	1.139	1.151
353	3594.460	3489.201	3719.652	3589.012	1.119	1.119	1.120
354	3627.344	3520.206	3734.250	3641.796	1.135	1.136	1.131
355	3528.547	3411.582	3663.000	3555.195	1.108	1.109	1.100
356	3549.300	3422.422	3659.784	3528.685	1.100	1.100	1.106
357	3482.973	3404.718	3571.355	3473.572	1.083	1.083	1.086
358	3495.082	3423.442	3569.768	3502.533	1.092	1.092	1.089
359	3440.344	3344.330	3567.723	3443.794	1.073	1.074	1.072
360	3447.246	3372.738	3612.843	3417.181	1.065	1.066	1.075
361	3437.218	3303.424	3564.502	3437.308	1.071	1.072	1.071
362	3462.007	3274.169	3592.689	3468.188	1.081	1.081	1.079
363	3460.654	3380.660	3561.796	3457.598	1.078	1.078	1.079
364	3484.540	3412.685	3571.415	3474.844	1.083	1.084	1.086
365	3448.886	3331.128	3571.667	3437.353	1.071	1.072	1.075
366	3490.013	3394.013	3723.333	3450.176	1.075	1.076	1.088
367	3477.250	3372.283	3628.031	3459.492	1.078	1.079	1.084
368	3568.175	3412.381	3710.191	3554.912	1.108	1.108	1.112
369	3566.526	3432.194	3678.219	3577.407	1.115	1.115	1.112
370	3598.863	3411.356	3718.284	3616.696	1.127	1.128	1.122
371	3721.234	3464.676	3930.492	3734.056	1.164	1.164	1.160
372	3624.804	3439.779	3782.652	3611.703	1.126	1.126	1.130
373	3627.404	3404.110	3863.934	3620.685	1.129	1.129	1.131
374	3627.750	3379.570	4016.605	3574.688	1.114	1.115	1.131
375	3602.347	3448.854	4010.219	3550.920	1.107	1.107	1.123
376	3565.035	3464.164	3710.134	3574.622	1.114	1.115	1.111
377	3580.043	3416.567	3756.071	3583.674	1.117	1.117	1.116
378	3568.140	3414.695	3708.893	3570.905	1.113	1.113	1.112
379	3567.536	3461.865	3747.892	3551.526	1.107	1.107	1.112
380	3553.084	3423.027	3737.090	3563.359	1.111	1.111	1.108
381	3548.709	3465.799	3625.711	3545.454	1.105	1.106	1.106
382	3578.191	3472.918	3877.234	3510.747	1.094	1.095	1.115
383	3592.265	3399.579	3891.111	3525.908	1.099	1.099	1.120
384	3660.205	3396.182	4015.301	3640.151	1.135	1.135	1.141
385	3614.763	3349.355	3833.261	3610.660	1.125	1.126	1.127
386	3618.679	3478.706	3777.450	3634.650	1.133	1.133	1.128
387	3515.157	3324.236	3605.680	3529.544	1.100	1.101	1.096
388	3557.984	3446.483	3679.487	3556.673	1.109	1.109	1.109
389	3513.137	3367.871	3668.236	3515.703	1.096	1.096	1.095
390	3560.545	3430.192	3666.880	3569.045	1.113	1.113	1.110
391	3637.793	3424.745	3761.698	3641.344	1.135	1.135	1.134
392	3653.065	3414.342	3827.617	3686.888	1.149	1.150	1.139
393	3742.585	3548.980	3822.145	3741.098	1.166	1.167	1.167
394	3845.508	3543.676	4078.437	3875.460	1.208	1.208	1.199
395	3824.818	3522.761	4188.983	3776.704	1.177	1.178	1.192
396	3711.759	3498.114	3976.762	3720.174	1.160	1.160	1.157
397	3671.841	3496.631	3992.956	3653.545	1.139	1.139	1.145
398	3619.354	3506.636	3795.936	3592.765	1.120	1.120	1.128
399	3500.591	3374.044	3695.707	3462.114	1.079	1.080	1.091
400	3502.296	3381.218	3598.340	3509.611	1.094	1.094	1.092
401	3548.133	3369.418	3701.303	3550.115	1.107	1.107	1.106
402	3627.252	3458.009	3812.487	3613.905	1.126	1.127	1.131
403	3628.543	3494.900	3876.854	3589.077	1.119	1.119	1.131
404	3611.415	3414.738	3807.126	3618.929	1.128	1.128	1.126
405	3630.994	3449.845	3903.446	3616.479	1.127	1.128	1.132
406	3635.493	3405.904	3839.837	3636.640	1.134	1.134	1.133
407	3687.042	3534.022	3860.449	3668.792	1.144	1.144	1.149
408	3812.875	3554.956	4057.417	3828.438	1.193	1.194	1.189
409	3940.783	3655.242	4207.517	3937.092	1.227	1.228	1.228
410	4026.264	3446.326	4314.966	4104.185	1.279	1.280	1.255
411	3959.305	3584.849	4157.028	4053.069	1.263	1.264	1.234
412	3921.674	3701.846	4231.943	3925.662	1.224	1.224	1.222
413	3828.207	3631.431	4184.770	3795.975	1.183	1.184	1.193
414	3659.108	3507.367	3830.280	3676.420	1.146	1.146	1.141
415	3597.672	3425.000	3871.444	3584.526	1.117	1.118	1.121
416	3503.883	3344.152	3640.132	3532.407	1.101	1.101	1.092
417	3549.796	3382.059	3692.167	3553.904	1.108	1.108	1.107
418	3503.652	3424.050	3639.161	3483.917	1.086	1.086	1.092
419	3541.442	3444.398	3711.827	3503.992	1.092	1.093	1.104
420	3492.931	3367.693	3727.035	3466.472	1.081	1.081	1.089
421	3585.338	3449.230	3722.170	3569.746	1.113	1.113	1.118
422	3571.544	3443.150	3813.519	3533.514	1.101	1.102	1.113
423	3565.924	3408.468	3875.118	3546.047	1.105	1.106	1.112
424	3581.621	3363.070	3864.906	3534.800	1.102	1.102	1.116
425	3629.387	3408.877	3962.420	3610.336	1.125	1.126	1.131
426	3643.571	3461.797	3923.055	3642.381	1.135	1.136	1.136
427	3612.321	3421.344	3771.513	3592.588	1.120	1.120	1.126
428	3678.759	3478.905	3960.297	3636.804	1.134	1.134	1.147
429	3634.691	3394.895	3906.575	3641.277	1.135	1.135	1.133
430	3723.070	3430.102	4010.245	3763.373	1.173	1.173	1.161
431	3742.417	3412.435	3977.274	3710.698	1.157	1.157	1.167
432	3798.458	3445.677	4278.552	3696.922	1.152	1.153	1.184
433	3822.954	3479.260	4137.262	3831.488	1.194	1.195	1.192
434	3816.028	3642.423	3992.647	3824.476	1.192	1.193	1.189
435	3915.545	3551.668	4278.802	3920.375	1.222	1.222	1.221
436	3983.742	3518.066	4450.859	4050.319	1.263	1.263	1.242
437	3847.512	3469.332	4364.435	3837.223	1.196	1.197	1.199
438	3901.736	3318.228	4410.670	3983.934	1.242	1.242	1.216
439	3689.442	3427.818	4004.967	3614.822	1.127	1.127	1.150
440	3710.298	3394.049	4168.642	3659.435	1.141	1.141	1.157
441	3717.233	3407.966	3991.469	3721.826	1.160	1.161	1.159
442	3750.347	3515.486	4097.174	3698.344	1.153	1.153	1.169
443	3701.073	3521.354	3992.116	3651.772	1.138	1.139	1.154
444	3617.284	3379.522	3817.504	3625.243	1.130	1.130	1.128
445	3632.835	3357.196	3830.648	3651.489	1.138	1.139	1.132
446	3597.914	3449.334	3742.176	3630.201	1.132	1.132	1.122
447	3639.873	3442.581	3858.291	3642.352	1.135	1.136	1.135
448	3675.541	3458.180	3847.391	3718.025	1.159	1.159	1.146
449	3870.731	3591.218	4290.059	3849.840	1.200	1.200	1.207
450	3872.154	3469.908	4426.667	3830.996	1.194	1.195	1.207
451	3682.450	3396.636	3848.913	3701.070	1.154	1.154	1.148
452	3683.279	3462.134	3888.226	3694.644	1.152	1.152	1.148
453	3629.384	3381.913	3934.347	3630.192	1.132	1.132	1.131
454	3639.994	3419.428	3909.620	3586.942	1.118	1.118	1.135
455	3660.171	3443.622	3965.449	3633.589	1.133	1.133	1.141
456	3724.608	3496.268	4003.302	3740.670	1.166	1.166	1.161
457	3742.119	3432.503	4085.253	3771.002	1.175	1.176	1.166
458	3780.032	3476.323	4173.355	3748.175	1.168	1.169	1.178
459	3746.727	3479.165	3951.606	3747.124	1.168	1.168	1.168
460	3731.567	3531.934	3882.885	3780.912	1.179	1.179	1.163
461	3684.196	3506.647	3881.715	3711.172	1.157	1.157	1.148
462	3603.305	3441.399	3792.167	3599.209	1.122	1.122	1.123
463	3616.233	3455.984	3792.312	3604.457	1.124	1.124	1.127
464	3529.138	3456.153	3593.364	3540.655	1.104	1.104	1.100
465	3584.432	3474.476	3695.436	3586.013	1.118	1.118	1.117
466	3562.289	3410.535	3684.762	3595.750	1.121	1.121	1.110
467	3613.293	3413.180	3727.715	3631.494	1.132	1.132	1.126
468	3566.340	3394.558	3693.585	3564.956	1.111	1.112	1.112
469	3649.050	3486.516	3988.261	3626.547	1.130	1.131	1.137
470	3605.453	3430.890	3819.108	3604.566	1.124	1.124	1.124
471	3633.167	3386.442	3859.787	3592.301	1.120	1.120	1.132
472	3691.454	3339.132	3999.160	3680.315	1.147	1.148	1.151
473	3617.297	3519.249	3768.791	3614.352	1.127	1.127	1.128
474	3667.940	3464.894	3855.023	3682.398	1.148	1.148	1.143
475	3702.207	3571.695	3805.354	3724.125	1.161	1.161	1.154
476	3705.818	3491.091	3856.905	3717.749	1.159	1.159	1.155
477	3650.339	3400.220	3806.860	3649.981	1.138	1.138	1.138
478	3620.588	3403.649	3833.219	3610.456	1.125	1.126	1.129
479	3587.706	3393.452	3847.250	3606.984	1.124	1.125	1.118
480	3572.036	3391.698	3692.051	3572.863	1.114	1.114	1.113
481	3587.726	3272.477	3923.059	3550.777	1.107	1.107	1.118
482	3539.263	3388.117	3684.326	3551.658	1.107	1.107	1.103
483	3532.156	3429.364	3607.208	3535.557	1.102	1.102	1.101
484	3523.229	3341.688	3794.808	3477.236	1.084	1.084	1.098
485	3565.702	3404.419	3840.431	3521.160	1.098	1.098	1.111
486	3565.435	3409.250	3785.481	3548.526	1.106	1.106	1.111
487	3520.748	3324.733	3707.914	3529.488	1.100	1.101	1.097
488	3477.518	3311.933	3697.400	3488.824	1.088	1.088	1.084
489	3480.668	3399.926	3601.989	3451.118	1.076	1.076	1.085
490	3519.017	3367.714	3662.998	3543.693	1.105	1.105	1.097
491	3510.414	3374.124	3691.734	3493.454	1.089	1.089	1.094
492	3513.488	3353.576	3667.106	3501.610	1.091	1.092	1.095
493	3558.116	3393.207	3707.625	3572.881	1.114	1.114	1.109
494	3508.746	3410.607	3588.503	3515.682	1.096	1.096	1.094
495	3440.355	3302.235	3623.837	3413.959	1.064	1.065	1.072
496	3494.514	3286.367	3743.724	3464.205	1.080	1.080	1.089
497	3469.591	3337.365	3703.762	3422.119	1.067	1.067	1.082
498	3568.440	3426.448	3897.611	3502.471	1.092	1.092	1.112
499	3531.836	3382.172	3670.714	3533.403	1.101	1.102	1.101
500	3533.382	3417.589	3697.440	3534.109	1.102	1.102	1.101
501	3509.861	3412.376	3644.793	3507.016	1.093	1.094	1.094
502	3541.119	3461.100	3626.866	3535.812	1.102	1.103	1.104
503	3520.769	3370.518	3698.089	3523.442	1.098	1.099	1.097
504	3504.333	3347.852	3669.982	3476.606	1.084	1.084	1.092
505	3520.897	3352.518	3691.094	3544.616	1.105	1.105	1.098
506	3530.383	3437.416	3711.281	3522.000	1.098	1.098	1.100
507	3422.117	3239.897	3639.008	3400.824	1.060	1.060	1.067
508	3405.795	3272.632	3510.567	3417.054	1.065	1.065	1.062
509	3513.773	3396.957	3632.946	3517.768	1.097	1.097	1.095
510	3493.873	3347.803	3641.848	3482.406	1.086	1.086	1.089
511	3486.265	3406.608	3688.737	3459.056	1.078	1.079	1.087
512	3539.861	3408.896	3694.522	3517.657	1.096	1.097	1.103
513	3535.814	3401.194	3733.678	3524.702	1.099	1.099	1.102
514	3551.080	3396.144	3641.046	3583.815	1.117	1.117	1.107
515	3520.585	3378.766	3733.030	3525.544	1.099	1.099	1.097
516	3580.327	3409.002	3823.934	3549.833	1.107	1.107	1.116
517	3506.678	3424.070	3623.367	3512.135	1.095	1.095	1.093
518	3530.039	3388.297	3683.175	3534.697	1.102	1.102	1.100
519	3533.729	3429.192	3739.802	3511.272	1.095	1.095	1.102
520	3503.940	3369.591	3638.346	3524.441	1.099	1.099	1.092
521	3505.892	3411.396	3624.254	3517.073	1.096	1.097	1.093
522	3465.701	3309.071	3678.569	3453.292	1.076	1.077	1.080
523	3532.145	3336.836	3736.982	3530.864	1.101	1.101	1.101
524	3515.419	3304.827	3681.797	3588.414	1.119	1.119	1.096
525	3514.139	3419.085	3621.383	3501.218	1.091	1.092	1.095
526	3484.664	3283.093	3689.779	3477.833	1.084	1.084	1.086
527	3518.532	3399.066	3598.417	3511.697	1.095	1.095	1.097
528	3519.185	3401.353	3747.677	3509.308	1.094	1.094	1.097
529	3494.681	3398.690	3642.477	3496.488	1.090	1.090	1.089
530	3440.807	3274.924	3545.692	3408.315	1.062	1.063	1.073
531	3427.478	3291.844	3593.062	3435.224	1.071	1.071	1.068
532	3403.752	3317.608	3497.107	3395.884	1.059	1.059	1.061
533	3456.646	3329.373	3655.887	3432.554	1.070	1.070	1.077
534	3453.878	3370.066	3557.342	3449.949	1.075	1.076	1.077
535	3490.881	3346.200	3559.896	3491.654	1.088	1.089	1.088
536	3452.270	3370.838	3589.550	3437.748	1.072	1.072	1.076
537	3429.348	3283.264	3578.250	3428.332	1.069	1.069	1.069
538	3427.986	3273.454	3611.980	3429.305	1.069	1.069	1.069
539	3476.495	3381.547	3704.992	3428.701	1.069	1.069	1.084
540	3484.203	3371.136	3616.527	3473.906	1.083	1.083	1.086
541	3486.702	3352.615	3672.970	3471.461	1.082	1.082	1.087
542	3397.979	3312.301	3494.377	3387.787	1.056	1.056	1.059
543	3437.719	3320.681	3552.963	3446.458	1.074	1.075	1.072
544	3508.753	3380.290	3694.805	3499.458	1.091	1.091	1.094
545	3454.575	3403.242	3524.005	3447.698	1.075	1.075	1.077
546	3427.490	3312.513	3546.736	3430.958	1.069	1.070	1.068
547	3563.347	3467.640	3770.814	3545.524	1.105	1.106	1.111
548	3545.705	3364.589	3668.830	3540.134	1.103	1.104	1.105
549	3449.236	3353.338	3581.178	3452.818	1.076	1.077	1.075
550	3455.885	3400.284	3538.823	3448.787	1.075	1.075	1.077
551	3402.899	3242.794	3519.160	3416.955	1.065	1.065	1.061
552	3445.753	3366.996	3603.514	3419.826	1.066	1.066	1.074
553	3456.032	3328.616	3591.650	3455.283	1.077	1.077	1.077
554	3446.112	3309.627	3581.222	3456.477	1.077	1.078	1.074
555	3448.187	3354.049	3609.658	3437.707	1.072	1.072	1.075
556	3455.908	3357.637	3541.221	3471.295	1.082	1.082	1.077
557	3467.252	3385.173	3605.677	3430.391	1.069	1.070	1.081
558	3415.019	3240.818	3513.983	3423.076	1.067	1.067	1.064
559	3517.533	3396.101	3627.817	3533.643	1.101	1.102	1.096
560	3484.060	3327.782	3645.616	3503.139	1.092	1.092	1.086
561	3483.731	3406.231	3533.112	3493.658	1.089	1.089	1.086
562	3494.149	3377.106	3668.920	3487.479	1.087	1.087	1.089
563	3472.676	3411.880	3569.890	3450.641	1.076	1.076	1.082
564	3493.106	3380.467	3629.599	3487.121	1.087	1.087	1.089
565	3491.309	3313.806	3700.138	3466.125	1.080	1.081	1.088
566	3518.519	3387.364	3721.359	3514.057	1.095	1.096	1.097
567	3457.472	3241.521	3634.018	3442.094	1.073	1.073	1.078
568	3516.516	3316.816	3712.634	3487.248	1.087	1.087	1.096
569	3458.690	3368.212	3632.361	3446.174	1.074	1.075	1.078
570	3415.428	3283.271	3694.550	3419.720	1.066	1.066	1.065
571	3453.649	3358.118	3599.106	3447.002	1.074	1.075	1.077
572	3483.559	3340.730	3721.134	3473.737	1.083	1.083	1.086
573	3464.366	3378.921	3579.290	3450.268	1.075	1.076	1.080
574	3424.114	3322.952	3567.603	3410.490	1.063	1.063	1.067
575	3495.800	3303.982	3701.468	3503.801	1.092	1.093	1.090
576	3482.156	3332.701	3610.557	3503.871	1.092	1.093	1.085
577	3485.204	3423.041	3638.666	3462.313	1.079	1.080	1.086
578	3432.021	3278.033	3532.089	3419.125	1.066	1.066	1.070
579	3467.210	3242.574	3536.241	3487.282	1.087	1.087	1.081
580	3450.898	3328.337	3603.856	3433.323	1.070	1.071	1.076
581	3431.013	3244.127	3736.277	3444.462	1.074	1.074	1.069
582	3406.668	3322.447	3511.635	3406.444	1.062	1.062	1.062
583	3417.804	3372.482	3457.752	3421.576	1.067	1.067	1.065
584	3420.428	3334.554	3504.719	3410.658	1.063	1.064	1.066
585	3434.039	3321.178	3562.126	3443.021	1.073	1.074	1.070
586	3454.852	3281.645	3669.173	3428.893	1.069	1.069	1.077
587	3431.405	3301.772	3507.743	3439.469	1.072	1.072	1.070
588	3454.144	3350.964	3614.642	3429.167	1.069	1.069	1.077
589	3478.232	3367.269	3601.394	3474.480	1.083	1.083	1.084
590	3502.798	3370.757	3655.006	3485.604	1.087	1.087	1.092
591	3471.996	3363.303	3634.427	3458.956	1.078	1.079	1.082
592	3442.993	3384.016	3533.549	3433.822	1.070	1.071	1.073
593	3406.222	3340.179	3509.108	3386.935	1.056	1.056	1.062
594	3485.962	3358.010	3598.496	3491.320	1.088	1.089	1.087
595	3445.368	3278.501	3632.698	3423.397	1.067	1.067	1.074
596	3412.070	3310.507	3513.636	3426.997	1.068	1.069	1.064
597	3390.495	3346.987	3448.853	3382.653	1.054	1.055	1.057
598	3393.524	3346.405	3472.160	3380.298	1.054	1.054	1.058
599	3418.986	3258.663	3521.342	3435.157	1.071	1.071	1.066
600	3385.601	3318.697	3469.737	3381.010	1.054	1.054	1.055
601	3413.435	3320.627	3563.989	3401.965	1.060	1.061	1.064
602	3398.950	3251.188	3496.190	3418.117	1.065	1.066	1.059
603	3419.606	3287.197	3534.146	3412.398	1.064	1.064	1.066
604	3424.358	3266.812	3561.055	3447.883	1.075	1.075	1.067
605	3465.100	3333.959	3722.584	3450.291	1.075	1.076	1.080
606	3422.207	3316.001	3553.930	3422.123	1.067	1.067	1.067
607	3384.067	3335.417	3501.690	3372.286	1.051	1.052	1.055
608	3417.932	3342.216	3538.681	3406.455	1.062	1.062	1.065
609	3374.705	3301.591	3506.744	3374.765	1.052	1.052	1.052
610	3408.618	3299.747	3650.190	3348.347	1.044	1.044	1.063
611	3408.062	3296.384	3532.353	3403.214	1.061	1.061	1.062
612	3357.767	3232.147	3521.565	3381.205	1.054	1.054	1.047
613	3373.679	3283.599	3486.303	3369.237	1.050	1.051	1.052
614	3369.215	3314.739	3444.347	3362.077	1.048	1.048	1.050
615	3387.953	3245.686	3469.184	3413.624	1.064	1.064	1.056
616	3361.666	3113.856	3560.023	3378.609	1.053	1.054	1.048
617	3388.908	3298.090	3494.092	3387.630	1.056	1.056	1.056
618	3402.598	3306.902	3502.076	3392.119	1.057	1.058	1.061
619	3402.363	3281.425	3494.863	3411.830	1.064	1.064	1.061
620	3408.348	3297.865	3542.715	3416.999	1.065	1.065	1.062
621	3418.503	3183.415	3629.945	3413.202	1.064	1.064	1.066
622	3367.007	3274.188	3502.124	3368.397	1.050	1.050	1.050
623	3397.506	3271.919	3470.776	3407.831	1.062	1.063	1.059
624	3353.836	3292.445	3466.919	3345.498	1.043	1.043	1.045
625	3392.657	3268.865	3520.878	3408.267	1.062	1.063	1.058
626	3365.575	3181.012	3630.818	3325.447	1.037	1.037	1.049
627	3439.582	3258.378	3704.094	3419.958	1.066	1.066	1.072
628	3428.941	3248.035	3532.755	3444.559	1.074	1.074	1.069
629	3378.350	3205.239	3466.375	3388.334	1.056	1.057	1.053
630	3407.263	3299.673	3513.183	3380.592	1.054	1.054	1.062
631	3393.465	3322.411	3563.543	3383.455	1.055	1.055	1.058
632	3393.481	3168.114	3529.310	3410.983	1.063	1.064	1.058
633	3453.860	3358.601	3575.473	3450.857	1.076	1.076	1.077
634	3403.200	3283.063	3541.303	3400.924	1.060	1.060	1.061
635	3402.407	3275.535	3545.740	3395.645	1.058	1.059	1.061
636	3370.444	3222.131	3483.033	3382.160	1.054	1.055	1.051
637	3370.653	3289.983	3436.866	3366.884	1.049	1.050	1.051
638	3391.935	3159.789	3535.283	3413.709	1.064	1.064	1.057
639	3460.580	3336.616	3616.421	3453.001	1.076	1.077	1.079
640	3397.947	3281.864	3509.512	3408.229	1.062	1.063	1.059
641	3361.663	3280.301	3467.511	3333.566	1.039	1.039	1.048
642	3369.058	3211.311	3409.796	3382.813	1.054	1.055	1.050
643	3392.533	3329.835	3464.738	3383.312	1.055	1.055	1.057
644	3431.115	3246.821	3568.914	3437.714	1.072	1.072	1.070
645	3450.275	3382.167	3562.093	3447.571	1.075	1.075	1.075
646	3437.951	3321.701	3563.559	3417.897	1.065	1.066	1.072
647	3374.382	3193.952	3615.957	3360.948	1.048	1.048	1.052
648	3421.012	3293.920	3703.731	3397.729	1.059	1.059	1.066
649	3410.358	3349.928	3546.521	3396.809	1.059	1.059	1.063
650	3408.564	3294.624	3530.210	3414.128	1.064	1.065	1.062
651	3435.626	3334.873	3616.806	3440.226	1.072	1.073	1.071
652	3401.057	3238.434	3525.743	3387.100	1.056	1.056	1.060
653	3445.461	3296.042	3622.676	3455.711	1.077	1.078	1.074
654	3470.079	3319.767	3608.692	3480.240	1.085	1.085	1.082
655	3377.246	3257.400	3498.582	3383.405	1.055	1.055	1.053
656	3396.997	3339.571	3466.744	3385.164	1.055	1.056	1.059
657	3455.376	3315.486	3621.263	3433.229	1.070	1.071	1.077
658	3483.908	3359.599	3562.634	3493.524	1.089	1.089	1.086
659	3402.675	3285.100	3516.098	3416.248	1.065	1.065	1.061
660	3416.137	3325.221	3477.030	3411.673	1.063	1.064	1.065
661	3438.633	3296.092	3586.990	3430.349	1.069	1.070	1.072
662	3417.568	3245.423	3575.323	3431.527	1.070	1.070	1.065
663	3430.401	3299.034	3549.623	3422.059	1.067	1.067	1.069
664	3455.927	3351.029	3526.299	3481.837	1.085	1.086	1.077
665	3467.260	3304.534	3693.478	3441.657	1.073	1.073	1.081
666	3461.850	3262.768	3636.702	3459.236	1.078	1.079	1.079
667	3451.251	3416.084	3505.538	3450.561	1.076	1.076	1.076
668	3464.883	3393.909	3540.985	3472.350	1.082	1.083	1.080
669	3455.758	3313.593	3567.685	3465.628	1.080	1.081	1.077
670	3433.050	3327.479	3507.511	3438.362	1.072	1.072	1.070
671	3438.995	3318.604	3561.452	3450.257	1.075	1.076	1.072
672	3524.049	3402.920	3671.813	3513.179	1.095	1.095	1.098
673	3549.205	3290.403	3690.778	3577.641	1.115	1.116	1.106
674	3518.913	3405.402	3698.047	3507.718	1.093	1.094	1.097
675	3431.517	3279.744	3564.378	3427.587	1.068	1.069	1.070
676	3378.889	3216.990	3515.303	3366.011	1.049	1.050	1.053
677	3491.803	3304.603	3641.259	3498.814	1.091	1.091	1.088
678	3495.696	3332.699	3725.128	3447.054	1.074	1.075	1.090
679	3447.692	3349.501	3613.956	3438.647	1.072	1.072	1.075
680	3470.957	3389.645	3577.246	3471.026	1.082	1.082	1.082
681	3498.824	3328.920	3610.110	3489.845	1.088	1.088	1.091
682	3570.268	3396.216	3764.025	3589.717	1.119	1.119	1.113
683	3500.413	3255.274	3792.332	3476.579	1.084	1.084	1.091
684	3614.575	3349.227	3928.375	3576.743	1.115	1.115	1.127
685	3597.293	3322.757	3926.600	3584.642	1.117	1.118	1.121
686	3509.739	3334.198	3811.192	3488.456	1.087	1.088	1.094
687	3515.917	3364.110	3641.587	3515.986	1.096	1.096	1.096
688	3481.203	3317.633	3647.754	3475.102	1.083	1.084	1.085
689	3514.186	3309.971	3664.408	3527.496	1.100	1.100	1.095
690	3538.034	3398.444	3653.025	3552.531	1.107	1.108	1.103
691	3557.619	3415.106	3641.370	3590.192	1.119	1.119	1.109
692	3563.733	3373.525	3799.788	3526.625	1.099	1.100	1.111
693	3558.657	3444.270	3685.245	3578.367	1.115	1.116	1.109
694	3552.114	3380.167	3708.405	3567.195	1.112	1.112	1.107
695	3574.313	3380.418	3743.794	3578.150	1.115	1.116	1.114
696	3545.398	3351.641	3764.643	3536.188	1.102	1.103	1.105
697	3531.006	3280.531	3670.275	3607.383	1.124	1.125	1.101
698	3652.712	3515.980	3841.909	3644.667	1.136	1.136	1.139
699	3577.892	3466.899	3750.177	3531.098	1.101	1.101	1.115
700	3538.355	3382.425	3695.955	3551.812	1.107	1.108	1.103
701	3519.583	3392.237	3617.057	3532.157	1.101	1.101	1.097
702	3535.596	3414.836	3717.650	3533.791	1.102	1.102	1.102
703	3537.179	3415.782	3725.188	3514.163	1.095	1.096	1.103
704	3494.886	3408.441	3613.265	3491.169	1.088	1.089	1.089
705	3488.414	3345.850	3639.863	3511.581	1.095	1.095	1.087
706	3470.375	3283.327	3716.940	3401.637	1.060	1.061	1.082
707	3479.766	3303.409	3703.671	3456.549	1.077	1.078	1.085
708	3531.125	3378.891	3746.414	3515.529	1.096	1.096	1.101
709	3552.231	3399.787	3814.574	3535.693	1.102	1.102	1.107
710	3591.865	3446.266	3930.222	3561.226	1.110	1.110	1.120
711	3549.985	3371.260	3813.330	3496.184	1.090	1.090	1.107
712	3503.459	3350.020	3891.192	3446.956	1.074	1.075	1.092
713	3529.128	3389.942	3719.120	3506.418	1.093	1.093	1.100
714	3500.587	3438.511	3650.813	3474.017	1.083	1.083	1.091
715	3417.475	3351.809	3517.377	3410.845	1.063	1.064	1.065
716	3433.929	3305.758	3660.738	3403.391	1.061	1.061	1.070
717	3436.660	3302.252	3566.520	3419.713	1.066	1.066	1.071
718	3423.112	3234.388	3519.358	3435.042	1.071	1.071	1.067
719	3464.419	3284.884	3652.056	3439.244	1.072	1.072	1.080
720	3423.026	3306.315	3619.520	3417.578	1.065	1.066	1.067
721	3498.034	3375.371	3746.184	3467.120	1.081	1.081	1.090
722	3538.787	3417.385	3661.335	3547.478	1.106	1.106	1.103
723	3447.684	3243.648	3615.383	3471.832	1.082	1.083	1.075
724	3451.168	3294.196	3700.700	3426.976	1.068	1.069	1.076
725	3448.106	3345.486	3563.164	3431.640	1.070	1.070	1.075
726	3471.643	3323.410	3593.124	3455.289	1.077	1.077	1.082
727	3510.763	3382.999	3613.012	3504.809	1.092	1.093	1.094
728	3472.647	3368.544	3563.042	3479.152	1.084	1.085	1.082
729	3484.564	3359.616	3741.233	3467.912	1.081	1.081	1.086
730	3519.288	3343.298	3767.270	3478.917	1.084	1.085	1.097
731	3547.519	3416.744	3662.367	3541.725	1.104	1.104	1.106
732	3544.227	3505.348	3600.602	3536.999	1.103	1.103	1.105
733	3585.823	3445.669	3706.157	3591.888	1.120	1.120	1.118
734	3572.173	3451.264	3716.463	3536.030	1.102	1.103	1.113
735	3561.170	3396.275	3706.613	3580.176	1.116	1.116	1.110
736	3577.170	3448.322	3671.432	3568.004	1.112	1.113	1.115
737	3509.848	3298.104	3657.089	3516.267	1.096	1.096	1.094
738	3495.756	3384.906	3650.311	3482.111	1.085	1.086	1.090
739	3471.526	3345.666	3704.258	3461.280	1.079	1.079	1.082
740	3526.485	3393.216	3650.773	3524.127	1.099	1.099	1.099
741	3539.130	3388.962	3715.711	3547.987	1.106	1.106	1.103
742	3560.481	3344.212	3707.530	3584.457	1.117	1.118	1.110
743	3598.514	3273.017	3952.277	3628.079	1.131	1.131	1.122
744	3677.080	3504.308	3913.391	3649.304	1.138	1.138	1.146
745	3712.430	3602.018	3891.622	3714.642	1.158	1.158	1.157
746	3669.779	3542.961	3868.518	3656.293	1.140	1.140	1.144
747	3711.042	3470.938	3904.843	3771.305	1.176	1.176	1.157
748	3752.989	3478.984	4034.443	3764.187	1.173	1.174	1.170
749	3785.376	3483.422	4110.996	3833.618	1.195	1.195	1.180
750	3786.095	3457.180	4147.187	3726.884	1.162	1.162	1.180
751	3908.401	3520.773	4357.547	3832.121	1.195	1.195	1.218
752	3872.962	3590.904	4307.831	3849.454	1.200	1.200	1.207
753	3797.852	3425.865	4071.092	3844.308	1.198	1.199	1.184
754	3876.941	3488.578	4300.378	3854.624	1.202	1.202	1.208
755	3873.054	3434.420	4152.952	3933.346	1.226	1.226	1.207
756	3888.020	3411.170	4156.776	4012.953	1.251	1.251	1.212
757	4016.018	3529.231	4293.200	4050.066	1.262	1.263	1.252
758	4024.959	3664.928	4323.747	4057.616	1.265	1.265	1.255
759	3978.991	3612.245	4161.182	4040.316	1.259	1.260	1.240
760	3847.809	3464.035	4066.134	3873.075	1.207	1.208	1.199
761	3712.382	3406.080	3913.962	3767.223	1.174	1.175	1.157
762	3738.539	3571.323	3859.621	3764.360	1.173	1.174	1.165
763	3789.701	3543.756	3998.000	3782.909	1.179	1.180	1.181
764	3706.035	3535.963	3889.936	3695.146	1.152	1.152	1.155
765	3678.606	3486.835	3967.721	3665.204	1.142	1.143	1.147
766	3574.599	3460.486	3757.327	3572.603	1.114	1.114	1.114
767	3699.952	3532.728	3977.945	3701.977	1.154	1.154	1.153
768	3722.347	3344.882	3996.873	3760.874	1.172	1.173	1.160
769	3699.207	3453.083	4277.696	3651.970	1.138	1.139	1.153
770	3598.867	3332.002	3833.281	3600.328	1.122	1.123	1.122
771	3605.534	3434.374	3717.767	3613.446	1.126	1.127	1.124
772	3660.087	3337.117	3941.458	3682.490	1.148	1.148	1.141
773	3722.148	3459.451	3887.348	3745.205	1.167	1.168	1.160
774	3698.864	3494.670	3893.016	3723.654	1.161	1.161	1.153
775	3706.497	3420.952	4012.034	3729.683	1.163	1.163	1.155
776	3598.942	3450.485	3793.392	3569.566	1.113	1.113	1.122
777	3607.554	3515.795	3745.416	3596.416	1.121	1.121	1.125
778	3591.774	3472.467	3746.709	3585.606	1.118	1.118	1.120
779	3611.168	3398.194	3743.827	3618.342	1.128	1.128	1.126
780	3682.861	3586.413	3784.950	3702.012	1.154	1.154	1.148
781	3696.571	3523.744	3962.882	3682.312	1.148	1.148	1.152
782	3717.546	3468.118	4046.911	3686.067	1.149	1.149	1.159
783	3699.017	3472.178	4029.492	3649.638	1.138	1.138	1.153
784	3651.139	3450.134	3836.397	3659.539	1.141	1.141	1.138
785	3677.599	3321.885	4112.047	3661.522	1.141	1.142	1.146
786	3655.608	3374.249	3928.992	3687.230	1.149	1.150	1.139
787	3634.966	3451.179	3943.910	3653.047	1.139	1.139	1.133
788	3657.145	3411.213	3773.876	3719.153	1.159	1.160	1.140
789	3683.897	3396.349	3922.279	3701.254	1.154	1.154	1.148
790	3736.976	3446.698	3939.597	3730.369	1.163	1.163	1.165
791	3798.474	3558.495	4121.937	3813.037	1.189	1.189	1.184
792	3932.903	3606.384	4193.228	3975.192	1.239	1.240	1.226
793	3934.150	3664.529	4219.938	3932.715	1.226	1.226	1.226
794	4060.666	3610.325	4588.731	4004.165	1.248	1.249	1.266
795	4107.375	3606.693	4754.507	4105.281	1.280	1.280	1.280
796	4132.723	3719.378	4607.313	4216.978	1.314	1.315	1.288
797	3871.551	3630.447	4135.046	3922.697	1.223	1.223	1.207
798	3773.548	3441.371	4126.367	3791.775	1.182	1.182	1.176
799	3673.050	3511.367	3829.572	3654.518	1.139	1.140	1.145
800	3663.972	3469.865	3836.790	3694.988	1.152	1.152	1.142
801	3726.100	3514.934	3885.479	3732.162	1.163	1.164	1.161
802	3914.294	3541.888	4272.550	3907.336	1.218	1.218	1.220
803	3905.490	3420.027	4240.796	3997.923	1.246	1.247	1.217
804	3810.232	3396.182	4007.348	3924.135	1.223	1.224	1.188
805	3735.772	3492.790	4018.564	3725.870	1.161	1.162	1.164
806	3762.293	3528.666	4087.592	3762.681	1.173	1.173	1.173
807	3771.877	3573.256	3989.718	3777.410	1.177	1.178	1.176
808	3759.830	3640.339	3893.935	3756.136	1.171	1.171	1.172
809	3803.811	3691.549	4057.480	3794.811	1.183	1.183	1.186
810	3736.095	3543.734	3951.930	3715.899	1.158	1.159	1.165
811	3731.375	3603.622	3860.328	3706.961	1.156	1.156	1.163
812	3767.026	3555.664	3919.092	3782.344	1.179	1.179	1.174
813	3707.321	3483.511	3881.829	3751.531	1.169	1.170	1.156
814	3686.660	3571.635	3787.394	3674.772	1.145	1.146	1.149
815	3624.595	3532.039	3777.843	3614.357	1.127	1.127	1.130
816	3660.035	3563.982	3781.846	3647.614	1.137	1.137	1.141
817	3620.009	3464.668	3958.381	3592.444	1.120	1.120	1.128
818	3628.967	3431.324	3825.805	3628.508	1.131	1.131	1.131
819	3670.560	3478.482	4012.118	3660.990	1.141	1.142	1.144
820	3704.249	3531.010	3926.972	3718.493	1.159	1.159	1.155
821	3671.392	3493.598	3960.514	3647.807	1.137	1.137	1.144
822	3773.237	3557.197	3982.179	3770.115	1.175	1.176	1.176
823	3789.175	3503.304	4160.858	3748.585	1.168	1.169	1.181
824	3766.438	3499.560	4281.764	3730.719	1.163	1.163	1.174
825	3757.360	3554.096	4041.174	3760.953	1.172	1.173	1.171
826	3716.886	3462.375	3895.984	3775.374	1.177	1.177	1.159
827	3800.944	3554.883	4125.892	3790.348	1.181	1.182	1.185
828	3815.863	3612.372	4122.920	3769.910	1.175	1.176	1.189
829	3930.576	3543.062	4338.687	3874.806	1.208	1.208	1.225
830	3817.282	3480.678	4071.771	3858.472	1.203	1.203	1.190
831	3937.179	3685.227	4288.703	3902.628	1.216	1.217	1.227
832	3939.843	3650.489	4383.682	3862.506	1.204	1.204	1.228
833	4007.018	3484.236	4476.371	4032.037	1.257	1.257	1.249
834	4113.037	3560.385	5003.136	4100.019	1.278	1.278	1.282
835	4199.561	3569.133	5151.903	4042.878	1.260	1.261	1.309
836	4041.582	3630.357	4588.837	3948.719	1.231	1.231	1.260
837	3868.088	3646.081	4060.007	3896.645	1.215	1.215	1.206
838	3881.559	3691.998	4182.629	3844.001	1.198	1.199	1.210
839	4023.714	3728.451	4284.447	4055.072	1.264	1.264	1.254
840	3981.287	3665.442	4500.294	3979.356	1.240	1.241	1.241
841	3925.374	3588.799	4382.366	3926.557	1.224	1.224	1.224
842	3931.962	3556.633	4489.133	3867.666	1.206	1.206	1.226
843	3807.012	3519.382	4357.148	3721.896	1.160	1.161	1.187
844	3762.151	3573.725	4273.795	3704.784	1.155	1.155	1.173
845	3742.144	3531.455	4063.882	3686.569	1.149	1.150	1.166
846	3730.679	3495.973	4122.652	3712.815	1.157	1.158	1.163
847	3703.310	3487.764	3948.615	3679.139	1.147	1.147	1.154
848	3709.329	3513.508	3850.891	3717.436	1.159	1.159	1.156
849	3651.353	3497.341	3805.050	3646.261	1.137	1.137	1.138
850	3694.547	3543.175	3950.670	3677.521	1.146	1.147	1.152
851	3735.006	3518.407	3933.521	3769.670	1.175	1.175	1.164
852	3829.958	3547.299	4040.014	3831.500	1.194	1.195	1.194
853	3882.070	3762.753	3968.392	3901.872	1.216	1.217	1.210
854	3886.779	3526.429	4267.438	3879.985	1.209	1.210	1.212
855	3916.137	3524.083	4262.709	3989.591	1.244	1.244	1.221
856	3886.952	3601.963	4176.717	3871.418	1.207	1.207	1.212
857	3868.582	3543.020	4021.911	3858.125	1.203	1.203	1.206
858	3866.866	3508.653	4036.634	3899.416	1.215	1.216	1.205
859	3911.362	3612.920	4337.121	3873.816	1.208	1.208	1.219
860	4016.342	3646.783	4513.909	3963.861	1.236	1.236	1.252
861	3983.096	3657.831	4262.621	3973.773	1.239	1.239	1.242
862	3931.744	3729.371	4251.876	3906.220	1.218	1.218	1.226
863	3886.280	3777.220	4026.760	3854.147	1.201	1.202	1.211
864	3932.679	3763.187	4051.191	3949.107	1.231	1.231	1.226
865	3964.510	3588.631	4491.465	3848.818	1.200	1.200	1.236
866	4097.799	3577.939	4893.315	3962.514	1.235	1.236	1.277
867	4194.413	3463.938	4919.140	4181.984	1.304	1.304	1.307
868	4140.676	3720.311	4775.266	4061.071	1.266	1.266	1.291
869	4024.917	3808.275	4458.474	3885.613	1.211	1.212	1.255
870	3971.209	3651.094	4326.095	3937.789	1.227	1.228	1.238
871	3862.559	3518.724	4132.477	3898.557	1.215	1.216	1.204
872	3879.630	3540.567	4186.223	3877.971	1.209	1.209	1.209
873	3864.995	3653.797	4086.687	3829.849	1.194	1.194	1.205
874	3811.098	3547.307	3987.852	3845.038	1.199	1.199	1.188
875	3851.957	3703.577	4106.371	3795.370	1.183	1.183	1.201
876	3955.907	3674.348	4528.408	3946.001	1.230	1.230	1.233
877	3934.254	3651.206	4294.535	3902.164	1.216	1.217	1.226
878	3963.164	3648.917	4550.013	3858.614	1.203	1.203	1.235
879	3839.795	3556.448	4239.167	3854.496	1.201	1.202	1.197
880	3812.208	3610.131	4086.838	3815.340	1.189	1.190	1.188
881	3834.010	3622.735	4154.585	3817.746	1.190	1.190	1.195
882	3932.717	3806.680	4195.209	3890.399	1.213	1.213	1.226
883	3941.744	3793.728	4246.104	3859.265	1.203	1.203	1.229
884	3891.376	3680.485	4117.345	3893.996	1.214	1.214	1.213
885	3874.174	3729.873	4198.075	3842.877	1.198	1.198	1.208
886	3943.496	3843.627	4164.367	3922.319	1.223	1.223	1.229
887	4089.600	3843.400	4619.322	3999.605	1.247	1.247	1.275
888	3983.622	3655.091	4319.283	3975.657	1.239	1.240	1.242
889	3912.557	3431.558	4247.595	3959.945	1.234	1.235	1.220
890	3835.836	3624.934	4172.485	3798.228	1.184	1.184	1.196
891	3769.365	3518.360	3957.229	3801.952	1.185	1.186	1.175
892	3839.337	3671.013	4000.978	3864.386	1.205	1.205	1.197
893	3843.016	3709.216	3942.553	3842.336	1.198	1.198	1.198
894	3922.535	3632.332	4121.388	3933.663	1.226	1.227	1.223
895	4069.584	3774.810	4407.060	4063.658	1.267	1.267	1.269
896	4072.562	3825.608	4370.800	4031.052	1.257	1.257	1.269
897	4100.789	3898.914	4420.782	4093.897	1.276	1.277	1.278
898	3865.601	3640.421	4086.863	3857.603	1.202	1.203	1.205
899	3903.883	3692.092	4200.544	3890.705	1.213	1.213	1.217
900	3880.002	3510.312	3998.799	3938.416	1.228	1.228	1.209
901	3803.952	3621.801	3954.363	3827.736	1.193	1.194	1.186
902	3774.558	3587.812	3964.062	3755.793	1.171	1.171	1.177
903	3898.848	3584.332	4284.782	3891.359	1.213	1.213	1.215
904	4138.341	3639.580	5171.921	4030.611	1.256	1.257	1.290
905	4436.470	3666.993	6512.704	3951.442	1.232	1.232	1.383
906	4622.896	3712.150	6833.079	4052.924	1.263	1.264	1.441
907	4562.405	3569.722	6784.432	4054.089	1.264	1.264	1.422
908	4190.182	3501.176	5551.774	3792.874	1.182	1.183	1.306
909	4103.749	3639.387	4936.708	3949.111	1.231	1.231	1.279
910	3953.416	3774.488	4236.009	3888.648	1.212	1.213	1.232
911	3809.082	3625.691	4134.567	3776.752	1.177	1.178	1.187
912	3757.755	3628.258	3941.916	3754.790	1.170	1.171	1.171
913	3642.785	3523.185	3740.053	3661.115	1.141	1.142	1.135
914	3672.255	3508.730	3915.036	3634.927	1.133	1.133	1.145
915	3745.299	3433.864	3984.973	3755.403	1.171	1.171	1.167
916	3799.930	3626.975	4046.828	3799.755	1.184	1.185	1.184
917	3759.123	3479.814	4045.658	3755.480	1.171	1.171	1.172
918	3735.867	3579.143	4085.136	3687.297	1.149	1.150	1.165
919	3664.076	3383.501	3824.700	3671.746	1.145	1.145	1.142
920	3668.141	3378.293	3822.905	3708.333	1.156	1.156	1.143
921	3820.292	3629.724	4035.317	3828.740	1.193	1.194	1.191
922	3932.307	3748.474	4198.761	3914.810	1.220	1.221	1.226
923	3951.774	3702.193	4286.353	3946.232	1.230	1.231	1.232
924	3952.525	3632.489	4482.859	3829.965	1.194	1.194	1.232
925	3751.026	3622.067	4138.136	3684.302	1.148	1.149	1.169
926	3830.029	3615.617	4365.833	3781.035	1.179	1.179	1.194
927	3826.980	3660.645	4013.220	3801.003	1.185	1.185	1.193
928	3808.693	3615.789	3944.000	3811.714	1.188	1.189	1.187
929	3862.738	3614.763	4207.479	3795.375	1.183	1.183	1.204
930	3803.742	3484.333	4238.809	3688.349	1.150	1.150	1.186
931	3779.604	3571.496	4011.270	3786.567	1.180	1.181	1.178
932	3673.950	3395.078	3859.730	3684.501	1.148	1.149	1.145
933	3759.001	3640.382	3925.393	3751.155	1.169	1.170	1.172
934	3665.377	3498.610	3931.792	3644.444	1.136	1.136	1.143
935	3762.835	3530.046	3923.182	3778.729	1.178	1.178	1.173
936	3939.635	3590.669	4414.692	3857.404	1.202	1.203	1.228
937	3841.686	3571.671	4697.926	3673.549	1.145	1.145	1.197
938	3784.355	3503.305	4405.707	3675.074	1.146	1.146	1.180
939	3704.016	3438.927	3981.809	3712.582	1.157	1.158	1.155
940	3733.828	3625.845	3890.187	3731.844	1.163	1.164	1.164
941	3756.181	3594.092	3819.092	3765.478	1.174	1.174	1.171
942	3873.879	3669.574	4130.086	3876.346	1.208	1.209	1.208
943	3928.591	3783.357	4145.896	3905.151	1.217	1.218	1.225
944	3941.704	3755.968	4096.122	3965.996	1.236	1.237	1.229
945	4003.729	3713.395	4408.352	3978.108	1.240	1.240	1.248
946	4119.084	3845.162	4563.802	4060.393	1.266	1.266	1.284
947	4282.930	4016.057	4515.937	4331.770	1.350	1.351	1.335
948	4565.804	4031.784	5004.480	4637.105	1.445	1.446	1.423
949	4789.399	4071.759	5661.181	4821.969	1.503	1.504	1.493
950	5020.678	3972.258	6177.897	4928.893	1.536	1.537	1.565
951	4923.179	3925.729	6150.253	4890.967	1.525	1.525	1.535
952	4648.445	3740.488	5507.202	4635.657	1.445	1.445	1.449
953	4201.561	3887.024	4675.144	4158.520	1.296	1.297	1.310
954	3984.167	3697.785	4348.631	3929.474	1.225	1.225	1.242
955	4155.291	3633.308	4518.275	4215.923	1.314	1.315	1.295
956	3950.078	3696.941	4098.024	3958.436	1.234	1.234	1.231
957	4031.673	3796.667	4277.969	4042.109	1.260	1.260	1.257
958	4041.919	3758.146	4423.174	4023.349	1.254	1.255	1.260
959	4255.475	3907.268	4952.442	4130.331	1.287	1.288	1.326
960	4250.356	3834.120	4967.221	4124.065	1.286	1.286	1.325
961	4344.336	3765.309	4988.960	4273.907	1.332	1.333	1.354
962	4178.879	3753.186	4806.094	4122.535	1.285	1.285	1.303
963	3987.455	3683.396	4189.616	4016.558	1.252	1.252	1.243
964	3907.431	3740.760	4018.380	3929.163	1.225	1.225	1.218
965	3696.914	3522.191	3858.017	3711.375	1.157	1.157	1.152
966	3690.201	3582.788	3845.358	3690.324	1.150	1.151	1.150
967	3767.125	3544.097	4163.644	3763.128	1.173	1.173	1.174
968	3833.798	3653.990	4071.396	3834.529	1.195	1.196	1.195
969	3843.959	3499.241	4055.608	3845.150	1.199	1.199	1.198
970	3750.741	3568.936	4060.103	3732.123	1.163	1.164	1.169
971	3732.013	3631.147	3845.550	3715.651	1.158	1.159	1.163
972	3726.891	3598.638	3933.841	3700.238	1.153	1.154	1.162
973	3729.351	3442.713	3999.511	3746.023	1.168	1.168	1.162
974	3722.409	3530.337	3889.473	3733.941	1.164	1.164	1.160
975	3775.102	3566.389	3972.727	3761.239	1.172	1.173	1.177
976	3814.880	3494.354	4005.376	3824.436	1.192	1.193	1.189
977	3877.021	3686.281	4108.133	3883.776	1.211	1.211	1.209
978	3941.186	3683.026	4205.784	3923.585	1.223	1.223	1.229
979	3952.207	3621.682	4307.134	3876.184	1.208	1.209	1.232
980	3993.221	3613.930	4519.769	3971.630	1.238	1.238	1.245
981	3903.168	3586.532	4328.465	3869.197	1.206	1.206	1.217
982	3945.029	3655.048	4511.644	3802.927	1.185	1.186	1.230
983	3991.866	3564.641	5103.461	3718.669	1.159	1.160	1.244
984	4017.680	3571.246	5334.613	3799.303	1.184	1.185	1.252
985	3907.750	3562.412	4861.512	3794.880	1.183	1.183	1.218
986	3889.604	3641.832	4520.339	3838.937	1.197	1.197	1.212
987	3818.805	3577.115	4093.502	3790.374	1.182	1.182	1.190
988	3677.718	3560.693	3806.282	3677.600	1.146	1.147	1.146
989	3746.486	3569.041	3884.207	3770.483	1.175	1.176	1.168
990	3826.152	3620.765	4097.271	3820.256	1.191	1.191	1.193
991	3940.994	3661.625	4341.038	3939.046	1.228	1.228	1.228
992	3960.120	3595.704	4281.186	3994.696	1.245	1.246	1.234
993	4038.255	3660.031	4285.271	4085.002	1.273	1.274	1.259
994	3918.412	3723.190	4215.042	3899.789	1.216	1.216	1.221
995	3987.377	3700.784	4320.544	3999.715	1.247	1.247	1.243
996	4083.512	3681.470	4701.442	4049.067	1.262	1.263	1.273
997	4028.855	3691.469	4533.321	3969.421	1.237	1.238	1.256
998	4084.836	3715.026	4494.034	3985.005	1.242	1.243	1.273
999	4189.067	3699.031	4621.653	4232.658	1.319	1.320	1.306
1000	4209.566	3604.158	4894.151	4151.117	1.294	1.294	1.312
1001	4069.766	3738.156	4515.759	3976.766	1.240	1.240	1.269
1002	4066.668	3830.878	4475.581	3988.948	1.243	1.244	1.268
1003	4171.768	3990.537	4500.206	4132.681	1.288	1.289	1.300
1004	4184.077	4021.417	4360.871	4151.860	1.294	1.295	1.304
1005	4120.181	3870.577	4711.185	4061.049	1.266	1.266	1.284
1006	3962.280	3762.315	4153.938	3984.127	1.242	1.242	1.235
1007	3732.497	3606.284	3836.598	3710.208	1.157	1.157	1.163
1008	3689.607	3521.114	3876.630	3722.994	1.160	1.161	1.150
1009	3723.020	3496.092	4007.099	3731.353	1.163	1.164	1.161
1010	3758.543	3582.386	3957.711	3768.403	1.175	1.175	1.172
1011	3908.096	3623.982	4271.434	3899.598	1.216	1.216	1.218
1012	3926.511	3627.501	4365.611	3906.273	1.218	1.218	1.224
1013	3907.111	3667.205	4228.904	3835.653	1.196	1.196	1.218
1014	3774.210	3575.541	3929.360	3765.544	1.174	1.174	1.176
1015	3779.634	3641.886	4092.759	3744.497	1.167	1.168	1.178
1016	3790.415	3611.596	4017.689	3766.377	1.174	1.174	1.182
1017	3848.781	3682.956	3955.709	3862.670	1.204	1.204	1.200
1018	3886.314	3753.243	4097.143	3846.647	1.199	1.199	1.211
1019	3991.877	3604.366	4603.375	3925.952	1.224	1.224	1.244
1020	4168.315	3556.133	4651.810	4236.449	1.321	1.321	1.299
1021	4168.819	3726.071	4484.275	4217.581	1.315	1.315	1.299
1022	4036.576	3853.569	4216.269	4040.183	1.259	1.260	1.258
1023	4219.158	3831.677	4786.310	4214.590	1.314	1.314	1.315
1024	4695.680	3884.344	6010.941	4359.105	1.359	1.359	1.464
1025	5198.566	4027.793	6670.483	5001.540	1.559	1.560	1.620
1026	5973.978	4164.787	8710.174	5562.984	1.734	1.735	1.862
1027	6051.261	4252.602	8477.779	5633.131	1.756	1.757	1.886
1028	5431.859	4125.230	7664.875	5133.998	1.600	1.601	1.693
1029	4537.874	3739.104	5418.851	4559.797	1.421	1.422	1.415
1030	4183.127	3831.782	4553.558	4208.008	1.312	1.312	1.304
1031	3998.460	3815.461	4203.145	3939.781	1.228	1.228	1.246
1032	3884.971	3730.515	4186.131	3831.985	1.194	1.195	1.211
1033	3903.912	3731.735	4299.522	3804.114	1.186	1.186	1.217
1034	4008.440	3716.390	4430.087	3941.384	1.229	1.229	1.249
1035	4076.171	3789.076	4337.269	4101.191	1.278	1.279	1.271
1036	4216.160	3715.857	4641.820	4244.494	1.323	1.324	1.314
1037	4555.527	3880.863	5183.302	4486.424	1.398	1.399	1.420
1038	5116.956	3931.651	6498.604	5023.498	1.566	1.566	1.595
1039	5804.660	4065.807	7852.350	5627.503	1.754	1.755	1.809
1040	6475.498	3701.321	9260.219	6120.145	1.908	1.908	2.018
1041	6708.362	3589.578	9966.454	6391.713	1.992	1.993	2.091
1042	6268.952	3736.236	8923.314	6265.920	1.953	1.954	1.954
1043	5349.759	3732.327	6767.019	5309.325	1.655	1.656	1.668
1044	4518.524	3452.924	5284.328	4628.267	1.443	1.443	1.408
1045	4275.978	3682.646	4590.020	4297.972	1.340	1.340	1.333
1046	4212.244	3737.929	4558.372	4257.973	1.327	1.328	1.313
1047	4302.086	3852.010	4805.257	4337.713	1.352	1.353	1.341
1048	4387.597	3773.983	5180.775	4149.607	1.293	1.294	1.368
1049	4213.445	3758.549	4852.930	4160.563	1.297	1.297	1.313
1050	3960.507	3535.749	4212.693	4055.436	1.264	1.265	1.235
1051	3751.330	3555.991	4120.603	3686.721	1.149	1.150	1.169
1052	3641.357	3379.838	3972.230	3638.810	1.134	1.135	1.135
1053	3642.935	3478.534	3827.304	3619.372	1.128	1.129	1.136
1054	3622.780	3477.301	3798.758	3601.699	1.123	1.123	1.129
1055	3601.061	3415.851	3801.608	3603.672	1.123	1.124	1.122
1056	3614.066	3454.885	3807.531	3601.110	1.123	1.123	1.127
1057	3664.479	3466.701	3831.294	3665.639	1.143	1.143	1.142
1058	3722.151	3565.830	3916.397	3705.318	1.155	1.155	1.160
1059	3788.824	3661.791	3895.557	3762.285	1.173	1.173	1.181
1060	3981.472	3740.522	4198.521	3981.464	1.241	1.241	1.241
1061	4061.575	3711.854	4473.305	4040.461	1.259	1.260	1.266
1062	4194.494	3741.634	4789.724	4109.739	1.281	1.281	1.307
1063	4266.362	4018.614	4588.551	4213.622	1.313	1.314	1.330
1064	4268.221	4051.255	4731.199	4199.790	1.309	1.310	1.330
1065	4333.478	4155.775	4494.996	4380.038	1.365	1.366	1.351
1066	4424.785	4134.072	4706.032	4428.404	1.380	1.381	1.379
1067	4361.205	3894.597	4835.839	4358.353	1.359	1.359	1.359
1068	4283.433	3994.273	4629.573	4281.389	1.335	1.335	1.335
1069	4206.591	4069.542	4364.884	4221.250	1.316	1.316	1.311
1070	4178.682	4085.507	4412.831	4155.870	1.295	1.296	1.303
1071	4326.716	3982.923	4699.353	4354.800	1.357	1.358	1.349
1072	4484.306	3929.944	4999.188	4635.110	1.445	1.445	1.398
1073	5035.885	4211.482	5691.171	5271.271	1.643	1.644	1.570
1074	5402.918	4183.610	6378.797	5617.577	1.751	1.752	1.684
1075	5349.270	3988.604	6401.684	5762.023	1.796	1.797	1.667
1076	4856.677	3623.228	5897.588	5122.725	1.597	1.597	1.514
1077	4263.728	3731.694	4725.825	4206.098	1.311	1.312	1.329
1078	4001.948	3584.890	4341.303	3993.589	1.245	1.245	1.247
1079	3946.519	3538.711	4419.834	3843.755	1.198	1.199	1.230
1080	3864.900	3662.090	4187.899	3788.249	1.181	1.181	1.205
1081	3867.577	3495.945	4520.556	3660.736	1.141	1.141	1.206
1082	4038.939	3381.518	5059.902	3774.098	1.176	1.177	1.259
1083	4273.632	3452.674	5946.435	3958.500	1.234	1.234	1.332
1084	4073.004	3539.635	4852.469	3956.390	1.233	1.234	1.270
1085	3888.304	3632.197	4299.741	3856.253	1.202	1.202	1.212
1086	3898.586	3685.544	4294.710	3809.881	1.188	1.188	1.215
1087	3831.568	3543.035	4141.896	3815.531	1.189	1.190	1.194
1088	3843.351	3690.440	4017.520	3855.302	1.202	1.202	1.198
1089	3756.546	3594.050	3971.304	3739.236	1.166	1.166	1.171
1090	3753.997	3620.793	3982.115	3725.574	1.161	1.162	1.170
1091	3622.659	3514.356	3749.475	3609.957	1.125	1.126	1.129
1092	3631.072	3523.910	3770.212	3624.915	1.130	1.130	1.132
1093	3641.658	3459.013	3782.112	3659.523	1.141	1.141	1.135
1094	3664.504	3580.538	3754.122	3664.952	1.142	1.143	1.142
1095	3692.350	3535.453	3837.928	3701.425	1.154	1.154	1.151
1096	3669.989	3476.415	3805.668	3687.842	1.150	1.150	1.144
1097	3660.262	3447.649	3916.515	3651.018	1.138	1.138	1.141
1098	3713.344	3448.508	4015.584	3722.268	1.160	1.161	1.157
1099	3847.620	3623.139	4093.313	3808.607	1.187	1.188	1.199
1100	3763.928	3547.342	4155.506	3686.824	1.149	1.150	1.173
1101	3714.372	3484.585	4133.447	3643.373	1.136	1.136	1.158
1102	3759.760	3592.530	3949.353	3751.093	1.169	1.170	1.172
1103	3707.852	3438.535	3870.497	3746.969	1.168	1.168	1.156
1104	3723.845	3626.438	3877.048	3717.238	1.159	1.159	1.161
1105	3779.161	3649.031	3893.188	3785.427	1.180	1.180	1.178
1106	3733.959	3601.471	3985.624	3678.903	1.147	1.147	1.164
1107	3839.606	3483.402	4267.219	3783.754	1.179	1.180	1.197
1108	3854.534	3623.090	4046.635	3869.983	1.206	1.207	1.202
1109	3848.670	3663.344	4119.266	3856.792	1.202	1.203	1.200
1110	3783.916	3586.001	3961.320	3801.505	1.185	1.185	1.179
1111	3792.422	3613.192	4010.006	3779.588	1.178	1.179	1.182
1112	3860.014	3645.334	4023.576	3860.345	1.203	1.204	1.203
1113	4019.391	3581.661	4347.054	4047.089	1.262	1.262	1.253
1114	4210.337	3525.863	5105.575	4057.066	1.265	1.265	1.312
1115	4259.871	3555.603	5070.387	4123.443	1.285	1.286	1.328
1116	4320.179	3532.659	5160.368	4326.280	1.349	1.349	1.347
1117	4333.516	3596.612	4936.613	4253.704	1.326	1.326	1.351
1118	4158.900	3580.801	4692.822	4097.773	1.277	1.278	1.296
1119	4101.161	3529.637	4587.360	4116.840	1.283	1.284	1.278
1120	4058.938	3686.970	4456.540	4061.272	1.266	1.266	1.265
1121	3970.224	3588.657	4419.782	3980.692	1.241	1.241	1.238
1122	3898.288	3472.112	4140.208	3973.388	1.239	1.239	1.215
1123	3726.531	3393.982	3893.585	3763.678	1.173	1.174	1.162
1124	3771.374	3620.121	3956.415	3759.754	1.172	1.172	1.176
1125	3757.552	3607.076	4017.374	3752.023	1.170	1.170	1.171
1126	3751.790	3646.529	3907.871	3727.448	1.162	1.162	1.169
1127	3699.944	3480.322	3855.684	3747.697	1.168	1.169	1.153
1128	3647.297	3465.221	3854.432	3630.333	1.132	1.132	1.137
1129	3605.653	3393.068	3869.859	3609.917	1.125	1.126	1.124
1130	3580.310	3418.019	3714.394	3615.814	1.127	1.127	1.116
1131	3667.697	3508.434	3814.694	3655.741	1.140	1.140	1.143
1132	3711.361	3502.657	4084.622	3666.786	1.143	1.143	1.157
1133	3808.696	3377.873	4893.016	3702.060	1.154	1.154	1.187
1134	4015.083	3524.995	5606.721	3761.167	1.172	1.173	1.252
1135	4092.101	3500.166	6160.084	3812.755	1.188	1.189	1.276
1136	3969.460	3432.721	5593.998	3838.799	1.197	1.197	1.237
1137	3898.361	3561.252	4688.527	3865.913	1.205	1.205	1.215
1138	3812.863	3476.579	4134.947	3822.953	1.192	1.192	1.189
1139	3788.430	3503.403	3986.986	3823.718	1.192	1.192	1.181
1140	3694.688	3585.104	3899.189	3666.244	1.143	1.143	1.152
1141	3628.887	3452.731	3796.064	3645.832	1.136	1.137	1.131
1142	3625.254	3493.164	3759.722	3615.774	1.127	1.127	1.130
1143	3568.918	3458.161	3677.753	3555.103	1.108	1.109	1.112
1144	3525.726	3417.891	3666.075	3514.737	1.096	1.096	1.099
1145	3506.716	3398.393	3679.229	3493.279	1.089	1.089	1.093
1146	3514.283	3438.196	3599.645	3522.302	1.098	1.098	1.095
1147	3561.914	3502.453	3663.773	3562.647	1.111	1.111	1.110
1148	3611.890	3456.322	3751.255	3610.496	1.125	1.126	1.126
1149	3628.982	3517.674	3686.935	3636.407	1.134	1.134	1.131
1150	3633.305	3514.389	3743.573	3619.756	1.128	1.129	1.133
1151	3725.293	3444.859	3957.325	3731.202	1.163	1.163	1.161
1152	3815.613	3633.709	3930.081	3835.517	1.196	1.196	1.189
1153	3782.890	3698.030	3864.510	3782.710	1.179	1.180	1.179
1154	3740.506	3560.075	3892.501	3749.912	1.169	1.169	1.166
1155	3723.887	3624.362	3893.986	3706.446	1.155	1.156	1.161
1156	3651.350	3525.428	3777.633	3656.238	1.140	1.140	1.138
1157	3585.568	3404.461	3795.500	3608.021	1.125	1.125	1.118
1158	3633.856	3485.171	3726.146	3649.089	1.137	1.138	1.133
1159	3637.320	3557.555	3751.665	3618.163	1.128	1.128	1.134
1160	3688.706	3576.310	3770.300	3716.560	1.158	1.159	1.150
1161	3763.909	3575.930	3972.237	3739.933	1.166	1.166	1.173
1162	3851.334	3579.042	4030.719	3855.056	1.202	1.202	1.201
1163	3904.502	3579.499	4195.398	3876.727	1.208	1.209	1.217
1164	3961.568	3599.053	4263.293	3918.660	1.221	1.222	1.235
1165	3913.202	3684.887	4196.016	3839.792	1.197	1.197	1.220
1166	3873.376	3590.629	4185.496	3883.285	1.210	1.211	1.207
1167	3823.899	3644.330	3926.560	3841.933	1.198	1.198	1.192
1168	3783.820	3559.086	4019.102	3775.562	1.177	1.177	1.179
1169	3649.771	3410.473	3802.908	3686.863	1.149	1.150	1.138
1170	3621.743	3371.154	3820.110	3613.737	1.126	1.127	1.129
1171	3632.062	3521.313	3713.702	3634.478	1.133	1.133	1.132
1172	3634.047	3510.188	3839.129	3587.476	1.118	1.119	1.133
1173	3627.865	3409.133	3821.558	3640.822	1.135	1.135	1.131
1174	3536.683	3256.171	3693.933	3544.940	1.105	1.105	1.102
1175	3568.324	3291.635	3793.396	3591.900	1.120	1.120	1.112
1176	3551.950	3386.133	3795.128	3521.523	1.098	1.098	1.107
1177	3557.991	3424.615	3706.887	3538.331	1.103	1.103	1.109
1178	3647.648	3505.041	3794.717	3652.314	1.138	1.139	1.137
1179	3568.066	3422.572	3798.838	3560.677	1.110	1.110	1.112
1180	3545.116	3396.385	3778.448	3551.427	1.107	1.107	1.105
1181	3687.813	3429.299	3951.191	3703.568	1.154	1.155	1.150
1182	3688.197	3518.624	3914.666	3666.342	1.143	1.143	1.150
1183	3688.972	3518.102	3940.835	3644.824	1.136	1.137	1.150
1184	3818.369	3578.366	4398.957	3766.463	1.174	1.174	1.190
1185	3810.139	3560.668	4024.852	3747.284	1.168	1.168	1.188
1186	3772.694	3491.819	4029.133	3801.043	1.185	1.185	1.176
1187	3406.222	3340.179	3509.108	3386.935	1.056	1.056	1.062
1188	3406.222	3340.179	3509.108	3386.935	1.056	1.056	1.062
