 	Mean	Min	Max	Median	Max_to_bgmean	Median_to_bgmedian	Mean_to_bgmean
1	4760.639	4220.944	5474.980	4869.954	1.292	1.306	1.263
2	5224.671	4280.482	6481.090	5099.507	1.353	1.368	1.386
3	5759.156	4198.691	8344.372	5319.772	1.412	1.427	1.528
4	5428.763	4143.208	7193.349	5257.924	1.395	1.410	1.440
5	5038.076	4110.665	6054.175	4981.430	1.322	1.336	1.337
6	4663.804	4204.179	5351.459	4502.915	1.195	1.208	1.238
7	4350.825	4068.539	4607.905	4347.256	1.154	1.166	1.154
8	4175.651	3793.580	4516.263	4093.394	1.086	1.098	1.108
9	4089.593	3822.091	4508.854	4024.724	1.068	1.079	1.085
10	4055.002	3862.159	4343.943	4090.157	1.085	1.097	1.076
11	4025.431	3652.303	4252.432	4026.287	1.068	1.080	1.068
12	4247.752	3875.267	4806.384	4201.657	1.115	1.127	1.127
13	4271.794	3794.138	4913.144	4204.927	1.116	1.128	1.133
14	4402.273	3775.734	5268.264	4340.619	1.152	1.164	1.168
15	4447.210	3519.003	5738.066	4285.984	1.137	1.149	1.180
16	4514.588	3907.709	5694.500	4307.875	1.143	1.155	1.198
17	4539.383	4000.333	5360.069	4408.501	1.170	1.182	1.204
18	4429.661	3816.631	5508.019	4247.650	1.127	1.139	1.175
19	4161.041	3911.215	4373.413	4164.435	1.105	1.117	1.104
20	3995.086	3830.098	4205.088	4003.876	1.062	1.074	1.060
21	3929.234	3688.441	4140.926	3943.547	1.046	1.058	1.043
22	3920.477	3704.878	4192.387	3873.905	1.028	1.039	1.040
23	3941.090	3684.918	4157.508	3952.034	1.049	1.060	1.046
24	3973.353	3676.890	4207.714	3992.652	1.059	1.071	1.054
25	4084.851	3980.705	4345.732	4055.070	1.076	1.087	1.084
26	4042.648	3867.916	4308.027	3987.451	1.058	1.069	1.073
27	4019.286	3849.302	4372.354	3986.712	1.058	1.069	1.066
28	3982.067	3798.156	4162.019	3998.035	1.061	1.072	1.057
29	4052.383	3796.454	4327.117	4056.970	1.076	1.088	1.075
30	4013.521	3692.309	4346.827	3991.972	1.059	1.071	1.065
31	3987.801	3574.454	4280.124	3965.973	1.052	1.064	1.058
32	4060.560	3735.688	4383.627	4102.424	1.089	1.100	1.077
33	4170.104	3765.239	4837.846	4182.055	1.110	1.121	1.107
34	4175.527	3683.205	5051.940	4121.246	1.094	1.105	1.108
35	4257.517	3729.953	5360.232	4103.992	1.089	1.101	1.130
36	4511.491	3840.622	5364.688	4303.318	1.142	1.154	1.197
37	4761.101	4178.708	6060.879	4414.588	1.171	1.184	1.263
38	4770.535	4144.409	5497.135	4724.191	1.254	1.267	1.266
39	4592.582	4082.403	5177.924	4518.254	1.199	1.212	1.219
40	4476.650	3964.751	4772.755	4627.944	1.228	1.241	1.188
41	4487.244	3980.860	4993.104	4557.897	1.209	1.222	1.191
42	4414.729	3891.306	4692.331	4446.617	1.180	1.192	1.171
43	4428.055	3944.714	4833.499	4479.498	1.189	1.201	1.175
44	4273.014	3959.172	4607.827	4264.197	1.131	1.144	1.134
45	4297.176	4086.411	4561.535	4266.728	1.132	1.144	1.140
46	4152.831	3769.720	4912.155	4095.551	1.087	1.098	1.102
47	4136.596	3820.375	4702.162	4128.999	1.096	1.107	1.098
48	4123.173	3987.611	4235.232	4131.182	1.096	1.108	1.094
49	4058.249	3905.007	4211.386	4080.684	1.083	1.094	1.077
50	4004.454	3773.449	4190.814	4037.744	1.071	1.083	1.063
51	4182.261	3798.641	4576.410	4203.532	1.115	1.127	1.110
52	4452.843	3989.038	5068.504	4461.127	1.184	1.196	1.182
53	4984.758	4557.864	5526.098	4983.142	1.322	1.336	1.323
54	5348.139	4752.676	6298.821	5115.615	1.357	1.372	1.419
55	5411.739	4518.978	6876.987	5080.797	1.348	1.363	1.436
56	5031.972	4290.633	6253.750	4742.507	1.258	1.272	1.335
57	4586.650	4232.800	5214.949	4542.915	1.205	1.218	1.217
58	4370.665	4044.111	4889.014	4278.192	1.135	1.147	1.160
59	4378.398	3971.943	4802.618	4399.554	1.167	1.180	1.162
60	4374.140	4020.110	4850.961	4319.660	1.146	1.158	1.161
61	4447.321	3855.075	5103.568	4414.482	1.171	1.184	1.180
62	4397.714	3718.440	4913.779	4405.012	1.169	1.181	1.167
63	4371.437	3900.309	4609.899	4423.293	1.174	1.186	1.160
64	4363.485	4022.410	4737.635	4325.759	1.148	1.160	1.158
65	4343.389	3862.530	5094.652	4339.695	1.152	1.164	1.152
66	4356.218	3807.551	5257.404	4349.984	1.154	1.167	1.156
67	4417.723	3892.143	5530.980	4308.038	1.143	1.155	1.172
68	4339.970	3914.533	5226.116	4175.742	1.108	1.120	1.152
69	4328.096	3901.518	5258.929	4200.661	1.115	1.126	1.148
70	4280.778	3965.464	4841.202	4171.483	1.107	1.119	1.136
71	4217.325	4008.831	4583.668	4155.954	1.103	1.114	1.119
72	4078.000	3745.368	4497.689	4111.815	1.091	1.103	1.082
73	3965.702	3737.247	4261.000	3978.263	1.056	1.067	1.052
74	3889.992	3655.788	4068.587	3898.112	1.034	1.045	1.032
75	3859.810	3672.062	4063.790	3856.057	1.023	1.034	1.024
76	3858.911	3705.625	4157.877	3824.967	1.015	1.026	1.024
77	3850.589	3678.167	3970.364	3860.833	1.024	1.035	1.022
78	3970.756	3735.067	4261.217	3943.851	1.046	1.058	1.054
79	4017.741	3738.854	4353.043	4045.354	1.073	1.085	1.066
80	4225.116	3921.782	4640.174	4264.920	1.132	1.144	1.121
81	4379.016	4046.854	4877.624	4256.978	1.130	1.142	1.162
82	4456.543	4093.784	4911.055	4423.135	1.174	1.186	1.183
83	4256.652	3910.814	4470.386	4277.618	1.135	1.147	1.129
84	4275.061	3983.951	4806.409	4206.854	1.116	1.128	1.134
85	4187.590	3870.881	4516.182	4221.735	1.120	1.132	1.111
86	4110.062	3926.289	4378.804	4066.835	1.079	1.091	1.091
87	4305.293	3885.752	5021.796	4226.961	1.122	1.134	1.142
88	4393.260	3856.456	4942.809	4401.977	1.168	1.180	1.166
89	4607.213	4201.471	5181.298	4558.684	1.210	1.222	1.222
90	4523.546	4119.187	4852.461	4533.735	1.203	1.216	1.200
91	4344.988	4089.333	4791.674	4294.064	1.139	1.152	1.153
92	4241.610	4060.810	4362.637	4254.616	1.129	1.141	1.125
93	4161.919	3879.775	4443.289	4151.972	1.102	1.113	1.104
94	4283.430	3823.023	4696.783	4331.642	1.149	1.162	1.137
95	4181.006	3758.144	4591.797	4171.779	1.107	1.119	1.109
96	4241.634	3721.573	5078.290	4214.766	1.118	1.130	1.125
97	4208.179	3728.605	5031.797	4089.181	1.085	1.097	1.117
98	4126.517	3763.751	4678.924	4051.155	1.075	1.086	1.095
99	4308.688	3875.757	4651.312	4290.601	1.138	1.151	1.143
100	4252.343	3936.194	4641.996	4198.407	1.114	1.126	1.128
101	4020.187	3654.440	4370.225	3972.256	1.054	1.065	1.067
102	4123.361	3880.630	4300.445	4180.344	1.109	1.121	1.094
103	4234.372	3992.334	4795.758	4147.555	1.101	1.112	1.124
104	4489.767	4026.074	5209.512	4425.533	1.174	1.187	1.191
105	4717.539	4257.739	5118.497	4749.579	1.260	1.274	1.252
106	5243.306	4343.549	6287.573	5049.415	1.340	1.354	1.391
107	5914.084	4332.317	7826.275	5624.058	1.492	1.508	1.569
108	6610.944	4338.126	9266.816	6282.593	1.667	1.685	1.754
109	6797.803	4481.161	9453.147	6721.059	1.783	1.802	1.804
110	6644.757	4462.504	9192.924	6656.694	1.766	1.785	1.763
111	5926.247	3975.012	7700.370	5998.475	1.592	1.609	1.572
112	5302.226	4155.646	6402.320	5341.516	1.417	1.432	1.407
113	4658.832	4023.050	5210.157	4701.431	1.247	1.261	1.236
114	4371.295	3978.171	4635.156	4393.806	1.166	1.178	1.160
115	4267.881	3797.210	4544.203	4376.646	1.161	1.174	1.132
116	4157.675	3736.110	4565.881	4190.128	1.112	1.124	1.103
117	4130.717	3810.659	4398.501	4113.292	1.091	1.103	1.096
118	4104.062	3826.220	4326.748	4119.306	1.093	1.105	1.089
119	4013.233	3758.813	4263.472	4027.136	1.069	1.080	1.065
120	3946.848	3687.010	4259.951	3927.590	1.042	1.053	1.047
121	3849.066	3612.120	4150.142	3888.702	1.032	1.043	1.021
122	3844.223	3512.355	4172.864	3880.306	1.030	1.041	1.020
123	3839.616	3745.338	3910.359	3839.891	1.019	1.030	1.019
124	3942.240	3714.378	4185.767	3886.299	1.031	1.042	1.046
125	3979.266	3660.881	4469.572	3851.865	1.022	1.033	1.056
126	4134.519	3652.521	4643.943	4197.090	1.114	1.126	1.097
127	4185.075	3652.315	4660.505	4223.069	1.121	1.132	1.110
128	4265.087	3838.378	4602.717	4341.211	1.152	1.164	1.132
129	4144.054	3802.683	4501.663	4133.324	1.097	1.108	1.100
130	4252.541	3833.597	4579.086	4305.697	1.142	1.155	1.128
131	4534.757	3929.864	5319.933	4498.348	1.194	1.206	1.203
132	4785.040	3859.625	5871.570	4689.105	1.244	1.257	1.270
133	4657.527	4070.062	5554.435	4479.789	1.189	1.201	1.236
134	4589.392	4107.812	4977.866	4682.526	1.242	1.256	1.218
135	4376.253	4138.714	4557.688	4379.410	1.162	1.174	1.161
136	4263.645	4045.895	4621.578	4213.466	1.118	1.130	1.131
137	4140.070	3926.717	4566.167	4073.500	1.081	1.092	1.099
138	4325.733	3906.680	5124.208	4222.349	1.120	1.132	1.148
139	4378.253	3864.916	5552.534	4194.918	1.113	1.125	1.162
140	4427.206	3932.052	5541.172	4359.392	1.157	1.169	1.175
141	4501.573	3906.677	5510.370	4343.424	1.152	1.165	1.194
142	4532.368	4080.554	5086.810	4469.318	1.186	1.199	1.203
143	4356.014	4037.066	4769.914	4304.521	1.142	1.154	1.156
144	4188.498	4021.944	4410.529	4140.758	1.099	1.110	1.111
145	4032.603	3800.435	4254.911	4021.119	1.067	1.078	1.070
146	4003.170	3750.514	4445.789	3957.828	1.050	1.061	1.062
147	3891.352	3650.864	4110.098	3894.311	1.033	1.044	1.033
148	3814.828	3576.617	4160.231	3762.635	0.998	1.009	1.012
149	3753.587	3646.184	3869.603	3758.946	0.997	1.008	0.996
150	3749.495	3617.276	3886.667	3728.853	0.989	1.000	0.995
151	3824.753	3674.303	3924.507	3834.859	1.018	1.028	1.015
152	3877.281	3606.700	4100.739	3924.711	1.041	1.052	1.029
153	4001.969	3789.855	4170.395	4055.638	1.076	1.088	1.062
154	4190.891	3814.129	4608.895	4228.830	1.122	1.134	1.112
155	4225.621	3767.620	4707.267	4185.687	1.111	1.122	1.121
156	4323.382	3929.417	5057.534	4290.633	1.138	1.151	1.147
157	4051.310	3938.354	4183.831	4019.408	1.067	1.078	1.075
158	3955.553	3737.108	4228.587	3953.316	1.049	1.060	1.050
159	3784.112	3678.466	3947.677	3794.763	1.007	1.018	1.004
160	3778.219	3648.946	4042.437	3759.579	0.998	1.008	1.003
161	3845.617	3633.933	4039.842	3829.939	1.016	1.027	1.020
162	3887.305	3699.350	4166.097	3915.194	1.039	1.050	1.031
163	3905.093	3723.791	4149.114	3837.825	1.018	1.029	1.036
164	4021.309	3818.494	4328.337	3950.378	1.048	1.059	1.067
165	4066.006	3742.788	4398.144	4059.735	1.077	1.089	1.079
166	4138.622	3723.593	4618.139	4053.942	1.076	1.087	1.098
167	4050.254	3834.570	4370.098	4047.221	1.074	1.085	1.075
168	4003.125	3898.973	4148.559	3961.196	1.051	1.062	1.062
169	3962.145	3730.782	4094.287	4008.969	1.064	1.075	1.051
170	3955.202	3770.926	4169.154	3975.455	1.055	1.066	1.049
171	3871.259	3738.005	4100.743	3824.464	1.015	1.026	1.027
172	4073.784	3781.116	4408.324	4067.089	1.079	1.091	1.081
173	4015.695	3773.034	4235.169	4038.316	1.072	1.083	1.066
174	4027.944	3737.708	4388.613	4018.477	1.066	1.078	1.069
175	4151.710	3831.145	4599.451	4114.314	1.092	1.103	1.102
176	4198.451	3801.446	4839.302	4181.249	1.109	1.121	1.114
177	4460.056	3634.410	5398.386	4491.335	1.192	1.204	1.183
178	4430.923	3670.972	5398.499	4425.419	1.174	1.187	1.176
179	4477.850	3679.140	5288.549	4542.585	1.205	1.218	1.188
180	4304.552	3640.080	4773.624	4485.979	1.190	1.203	1.142
181	4163.954	3766.941	4533.086	4209.490	1.117	1.129	1.105
182	4252.551	3729.573	4850.502	4327.757	1.148	1.161	1.128
183	4314.691	3637.992	4921.341	4291.809	1.139	1.151	1.145
184	4365.829	3730.682	5180.481	4279.639	1.136	1.148	1.158
185	4051.275	3629.849	4524.389	4089.280	1.085	1.097	1.075
186	4001.682	3844.460	4140.227	3992.550	1.059	1.071	1.062
187	3993.823	3864.137	4147.801	3998.654	1.061	1.072	1.060
188	3994.837	3670.700	4368.973	4005.526	1.063	1.074	1.060
189	4082.290	3599.724	4708.556	4006.769	1.063	1.074	1.083
190	4255.872	3617.238	5048.097	4153.223	1.102	1.114	1.129
191	4276.726	3762.372	4861.778	4204.765	1.116	1.128	1.135
192	4077.065	3585.267	4635.807	4079.455	1.082	1.094	1.082
193	4058.868	3466.054	4575.586	4079.973	1.083	1.094	1.077
194	4012.797	3628.126	4491.721	4035.101	1.071	1.082	1.065
195	4162.371	3694.699	4868.822	4206.760	1.116	1.128	1.104
196	4214.755	3528.487	4925.636	4086.604	1.084	1.096	1.118
197	4180.495	3770.352	4579.451	4182.996	1.110	1.122	1.109
198	4194.790	3911.417	4775.762	4098.815	1.088	1.099	1.113
199	3900.062	3644.361	4124.206	3939.016	1.045	1.056	1.035
200	3888.707	3627.373	4391.848	3853.085	1.022	1.033	1.032
201	3971.053	3695.804	4243.882	3944.180	1.047	1.058	1.054
202	4123.711	3761.332	4754.428	4106.606	1.090	1.101	1.094
203	4257.710	3659.338	5058.262	3963.851	1.052	1.063	1.130
204	4198.829	3632.423	4973.003	4028.012	1.069	1.080	1.114
205	4083.506	3647.352	4835.299	3920.203	1.040	1.051	1.084
206	4043.194	3697.030	4531.516	4033.110	1.070	1.082	1.073
207	4014.350	3724.634	4233.446	4079.447	1.082	1.094	1.065
208	3982.562	3692.914	4329.787	3978.680	1.056	1.067	1.057
209	4052.280	3645.191	4573.587	3930.292	1.043	1.054	1.075
210	4038.304	3795.160	4388.058	3976.901	1.055	1.066	1.072
211	4061.906	3798.474	4359.939	3977.572	1.055	1.067	1.078
212	4111.773	3734.700	4507.389	4045.070	1.073	1.085	1.091
213	4362.554	3917.000	4990.496	4332.258	1.150	1.162	1.158
214	4555.005	3976.165	5112.928	4477.242	1.188	1.201	1.209
215	4689.353	4054.462	5471.632	4694.170	1.246	1.259	1.244
216	4503.499	4065.775	5284.068	4511.991	1.197	1.210	1.195
217	4625.932	3766.361	5368.219	4763.341	1.264	1.277	1.227
218	4893.596	3990.781	6349.625	4882.149	1.295	1.309	1.298
219	5342.485	3951.479	7783.048	5379.207	1.427	1.443	1.418
220	5575.608	4219.320	8252.407	5324.439	1.413	1.428	1.479
221	5458.204	4103.101	7406.839	5446.906	1.445	1.461	1.448
222	4975.092	3846.190	5846.578	4971.295	1.319	1.333	1.320
223	4748.673	4181.611	5250.334	4929.620	1.308	1.322	1.260
224	4453.795	3927.540	4777.528	4457.225	1.183	1.195	1.182
225	4626.102	4098.750	5325.931	4626.003	1.227	1.241	1.228
226	4817.103	4152.445	5354.839	4742.190	1.258	1.272	1.278
227	5056.149	3961.671	6336.279	5164.929	1.370	1.385	1.342
228	5663.148	4117.465	8541.574	5247.238	1.392	1.407	1.503
229	6296.717	4380.627	8796.957	5689.003	1.510	1.526	1.671
230	6284.711	4511.051	8488.661	5970.653	1.584	1.601	1.668
231	5708.166	4625.585	6981.299	5564.975	1.477	1.492	1.515
232	5157.460	4957.604	5466.027	5142.322	1.364	1.379	1.368
233	4708.280	4367.959	5219.998	4608.258	1.223	1.236	1.249
234	4439.662	4106.101	4704.651	4472.348	1.187	1.199	1.178
235	4273.715	3861.260	4790.602	4350.525	1.154	1.167	1.134
236	4185.015	3696.399	4670.484	4207.635	1.116	1.128	1.110
237	4250.839	3626.843	4705.376	4323.749	1.147	1.159	1.128
238	4590.545	3593.914	5410.351	4647.128	1.233	1.246	1.218
239	4810.963	3626.006	6427.841	4973.804	1.320	1.334	1.277
240	4942.559	3690.350	6430.845	4867.980	1.292	1.305	1.311
241	4928.622	3660.286	6365.107	4797.652	1.273	1.287	1.308
242	4619.263	3605.599	5637.725	4693.089	1.245	1.259	1.226
243	4334.172	3740.757	5012.534	4306.597	1.143	1.155	1.150
244	4207.714	3746.115	4663.132	4269.345	1.133	1.145	1.116
245	3999.465	3516.553	4395.541	3963.885	1.052	1.063	1.061
246	3968.416	3480.768	4340.389	3917.929	1.040	1.051	1.053
247	3826.306	3565.500	4094.425	3810.165	1.011	1.022	1.015
248	3833.607	3531.529	4124.743	3861.446	1.025	1.036	1.017
249	3929.250	3525.739	4192.857	3998.303	1.061	1.072	1.043
250	3875.886	3529.829	4137.742	3926.096	1.042	1.053	1.028
251	3953.716	3518.836	4405.745	3900.467	1.035	1.046	1.049
252	3940.604	3635.500	4336.501	3878.358	1.029	1.040	1.046
253	4036.206	3656.335	4674.990	3983.480	1.057	1.068	1.071
254	3978.342	3704.657	4340.282	3983.090	1.057	1.068	1.056
255	3988.583	3667.644	4286.900	3974.962	1.055	1.066	1.058
256	4089.554	3521.816	4558.312	4113.368	1.091	1.103	1.085
257	4253.619	3455.089	5065.683	4242.453	1.126	1.138	1.129
258	4482.491	3428.596	5433.974	4491.147	1.192	1.204	1.189
259	4400.373	3608.836	5486.179	4231.279	1.123	1.135	1.168
260	4496.527	3710.392	5454.845	4454.001	1.182	1.194	1.193
261	4624.635	3496.780	5596.935	4804.714	1.275	1.288	1.227
262	5046.546	3612.667	6204.454	5446.988	1.445	1.461	1.339
263	5322.874	3552.081	7316.973	5493.547	1.458	1.473	1.412
264	5426.203	3610.204	6988.428	5656.134	1.501	1.517	1.440
265	5497.985	3585.481	7298.215	5708.217	1.515	1.531	1.459
266	5278.010	3513.718	6734.229	5272.084	1.399	1.414	1.400
267	5253.923	3687.052	7034.214	5312.144	1.410	1.425	1.394
268	5436.473	3598.790	7236.871	5324.623	1.413	1.428	1.443
269	6179.869	3654.479	9401.737	5786.610	1.535	1.552	1.640
270	6150.971	3756.846	9783.083	5521.013	1.465	1.481	1.632
271	5857.384	3648.696	8847.781	5605.717	1.487	1.503	1.554
272	5069.500	3714.935	6473.213	4953.307	1.314	1.328	1.345
273	4534.546	3627.135	5506.733	4570.153	1.213	1.226	1.203
274	4117.489	3551.192	4464.855	4159.996	1.104	1.116	1.093
275	3993.314	3835.173	4173.321	4031.180	1.070	1.081	1.060
276	3950.489	3580.998	4241.216	3995.940	1.060	1.072	1.048
277	3920.934	3649.428	4092.224	3930.588	1.043	1.054	1.040
278	3920.136	3657.346	4193.237	3887.220	1.031	1.042	1.040
279	3980.740	3639.516	4204.475	4020.094	1.067	1.078	1.056
280	4239.664	3705.384	4736.067	4313.356	1.145	1.157	1.125
281	4665.410	3885.707	5687.284	4543.162	1.205	1.218	1.238
282	4872.392	3650.226	6654.396	4484.768	1.190	1.203	1.293
283	4917.097	3746.372	6671.113	4467.675	1.185	1.198	1.305
284	4690.919	3768.681	6442.719	4243.182	1.126	1.138	1.245
285	4618.200	3748.575	5767.680	4322.125	1.147	1.159	1.225
286	4373.919	3648.886	5307.958	4104.880	1.089	1.101	1.161
287	4186.884	3656.954	4776.913	4145.529	1.100	1.112	1.111
288	4264.247	3787.878	4693.850	4308.071	1.143	1.155	1.131
289	4224.907	3870.868	4811.064	4158.088	1.103	1.115	1.121
290	4238.525	3807.348	4652.376	4213.021	1.118	1.130	1.125
291	4391.462	3745.487	4814.236	4424.028	1.174	1.186	1.165
292	4471.044	3699.158	5250.591	4530.139	1.202	1.215	1.186
293	4347.451	3681.031	5306.308	4364.427	1.158	1.170	1.154
294	4161.177	3795.564	4527.308	4116.914	1.092	1.104	1.104
295	4274.938	3906.529	4780.266	4202.486	1.115	1.127	1.134
296	4260.840	3693.033	4902.316	4244.938	1.126	1.138	1.131
297	4122.298	3565.667	4504.809	4134.170	1.097	1.109	1.094
298	4101.173	3604.186	4630.463	4082.680	1.083	1.095	1.088
299	4129.754	3683.353	4437.426	4154.199	1.102	1.114	1.096
300	4238.358	3645.398	5002.682	4252.335	1.128	1.140	1.125
301	4253.049	3559.226	5519.008	4231.254	1.123	1.135	1.129
302	4260.969	3632.325	5307.577	4189.693	1.112	1.124	1.131
303	4078.490	3615.803	5164.873	3985.435	1.058	1.069	1.082
304	4199.194	3367.065	4805.605	4342.047	1.152	1.164	1.114
305	4320.757	3561.903	5031.610	4352.263	1.155	1.167	1.146
306	4375.705	3366.292	4964.299	4539.963	1.205	1.217	1.161
307	4452.828	3539.808	4987.919	4609.292	1.223	1.236	1.182
308	4196.072	3604.058	4548.109	4325.471	1.148	1.160	1.113
309	4065.277	3761.144	4446.044	4061.150	1.078	1.089	1.079
310	3963.078	3556.251	4232.274	4037.651	1.071	1.083	1.052
311	4021.799	3566.913	4219.171	4077.784	1.082	1.094	1.067
312	4042.856	3526.620	4259.470	4096.072	1.087	1.098	1.073
313	4212.336	3644.309	4626.770	4264.177	1.131	1.144	1.118
314	4229.544	3556.097	4808.868	4364.123	1.158	1.170	1.122
315	4250.702	3608.718	4707.401	4339.677	1.151	1.164	1.128
316	4161.226	3633.197	4574.670	4107.197	1.090	1.101	1.104
317	4079.791	3565.245	4550.099	4113.385	1.091	1.103	1.083
318	4077.727	3443.551	4503.001	4153.605	1.102	1.114	1.082
319	4191.638	3532.512	4797.293	4209.069	1.117	1.129	1.112
320	4399.118	3504.889	5057.212	4594.029	1.219	1.232	1.167
321	4699.339	3556.094	5604.020	4773.492	1.267	1.280	1.247
322	4850.436	3801.484	5687.605	4851.751	1.287	1.301	1.287
323	4835.511	3892.723	5756.869	4814.405	1.277	1.291	1.283
324	4641.790	4134.557	5142.110	4553.814	1.208	1.221	1.232
325	4753.087	4173.698	5884.615	4560.442	1.210	1.223	1.261
326	4602.207	3910.574	5210.481	4575.539	1.214	1.227	1.221
327	4385.061	3805.163	4944.929	4388.402	1.164	1.177	1.164
328	4298.642	3841.271	4787.296	4190.879	1.112	1.124	1.141
329	4224.291	3909.186	4471.350	4201.861	1.115	1.127	1.121
330	4210.562	3893.108	4666.065	4197.312	1.114	1.126	1.117
331	4314.980	3962.130	4645.822	4363.016	1.158	1.170	1.145
332	4297.847	3902.240	4797.956	4245.699	1.127	1.139	1.140
333	4139.600	3831.695	4583.872	4147.126	1.100	1.112	1.098
334	4274.131	4083.808	4987.688	4169.049	1.106	1.118	1.134
335	4090.803	3907.352	4454.382	4058.826	1.077	1.088	1.085
336	4079.430	3751.971	4378.325	4099.616	1.088	1.099	1.082
337	3996.398	3845.351	4101.820	4017.714	1.066	1.077	1.060
338	3808.871	3523.542	3992.912	3849.321	1.021	1.032	1.011
339	3814.621	3566.197	4161.823	3746.807	0.994	1.005	1.012
340	3759.897	3620.557	3982.222	3724.490	0.988	0.999	0.998
341	3747.692	3561.619	3904.702	3762.716	0.998	1.009	0.994
342	3788.977	3602.838	4002.309	3762.923	0.998	1.009	1.005
343	3774.109	3646.896	3850.152	3775.706	1.002	1.013	1.001
344	3773.488	3574.400	3995.729	3770.992	1.001	1.011	1.001
345	3884.394	3476.623	4276.383	3833.697	1.017	1.028	1.031
346	3874.741	3596.213	4150.904	3848.566	1.021	1.032	1.028
347	3944.360	3702.873	4261.320	3924.875	1.041	1.053	1.047
348	3928.021	3729.224	4139.638	3919.280	1.040	1.051	1.042
349	3978.674	3562.532	4393.023	3944.063	1.047	1.058	1.056
350	3909.241	3539.213	4211.419	3970.576	1.054	1.065	1.037
351	3840.336	3558.623	4086.458	3843.340	1.020	1.031	1.019
352	3809.823	3322.144	4144.603	3849.874	1.022	1.032	1.011
353	3806.719	3413.626	4354.755	3796.946	1.007	1.018	1.010
354	3843.472	3493.760	4577.250	3716.921	0.986	0.997	1.020
355	3804.588	3493.420	4645.613	3742.783	0.993	1.004	1.010
356	3715.538	3503.329	4063.088	3665.938	0.973	0.983	0.986
357	3724.133	3543.529	4152.855	3634.729	0.964	0.975	0.988
358	3669.272	3437.541	3837.333	3643.930	0.967	0.977	0.974
359	3679.611	3430.424	3841.180	3689.783	0.979	0.989	0.976
360	3628.796	3496.073	3773.488	3597.133	0.954	0.965	0.963
361	3589.281	3464.797	3789.597	3562.939	0.945	0.955	0.952
362	3614.801	3429.133	3793.739	3581.363	0.950	0.960	0.959
363	3653.049	3329.610	4047.821	3643.409	0.967	0.977	0.969
364	3621.609	3430.984	3849.406	3635.427	0.965	0.975	0.961
365	3569.494	3333.392	3839.685	3573.796	0.948	0.958	0.947
366	3579.540	3418.219	3932.824	3550.298	0.942	0.952	0.950
367	3524.477	3366.890	3654.349	3529.750	0.937	0.947	0.935
368	3555.340	3411.414	3770.462	3529.936	0.937	0.947	0.943
369	3662.447	3363.343	3998.465	3639.868	0.966	0.976	0.972
370	3646.053	3377.701	4102.528	3592.516	0.953	0.963	0.967
371	3648.257	3399.126	4011.822	3659.936	0.971	0.981	0.968
372	3623.813	3415.701	3919.833	3591.040	0.953	0.963	0.962
373	3545.752	3399.816	3642.989	3572.523	0.948	0.958	0.941
374	3546.823	3447.595	3742.987	3530.395	0.937	0.947	0.941
375	3551.435	3378.064	3691.233	3540.891	0.940	0.950	0.942
376	3557.739	3488.363	3665.981	3561.102	0.945	0.955	0.944
377	3475.831	3318.621	3613.537	3478.807	0.923	0.933	0.922
378	3541.873	3418.447	3659.823	3544.183	0.940	0.950	0.940
379	3511.315	3403.780	3707.411	3519.524	0.934	0.944	0.932
380	3475.662	3317.601	3617.266	3464.526	0.919	0.929	0.922
381	3489.187	3424.943	3616.424	3462.316	0.919	0.928	0.926
382	3477.648	3358.014	3609.201	3466.447	0.920	0.930	0.923
383	3463.088	3379.166	3518.229	3472.430	0.921	0.931	0.919
384	3433.554	3317.917	3556.174	3410.339	0.905	0.915	0.911
385	3423.161	3291.304	3554.985	3421.247	0.908	0.917	0.908
386	3421.029	3251.720	3570.984	3432.227	0.911	0.920	0.908
387	3479.268	3330.851	3657.026	3475.844	0.922	0.932	0.923
388	3518.488	3424.567	3604.213	3519.149	0.934	0.944	0.934
389	3434.571	3306.273	3535.570	3464.330	0.919	0.929	0.911
390	3421.980	3180.459	3590.719	3425.373	0.909	0.919	0.908
391	3473.621	3325.375	3626.751	3473.363	0.922	0.931	0.922
392	3484.043	3430.986	3544.135	3476.960	0.923	0.932	0.924
393	3461.487	3354.233	3615.533	3418.525	0.907	0.917	0.918
394	3455.889	3362.820	3553.952	3448.564	0.915	0.925	0.917
395	3469.211	3369.730	3564.804	3451.906	0.916	0.926	0.921
396	3476.246	3313.953	3677.316	3500.772	0.929	0.939	0.922
397	3514.300	3394.735	3607.151	3510.030	0.931	0.941	0.932
398	3494.708	3343.456	3566.498	3505.936	0.930	0.940	0.927
399	3484.978	3380.143	3578.192	3486.219	0.925	0.935	0.925
400	3516.160	3314.999	3692.170	3547.126	0.941	0.951	0.933
401	3445.951	3269.308	3603.005	3439.648	0.913	0.922	0.914
402	3436.415	3335.084	3546.465	3432.287	0.911	0.920	0.912
403	3444.787	3341.789	3524.787	3434.003	0.911	0.921	0.914
404	3549.514	3394.988	3651.806	3571.126	0.948	0.958	0.942
405	3471.995	3366.882	3552.522	3490.804	0.926	0.936	0.921
406	3443.963	3342.576	3536.232	3457.066	0.917	0.927	0.914
407	3468.652	3303.300	3571.391	3483.684	0.924	0.934	0.920
408	3462.847	3373.077	3596.757	3461.666	0.919	0.928	0.919
409	3439.924	3317.866	3618.307	3418.435	0.907	0.917	0.913
410	3500.257	3418.644	3591.720	3506.769	0.930	0.940	0.929
411	3425.608	3266.998	3576.556	3420.585	0.908	0.917	0.909
412	3425.531	3322.552	3599.133	3421.701	0.908	0.918	0.909
413	3458.035	3281.801	3606.036	3481.339	0.924	0.934	0.918
414	3502.952	3383.938	3687.608	3495.002	0.927	0.937	0.929
415	3433.389	3354.906	3559.391	3412.001	0.905	0.915	0.911
416	3467.719	3357.641	3702.513	3415.652	0.906	0.916	0.920
417	3474.911	3289.828	3642.934	3458.403	0.918	0.927	0.922
418	3517.036	3360.210	3597.685	3535.075	0.938	0.948	0.933
419	3497.306	3326.188	3614.554	3509.036	0.931	0.941	0.928
420	3446.815	3355.770	3552.776	3456.265	0.917	0.927	0.915
421	3422.429	3301.675	3520.819	3431.407	0.910	0.920	0.908
422	3431.773	3339.741	3523.746	3433.453	0.911	0.921	0.911
423	3436.201	3396.474	3484.584	3426.591	0.909	0.919	0.912
424	3396.203	3313.839	3446.232	3410.837	0.905	0.915	0.901
425	3450.315	3352.144	3498.960	3470.260	0.921	0.931	0.916
426	3454.017	3352.117	3535.584	3459.852	0.918	0.928	0.916
427	3441.839	3393.563	3546.016	3433.507	0.911	0.921	0.913
428	3451.757	3350.218	3613.551	3432.625	0.911	0.921	0.916
429	3442.955	3363.581	3630.115	3414.131	0.906	0.916	0.914
430	3480.434	3361.875	3653.759	3465.593	0.920	0.929	0.924
431	3485.753	3307.241	3640.258	3459.832	0.918	0.928	0.925
432	3435.986	3288.166	3626.979	3418.747	0.907	0.917	0.912
433	3443.787	3291.585	3569.222	3419.458	0.907	0.917	0.914
434	3447.377	3380.718	3549.627	3451.062	0.916	0.925	0.915
435	3483.414	3377.679	3661.054	3447.572	0.915	0.925	0.924
436	3442.170	3315.393	3612.550	3429.949	0.910	0.920	0.913
437	3438.708	3278.849	3565.802	3436.238	0.912	0.921	0.912
438	3469.432	3264.290	3612.855	3476.948	0.923	0.932	0.921
439	3468.618	3341.684	3616.291	3471.188	0.921	0.931	0.920
440	3448.950	3376.063	3494.154	3451.176	0.916	0.925	0.915
441	3478.424	3356.108	3568.356	3494.569	0.927	0.937	0.923
442	3478.516	3390.397	3683.390	3466.887	0.920	0.930	0.923
443	3429.843	3289.245	3604.229	3431.006	0.910	0.920	0.910
444	3456.571	3313.329	3602.229	3473.225	0.922	0.931	0.917
445	3478.754	3312.325	3638.908	3465.153	0.919	0.929	0.923
446	3442.076	3227.836	3717.265	3411.942	0.905	0.915	0.913
447	3439.733	3272.802	3680.298	3422.941	0.908	0.918	0.913
448	3526.412	3383.807	3732.892	3491.864	0.927	0.936	0.936
449	3518.116	3415.622	3698.749	3512.966	0.932	0.942	0.934
450	3474.501	3341.698	3678.640	3457.241	0.917	0.927	0.922
451	3518.880	3434.142	3726.663	3485.570	0.925	0.935	0.934
452	3447.296	3296.062	3582.872	3436.999	0.912	0.922	0.915
453	3460.948	3309.910	3587.504	3454.226	0.917	0.926	0.918
454	3452.584	3347.030	3558.733	3447.115	0.915	0.924	0.916
455	3526.278	3435.872	3638.315	3519.919	0.934	0.944	0.936
456	3505.806	3334.995	3639.007	3513.695	0.932	0.942	0.930
457	3518.493	3285.511	3705.938	3506.239	0.930	0.940	0.934
458	3524.804	3288.355	3722.265	3549.958	0.942	0.952	0.935
459	3498.918	3252.765	3817.469	3432.700	0.911	0.921	0.928
460	3484.752	3316.697	3737.450	3468.038	0.920	0.930	0.925
461	3470.272	3338.075	3632.755	3434.346	0.911	0.921	0.921
462	3521.703	3386.534	3683.443	3524.679	0.935	0.945	0.934
463	3450.300	3347.364	3597.692	3433.829	0.911	0.921	0.916
464	3451.389	3366.896	3648.790	3432.063	0.911	0.920	0.916
465	3425.605	3310.929	3611.522	3380.663	0.897	0.907	0.909
466	3403.807	3292.883	3525.021	3399.041	0.902	0.912	0.903
467	3422.447	3247.209	3589.872	3405.557	0.904	0.913	0.908
468	3469.904	3356.564	3762.691	3450.390	0.916	0.925	0.921
469	3505.180	3431.931	3587.131	3520.327	0.934	0.944	0.930
470	3411.131	3283.879	3549.796	3411.333	0.905	0.915	0.905
471	3440.235	3332.137	3673.391	3417.938	0.907	0.917	0.913
472	3406.107	3348.088	3459.436	3401.675	0.903	0.912	0.904
473	3396.580	3295.213	3463.377	3404.922	0.903	0.913	0.901
474	3363.495	3295.417	3486.216	3363.745	0.893	0.902	0.892
475	3372.918	3317.168	3436.689	3365.215	0.893	0.902	0.895
476	3445.832	3319.164	3660.483	3430.559	0.910	0.920	0.914
477	3416.491	3252.110	3546.002	3415.915	0.906	0.916	0.907
478	3465.425	3351.290	3567.691	3453.153	0.916	0.926	0.920
479	3454.924	3336.396	3626.872	3425.697	0.909	0.919	0.917
480	3396.758	3273.791	3555.020	3392.810	0.900	0.910	0.901
481	3527.192	3375.644	3641.898	3521.383	0.934	0.944	0.936
482	3525.056	3354.466	3741.096	3534.460	0.938	0.948	0.935
483	3557.732	3419.209	3878.725	3512.963	0.932	0.942	0.944
484	3498.192	3362.213	3624.615	3517.408	0.933	0.943	0.928
485	3457.023	3320.080	3599.933	3419.112	0.907	0.917	0.917
486	3460.043	3320.323	3714.789	3441.803	0.913	0.923	0.918
487	3476.433	3339.196	3684.907	3480.282	0.923	0.933	0.922
488	3451.241	3307.746	3631.093	3439.492	0.913	0.922	0.916
489	3430.084	3350.911	3531.734	3431.444	0.911	0.920	0.910
490	3375.132	3306.525	3482.526	3365.197	0.893	0.902	0.896
491	3395.712	3288.431	3485.619	3396.595	0.901	0.911	0.901
492	3461.939	3408.501	3570.793	3457.109	0.917	0.927	0.919
493	3400.680	3345.819	3520.928	3377.150	0.896	0.906	0.902
494	3404.496	3267.492	3583.911	3385.315	0.898	0.908	0.903
495	3396.504	3209.760	3542.866	3397.911	0.902	0.911	0.901
496	3390.486	3231.897	3581.808	3381.175	0.897	0.907	0.900
497	3384.378	3282.289	3560.513	3377.782	0.896	0.906	0.898
498	3385.616	3259.684	3560.076	3385.800	0.898	0.908	0.898
499	3392.098	3180.731	3568.934	3375.354	0.896	0.905	0.900
500	3367.667	3203.158	3542.964	3385.827	0.898	0.908	0.894
501	3396.904	3292.773	3571.425	3389.756	0.899	0.909	0.901
502	3412.766	3219.783	3601.361	3441.165	0.913	0.923	0.906
503	3416.908	3303.837	3530.003	3420.155	0.908	0.917	0.907
504	3369.766	3270.087	3508.262	3341.312	0.887	0.896	0.894
505	3392.172	3305.125	3519.418	3367.789	0.894	0.903	0.900
506	3334.386	3188.583	3420.645	3327.091	0.883	0.892	0.885
507	3447.831	3197.892	3617.260	3476.527	0.922	0.932	0.915
508	3401.997	3313.202	3526.001	3400.755	0.902	0.912	0.903
509	3415.602	3279.660	3634.154	3363.943	0.893	0.902	0.906
510	3425.412	3305.842	3514.204	3411.944	0.905	0.915	0.909
511	3394.217	3298.490	3521.153	3376.021	0.896	0.905	0.901
512	3366.868	3178.525	3493.650	3387.336	0.899	0.908	0.893
513	3439.475	3342.738	3597.244	3418.500	0.907	0.917	0.913
514	3421.553	3209.846	3570.521	3462.081	0.919	0.928	0.908
515	3386.836	3300.747	3518.703	3391.166	0.900	0.909	0.899
516	3336.723	3243.202	3425.599	3344.465	0.887	0.897	0.885
517	3424.200	3360.897	3514.758	3415.661	0.906	0.916	0.909
518	3442.774	3298.729	3611.746	3450.647	0.916	0.925	0.914
519	3437.702	3358.254	3536.403	3422.742	0.908	0.918	0.912
520	3464.648	3370.906	3599.319	3461.993	0.919	0.928	0.919
521	3428.254	3349.217	3543.708	3431.360	0.910	0.920	0.910
522	3471.518	3393.302	3543.122	3469.566	0.921	0.930	0.921
523	3365.262	3181.449	3513.393	3388.910	0.899	0.909	0.893
524	3398.332	3206.940	3552.567	3389.915	0.899	0.909	0.902
525	3435.668	3329.990	3603.197	3387.513	0.899	0.908	0.912
526	3385.325	3253.109	3678.620	3343.733	0.887	0.897	0.898
527	3358.806	3239.829	3538.038	3356.800	0.891	0.900	0.891
528	3400.826	3312.472	3488.873	3417.568	0.907	0.916	0.902
529	3406.870	3303.554	3484.846	3425.316	0.909	0.919	0.904
530	3408.294	3260.362	3576.401	3421.945	0.908	0.918	0.904
531	3413.570	3312.738	3536.041	3433.275	0.911	0.921	0.906
532	3368.592	3294.582	3422.144	3362.703	0.892	0.902	0.894
533	3389.526	3304.106	3476.074	3392.404	0.900	0.910	0.899
534	3357.391	3173.552	3482.793	3368.504	0.894	0.903	0.891
535	3420.594	3362.392	3482.475	3419.749	0.907	0.917	0.908
536	3387.347	3254.099	3495.141	3414.897	0.906	0.916	0.899
537	3413.319	3231.223	3635.659	3397.256	0.901	0.911	0.906
538	3387.046	3264.139	3603.098	3384.981	0.898	0.908	0.899
539	3372.552	3277.028	3526.943	3361.368	0.892	0.901	0.895
540	3418.453	3306.979	3495.146	3438.564	0.912	0.922	0.907
541	3380.962	3304.262	3514.514	3373.690	0.895	0.905	0.897
542	3406.111	3308.949	3520.046	3398.630	0.902	0.911	0.904
543	3341.600	3291.659	3422.661	3334.617	0.885	0.894	0.887
544	3368.407	3173.228	3646.970	3354.615	0.890	0.900	0.894
545	3458.477	3293.478	3641.119	3435.043	0.911	0.921	0.918
546	3393.591	3310.973	3472.709	3387.155	0.899	0.908	0.900
547	3375.491	3317.821	3457.687	3363.750	0.893	0.902	0.896
548	3437.564	3275.542	3744.717	3417.801	0.907	0.917	0.912
549	3439.197	3348.030	3486.702	3447.201	0.915	0.924	0.913
550	3461.546	3378.584	3548.809	3458.340	0.918	0.927	0.918
551	3473.945	3305.716	3716.559	3463.938	0.919	0.929	0.922
552	3410.940	3239.497	3706.304	3393.153	0.900	0.910	0.905
553	3394.604	3290.916	3492.230	3370.696	0.894	0.904	0.901
554	3411.727	3315.008	3615.197	3391.098	0.900	0.909	0.905
555	3497.804	3362.476	3694.337	3509.592	0.931	0.941	0.928
556	3526.318	3390.225	3736.872	3490.909	0.926	0.936	0.936
557	3422.744	3247.590	3717.890	3404.173	0.903	0.913	0.908
558	3382.877	3257.307	3462.951	3404.373	0.903	0.913	0.898
559	3417.289	3350.838	3521.184	3417.513	0.907	0.916	0.907
560	3500.142	3352.757	3734.344	3476.051	0.922	0.932	0.929
561	3395.524	3297.247	3559.437	3359.166	0.891	0.901	0.901
562	3435.552	3243.512	3550.383	3484.300	0.925	0.934	0.912
563	3440.805	3309.319	3573.733	3455.190	0.917	0.927	0.913
564	3476.549	3336.387	3602.360	3469.963	0.921	0.931	0.922
565	3424.541	3270.368	3596.515	3415.319	0.906	0.916	0.909
566	3408.518	3281.704	3507.999	3414.565	0.906	0.916	0.904
567	3429.720	3298.305	3545.490	3430.572	0.910	0.920	0.910
568	3439.739	3330.357	3570.384	3422.501	0.908	0.918	0.913
569	3427.976	3338.588	3483.064	3446.199	0.914	0.924	0.910
570	3429.037	3280.589	3603.093	3446.814	0.915	0.924	0.910
571	3407.545	3308.403	3492.818	3405.851	0.904	0.913	0.904
572	3367.087	3216.546	3463.896	3366.080	0.893	0.903	0.893
573	3401.956	3312.559	3532.516	3379.250	0.897	0.906	0.903
574	3433.165	3351.892	3541.202	3419.025	0.907	0.917	0.911
575	3476.943	3383.334	3683.867	3460.559	0.918	0.928	0.923
576	3431.033	3281.802	3587.605	3421.283	0.908	0.917	0.910
577	3457.429	3366.259	3588.080	3429.417	0.910	0.920	0.917
578	3386.394	3210.271	3637.984	3371.567	0.895	0.904	0.899
579	3412.371	3292.094	3608.683	3395.335	0.901	0.911	0.905
580	3454.618	3373.958	3575.926	3468.457	0.920	0.930	0.917
581	3472.935	3409.602	3568.944	3465.874	0.920	0.929	0.922
582	3466.375	3386.740	3634.719	3441.299	0.913	0.923	0.920
583	3498.284	3423.659	3727.207	3466.767	0.920	0.930	0.928
584	3463.801	3327.822	3656.305	3455.189	0.917	0.927	0.919
585	3532.150	3324.614	3759.425	3496.925	0.928	0.938	0.937
586	3476.925	3269.285	3774.622	3468.839	0.920	0.930	0.923
587	3455.281	3349.650	3584.557	3443.947	0.914	0.924	0.917
588	3524.164	3426.248	3636.121	3535.436	0.938	0.948	0.935
589	3504.821	3413.803	3568.651	3515.530	0.933	0.943	0.930
590	3477.483	3353.189	3558.652	3488.749	0.926	0.936	0.923
591	3434.958	3364.767	3583.265	3424.929	0.909	0.918	0.911
592	3417.808	3307.051	3565.059	3396.547	0.901	0.911	0.907
593	3372.082	3300.712	3483.717	3350.641	0.889	0.899	0.895
594	3366.435	3258.929	3577.950	3340.501	0.886	0.896	0.893
595	3372.397	3189.295	3526.548	3371.762	0.895	0.904	0.895
596	3415.826	3310.959	3571.178	3412.603	0.906	0.915	0.906
597	3468.960	3280.925	3634.321	3492.656	0.927	0.937	0.920
598	3451.595	3270.212	3643.416	3460.280	0.918	0.928	0.916
599	3387.692	3291.078	3463.888	3399.665	0.902	0.912	0.899
600	3376.895	3255.369	3505.192	3365.362	0.893	0.902	0.896
601	3399.934	3213.766	3522.909	3427.133	0.909	0.919	0.902
602	3450.081	3300.585	3587.860	3438.203	0.912	0.922	0.915
603	3450.315	3350.711	3556.523	3460.228	0.918	0.928	0.916
604	3369.213	3312.986	3477.698	3360.802	0.892	0.901	0.894
605	3404.289	3286.158	3541.465	3411.374	0.905	0.915	0.903
606	3420.128	3313.460	3558.908	3408.346	0.904	0.914	0.908
607	3459.061	3277.916	3560.343	3491.854	0.927	0.936	0.918
608	3400.582	3270.717	3562.915	3391.637	0.900	0.910	0.902
609	3382.498	3198.135	3530.705	3365.312	0.893	0.902	0.898
610	3437.160	3336.996	3585.458	3426.503	0.909	0.919	0.912
611	3401.392	3303.939	3493.882	3401.064	0.902	0.912	0.903
612	3437.813	3361.364	3516.663	3440.797	0.913	0.923	0.912
613	3421.588	3327.521	3542.141	3421.939	0.908	0.918	0.908
614	3346.755	3240.135	3413.249	3351.029	0.889	0.899	0.888
615	3400.098	3308.634	3517.504	3386.390	0.899	0.908	0.902
616	3381.688	3302.209	3467.663	3384.968	0.898	0.908	0.897
617	3342.403	3282.635	3410.099	3341.226	0.887	0.896	0.887
618	3363.527	3296.322	3437.251	3355.530	0.890	0.900	0.892
619	3411.172	3275.087	3523.879	3422.808	0.908	0.918	0.905
620	3409.560	3331.357	3520.713	3387.690	0.899	0.908	0.905
621	3417.958	3305.053	3625.135	3382.265	0.897	0.907	0.907
622	3442.282	3323.160	3594.781	3449.216	0.915	0.925	0.913
623	3463.435	3384.622	3529.799	3471.712	0.921	0.931	0.919
624	3378.481	3261.157	3465.717	3385.471	0.898	0.908	0.896
625	3399.764	3303.521	3449.354	3394.823	0.901	0.910	0.902
626	3388.542	3270.732	3494.369	3382.586	0.898	0.907	0.899
627	3393.342	3294.351	3582.899	3357.024	0.891	0.900	0.900
628	3397.103	3316.474	3584.883	3361.978	0.892	0.902	0.901
629	3394.261	3266.110	3507.873	3409.172	0.905	0.914	0.901
630	3386.339	3290.122	3551.575	3350.139	0.889	0.898	0.899
631	3386.796	3227.711	3513.776	3379.633	0.897	0.906	0.899
632	3378.925	3240.440	3496.058	3385.215	0.898	0.908	0.897
633	3422.658	3266.128	3632.146	3382.110	0.897	0.907	0.908
634	3440.010	3334.720	3590.939	3429.975	0.910	0.920	0.913
635	3438.677	3313.828	3525.037	3459.141	0.918	0.928	0.912
636	3424.712	3324.942	3497.641	3416.670	0.907	0.916	0.909
637	3454.114	3373.655	3523.248	3443.345	0.914	0.923	0.917
638	3484.622	3362.348	3600.986	3493.393	0.927	0.937	0.925
639	3468.534	3416.581	3516.633	3469.584	0.921	0.930	0.920
640	3488.613	3282.188	3651.896	3539.729	0.939	0.949	0.926
641	3523.938	3239.653	3633.481	3572.956	0.948	0.958	0.935
642	3576.655	3438.870	3825.621	3563.870	0.946	0.956	0.949
643	3530.907	3396.076	3708.973	3490.570	0.926	0.936	0.937
644	3510.822	3282.515	3859.353	3487.596	0.925	0.935	0.932
645	3545.493	3347.477	3722.223	3532.649	0.937	0.947	0.941
646	3558.395	3460.724	3655.137	3568.141	0.947	0.957	0.944
647	3490.495	3303.427	3705.887	3468.376	0.920	0.930	0.926
648	3537.994	3410.083	3612.937	3537.538	0.939	0.949	0.939
649	3460.116	3369.557	3693.560	3428.523	0.910	0.919	0.918
650	3519.417	3403.252	3720.022	3507.175	0.931	0.941	0.934
651	3525.416	3408.746	3711.641	3502.496	0.929	0.939	0.935
652	3542.455	3395.151	3695.244	3538.728	0.939	0.949	0.940
653	3527.378	3398.151	3669.389	3508.848	0.931	0.941	0.936
654	3540.294	3398.698	3613.081	3581.719	0.950	0.961	0.939
655	3483.416	3241.054	3715.176	3437.182	0.912	0.922	0.924
656	3514.933	3380.738	3658.701	3496.524	0.928	0.938	0.933
657	3545.355	3420.406	3630.148	3549.405	0.942	0.952	0.941
658	3565.537	3410.556	3817.253	3524.699	0.935	0.945	0.946
659	3527.812	3408.462	3681.675	3519.008	0.934	0.944	0.936
660	3525.966	3271.315	3671.814	3532.265	0.937	0.947	0.936
661	3542.265	3389.570	3744.584	3545.677	0.941	0.951	0.940
662	3547.090	3286.613	3687.752	3587.247	0.952	0.962	0.941
663	3558.428	3388.209	3701.962	3571.055	0.948	0.958	0.944
664	3509.827	3391.723	3638.772	3484.298	0.925	0.934	0.931
665	3529.436	3411.090	3638.307	3512.860	0.932	0.942	0.937
666	3494.587	3332.001	3645.482	3501.908	0.929	0.939	0.927
667	3445.542	3318.334	3641.116	3425.269	0.909	0.919	0.914
668	3508.591	3353.178	3635.211	3517.417	0.933	0.943	0.931
669	3462.031	3322.940	3629.436	3438.681	0.912	0.922	0.919
670	3498.081	3351.896	3676.255	3490.432	0.926	0.936	0.928
671	3481.413	3386.858	3720.067	3434.272	0.911	0.921	0.924
672	3392.299	3250.061	3519.314	3378.938	0.897	0.906	0.900
673	3383.105	3235.756	3601.491	3380.415	0.897	0.907	0.898
674	3394.127	3315.150	3504.541	3373.257	0.895	0.905	0.901
675	3428.166	3279.169	3531.378	3445.057	0.914	0.924	0.910
676	3468.867	3290.645	3641.482	3472.857	0.921	0.931	0.920
677	3431.834	3329.660	3564.859	3416.892	0.907	0.916	0.911
678	3471.001	3333.257	3583.747	3477.252	0.923	0.932	0.921
679	3481.552	3327.402	3615.766	3488.734	0.926	0.936	0.924
680	3489.985	3350.842	3755.552	3436.487	0.912	0.922	0.926
681	3455.869	3386.938	3588.764	3443.825	0.914	0.924	0.917
682	3478.047	3357.917	3612.298	3466.163	0.920	0.930	0.923
683	3486.956	3350.863	3684.656	3490.671	0.926	0.936	0.925
684	3471.502	3320.948	3568.138	3480.886	0.924	0.933	0.921
685	3485.910	3373.260	3663.610	3457.685	0.917	0.927	0.925
686	3555.965	3342.029	3769.366	3576.118	0.949	0.959	0.944
687	3682.873	3566.062	3853.057	3644.477	0.967	0.977	0.977
688	3686.943	3479.439	3904.040	3662.900	0.972	0.982	0.978
689	3868.269	3521.793	4277.909	3786.874	1.005	1.016	1.026
690	3903.875	3443.000	4360.562	3842.130	1.019	1.030	1.036
691	3791.342	3642.513	3967.636	3753.715	0.996	1.007	1.006
692	3688.347	3513.316	3913.332	3657.963	0.971	0.981	0.979
693	3717.099	3596.475	3934.558	3693.585	0.980	0.991	0.986
694	3741.906	3424.438	4392.532	3583.750	0.951	0.961	0.993
695	3632.532	3417.017	3880.996	3616.423	0.960	0.970	0.964
696	3626.176	3457.751	4007.733	3576.545	0.949	0.959	0.962
697	3611.854	3447.607	3737.992	3625.196	0.962	0.972	0.958
698	3593.308	3451.956	3959.773	3522.626	0.935	0.945	0.953
699	3610.931	3379.077	3948.048	3550.929	0.942	0.952	0.958
700	3675.808	3413.105	4070.847	3604.509	0.956	0.967	0.975
701	3601.190	3465.791	3812.888	3572.295	0.948	0.958	0.956
702	3675.809	3487.878	3765.826	3689.990	0.979	0.990	0.975
703	3708.848	3601.879	3866.966	3673.251	0.975	0.985	0.984
704	3743.647	3613.945	3959.500	3692.183	0.980	0.990	0.993
705	3779.217	3635.732	3949.711	3784.982	1.004	1.015	1.003
706	3818.780	3613.923	3967.985	3806.075	1.010	1.021	1.013
707	3816.059	3640.967	4018.664	3793.614	1.007	1.017	1.013
708	3811.910	3702.936	4039.188	3771.564	1.001	1.011	1.011
709	3761.054	3538.907	3926.610	3772.215	1.001	1.012	0.998
710	3893.156	3657.290	4384.485	3845.029	1.020	1.031	1.033
711	3996.010	3656.406	4453.065	3913.880	1.039	1.050	1.060
712	4004.623	3436.618	4288.002	4053.307	1.076	1.087	1.063
713	3998.540	3655.671	4444.918	3987.507	1.058	1.069	1.061
714	3796.194	3415.146	4192.787	3742.286	0.993	1.004	1.007
715	3764.116	3419.385	4056.671	3730.774	0.990	1.000	0.999
716	3814.261	3427.716	4182.270	3782.706	1.004	1.014	1.012
717	3843.280	3499.302	4251.063	3842.635	1.020	1.030	1.020
718	3781.622	3498.150	4117.954	3782.439	1.004	1.014	1.003
719	3743.136	3353.762	3915.144	3814.390	1.012	1.023	0.993
720	3814.157	3499.166	4365.919	3783.479	1.004	1.015	1.012
721	3771.813	3433.555	4320.967	3716.025	0.986	0.997	1.001
722	3624.389	3472.087	3949.234	3565.811	0.946	0.956	0.962
723	3752.438	3372.196	4256.641	3691.551	0.980	0.990	0.996
724	3811.725	3461.158	4366.167	3700.689	0.982	0.992	1.011
725	3902.052	3558.865	4468.821	3771.289	1.001	1.011	1.035
726	3946.525	3472.349	4758.117	3719.378	0.987	0.997	1.047
727	3895.856	3439.692	4363.929	3858.686	1.024	1.035	1.034
728	3820.833	3460.566	4283.504	3715.978	0.986	0.997	1.014
729	3816.462	3486.854	4160.683	3813.230	1.012	1.023	1.013
730	3838.349	3640.031	4061.163	3812.494	1.012	1.022	1.018
731	3751.092	3607.614	3976.578	3716.268	0.986	0.997	0.995
732	3716.450	3521.361	3873.491	3764.273	0.999	1.009	0.986
733	3709.423	3430.657	4118.596	3669.709	0.974	0.984	0.984
734	3855.981	3656.381	4234.721	3741.651	0.993	1.003	1.023
735	3949.723	3324.687	4575.614	3873.581	1.028	1.039	1.048
736	4038.946	3495.929	4669.694	4053.903	1.076	1.087	1.072
737	3954.709	3611.903	4299.752	4016.111	1.066	1.077	1.049
738	3908.022	3740.457	4071.506	3923.544	1.041	1.052	1.037
739	3873.048	3668.825	4161.755	3887.371	1.031	1.042	1.028
740	3793.013	3598.805	3953.696	3792.990	1.006	1.017	1.006
741	3822.167	3297.415	4277.030	3965.908	1.052	1.064	1.014
742	3836.214	3554.827	4040.264	3854.295	1.023	1.034	1.018
743	3875.889	3677.652	4122.817	3864.558	1.025	1.036	1.028
744	3963.059	3692.126	4150.782	3984.096	1.057	1.068	1.052
745	4150.645	3685.963	4626.639	4134.240	1.097	1.109	1.101
746	4217.038	3661.358	4887.479	4197.975	1.114	1.126	1.119
747	4193.704	3802.620	4429.604	4227.607	1.122	1.134	1.113
748	4013.308	3532.106	4411.143	4068.345	1.080	1.091	1.065
749	4071.568	3473.162	4654.979	4066.180	1.079	1.090	1.080
750	4114.214	3524.565	4622.132	4142.996	1.099	1.111	1.092
751	4102.898	3558.510	4689.900	4039.382	1.072	1.083	1.089
752	4123.771	3375.124	4751.279	4127.376	1.095	1.107	1.094
753	4040.976	3401.073	4802.751	3987.040	1.058	1.069	1.072
754	4000.255	3546.287	4610.634	3953.300	1.049	1.060	1.061
755	4258.126	3590.784	5170.463	4217.942	1.119	1.131	1.130
756	4415.753	3619.011	5070.470	4422.697	1.174	1.186	1.172
757	4547.881	3674.301	5533.925	4581.662	1.216	1.229	1.207
758	4873.425	3590.228	6621.010	4716.874	1.252	1.265	1.293
759	4991.464	3662.989	6591.771	4933.254	1.309	1.323	1.324
760	4805.529	3509.605	6397.572	4714.247	1.251	1.264	1.275
761	4809.949	3629.713	7011.773	4639.946	1.231	1.244	1.276
762	4313.303	3410.890	5171.701	4358.620	1.157	1.169	1.145
763	4138.415	3457.080	4696.615	4148.012	1.101	1.112	1.098
764	3920.466	3550.771	4308.988	3882.669	1.030	1.041	1.040
765	4102.856	3621.604	4760.822	4126.856	1.095	1.107	1.089
766	4315.169	3515.939	5250.518	4215.879	1.119	1.131	1.145
767	4514.283	3674.555	5715.610	4326.926	1.148	1.160	1.198
768	4605.088	3394.774	5979.291	4579.656	1.215	1.228	1.222
769	4509.412	3620.836	5359.194	4547.417	1.207	1.219	1.197
770	4224.011	3574.822	4810.122	4275.724	1.135	1.147	1.121
771	3898.254	3449.644	4326.732	3927.553	1.042	1.053	1.034
772	3996.722	3500.175	4417.079	3914.261	1.039	1.050	1.060
773	3976.103	3546.969	4335.812	3925.833	1.042	1.053	1.055
774	4101.150	3505.866	4888.972	4120.389	1.093	1.105	1.088
775	4052.572	3423.877	4539.930	4111.396	1.091	1.103	1.075
776	4109.570	3423.051	4523.584	4244.384	1.126	1.138	1.090
777	4184.681	3505.975	4735.049	4238.205	1.125	1.137	1.110
778	4149.613	3483.158	4525.049	4253.211	1.129	1.141	1.101
779	4255.500	3522.125	4864.418	4281.000	1.136	1.148	1.129
780	4229.098	3573.551	4792.378	4206.864	1.116	1.128	1.122
781	4432.441	3726.620	5456.537	4296.679	1.140	1.152	1.176
782	4496.248	3871.853	5557.845	4376.594	1.161	1.174	1.193
783	4431.625	3753.610	5203.959	4391.979	1.165	1.178	1.176
784	4733.916	3847.765	5717.352	4501.755	1.195	1.207	1.256
785	4826.328	3878.063	5738.511	4815.351	1.278	1.291	1.281
786	4714.064	3995.241	5334.339	4868.508	1.292	1.306	1.251
787	4642.063	4149.633	5158.498	4697.041	1.246	1.260	1.232
788	4502.282	4005.443	4984.259	4557.070	1.209	1.222	1.195
789	4513.831	4186.734	4902.504	4484.371	1.190	1.203	1.198
790	4404.804	4037.722	4770.966	4398.531	1.167	1.180	1.169
791	4629.790	4302.729	5165.253	4605.239	1.222	1.235	1.228
792	4827.517	4112.867	5331.896	4929.887	1.308	1.322	1.281
793	4927.193	4245.811	5470.760	4851.172	1.287	1.301	1.307
794	5099.663	4392.468	6365.828	5061.857	1.343	1.357	1.353
795	5268.194	4545.173	6323.988	5014.537	1.331	1.345	1.398
796	5008.545	4590.580	6146.157	4927.342	1.307	1.321	1.329
797	4810.948	4304.802	5441.003	4694.087	1.246	1.259	1.277
798	4604.307	4281.346	5305.010	4483.765	1.190	1.202	1.222
799	4411.887	4003.590	5263.295	4326.348	1.148	1.160	1.171
800	4264.270	3896.013	4657.679	4256.438	1.129	1.141	1.131
801	4306.002	3881.718	4699.362	4317.479	1.146	1.158	1.143
802	4162.301	3971.779	4350.216	4174.803	1.108	1.120	1.104
803	4083.504	3829.055	4489.883	4036.369	1.071	1.082	1.084
804	4179.323	3725.357	4591.901	4137.645	1.098	1.110	1.109
805	4565.311	3993.935	5132.557	4710.084	1.250	1.263	1.211
806	4556.905	4055.049	4919.735	4607.935	1.223	1.236	1.209
807	4435.722	4156.130	4806.215	4490.809	1.192	1.204	1.177
808	4303.584	4079.600	4639.515	4227.829	1.122	1.134	1.142
809	4385.887	4051.480	4709.909	4347.545	1.154	1.166	1.164
810	4300.500	4067.941	4712.138	4280.088	1.136	1.148	1.141
811	4095.930	3799.513	4502.572	4025.046	1.068	1.079	1.087
812	4207.658	3777.694	4679.558	4183.549	1.110	1.122	1.116
813	4111.509	3743.774	4422.063	4165.106	1.105	1.117	1.091
814	4096.240	3927.800	4245.415	4101.782	1.088	1.100	1.087
815	4081.809	3770.181	4356.465	4109.569	1.090	1.102	1.083
816	4114.694	3766.202	4467.288	4159.551	1.104	1.115	1.092
817	4071.790	3775.009	4254.056	4081.402	1.083	1.095	1.080
818	4266.474	4008.821	4514.143	4247.548	1.127	1.139	1.132
819	4432.639	3744.329	4900.015	4455.690	1.182	1.195	1.176
820	4794.659	4298.148	5359.671	4780.206	1.268	1.282	1.272
821	5143.046	4489.975	5720.833	5259.580	1.396	1.410	1.365
822	5291.354	4416.082	6168.147	5461.497	1.449	1.465	1.404
823	5648.428	4253.220	6947.834	5696.551	1.512	1.528	1.499
824	5641.666	4350.121	7406.271	5376.832	1.427	1.442	1.497
825	5739.244	4349.193	8037.617	5386.957	1.429	1.445	1.523
826	5297.944	4216.426	6883.823	5054.471	1.341	1.355	1.406
827	4808.323	4172.441	5725.264	4598.555	1.220	1.233	1.276
828	4472.360	4094.280	4881.896	4499.323	1.194	1.207	1.187
829	4543.516	4228.039	4917.596	4542.925	1.205	1.218	1.206
830	4285.094	4002.738	4660.547	4285.246	1.137	1.149	1.137
831	4121.133	3821.893	4457.089	4080.091	1.083	1.094	1.094
832	4009.909	3871.598	4168.721	4014.403	1.065	1.077	1.064
833	4125.591	3931.657	4332.766	4092.504	1.086	1.097	1.095
834	4379.024	3938.427	4869.077	4422.946	1.174	1.186	1.162
835	4581.839	4026.050	5204.489	4567.974	1.212	1.225	1.216
836	4658.206	4311.366	5075.660	4704.039	1.248	1.261	1.236
837	4510.886	4078.403	4886.479	4496.835	1.193	1.206	1.197
838	4712.193	4075.817	5166.093	4699.101	1.247	1.260	1.250
839	4989.744	3933.900	5736.930	5008.543	1.329	1.343	1.324
840	5031.673	4089.340	6317.185	4993.426	1.325	1.339	1.335
841	5109.017	3989.296	7128.725	4750.738	1.261	1.274	1.356
842	5271.807	4216.813	7232.027	5067.096	1.345	1.359	1.399
843	5050.106	4169.537	6233.111	4951.914	1.314	1.328	1.340
844	4813.903	4183.473	5551.450	4855.541	1.288	1.302	1.277
845	4834.945	4180.871	5243.715	5026.982	1.334	1.348	1.283
846	4791.061	3929.023	5349.181	5045.359	1.339	1.353	1.271
847	4718.562	4173.520	5110.683	4883.594	1.296	1.310	1.252
848	4647.331	4140.987	5229.939	4688.530	1.244	1.257	1.233
849	4459.536	4146.710	4674.988	4414.928	1.171	1.184	1.183
850	4393.714	3976.479	4773.515	4405.256	1.169	1.181	1.166
851	4360.873	3789.272	4759.616	4476.676	1.188	1.201	1.157
852	4318.514	3921.355	4857.110	4312.204	1.144	1.156	1.146
853	4584.627	4269.867	4884.618	4576.278	1.214	1.227	1.216
854	4898.146	4218.102	5608.444	4954.617	1.315	1.329	1.300
855	4709.988	4085.015	5318.442	4751.900	1.261	1.274	1.250
856	4875.315	4126.982	5749.942	4921.508	1.306	1.320	1.294
857	4923.132	3951.827	6215.785	4941.910	1.311	1.325	1.306
858	4894.488	3868.407	5954.050	4883.429	1.296	1.310	1.299
859	4988.389	4071.731	5876.958	4894.245	1.299	1.312	1.324
860	4685.701	3873.453	5558.995	4667.224	1.238	1.252	1.243
861	4342.305	3900.363	4836.317	4271.341	1.133	1.145	1.152
862	4167.515	3896.305	4444.876	4118.981	1.093	1.105	1.106
863	4097.569	3825.397	4411.406	4057.733	1.077	1.088	1.087
864	4048.503	3823.000	4339.699	4051.245	1.075	1.086	1.074
865	4234.832	3782.779	4597.039	4297.392	1.140	1.152	1.124
866	4407.172	3830.287	4799.055	4492.356	1.192	1.205	1.169
867	4531.622	3830.937	5400.535	4331.049	1.149	1.161	1.202
868	4583.539	3816.829	5276.276	4726.039	1.254	1.267	1.216
869	4625.249	3748.908	5266.721	4855.201	1.288	1.302	1.227
870	4661.357	3743.602	5722.783	4800.399	1.274	1.287	1.237
871	4544.153	3668.912	5910.176	4361.347	1.157	1.170	1.206
872	4417.015	3830.776	5433.024	4098.861	1.088	1.099	1.172
873	4305.080	3508.572	5643.057	4136.419	1.098	1.109	1.142
874	4330.468	3794.804	5419.253	4277.838	1.135	1.147	1.149
875	4374.416	3689.519	5561.978	4386.146	1.164	1.176	1.161
876	4479.468	3909.723	5007.183	4539.206	1.204	1.217	1.189
877	4643.602	4163.755	5254.837	4663.145	1.237	1.251	1.232
878	4766.918	4389.272	5191.182	4725.853	1.254	1.267	1.265
879	5063.557	4530.059	5899.746	4999.547	1.327	1.341	1.344
880	4848.388	4203.214	5672.797	4875.385	1.294	1.307	1.286
881	4740.569	4305.727	5468.602	4683.025	1.243	1.256	1.258
882	4312.569	3962.068	4668.737	4312.769	1.144	1.157	1.144
883	4218.931	3986.307	4424.964	4185.030	1.110	1.122	1.119
884	4240.764	3868.956	4612.095	4224.968	1.121	1.133	1.125
885	4227.599	3645.709	4904.213	4303.027	1.142	1.154	1.122
886	4421.983	3690.723	5544.701	4319.415	1.146	1.158	1.173
887	4543.339	3854.839	5580.587	4320.535	1.146	1.159	1.206
888	4671.140	3727.798	6058.658	4425.665	1.174	1.187	1.239
889	4433.010	3485.300	5922.820	4175.023	1.108	1.120	1.176
890	4476.099	3717.702	5896.816	4309.533	1.144	1.156	1.188
891	4568.668	3696.501	5959.563	4294.410	1.139	1.152	1.212
892	4578.326	3554.057	5901.894	4152.614	1.102	1.114	1.215
893	4560.802	3874.349	5888.412	4029.601	1.069	1.081	1.210
894	4413.221	3823.052	5436.321	4084.572	1.084	1.095	1.171
895	4287.703	3930.644	4815.140	4128.293	1.095	1.107	1.138
896	4221.769	3861.662	4842.658	4082.238	1.083	1.095	1.120
897	4160.480	3732.800	5328.569	4035.974	1.071	1.082	1.104
898	4128.926	3849.806	4620.104	4178.523	1.109	1.121	1.096
899	4142.268	3852.556	4576.634	4095.239	1.087	1.098	1.099
900	4438.341	3814.206	5194.317	4260.927	1.131	1.143	1.178
901	4538.506	3980.766	5148.489	4484.579	1.190	1.203	1.204
902	4547.714	3767.209	5103.820	4755.434	1.262	1.275	1.207
903	4791.894	3869.770	5565.614	4941.511	1.311	1.325	1.271
904	5214.518	4177.046	6517.747	5137.508	1.363	1.378	1.384
905	5391.566	3910.988	7006.417	5362.423	1.423	1.438	1.431
906	4935.257	3811.146	6424.276	4745.833	1.259	1.273	1.310
907	5047.898	3846.809	6551.903	4957.860	1.316	1.330	1.339
908	4732.769	4018.635	5448.108	4667.678	1.239	1.252	1.256
909	4898.266	4218.323	5726.840	4809.098	1.276	1.290	1.300
910	4745.844	4260.310	5260.129	4689.108	1.244	1.257	1.259
911	4619.250	4085.245	5081.528	4677.961	1.241	1.254	1.226
912	4788.857	3742.552	5464.491	4893.022	1.298	1.312	1.271
913	5128.663	4199.146	5970.655	5271.134	1.399	1.414	1.361
914	5562.579	4504.468	6586.329	5547.863	1.472	1.488	1.476
915	5607.132	4435.204	6407.851	5699.625	1.512	1.528	1.488
916	5547.068	4127.314	6820.994	5753.338	1.527	1.543	1.472
917	5368.516	4122.451	6707.291	5124.515	1.360	1.374	1.424
918	4957.754	4060.229	6229.801	4826.592	1.281	1.294	1.316
919	4621.034	3784.089	5418.330	4549.495	1.207	1.220	1.226
920	4471.507	3963.174	4831.865	4430.706	1.176	1.188	1.186
921	4551.387	4223.435	4883.708	4593.239	1.219	1.232	1.208
922	4380.652	4079.472	4636.947	4406.261	1.169	1.182	1.162
923	4406.049	3875.255	4975.470	4312.369	1.144	1.156	1.169
924	4588.148	3824.379	5137.697	4529.131	1.202	1.215	1.217
925	4742.192	3764.954	5840.783	4828.351	1.281	1.295	1.258
926	4922.261	3966.970	5694.422	5186.765	1.376	1.391	1.306
927	4894.811	3815.856	5627.488	4971.868	1.319	1.333	1.299
928	4715.968	3825.754	5365.560	4704.204	1.248	1.262	1.251
929	4636.129	3954.002	5137.805	4748.711	1.260	1.273	1.230
930	4599.252	3947.930	5137.405	4658.599	1.236	1.249	1.220
931	4615.847	3928.627	5194.602	4547.249	1.207	1.219	1.225
932	4611.940	4110.331	5148.007	4519.827	1.199	1.212	1.224
933	4571.784	4096.779	5038.161	4585.992	1.217	1.230	1.213
934	4817.803	4046.755	5663.581	4819.028	1.279	1.292	1.278
935	4750.311	3767.912	5908.873	4491.351	1.192	1.204	1.260
936	4722.556	4063.461	5606.851	4439.884	1.178	1.191	1.253
937	4795.274	4116.372	5908.895	4584.552	1.216	1.229	1.272
938	4803.717	3987.401	5792.970	4815.901	1.278	1.291	1.275
939	4845.709	3919.218	5909.477	4811.945	1.277	1.290	1.286
940	4839.451	3848.730	6279.327	4710.177	1.250	1.263	1.284
941	4750.590	3803.223	6266.391	4434.797	1.177	1.189	1.261
942	4975.456	3802.280	6784.893	4726.708	1.254	1.268	1.320
943	4813.518	3714.402	6192.351	4648.419	1.233	1.247	1.277
944	4893.385	3817.640	5837.831	4910.533	1.303	1.317	1.298
945	4789.122	3900.896	5316.400	4904.491	1.301	1.315	1.271
946	4903.460	4197.754	5554.274	5198.167	1.379	1.394	1.301
947	4994.968	4107.545	6063.925	4953.531	1.314	1.328	1.325
948	4953.553	4026.343	5781.540	4891.655	1.298	1.312	1.314
949	4891.972	4110.105	5426.081	4910.890	1.303	1.317	1.298
950	4891.504	4134.400	5513.671	5016.083	1.331	1.345	1.298
951	4957.201	4114.719	5614.201	5018.750	1.332	1.346	1.315
952	4994.478	4133.864	6438.049	4913.182	1.304	1.318	1.325
953	4692.806	4037.482	5476.875	4609.486	1.223	1.236	1.245
954	4749.572	4194.815	5538.145	4696.371	1.246	1.259	1.260
955	4569.742	4060.133	5154.624	4687.799	1.244	1.257	1.213
956	4512.278	4088.553	4987.209	4556.141	1.209	1.222	1.197
957	4296.034	3972.425	4623.343	4295.991	1.140	1.152	1.140
958	4182.275	3927.420	4448.001	4126.889	1.095	1.107	1.110
959	4220.148	3970.203	4450.381	4192.477	1.112	1.124	1.120
960	4412.854	4182.857	4945.465	4363.457	1.158	1.170	1.171
961	4646.824	4206.235	5209.760	4574.979	1.214	1.227	1.233
962	4901.339	3894.730	5678.575	5042.182	1.338	1.352	1.301
963	5038.371	4108.838	6003.375	5044.699	1.339	1.353	1.337
964	4731.193	4131.431	5215.388	4755.118	1.262	1.275	1.255
965	4407.104	3667.040	4858.562	4511.618	1.197	1.210	1.169
966	4222.156	3776.450	4516.346	4313.373	1.145	1.157	1.120
967	4180.202	3740.739	4437.112	4182.594	1.110	1.122	1.109
968	4182.144	3961.067	4475.665	4145.215	1.100	1.112	1.110
969	4306.507	3911.336	4720.552	4338.330	1.151	1.163	1.143
970	4603.687	4135.656	5144.429	4677.028	1.241	1.254	1.222
971	4827.969	4152.971	5500.898	4729.656	1.255	1.268	1.281
972	4805.506	3904.336	5488.750	4754.888	1.262	1.275	1.275
973	4848.382	3848.745	5407.080	5056.162	1.342	1.356	1.286
974	4823.580	3858.059	5353.865	4990.937	1.324	1.338	1.280
975	4664.662	4076.294	5017.471	4727.301	1.254	1.268	1.238
976	4794.430	4148.919	5594.257	4673.552	1.240	1.253	1.272
977	4812.582	4092.939	5496.236	4757.412	1.262	1.276	1.277
978	4543.043	3922.406	4960.131	4585.452	1.217	1.230	1.205
979	4491.063	3762.133	5010.313	4567.875	1.212	1.225	1.192
980	4513.470	3967.512	4909.787	4685.830	1.243	1.257	1.198
981	4420.855	3831.213	4926.782	4415.930	1.172	1.184	1.173
982	4372.908	3700.322	4739.165	4381.597	1.163	1.175	1.160
983	4488.330	3745.967	5192.442	4457.884	1.183	1.195	1.191
984	4293.167	3735.761	4875.022	4189.671	1.112	1.124	1.139
985	4123.688	3736.536	4436.629	4157.618	1.103	1.115	1.094
986	4041.756	3649.873	4371.540	4012.079	1.065	1.076	1.072
987	3933.037	3598.748	4239.755	3927.478	1.042	1.053	1.044
988	3996.575	3789.269	4305.388	3926.174	1.042	1.053	1.060
989	4167.414	3712.679	4405.253	4178.248	1.109	1.120	1.106
990	4280.928	3641.661	4790.047	4313.973	1.145	1.157	1.136
991	4443.099	3676.251	5414.028	4316.067	1.145	1.157	1.179
992	4400.682	3877.662	5090.321	4263.937	1.131	1.143	1.168
993	4544.654	4005.587	5185.566	4531.021	1.202	1.215	1.206
994	4400.982	3861.719	5009.388	4374.491	1.161	1.173	1.168
995	4296.274	3912.350	4856.996	4239.193	1.125	1.137	1.140
996	4311.823	3800.481	4655.334	4319.285	1.146	1.158	1.144
997	4261.916	3877.960	4683.046	4223.421	1.121	1.133	1.131
998	4266.481	3848.737	4619.474	4296.107	1.140	1.152	1.132
999	4239.553	3758.322	4600.829	4280.402	1.136	1.148	1.125
1000	4225.158	3682.522	4735.928	4199.870	1.114	1.126	1.121
1001	4158.165	3808.274	4481.858	4262.184	1.131	1.143	1.103
1002	4042.030	3513.533	4326.724	3994.385	1.060	1.071	1.073
1003	3989.667	3564.798	4249.934	4060.068	1.077	1.089	1.059
1004	4209.417	3864.734	4560.293	4230.275	1.122	1.134	1.117
1005	4300.186	3891.366	4622.729	4272.589	1.134	1.146	1.141
1006	4498.308	3839.234	4930.317	4519.651	1.199	1.212	1.194
1007	4640.478	3993.695	5125.726	4738.680	1.257	1.271	1.231
1008	4553.757	3960.162	5096.445	4661.668	1.237	1.250	1.208
1009	4512.556	3917.703	5543.254	4372.021	1.160	1.172	1.197
1010	4312.986	4027.915	4795.168	4294.467	1.140	1.152	1.144
1011	4308.800	4018.384	4739.303	4219.270	1.120	1.131	1.143
1012	4066.207	3624.249	4461.498	4033.183	1.070	1.082	1.079
1013	4084.613	3839.148	4326.350	4071.582	1.080	1.092	1.084
1014	4068.184	3869.095	4330.884	4056.286	1.076	1.088	1.079
1015	4280.479	3883.778	4819.284	4330.762	1.149	1.161	1.136
1016	4466.073	4001.101	4931.314	4500.793	1.194	1.207	1.185
1017	4236.743	3750.814	4555.170	4298.439	1.141	1.153	1.124
1018	4394.258	4172.694	4715.311	4377.433	1.162	1.174	1.166
1019	4805.556	4465.800	5124.839	4826.258	1.281	1.294	1.275
1020	5052.608	4534.272	5563.728	5017.797	1.331	1.346	1.341
1021	5528.892	3937.708	6907.421	5650.063	1.499	1.515	1.467
1022	6112.189	3722.247	8449.813	6312.625	1.675	1.693	1.622
1023	6290.230	3718.194	8944.984	6367.909	1.690	1.708	1.669
1024	5994.630	3621.332	8380.783	6043.011	1.603	1.621	1.591
1025	5347.336	3618.718	7555.835	5262.382	1.396	1.411	1.419
1026	5179.173	3643.086	6941.463	4955.936	1.315	1.329	1.374
1027	4943.592	3708.293	6209.414	4784.609	1.270	1.283	1.312
1028	4475.529	3475.777	5152.919	4533.534	1.203	1.216	1.188
1029	4258.987	3467.087	5046.478	4309.630	1.144	1.156	1.130
1030	4230.541	3822.646	4648.914	4298.159	1.140	1.153	1.123
1031	4337.713	3846.080	4834.589	4409.111	1.170	1.182	1.151
1032	4577.796	3802.580	5254.199	4524.211	1.200	1.213	1.215
1033	4580.917	3837.057	5068.629	4675.000	1.240	1.254	1.216
1034	4607.434	3832.201	5132.538	4537.683	1.204	1.217	1.223
1035	4780.180	3920.226	5521.723	4909.241	1.303	1.317	1.268
1036	4686.436	3865.179	5669.157	4813.533	1.277	1.291	1.244
1037	4653.966	3715.527	5475.441	4732.942	1.256	1.269	1.235
1038	4499.319	3570.937	5216.991	4557.679	1.209	1.222	1.194
1039	4492.564	3675.358	5199.434	4531.993	1.203	1.215	1.192
1040	4196.180	3669.220	4662.729	4267.272	1.132	1.144	1.113
1041	4053.704	3643.872	4425.913	4128.457	1.095	1.107	1.076
1042	4213.126	3792.433	4487.745	4282.733	1.136	1.148	1.118
1043	4396.788	3679.558	5221.433	4402.910	1.168	1.181	1.167
1044	4579.564	3899.749	5377.329	4511.234	1.197	1.210	1.215
1045	4669.813	4026.492	5558.941	4449.070	1.181	1.193	1.239
1046	4783.497	4118.897	5740.312	4606.729	1.222	1.235	1.269
1047	4895.758	4352.037	5781.892	4775.698	1.267	1.281	1.299
1048	4886.449	4510.266	5668.416	4770.521	1.266	1.279	1.297
1049	4536.921	4036.094	5072.535	4536.470	1.204	1.217	1.204
1050	4321.181	3783.635	4793.203	4369.818	1.159	1.172	1.147
1051	4505.875	3724.051	4918.815	4571.282	1.213	1.226	1.196
1052	4699.910	4017.433	5205.463	4769.177	1.265	1.279	1.247
1053	4874.013	3990.868	5892.598	4967.256	1.318	1.332	1.293
1054	3358.806	3239.829	3538.038	3356.800	0.891	0.900	0.891
1055	3358.806	3239.829	3538.038	3356.800	0.891	0.900	0.891
