 	Mean	Min	Max	Median	Max_to_bgmean	Median_to_bgmedian	Mean_to_bgmean
1	3671.444	3494.536	3866.557	3690.637	1.059	1.061	1.054
2	3745.071	3531.996	3927.439	3756.522	1.078	1.080	1.075
3	3896.793	3600.345	4377.726	3878.188	1.113	1.115	1.118
4	3984.149	3523.080	4710.496	3943.763	1.132	1.134	1.143
5	3995.109	3573.909	4706.174	3764.464	1.080	1.083	1.146
6	4047.179	3611.021	4660.872	4009.319	1.150	1.153	1.161
7	4012.810	3656.849	4317.766	4058.993	1.165	1.167	1.151
8	4010.739	3621.052	4442.114	4000.824	1.148	1.150	1.151
9	3988.642	3650.028	4430.755	3988.166	1.144	1.147	1.145
10	4107.606	3762.976	4478.675	4054.288	1.163	1.166	1.179
11	4169.407	3702.454	4753.828	4146.016	1.190	1.192	1.196
12	4284.227	3810.892	5051.452	4160.361	1.194	1.196	1.229
13	4168.927	3862.493	4552.268	4127.191	1.184	1.187	1.196
14	4182.436	3990.919	4379.536	4147.275	1.190	1.193	1.200
15	4151.174	3962.010	4405.103	4129.943	1.185	1.188	1.191
16	4134.337	4017.414	4222.669	4137.786	1.187	1.190	1.186
17	4026.081	3806.575	4230.505	4011.135	1.151	1.153	1.155
18	3993.726	3791.239	4132.747	4002.930	1.149	1.151	1.146
19	4122.563	3832.124	4669.843	4015.655	1.152	1.155	1.183
20	4163.087	3850.311	4826.174	4047.265	1.161	1.164	1.195
21	4202.786	3989.363	4390.383	4230.801	1.214	1.217	1.206
22	4172.773	3900.212	4405.979	4142.966	1.189	1.191	1.197
23	4106.392	3865.051	4570.004	4026.547	1.155	1.158	1.178
24	4052.570	3755.760	4503.299	4037.475	1.159	1.161	1.163
25	4037.872	3743.375	4446.391	3999.969	1.148	1.150	1.159
26	4142.328	3665.097	4693.220	4249.033	1.219	1.222	1.189
27	4155.152	3645.605	4745.548	4131.919	1.186	1.188	1.192
28	4021.350	3672.802	4392.963	4017.901	1.153	1.155	1.154
29	3962.521	3774.262	4365.699	3955.344	1.135	1.137	1.137
30	3964.129	3787.190	4171.459	3928.958	1.127	1.130	1.137
31	3965.013	3702.090	4349.582	3986.804	1.144	1.146	1.138
32	3957.496	3604.235	4220.993	3978.698	1.142	1.144	1.136
33	3802.747	3458.929	3989.594	3860.464	1.108	1.110	1.091
34	3745.419	3553.398	4075.180	3708.945	1.064	1.067	1.075
35	3660.038	3506.264	3879.338	3633.045	1.042	1.045	1.050
36	3660.593	3544.707	3812.836	3644.319	1.046	1.048	1.050
37	3723.242	3594.183	3922.705	3720.064	1.067	1.070	1.068
38	3808.925	3602.957	4025.846	3832.346	1.100	1.102	1.093
39	3828.329	3436.634	4407.231	3835.668	1.101	1.103	1.099
40	3825.253	3591.204	3992.488	3827.068	1.098	1.101	1.098
41	3782.263	3533.934	4026.414	3786.969	1.087	1.089	1.085
42	3768.820	3597.066	3933.459	3748.055	1.075	1.078	1.081
43	3690.292	3562.063	3884.069	3663.679	1.051	1.054	1.059
44	3672.339	3499.535	3830.894	3657.850	1.050	1.052	1.054
45	3820.857	3640.624	4057.600	3764.612	1.080	1.083	1.096
46	3984.704	3723.460	4275.605	3997.015	1.147	1.149	1.143
47	4144.091	3839.549	4441.023	4112.191	1.180	1.183	1.189
48	4150.784	3820.191	4583.678	4121.660	1.183	1.185	1.191
49	4047.935	3797.301	4388.406	3918.793	1.124	1.127	1.162
50	4128.122	3823.077	4427.762	4119.539	1.182	1.185	1.185
51	3968.571	3653.551	4247.442	3949.109	1.133	1.136	1.139
52	3947.233	3582.308	4284.694	3943.831	1.132	1.134	1.133
53	3963.596	3717.164	4191.632	3981.976	1.143	1.145	1.137
54	4022.777	3759.369	4238.325	4014.116	1.152	1.154	1.154
55	4024.833	3871.859	4119.812	4047.740	1.161	1.164	1.155
56	3975.181	3629.168	4211.329	3998.483	1.147	1.150	1.141
57	4033.015	3801.768	4385.982	3945.875	1.132	1.135	1.157
58	4164.059	3919.345	4397.068	4141.977	1.189	1.191	1.195
59	4195.734	3973.714	4392.065	4236.078	1.216	1.218	1.204
60	4154.957	3999.354	4296.025	4160.335	1.194	1.196	1.192
61	4212.461	3963.505	4460.499	4223.151	1.212	1.214	1.209
62	4260.763	3872.174	4757.315	4282.005	1.229	1.231	1.223
63	4299.687	4020.641	4673.989	4259.941	1.222	1.225	1.234
64	4309.825	3888.754	4813.888	4282.257	1.229	1.231	1.237
65	4221.864	3792.441	4734.638	4131.003	1.185	1.188	1.211
66	4116.588	3904.752	4373.720	4134.206	1.186	1.189	1.181
67	3993.406	3896.762	4096.717	3987.554	1.144	1.147	1.146
68	3825.734	3621.989	4125.998	3806.063	1.092	1.094	1.098
69	3896.375	3644.905	4319.098	3858.027	1.107	1.109	1.118
70	3861.068	3573.164	4058.038	3871.843	1.111	1.113	1.108
71	3867.294	3634.098	4255.421	3798.709	1.090	1.092	1.110
72	3945.387	3616.975	4469.031	3850.724	1.105	1.107	1.132
73	3963.128	3590.225	4253.897	4007.366	1.150	1.152	1.137
74	4054.359	3822.616	4506.691	4050.077	1.162	1.165	1.163
75	4174.800	3903.061	4640.830	4123.556	1.183	1.186	1.198
76	4406.248	3965.531	5237.303	4194.099	1.203	1.206	1.264
77	4680.727	4090.291	5696.433	4386.909	1.259	1.262	1.343
78	4923.102	4164.610	5924.416	4665.926	1.339	1.342	1.413
79	5067.960	3942.254	6105.477	4955.698	1.422	1.425	1.454
80	5037.392	4354.583	5584.192	5134.863	1.473	1.477	1.445
81	4920.948	4399.214	5342.561	4903.009	1.407	1.410	1.412
82	4581.419	4115.379	4909.361	4681.396	1.343	1.346	1.315
83	4300.530	3990.400	4754.115	4305.725	1.236	1.238	1.234
84	4359.256	4023.185	4973.869	4342.579	1.246	1.249	1.251
85	4163.982	3943.414	4470.558	4124.043	1.183	1.186	1.195
86	4006.349	3535.075	4263.016	4039.646	1.159	1.162	1.150
87	4002.910	3711.722	4243.748	4023.383	1.154	1.157	1.149
88	3961.892	3812.892	4217.563	3886.116	1.115	1.118	1.137
89	3953.662	3629.659	4302.049	3906.923	1.121	1.123	1.134
90	4066.081	3736.546	4544.034	4060.963	1.165	1.168	1.167
91	4288.357	3756.430	5478.881	4057.291	1.164	1.167	1.231
92	4348.857	3758.523	5139.976	4182.213	1.200	1.203	1.248
93	4363.939	3815.415	4980.150	4383.604	1.258	1.261	1.252
94	4275.386	3603.813	4938.725	4327.773	1.242	1.245	1.227
95	4152.034	3761.586	4572.837	4171.865	1.197	1.200	1.191
96	4148.274	3745.917	4648.957	4181.247	1.200	1.202	1.190
97	4046.496	3757.826	4325.767	4118.820	1.182	1.184	1.161
98	4116.455	3831.825	4531.687	4086.231	1.173	1.175	1.181
99	4058.048	3766.798	4387.398	4130.989	1.185	1.188	1.164
100	3960.352	3742.087	4184.093	3977.989	1.141	1.144	1.136
101	3933.760	3763.164	4098.839	3921.025	1.125	1.128	1.129
102	3962.474	3717.671	4239.497	3923.517	1.126	1.128	1.137
103	3954.813	3681.099	4229.084	3978.299	1.142	1.144	1.135
104	4000.105	3668.446	4434.584	3987.166	1.144	1.147	1.148
105	4163.136	3751.917	5224.850	4070.774	1.168	1.171	1.195
106	4092.914	3878.258	4530.446	4021.279	1.154	1.156	1.174
107	4048.516	3853.300	4453.716	3955.726	1.135	1.138	1.162
108	3878.672	3753.407	4087.477	3860.373	1.108	1.110	1.113
109	3902.617	3646.179	4083.853	3894.025	1.117	1.120	1.120
110	3889.185	3505.799	4272.250	3928.856	1.127	1.130	1.116
111	3824.479	3513.362	4188.990	3823.714	1.097	1.100	1.097
112	3756.332	3472.121	3978.560	3752.533	1.077	1.079	1.078
113	3684.137	3458.848	3864.616	3663.332	1.051	1.053	1.057
114	3721.200	3500.054	3936.736	3762.307	1.080	1.082	1.068
115	3672.954	3539.848	3912.566	3653.389	1.048	1.051	1.054
116	3752.833	3481.896	4141.715	3718.348	1.067	1.069	1.077
117	3835.372	3550.120	4266.637	3707.909	1.064	1.066	1.101
118	3803.242	3391.928	4346.096	3785.191	1.086	1.088	1.091
119	3827.301	3402.413	4241.565	3849.148	1.104	1.107	1.098
120	3690.417	3435.582	3948.304	3687.607	1.058	1.060	1.059
121	3606.278	3372.846	3783.338	3619.116	1.038	1.041	1.035
122	3646.602	3400.912	3896.961	3606.325	1.035	1.037	1.046
123	3600.110	3408.391	3760.207	3612.278	1.037	1.039	1.033
124	3603.777	3370.572	3758.611	3649.958	1.047	1.050	1.034
125	3602.546	3442.035	3757.009	3592.473	1.031	1.033	1.034
126	3672.160	3501.770	3900.197	3689.817	1.059	1.061	1.054
127	3616.033	3400.707	3828.399	3605.868	1.035	1.037	1.038
128	3615.547	3278.732	3802.179	3666.094	1.052	1.054	1.037
129	3705.673	3460.406	4147.118	3679.072	1.056	1.058	1.063
130	3742.577	3393.364	4125.353	3758.517	1.078	1.081	1.074
131	3897.514	3544.878	4207.842	3932.813	1.129	1.131	1.118
132	3889.470	3574.079	4138.820	3919.456	1.125	1.127	1.116
133	3928.749	3622.150	4174.346	3942.550	1.131	1.134	1.127
134	3869.169	3514.107	4099.202	3890.303	1.116	1.119	1.110
135	3792.214	3543.006	4144.938	3761.579	1.079	1.082	1.088
136	3868.352	3612.781	4100.931	3923.958	1.126	1.128	1.110
137	3966.225	3632.150	4261.921	3979.571	1.142	1.144	1.138
138	4002.784	3638.152	4329.773	4045.529	1.161	1.163	1.149
139	4040.372	3651.653	4513.854	4040.398	1.159	1.162	1.159
140	4085.472	3596.739	4880.542	4028.562	1.156	1.158	1.172
141	4107.375	3642.809	4473.753	4163.771	1.195	1.197	1.179
142	4131.005	3719.234	4848.340	4065.081	1.166	1.169	1.185
143	4144.889	3876.115	4462.984	4083.085	1.172	1.174	1.189
144	4211.733	4080.754	4417.641	4188.978	1.202	1.205	1.209
145	4303.649	3842.889	4878.517	4391.396	1.260	1.263	1.235
146	4370.814	3817.306	5265.521	4245.164	1.218	1.221	1.254
147	4360.181	3849.318	4863.655	4459.395	1.280	1.282	1.251
148	4056.165	3446.178	4604.350	4101.098	1.177	1.179	1.164
149	4154.606	3666.064	4509.168	4175.584	1.198	1.201	1.192
150	4267.866	3624.084	4618.101	4349.917	1.248	1.251	1.225
151	4292.543	3575.321	4893.468	4289.762	1.231	1.234	1.232
152	4608.944	3787.232	5571.606	4592.977	1.318	1.321	1.323
153	4429.192	3967.489	5019.715	4381.499	1.257	1.260	1.271
154	4161.087	3898.163	4717.032	4055.060	1.164	1.166	1.194
155	3941.491	3724.392	4200.314	3968.510	1.139	1.141	1.131
156	3859.492	3616.523	4062.028	3871.385	1.111	1.113	1.107
157	3770.365	3683.401	3891.467	3763.720	1.080	1.082	1.082
158	3719.903	3524.173	3904.286	3759.594	1.079	1.081	1.067
159	3709.050	3532.706	4022.496	3640.126	1.045	1.047	1.064
160	3771.087	3417.788	4133.171	3715.684	1.066	1.068	1.082
161	3762.656	3574.700	4133.411	3707.644	1.064	1.066	1.080
162	3765.052	3519.938	4189.323	3771.279	1.082	1.084	1.080
163	3733.815	3582.562	3968.478	3701.703	1.062	1.064	1.071
164	3732.905	3492.191	3858.085	3739.545	1.073	1.075	1.071
165	3654.918	3384.901	3855.144	3631.652	1.042	1.044	1.049
166	3736.073	3598.844	3890.222	3739.762	1.073	1.075	1.072
167	3799.258	3735.616	3949.710	3780.887	1.085	1.087	1.090
168	3953.581	3815.649	4068.182	3943.021	1.131	1.134	1.134
169	4110.928	3786.782	4544.697	4119.286	1.182	1.185	1.180
170	4240.893	3843.761	5132.229	4163.997	1.195	1.197	1.217
171	4200.388	3717.014	4820.558	4118.006	1.182	1.184	1.205
172	4126.746	3679.440	4456.369	4149.985	1.191	1.193	1.184
173	4202.674	3820.877	4519.613	4314.607	1.238	1.241	1.206
174	4279.674	3608.062	5033.141	4268.762	1.225	1.228	1.228
175	4500.734	3657.256	5230.601	4528.454	1.299	1.302	1.291
176	4788.589	3735.844	5949.495	4796.851	1.376	1.379	1.374
177	4804.672	3654.923	5940.057	4762.123	1.366	1.369	1.379
178	4711.142	3663.878	5880.130	4631.457	1.329	1.332	1.352
179	4390.074	3521.939	5360.179	4391.673	1.260	1.263	1.260
180	4203.474	3428.930	4696.938	4245.892	1.218	1.221	1.206
181	4116.903	3675.868	4491.047	4182.682	1.200	1.203	1.181
182	4118.164	3682.545	4528.076	4087.807	1.173	1.176	1.182
183	4269.636	3674.645	4823.274	4269.578	1.225	1.228	1.225
184	4557.774	3717.410	5450.037	4628.386	1.328	1.331	1.308
185	4409.886	3579.778	5140.476	4507.889	1.294	1.296	1.265
186	4588.387	3607.174	5274.541	4788.143	1.374	1.377	1.317
187	4539.661	3822.291	5091.031	4614.696	1.324	1.327	1.303
188	4470.650	3843.546	5093.673	4496.560	1.290	1.293	1.283
189	4285.428	3749.526	4641.464	4363.690	1.252	1.255	1.230
190	4162.235	3657.182	4511.160	4205.180	1.207	1.209	1.194
191	3967.608	3600.745	4435.065	3961.446	1.137	1.139	1.138
192	3892.233	3731.124	4156.487	3879.092	1.113	1.115	1.117
193	3781.274	3630.726	3917.865	3763.826	1.080	1.082	1.085
194	3667.710	3269.191	3946.553	3676.199	1.055	1.057	1.052
195	3743.423	3611.024	3918.405	3739.064	1.073	1.075	1.074
196	3905.114	3642.066	4223.367	3927.459	1.127	1.129	1.121
197	3988.801	3726.785	4271.443	3985.203	1.144	1.146	1.145
198	3999.207	3694.838	4629.775	3929.817	1.128	1.130	1.148
199	4229.811	3924.019	4610.289	4168.896	1.196	1.199	1.214
200	4453.806	3932.184	4998.854	4513.806	1.295	1.298	1.278
201	4744.363	3780.044	5645.492	4886.748	1.402	1.405	1.361
202	5019.579	3857.263	5765.300	5361.577	1.538	1.542	1.440
203	4915.253	3930.607	6086.458	5096.383	1.462	1.466	1.410
204	4785.407	3952.375	5873.547	4800.987	1.378	1.381	1.373
205	4657.842	3859.121	5798.746	4490.800	1.289	1.291	1.337
206	4271.539	3689.889	5090.758	4118.087	1.182	1.184	1.226
207	4083.420	3605.609	4517.116	4113.448	1.180	1.183	1.172
208	3943.460	3504.887	4324.148	3965.601	1.138	1.140	1.132
209	3934.958	3550.745	4166.877	3993.062	1.146	1.148	1.129
210	3904.014	3643.484	4339.258	3808.491	1.093	1.095	1.120
211	3926.014	3574.197	4265.585	3884.704	1.115	1.117	1.127
212	3906.189	3576.488	4123.928	3939.208	1.130	1.133	1.121
213	3887.544	3493.541	4295.096	3788.990	1.087	1.090	1.116
214	3938.980	3597.476	4203.930	3980.506	1.142	1.145	1.130
215	4101.576	3593.920	4553.432	4246.162	1.218	1.221	1.177
216	4279.234	3636.930	4808.680	4355.042	1.250	1.252	1.228
217	4415.285	3780.812	5156.562	4369.450	1.254	1.256	1.267
218	4542.750	3858.400	5203.122	4605.186	1.321	1.324	1.304
219	4598.366	3766.050	5232.064	4769.468	1.369	1.372	1.319
220	4643.298	3626.095	5736.680	4615.122	1.324	1.327	1.332
221	4458.732	3510.826	5622.793	4368.190	1.253	1.256	1.279
222	4249.679	3479.826	5063.253	4180.674	1.200	1.202	1.219
223	4047.108	3641.071	4507.314	3977.706	1.141	1.144	1.161
224	3945.134	3688.212	4228.630	3996.948	1.147	1.149	1.132
225	3787.405	3676.661	3970.626	3760.542	1.079	1.081	1.087
226	3796.027	3582.119	4160.463	3682.807	1.057	1.059	1.089
227	3730.373	3558.110	3978.146	3709.563	1.064	1.067	1.070
228	3789.183	3492.545	4094.646	3795.934	1.089	1.092	1.087
229	3951.672	3567.090	4419.999	3946.761	1.133	1.135	1.134
230	4185.779	3663.765	4708.723	4165.335	1.195	1.198	1.201
231	4308.405	3866.646	5272.123	4147.776	1.190	1.193	1.236
232	4399.762	3630.693	5467.199	4295.529	1.233	1.235	1.262
233	4518.717	3696.255	5383.272	4443.996	1.275	1.278	1.297
234	4491.085	3541.425	5391.539	4462.894	1.281	1.283	1.289
235	4335.303	3737.528	5198.163	4097.251	1.176	1.178	1.244
236	4091.942	3639.747	4472.802	4078.978	1.170	1.173	1.174
237	3882.029	3520.447	4164.769	3890.370	1.116	1.119	1.114
238	3789.562	3583.090	4069.778	3779.285	1.084	1.087	1.087
239	3656.334	3474.536	3869.216	3667.961	1.053	1.055	1.049
240	3678.908	3497.138	3779.891	3692.745	1.060	1.062	1.056
241	3660.332	3376.561	3918.418	3712.821	1.065	1.068	1.050
242	3590.512	3446.517	3726.597	3602.435	1.034	1.036	1.030
243	3614.919	3498.914	3682.404	3633.377	1.043	1.045	1.037
244	3605.250	3365.247	4005.813	3559.000	1.021	1.023	1.035
245	3710.728	3483.666	4025.079	3707.121	1.064	1.066	1.065
246	3702.816	3436.207	3879.755	3675.599	1.055	1.057	1.063
247	3772.716	3597.195	3915.683	3773.748	1.083	1.085	1.083
248	3800.077	3576.923	3936.557	3828.464	1.099	1.101	1.090
249	3787.720	3443.825	4034.062	3782.470	1.085	1.088	1.087
250	3838.417	3614.824	4087.057	3819.645	1.096	1.098	1.101
251	3829.912	3617.141	4031.941	3824.861	1.098	1.100	1.099
252	3922.917	3637.237	4171.238	3919.885	1.125	1.127	1.126
253	3893.661	3375.037	4117.970	3965.184	1.138	1.140	1.117
254	3898.964	3553.076	4444.629	3916.585	1.124	1.126	1.119
255	4001.629	3555.104	4641.979	3915.188	1.123	1.126	1.148
256	3819.386	3433.476	4642.464	3747.417	1.075	1.078	1.096
257	3729.586	3340.975	4349.461	3738.225	1.073	1.075	1.070
258	3738.375	3575.509	3952.299	3752.396	1.077	1.079	1.073
259	3610.509	3428.454	3799.423	3582.414	1.028	1.030	1.036
260	3633.046	3396.251	3862.328	3644.584	1.046	1.048	1.042
261	3614.524	3459.405	3827.396	3561.906	1.022	1.024	1.037
262	3705.321	3463.910	4034.702	3720.711	1.068	1.070	1.063
263	3714.448	3574.466	3906.386	3671.072	1.053	1.056	1.066
264	3722.986	3567.449	4022.603	3681.674	1.056	1.059	1.068
265	3739.665	3633.726	3894.704	3681.359	1.056	1.059	1.073
266	3679.776	3406.037	3849.456	3660.801	1.050	1.053	1.056
267	3664.618	3435.669	3789.576	3699.049	1.061	1.064	1.052
268	3785.684	3635.700	3960.168	3790.650	1.088	1.090	1.086
269	3988.151	3648.824	4361.911	4062.881	1.166	1.168	1.144
270	4162.193	3628.447	4613.194	4178.162	1.199	1.201	1.194
271	4439.428	3545.608	5367.604	4299.411	1.234	1.236	1.274
272	4453.858	3545.169	5790.811	4331.329	1.243	1.246	1.278
273	4473.934	3673.460	6592.993	4286.366	1.230	1.233	1.284
274	4174.097	3564.842	5360.851	4051.134	1.162	1.165	1.198
275	3969.670	3505.132	4789.925	3798.747	1.090	1.092	1.139
276	3925.151	3439.170	4536.111	3774.343	1.083	1.085	1.126
277	3819.335	3462.023	4189.024	3779.670	1.085	1.087	1.096
278	3815.423	3570.092	4072.690	3803.763	1.091	1.094	1.095
279	4046.595	3600.236	4349.854	4056.691	1.164	1.167	1.161
280	3925.180	3439.678	4184.898	4010.390	1.151	1.153	1.126
281	3948.313	3651.914	4281.945	3989.446	1.145	1.147	1.133
282	3877.272	3708.859	4198.132	3870.867	1.111	1.113	1.113
283	3713.964	3550.650	3854.845	3704.001	1.063	1.065	1.066
284	3725.658	3559.237	3851.972	3725.965	1.069	1.071	1.069
285	3689.027	3609.281	3793.619	3674.410	1.054	1.057	1.059
286	3758.452	3452.053	4053.728	3752.069	1.077	1.079	1.078
287	3841.573	3512.680	4376.432	3792.654	1.088	1.091	1.102
288	3831.198	3570.577	4398.007	3721.789	1.068	1.070	1.099
289	3822.666	3492.547	4444.076	3699.471	1.062	1.064	1.097
290	3828.234	3605.270	4320.838	3747.623	1.075	1.078	1.098
291	3730.087	3531.144	3969.399	3714.446	1.066	1.068	1.070
292	3668.558	3498.381	3864.548	3660.507	1.050	1.053	1.053
293	3703.981	3524.967	3915.734	3713.961	1.066	1.068	1.063
294	3783.080	3595.302	3989.060	3750.822	1.076	1.079	1.086
295	3730.567	3514.032	3880.476	3750.058	1.076	1.078	1.070
296	3834.919	3449.887	4136.495	3842.480	1.103	1.105	1.100
297	3988.935	3503.883	4617.392	3971.783	1.140	1.142	1.145
298	4266.202	3483.647	5327.635	4166.107	1.195	1.198	1.224
299	4343.278	3644.820	5247.736	4225.677	1.213	1.215	1.246
300	4360.727	3629.748	5312.691	4378.597	1.256	1.259	1.251
301	4170.390	3582.391	4748.058	4114.673	1.181	1.183	1.197
302	4195.187	3546.140	4788.971	4181.741	1.200	1.203	1.204
303	4432.544	3542.646	5342.696	4448.765	1.277	1.279	1.272
304	4485.393	3583.781	5678.511	4575.708	1.313	1.316	1.287
305	4451.823	3477.307	6007.281	4035.562	1.158	1.160	1.277
306	4497.852	3643.427	6060.811	4058.918	1.165	1.167	1.291
307	4104.171	3600.316	4746.754	4024.207	1.155	1.157	1.178
308	3890.693	3637.982	4151.034	3886.688	1.115	1.118	1.116
309	3913.593	3741.405	4124.755	3890.586	1.116	1.119	1.123
310	4023.643	3842.284	4205.934	4014.044	1.152	1.154	1.155
311	4311.258	3770.829	5040.833	4214.060	1.209	1.212	1.237
312	4733.064	3838.127	5784.746	4610.583	1.323	1.326	1.358
313	5134.930	3937.078	6530.009	5013.730	1.439	1.442	1.473
314	5035.637	3787.089	6520.564	4670.087	1.340	1.343	1.445
315	4588.624	3834.177	5659.548	4130.427	1.185	1.188	1.317
316	4350.498	3718.253	5041.800	4339.281	1.245	1.248	1.248
317	4139.092	3974.654	4268.666	4138.329	1.187	1.190	1.188
318	4001.425	3731.667	4353.225	3937.313	1.130	1.132	1.148
319	3868.579	3574.439	4250.299	3814.676	1.095	1.097	1.110
320	3716.210	3580.261	3912.202	3680.008	1.056	1.058	1.066
321	3844.246	3703.783	3997.989	3850.705	1.105	1.107	1.103
322	3823.441	3626.123	4054.728	3843.786	1.103	1.105	1.097
323	3926.293	3699.166	4132.547	3910.021	1.122	1.124	1.127
324	3954.079	3626.675	4194.339	4014.098	1.152	1.154	1.135
325	4099.160	3713.721	4373.560	4138.431	1.188	1.190	1.176
326	4134.271	3759.242	4495.733	4159.491	1.194	1.196	1.186
327	4178.410	3818.851	4437.173	4202.120	1.206	1.208	1.199
328	4346.510	3798.263	5299.242	4209.397	1.208	1.210	1.247
329	4343.563	3659.881	5847.947	4008.554	1.150	1.153	1.246
330	4303.735	3628.267	5957.862	3944.202	1.132	1.134	1.235
331	4149.028	3587.583	5545.469	3812.801	1.094	1.096	1.191
332	3948.410	3733.410	4547.388	3798.043	1.090	1.092	1.133
333	3926.004	3469.703	4624.873	3905.350	1.121	1.123	1.127
334	3914.535	3671.977	4334.482	3899.075	1.119	1.121	1.123
335	3811.221	3690.484	4006.133	3789.332	1.087	1.090	1.094
336	3719.763	3607.122	3917.370	3679.872	1.056	1.058	1.067
337	3728.044	3470.023	4058.841	3699.438	1.062	1.064	1.070
338	3809.949	3599.330	4258.920	3802.842	1.091	1.094	1.093
339	3998.976	3634.520	4278.091	4048.416	1.162	1.164	1.147
340	4107.311	3613.245	4729.803	4086.245	1.173	1.175	1.179
341	4215.874	3757.434	4694.393	4296.826	1.233	1.236	1.210
342	4292.599	3858.126	4952.689	4247.798	1.219	1.222	1.232
343	4248.167	3719.484	4983.441	4182.561	1.200	1.203	1.219
344	4452.140	3818.415	5549.854	4133.420	1.186	1.189	1.278
345	4485.888	3842.475	5497.292	4279.406	1.228	1.231	1.287
346	4407.007	3817.390	5224.429	4317.907	1.239	1.242	1.265
347	4302.199	3488.703	5171.417	4317.622	1.239	1.242	1.234
348	4253.129	3751.855	4801.179	4272.153	1.226	1.229	1.220
349	3965.190	3685.850	4451.377	3914.667	1.123	1.126	1.138
350	3812.611	3495.471	4251.698	3751.816	1.077	1.079	1.094
351	3751.189	3507.624	4187.715	3704.073	1.063	1.065	1.076
352	3639.801	3448.893	3886.009	3629.021	1.041	1.044	1.044
353	3675.435	3461.589	4009.539	3654.303	1.049	1.051	1.055
354	3776.689	3522.072	4096.079	3770.378	1.082	1.084	1.084
355	3769.337	3551.542	3998.886	3761.371	1.079	1.082	1.082
356	3749.568	3615.960	3830.679	3777.605	1.084	1.086	1.076
357	3945.656	3771.234	4091.884	3964.194	1.138	1.140	1.132
358	4053.956	3725.511	4437.754	4092.238	1.174	1.177	1.163
359	4250.731	3768.944	5073.954	4101.814	1.177	1.180	1.220
360	4412.717	3843.954	5331.351	4338.967	1.245	1.248	1.266
361	4235.806	3706.924	4747.540	4214.031	1.209	1.212	1.215
362	4097.630	3512.703	4368.635	4193.621	1.203	1.206	1.176
363	3955.226	3438.188	4371.615	3881.605	1.114	1.116	1.135
364	3900.571	3488.406	4383.355	3884.621	1.115	1.117	1.119
365	3781.086	3504.437	4107.038	3752.293	1.077	1.079	1.085
366	3718.927	3492.700	3951.969	3677.334	1.055	1.057	1.067
367	3685.560	3527.897	3901.563	3593.979	1.031	1.033	1.058
368	3737.947	3603.756	3968.331	3707.511	1.064	1.066	1.073
369	3864.525	3641.738	4099.734	3852.258	1.105	1.108	1.109
370	3859.193	3469.803	4210.682	3895.754	1.118	1.120	1.107
371	4079.006	3614.575	4921.095	3965.444	1.138	1.140	1.170
372	4106.490	3675.876	4918.446	3878.383	1.113	1.115	1.178
373	3919.346	3653.266	4410.921	3860.380	1.108	1.110	1.125
374	3802.408	3602.573	4163.717	3765.649	1.081	1.083	1.091
375	3824.007	3608.683	4138.689	3797.618	1.090	1.092	1.097
376	3817.393	3536.281	4630.783	3690.546	1.059	1.061	1.095
377	3804.246	3468.102	4590.084	3680.430	1.056	1.058	1.092
378	3742.726	3400.912	4368.875	3675.529	1.055	1.057	1.074
379	3700.003	3473.598	4176.107	3664.379	1.051	1.054	1.062
380	3687.209	3546.784	3922.833	3671.602	1.054	1.056	1.058
381	3684.543	3466.039	3922.118	3693.657	1.060	1.062	1.057
382	3728.302	3477.508	3900.908	3714.485	1.066	1.068	1.070
383	3723.294	3600.771	3850.790	3726.515	1.069	1.072	1.068
384	3834.654	3570.167	4120.993	3867.516	1.110	1.112	1.100
385	4007.469	3561.240	4581.461	3906.155	1.121	1.123	1.150
386	4147.410	3542.556	4834.106	4001.312	1.148	1.151	1.190
387	4218.919	3471.302	5137.382	4059.572	1.165	1.167	1.211
388	4051.821	3464.183	5080.071	3897.941	1.118	1.121	1.163
389	3857.962	3553.194	4493.442	3800.752	1.091	1.093	1.107
390	3742.471	3547.545	4057.688	3692.333	1.059	1.062	1.074
391	3710.382	3522.481	4066.195	3645.231	1.046	1.048	1.065
392	3749.234	3529.965	4073.491	3682.834	1.057	1.059	1.076
393	3702.483	3454.202	3916.822	3679.378	1.056	1.058	1.062
394	3737.536	3546.844	3916.123	3729.475	1.070	1.072	1.072
395	3729.734	3496.650	3991.262	3706.167	1.063	1.066	1.070
396	3663.915	3468.243	3761.012	3660.197	1.050	1.053	1.051
397	3640.155	3502.980	3752.021	3656.330	1.049	1.051	1.045
398	3635.353	3453.020	3714.711	3658.637	1.050	1.052	1.043
399	3713.133	3566.293	3863.456	3709.965	1.065	1.067	1.065
400	3684.264	3510.789	3888.987	3668.322	1.053	1.055	1.057
401	3752.081	3541.275	3902.095	3792.348	1.088	1.091	1.077
402	3707.570	3544.326	3803.669	3713.574	1.066	1.068	1.064
403	3594.925	3470.975	3740.565	3590.681	1.030	1.033	1.032
404	3588.140	3488.845	3737.601	3583.619	1.028	1.031	1.030
405	3635.735	3449.958	3780.089	3654.190	1.049	1.051	1.043
406	3701.262	3519.223	4061.105	3636.130	1.043	1.046	1.062
407	3776.576	3618.884	3987.723	3760.636	1.079	1.081	1.084
408	3894.724	3557.370	4319.708	3853.653	1.106	1.108	1.118
409	4062.245	3573.385	4800.829	3842.774	1.103	1.105	1.166
410	4018.546	3757.700	4494.791	3953.568	1.134	1.137	1.153
411	3957.175	3636.906	4196.653	3953.398	1.134	1.137	1.135
412	4001.187	3532.837	4673.396	3866.847	1.110	1.112	1.148
413	3876.419	3587.627	4210.725	3823.631	1.097	1.100	1.112
414	3801.833	3538.227	3990.697	3874.057	1.112	1.114	1.091
415	3833.610	3637.981	4050.154	3871.892	1.111	1.113	1.100
416	3801.152	3659.347	4091.338	3755.177	1.078	1.080	1.091
417	3837.298	3489.625	4179.581	3943.762	1.132	1.134	1.101
418	3798.354	3418.857	4154.927	3753.451	1.077	1.079	1.090
419	3772.286	3598.388	4146.685	3726.270	1.069	1.072	1.082
420	3567.309	3408.747	3937.775	3528.594	1.013	1.015	1.024
421	3555.845	3390.176	3682.469	3588.791	1.030	1.032	1.020
422	3534.117	3362.188	3704.105	3554.539	1.020	1.022	1.014
423	3545.266	3434.188	3734.494	3522.311	1.011	1.013	1.017
424	3516.864	3290.007	3697.883	3538.399	1.015	1.018	1.009
425	3587.727	3420.988	3870.514	3541.875	1.016	1.019	1.029
426	3555.874	3470.808	3739.740	3503.900	1.005	1.008	1.020
427	3561.500	3414.447	3893.478	3503.755	1.005	1.008	1.022
428	3581.382	3481.581	3748.355	3566.894	1.024	1.026	1.028
429	3560.306	3449.376	3819.753	3562.741	1.022	1.025	1.022
430	3527.810	3372.366	3773.294	3519.901	1.010	1.012	1.012
431	3564.635	3389.515	3761.492	3556.009	1.020	1.023	1.023
432	3515.326	3268.017	3609.425	3548.435	1.018	1.020	1.009
433	3578.309	3373.751	3783.844	3590.891	1.030	1.033	1.027
434	3558.019	3399.717	3706.627	3551.495	1.019	1.021	1.021
435	3524.906	3405.950	3734.821	3512.121	1.008	1.010	1.011
436	3624.465	3412.860	3866.980	3607.587	1.035	1.037	1.040
437	3710.573	3369.905	4210.889	3627.679	1.041	1.043	1.065
438	3825.340	3483.020	4250.237	3718.872	1.067	1.069	1.098
439	3755.147	3189.131	4191.530	3788.252	1.087	1.089	1.078
440	3608.258	3443.617	3861.867	3612.885	1.037	1.039	1.035
441	3623.725	3486.999	3780.693	3624.058	1.040	1.042	1.040
442	3544.353	3353.158	3727.466	3552.509	1.019	1.022	1.017
443	3538.457	3359.226	3695.162	3554.298	1.020	1.022	1.015
444	3534.213	3386.311	3679.559	3526.297	1.012	1.014	1.014
445	3635.038	3453.836	3945.073	3642.386	1.045	1.047	1.043
446	3683.254	3473.983	3940.540	3668.321	1.053	1.055	1.057
447	3733.432	3581.547	3875.879	3758.755	1.079	1.081	1.071
448	3680.992	3504.104	4003.052	3655.467	1.049	1.051	1.056
449	3601.856	3365.941	4081.562	3549.388	1.018	1.021	1.034
450	3600.736	3426.128	3918.853	3588.985	1.030	1.032	1.033
451	3695.463	3470.243	3969.450	3676.720	1.055	1.057	1.060
452	3733.987	3407.223	4061.205	3757.823	1.078	1.081	1.071
453	3769.144	3368.820	4139.750	3778.942	1.084	1.087	1.082
454	3748.570	3456.354	4065.426	3739.972	1.073	1.075	1.076
455	3717.776	3444.786	4115.347	3716.080	1.066	1.069	1.067
456	3691.334	3480.185	3901.362	3733.497	1.071	1.074	1.059
457	3625.877	3491.337	3732.751	3653.481	1.048	1.051	1.040
458	3561.823	3345.392	3779.941	3603.559	1.034	1.036	1.022
459	3523.405	3419.611	3629.111	3536.162	1.015	1.017	1.011
460	3517.862	3367.755	3647.512	3499.575	1.004	1.006	1.009
461	3580.451	3431.037	3727.490	3550.204	1.019	1.021	1.027
462	3681.715	3568.123	3887.831	3652.358	1.048	1.050	1.056
463	3635.728	3439.779	3770.614	3683.406	1.057	1.059	1.043
464	3641.001	3500.735	3948.490	3612.166	1.036	1.039	1.045
465	3703.075	3477.961	3828.209	3720.081	1.067	1.070	1.063
466	3672.985	3497.373	3862.931	3672.905	1.054	1.056	1.054
467	3584.235	3439.950	3838.860	3559.103	1.021	1.023	1.028
468	3607.084	3524.749	3727.777	3592.639	1.031	1.033	1.035
469	3673.826	3477.223	3846.043	3690.523	1.059	1.061	1.054
470	3701.362	3445.459	3986.020	3694.021	1.060	1.062	1.062
471	3768.202	3349.394	4097.669	3788.570	1.087	1.089	1.081
472	3812.776	3422.226	4163.105	3810.035	1.093	1.096	1.094
473	3870.290	3447.592	4467.955	3753.329	1.077	1.079	1.111
474	3965.883	3433.349	4512.557	3872.296	1.111	1.114	1.138
475	3863.820	3386.791	4246.031	3906.069	1.121	1.123	1.109
476	3687.933	3537.739	3893.379	3666.639	1.052	1.054	1.058
477	3612.281	3448.099	3875.190	3607.932	1.035	1.038	1.037
478	3583.997	3425.218	3707.214	3566.472	1.023	1.026	1.028
479	3501.039	3413.505	3642.021	3468.475	0.995	0.997	1.005
480	3453.337	3345.576	3614.967	3450.218	0.990	0.992	0.991
481	3556.902	3403.409	3781.219	3529.686	1.013	1.015	1.021
482	3619.642	3468.999	3965.439	3584.354	1.029	1.031	1.039
483	3578.091	3444.945	3679.916	3613.598	1.037	1.039	1.027
484	3558.638	3419.658	3697.082	3563.507	1.023	1.025	1.021
485	3595.309	3457.095	3704.038	3594.954	1.032	1.034	1.032
486	3686.016	3467.692	3965.606	3671.189	1.053	1.056	1.058
487	3572.934	3436.369	3739.180	3554.233	1.020	1.022	1.025
488	3512.468	3421.543	3608.438	3509.927	1.007	1.009	1.008
489	3516.063	3458.681	3595.325	3499.806	1.004	1.006	1.009
490	3475.193	3392.295	3594.445	3453.959	0.991	0.993	0.997
491	3495.911	3397.309	3665.108	3473.390	0.997	0.999	1.003
492	3528.057	3392.042	3663.977	3526.031	1.012	1.014	1.012
493	3503.672	3408.565	3620.599	3482.583	0.999	1.001	1.005
494	3426.058	3282.991	3658.148	3373.674	0.968	0.970	0.983
495	3473.065	3337.099	3668.872	3458.341	0.992	0.994	0.997
496	3477.676	3412.441	3547.768	3476.425	0.998	1.000	0.998
497	3547.225	3453.230	3653.206	3550.038	1.019	1.021	1.018
498	3538.806	3360.003	3716.094	3508.474	1.007	1.009	1.015
499	3514.623	3421.404	3642.460	3476.564	0.998	1.000	1.009
500	3579.549	3464.341	3747.275	3582.016	1.028	1.030	1.027
501	3470.162	3244.686	3620.625	3505.013	1.006	1.008	0.996
502	3456.046	3352.394	3640.711	3442.068	0.988	0.990	0.992
503	3452.302	3295.576	3626.589	3434.994	0.986	0.988	0.991
504	3507.685	3294.984	3622.556	3537.080	1.015	1.017	1.007
505	3391.731	3255.353	3475.720	3406.100	0.977	0.979	0.973
506	3440.236	3306.804	3551.140	3463.608	0.994	0.996	0.987
507	3423.175	3262.155	3565.702	3431.584	0.985	0.987	0.982
508	3406.020	3305.966	3546.230	3384.736	0.971	0.973	0.977
509	3382.375	3316.737	3497.699	3373.719	0.968	0.970	0.971
510	3382.729	3263.347	3487.294	3388.825	0.972	0.975	0.971
511	3354.207	3193.693	3508.405	3368.817	0.967	0.969	0.962
512	3399.914	3314.560	3513.880	3388.236	0.972	0.974	0.976
513	3393.651	3227.659	3570.365	3390.900	0.973	0.975	0.974
514	3377.297	3121.044	3490.448	3435.007	0.986	0.988	0.969
515	3339.381	3185.772	3451.820	3360.961	0.964	0.966	0.958
516	3377.697	3327.535	3436.730	3374.663	0.968	0.970	0.969
517	3401.006	3294.359	3538.074	3368.544	0.967	0.969	0.976
518	3396.972	3245.393	3529.205	3437.913	0.986	0.989	0.975
519	3344.100	3188.566	3606.201	3339.808	0.958	0.960	0.960
520	3317.455	3192.076	3398.733	3326.282	0.954	0.957	0.952
521	3400.707	3295.338	3568.291	3382.420	0.971	0.973	0.976
522	3410.189	3321.369	3510.281	3410.669	0.979	0.981	0.979
523	3406.212	3264.198	3552.915	3423.376	0.982	0.984	0.977
524	3374.011	3239.511	3484.069	3385.059	0.971	0.973	0.968
525	3341.516	3274.539	3411.963	3346.513	0.960	0.962	0.959
526	3409.890	3218.126	3486.298	3429.361	0.984	0.986	0.978
527	3368.130	3167.407	3617.217	3351.129	0.962	0.964	0.966
528	3295.724	3205.529	3421.273	3286.089	0.943	0.945	0.946
529	3328.448	3261.204	3386.973	3320.645	0.953	0.955	0.955
530	3386.905	3281.972	3533.114	3382.747	0.971	0.973	0.972
531	3399.812	3198.706	3602.505	3393.816	0.974	0.976	0.976
532	3372.017	3275.568	3492.858	3355.523	0.963	0.965	0.968
533	3404.225	3285.703	3587.775	3373.502	0.968	0.970	0.977
534	3343.750	3269.438	3484.232	3329.765	0.955	0.958	0.959
535	3381.983	3286.728	3459.646	3385.646	0.971	0.974	0.970
536	3375.983	3149.345	3591.380	3388.257	0.972	0.974	0.969
537	3456.022	3395.440	3545.646	3436.608	0.986	0.988	0.992
538	3471.338	3377.267	3593.407	3462.183	0.993	0.996	0.996
539	3443.090	3242.615	3537.454	3457.354	0.992	0.994	0.988
540	3403.285	3329.847	3605.570	3380.284	0.970	0.972	0.977
541	3441.418	3333.104	3555.680	3444.701	0.988	0.991	0.987
542	3416.013	3289.299	3540.344	3415.021	0.980	0.982	0.980
543	3438.324	3292.634	3767.482	3406.495	0.977	0.980	0.987
544	3415.426	3307.447	3544.968	3417.587	0.981	0.983	0.980
545	3423.945	3297.532	3547.316	3435.724	0.986	0.988	0.982
546	3459.311	3349.398	3542.787	3461.516	0.993	0.995	0.993
547	3440.081	3342.359	3510.088	3457.273	0.992	0.994	0.987
548	3451.257	3300.712	3704.034	3431.452	0.985	0.987	0.990
549	3442.589	3303.170	3557.959	3451.499	0.990	0.993	0.988
550	3496.469	3416.439	3597.894	3481.027	0.999	1.001	1.003
551	3418.632	3314.728	3527.540	3416.057	0.980	0.982	0.981
552	3443.259	3406.214	3532.015	3425.670	0.983	0.985	0.988
553	3481.733	3386.065	3616.690	3465.707	0.994	0.997	0.999
554	3456.869	3336.347	3598.955	3440.687	0.987	0.989	0.992
555	3402.916	3234.531	3570.221	3408.543	0.978	0.980	0.976
556	3448.135	3378.895	3521.771	3445.028	0.989	0.991	0.989
557	3473.476	3334.347	3654.213	3481.231	0.999	1.001	0.997
558	3453.590	3357.219	3560.107	3440.022	0.987	0.989	0.991
559	3472.092	3344.323	3553.526	3473.394	0.997	0.999	0.996
560	3461.443	3368.302	3529.498	3457.865	0.992	0.994	0.993
561	3466.355	3321.528	3688.909	3456.033	0.992	0.994	0.995
562	3489.055	3377.855	3664.220	3451.420	0.990	0.993	1.001
563	3444.295	3347.015	3579.107	3412.100	0.979	0.981	0.988
564	3481.409	3410.268	3598.811	3477.556	0.998	1.000	0.999
565	3409.777	3313.440	3463.702	3408.327	0.978	0.980	0.978
566	3451.353	3330.658	3525.683	3469.619	0.996	0.998	0.990
567	3499.165	3299.090	3636.664	3497.276	1.004	1.006	1.004
568	3440.516	3329.646	3515.461	3440.444	0.987	0.989	0.987
569	3445.277	3386.352	3550.726	3433.504	0.985	0.987	0.989
570	3499.133	3381.039	3603.054	3490.483	1.002	1.004	1.004
571	3460.934	3370.316	3572.781	3459.777	0.993	0.995	0.993
572	3498.868	3359.265	3666.951	3496.434	1.003	1.005	1.004
573	3494.682	3422.493	3651.205	3471.768	0.996	0.998	1.003
574	3472.451	3317.974	3609.223	3486.469	1.000	1.003	0.996
575	3455.225	3326.745	3551.117	3453.447	0.991	0.993	0.991
576	3516.776	3422.123	3589.326	3524.744	1.011	1.014	1.009
577	3557.881	3353.421	3849.094	3560.696	1.022	1.024	1.021
578	3448.149	3247.718	3614.782	3462.708	0.994	0.996	0.989
579	3502.530	3406.183	3685.433	3472.067	0.996	0.998	1.005
580	3482.597	3428.013	3579.633	3480.466	0.999	1.001	0.999
581	3498.133	3375.503	3604.269	3502.222	1.005	1.007	1.004
582	3529.185	3318.658	3747.447	3493.433	1.002	1.005	1.013
583	3412.676	3223.058	3652.058	3407.270	0.978	0.980	0.979
584	3400.978	3319.495	3512.168	3390.190	0.973	0.975	0.976
585	3440.666	3365.090	3528.964	3415.550	0.980	0.982	0.987
586	3422.083	3295.538	3564.371	3420.679	0.982	0.984	0.982
587	3373.136	3209.965	3533.046	3364.428	0.965	0.967	0.968
588	3430.014	3333.443	3551.489	3408.409	0.978	0.980	0.984
589	3449.484	3348.434	3600.588	3433.593	0.985	0.987	0.990
590	3489.141	3335.797	3695.080	3480.473	0.999	1.001	1.001
591	3434.451	3323.083	3528.826	3447.356	0.989	0.991	0.986
592	3422.612	3347.908	3539.231	3415.286	0.980	0.982	0.982
593	3468.115	3349.986	3555.715	3474.894	0.997	0.999	0.995
594	3461.619	3351.839	3627.732	3452.809	0.991	0.993	0.993
595	3487.747	3387.384	3649.057	3468.026	0.995	0.997	1.001
596	3448.482	3370.060	3543.576	3433.130	0.985	0.987	0.990
597	3422.524	3315.146	3562.928	3424.928	0.983	0.985	0.982
598	3393.394	3344.332	3502.318	3373.413	0.968	0.970	0.974
599	3412.417	3331.609	3467.021	3418.369	0.981	0.983	0.979
600	3470.250	3282.578	3749.182	3439.520	0.987	0.989	0.996
601	3472.702	3376.728	3580.586	3461.225	0.993	0.995	0.996
602	3450.271	3285.662	3577.393	3490.041	1.001	1.004	0.990
603	3416.738	3218.068	3528.048	3445.391	0.989	0.991	0.980
604	3392.721	3328.765	3470.450	3395.821	0.974	0.977	0.974
605	3406.676	3277.766	3495.514	3403.336	0.977	0.979	0.978
606	3471.854	3341.059	3577.131	3475.618	0.997	0.999	0.996
607	3482.122	3375.024	3568.655	3482.530	0.999	1.001	0.999
608	3451.534	3317.789	3540.947	3458.250	0.992	0.994	0.990
609	3432.806	3336.621	3528.216	3442.167	0.988	0.990	0.985
610	3398.410	3267.180	3493.032	3431.492	0.985	0.987	0.975
611	3406.859	3262.333	3468.114	3431.067	0.985	0.987	0.978
612	3413.864	3346.983	3529.614	3403.521	0.977	0.979	0.980
613	3453.309	3368.617	3606.577	3422.257	0.982	0.984	0.991
614	3448.633	3325.108	3650.398	3437.799	0.986	0.989	0.990
615	3481.095	3338.732	3654.388	3429.183	0.984	0.986	0.999
616	3475.067	3312.949	3708.782	3453.451	0.991	0.993	0.997
617	3439.376	3346.967	3598.639	3413.461	0.979	0.982	0.987
618	3491.541	3353.179	3644.406	3487.985	1.001	1.003	1.002
619	3463.961	3291.222	3777.029	3435.108	0.986	0.988	0.994
620	3464.677	3212.232	3730.887	3491.029	1.002	1.004	0.994
621	3417.867	3247.999	3684.178	3442.320	0.988	0.990	0.981
622	3491.930	3400.037	3601.009	3485.101	1.000	1.002	1.002
623	3565.479	3460.986	3693.953	3557.571	1.021	1.023	1.023
624	3448.447	3342.621	3596.763	3444.108	0.988	0.990	0.990
625	3438.285	3240.697	3578.644	3465.403	0.994	0.997	0.987
626	3478.110	3399.153	3615.469	3448.918	0.990	0.992	0.998
627	3530.438	3311.033	3669.903	3549.641	1.019	1.021	1.013
628	3463.013	3385.793	3602.069	3444.755	0.988	0.991	0.994
629	3515.296	3436.745	3605.765	3487.755	1.001	1.003	1.009
630	3474.045	3412.650	3547.955	3470.337	0.996	0.998	0.997
631	3457.021	3340.646	3618.743	3449.569	0.990	0.992	0.992
632	3470.627	3293.602	3614.630	3463.085	0.994	0.996	0.996
633	3453.813	3362.103	3532.534	3460.653	0.993	0.995	0.991
634	3485.998	3338.768	3567.672	3496.231	1.003	1.005	1.000
635	3440.065	3372.724	3521.151	3436.933	0.986	0.988	0.987
636	3480.349	3351.700	3611.538	3459.005	0.993	0.995	0.999
637	3480.322	3373.359	3668.712	3462.457	0.994	0.996	0.999
638	3489.143	3377.667	3589.837	3488.972	1.001	1.003	1.001
639	3463.822	3357.396	3555.147	3476.378	0.998	1.000	0.994
640	3487.801	3372.270	3606.328	3508.132	1.007	1.009	1.001
641	3502.321	3380.440	3577.689	3507.153	1.006	1.009	1.005
642	3442.277	3349.747	3567.783	3428.890	0.984	0.986	0.988
643	3428.580	3359.769	3505.301	3430.902	0.984	0.987	0.984
644	3466.059	3450.360	3499.007	3455.665	0.992	0.994	0.995
645	3449.278	3388.644	3537.729	3432.796	0.985	0.987	0.990
646	3506.520	3399.751	3600.937	3522.502	1.011	1.013	1.006
647	3404.828	3325.883	3483.318	3402.222	0.976	0.978	0.977
648	3366.987	3328.202	3415.589	3365.246	0.966	0.968	0.966
649	3429.485	3355.660	3478.326	3433.684	0.985	0.987	0.984
650	3467.130	3345.041	3583.097	3478.536	0.998	1.000	0.995
651	3445.084	3298.595	3598.346	3449.807	0.990	0.992	0.989
652	3469.203	3335.123	3651.465	3469.604	0.996	0.998	0.995
653	3415.206	3326.336	3484.633	3414.687	0.980	0.982	0.980
654	3416.525	3294.959	3511.725	3419.323	0.981	0.983	0.980
655	3431.654	3344.557	3510.269	3440.263	0.987	0.989	0.985
656	3405.068	3238.168	3520.715	3410.397	0.979	0.981	0.977
657	3393.075	3304.779	3470.581	3395.303	0.974	0.976	0.974
658	3420.953	3325.380	3515.911	3428.481	0.984	0.986	0.982
659	3446.825	3320.740	3615.558	3453.240	0.991	0.993	0.989
660	3444.162	3318.003	3519.361	3473.866	0.997	0.999	0.988
661	3473.499	3408.505	3542.346	3477.329	0.998	1.000	0.997
662	3450.915	3297.531	3565.255	3445.811	0.989	0.991	0.990
663	3462.230	3283.534	3720.659	3456.597	0.992	0.994	0.993
664	3480.580	3340.563	3655.327	3483.788	1.000	1.002	0.999
665	3435.335	3313.435	3655.234	3420.057	0.981	0.983	0.986
666	3421.660	3301.597	3486.408	3442.764	0.988	0.990	0.982
667	3437.272	3326.731	3524.085	3437.931	0.986	0.989	0.986
668	3431.030	3335.380	3552.351	3417.633	0.981	0.983	0.985
669	3458.490	3281.623	3555.124	3460.396	0.993	0.995	0.992
670	3477.318	3323.375	3613.833	3480.300	0.999	1.001	0.998
671	3450.533	3354.678	3588.201	3412.652	0.979	0.981	0.990
672	3451.162	3341.226	3626.681	3442.174	0.988	0.990	0.990
673	3434.474	3356.499	3493.870	3440.285	0.987	0.989	0.986
674	3499.667	3340.323	3693.942	3490.014	1.001	1.004	1.004
675	3506.721	3383.126	3696.663	3501.855	1.005	1.007	1.006
676	3451.929	3309.771	3565.500	3441.587	0.988	0.990	0.991
677	3420.482	3330.932	3514.791	3428.850	0.984	0.986	0.981
678	3463.611	3319.667	3617.485	3452.479	0.991	0.993	0.994
679	3477.979	3364.684	3562.689	3489.522	1.001	1.003	0.998
680	3442.304	3356.205	3513.256	3433.092	0.985	0.987	0.988
681	3436.001	3356.529	3542.782	3422.632	0.982	0.984	0.986
682	3500.729	3382.783	3670.435	3463.056	0.994	0.996	1.005
683	3493.341	3324.214	3731.975	3496.293	1.003	1.005	1.002
684	3504.383	3303.820	3653.820	3532.580	1.014	1.016	1.006
685	3478.452	3275.220	3566.593	3504.205	1.006	1.008	0.998
686	3443.455	3257.072	3568.824	3467.716	0.995	0.997	0.988
687	3474.019	3417.126	3583.564	3461.739	0.993	0.995	0.997
688	3483.717	3291.223	3696.052	3469.910	0.996	0.998	1.000
689	3442.956	3259.523	3569.693	3461.004	0.993	0.995	0.988
690	3414.390	3212.266	3580.574	3426.487	0.983	0.985	0.980
691	3450.522	3309.707	3583.903	3451.271	0.990	0.992	0.990
692	3392.665	3266.615	3519.978	3384.317	0.971	0.973	0.974
693	3437.867	3397.971	3614.043	3408.332	0.978	0.980	0.986
694	3455.370	3384.264	3541.209	3472.111	0.996	0.998	0.992
695	3516.840	3376.314	3697.089	3525.198	1.012	1.014	1.009
696	3504.761	3449.872	3592.924	3496.397	1.003	1.005	1.006
697	3483.303	3329.987	3652.916	3477.394	0.998	1.000	1.000
698	3420.774	3339.220	3507.257	3431.560	0.985	0.987	0.982
699	3390.990	3282.070	3497.785	3386.538	0.972	0.974	0.973
700	3452.352	3381.798	3554.747	3440.924	0.987	0.989	0.991
701	3422.420	3311.988	3645.259	3407.301	0.978	0.980	0.982
702	3446.337	3222.458	3688.566	3460.086	0.993	0.995	0.989
703	3427.428	3314.318	3620.674	3398.007	0.975	0.977	0.983
704	3483.830	3310.000	3552.723	3509.551	1.007	1.009	1.000
705	3589.244	3451.424	3750.955	3589.452	1.030	1.032	1.030
706	3434.714	3296.667	3643.248	3426.990	0.983	0.985	0.986
707	3517.504	3373.482	3679.521	3520.133	1.010	1.012	1.009
708	3443.136	3332.235	3581.751	3446.587	0.989	0.991	0.988
709	3463.924	3379.330	3600.361	3424.014	0.983	0.985	0.994
710	3397.284	3309.983	3478.236	3390.374	0.973	0.975	0.975
711	3477.960	3376.782	3536.047	3492.845	1.002	1.004	0.998
712	3490.041	3385.685	3595.614	3461.686	0.993	0.995	1.001
713	3483.150	3389.610	3593.327	3476.647	0.998	1.000	0.999
714	3475.400	3359.904	3675.731	3470.416	0.996	0.998	0.997
715	3501.319	3344.612	3770.454	3470.906	0.996	0.998	1.005
716	3512.123	3363.118	3652.769	3527.638	1.012	1.014	1.008
717	3473.835	3296.025	3586.834	3507.471	1.006	1.009	0.997
718	3409.470	3284.448	3547.811	3381.306	0.970	0.972	0.978
719	3450.213	3279.288	3592.525	3444.850	0.988	0.991	0.990
720	3385.851	3297.759	3472.538	3381.711	0.970	0.972	0.972
721	3456.145	3338.831	3622.525	3441.219	0.987	0.990	0.992
722	3436.470	3301.114	3617.760	3418.620	0.981	0.983	0.986
723	3397.552	3276.601	3611.711	3407.523	0.978	0.980	0.975
724	3422.318	3356.345	3512.933	3425.233	0.983	0.985	0.982
725	3412.309	3325.417	3491.407	3432.997	0.985	0.987	0.979
726	3403.976	3324.079	3518.948	3392.777	0.974	0.976	0.977
727	3421.138	3338.086	3632.835	3407.019	0.978	0.980	0.982
728	3435.447	3321.215	3675.630	3409.161	0.978	0.980	0.986
729	3421.001	3322.686	3563.859	3410.102	0.979	0.981	0.982
730	3418.819	3321.183	3570.691	3408.162	0.978	0.980	0.981
731	3400.162	3348.695	3483.527	3400.587	0.976	0.978	0.976
732	3405.496	3319.066	3449.880	3422.558	0.982	0.984	0.977
733	3380.215	3264.342	3603.011	3320.567	0.953	0.955	0.970
734	3419.497	3295.109	3580.080	3381.234	0.970	0.972	0.981
735	3389.408	3288.610	3478.459	3387.910	0.972	0.974	0.973
736	3397.839	3276.413	3468.577	3438.272	0.987	0.989	0.975
737	3459.242	3354.361	3561.834	3459.236	0.993	0.995	0.993
738	3440.248	3327.840	3566.444	3414.700	0.980	0.982	0.987
739	3446.014	3335.556	3545.687	3443.721	0.988	0.990	0.989
740	3448.465	3309.970	3579.607	3466.794	0.995	0.997	0.990
741	3480.112	3280.057	3677.391	3500.024	1.004	1.006	0.999
742	3467.329	3382.145	3633.713	3440.833	0.987	0.989	0.995
743	3435.044	3339.453	3558.514	3423.543	0.982	0.984	0.986
744	3510.676	3451.164	3613.306	3495.786	1.003	1.005	1.007
745	3400.870	3177.689	3531.135	3424.416	0.983	0.985	0.976
746	3423.663	3311.003	3656.524	3425.324	0.983	0.985	0.982
747	3402.124	3260.813	3502.517	3432.308	0.985	0.987	0.976
748	3465.031	3386.856	3559.927	3452.327	0.991	0.993	0.994
749	3486.622	3373.420	3609.102	3494.610	1.003	1.005	1.000
750	3471.390	3392.472	3556.562	3472.359	0.996	0.999	0.996
751	3525.174	3402.853	3581.621	3533.018	1.014	1.016	1.012
752	3515.065	3401.987	3634.519	3523.562	1.011	1.013	1.009
753	3495.749	3408.250	3609.128	3492.209	1.002	1.004	1.003
754	3569.202	3381.241	3734.455	3576.551	1.026	1.028	1.024
755	3549.585	3444.220	3672.266	3556.752	1.021	1.023	1.019
756	3465.628	3324.227	3553.200	3491.055	1.002	1.004	0.994
757	3536.021	3438.934	3645.202	3529.514	1.013	1.015	1.015
758	3480.967	3362.839	3666.435	3463.266	0.994	0.996	0.999
759	3533.708	3321.716	3819.310	3499.841	1.004	1.006	1.014
760	3514.915	3384.342	3686.585	3555.695	1.020	1.022	1.009
761	3501.797	3389.639	3671.592	3505.810	1.006	1.008	1.005
762	3493.504	3357.821	3672.786	3469.724	0.996	0.998	1.002
763	3552.362	3316.323	3706.977	3561.053	1.022	1.024	1.019
764	3422.484	3239.528	3557.214	3455.087	0.991	0.994	0.982
765	3441.973	3293.018	3687.689	3440.505	0.987	0.989	0.988
766	3450.767	3336.509	3589.700	3425.757	0.983	0.985	0.990
767	3479.065	3292.909	3632.319	3465.653	0.994	0.997	0.998
768	3489.496	3383.900	3617.633	3495.479	1.003	1.005	1.001
769	3404.662	3327.862	3467.163	3432.279	0.985	0.987	0.977
770	3464.042	3348.177	3606.971	3463.253	0.994	0.996	0.994
771	3465.385	3372.546	3517.649	3475.338	0.997	0.999	0.994
772	3461.250	3287.350	3742.780	3426.641	0.983	0.985	0.993
773	3431.182	3295.613	3525.168	3473.048	0.997	0.999	0.985
774	3479.516	3395.396	3563.858	3483.326	1.000	1.002	0.998
775	3455.561	3307.224	3597.497	3467.011	0.995	0.997	0.992
776	3440.395	3365.585	3570.399	3415.517	0.980	0.982	0.987
777	3541.823	3415.685	3665.551	3552.336	1.019	1.022	1.016
778	3526.092	3445.054	3594.068	3534.208	1.014	1.016	1.012
779	3537.940	3344.842	3627.228	3570.256	1.024	1.027	1.015
780	3484.940	3364.819	3709.430	3459.510	0.993	0.995	1.000
781	3503.993	3405.599	3708.075	3504.405	1.006	1.008	1.005
782	3590.568	3496.949	3685.610	3581.527	1.028	1.030	1.030
783	3528.958	3389.595	3710.910	3505.728	1.006	1.008	1.013
784	3586.145	3422.348	3796.816	3579.076	1.027	1.029	1.029
785	3594.518	3368.607	3845.502	3554.764	1.020	1.022	1.031
786	3703.659	3466.398	4022.709	3704.356	1.063	1.065	1.063
787	3690.327	3416.523	3973.446	3647.146	1.047	1.049	1.059
788	3687.624	3476.636	3973.582	3703.601	1.063	1.065	1.058
789	3634.640	3336.155	4082.623	3582.693	1.028	1.030	1.043
790	3527.859	3394.674	3751.461	3513.599	1.008	1.010	1.012
791	3564.208	3459.046	3676.097	3561.323	1.022	1.024	1.023
792	3552.303	3405.028	3676.468	3545.653	1.017	1.020	1.019
793	3476.241	3314.756	3744.962	3461.225	0.993	0.995	0.997
794	3508.513	3396.484	3606.764	3515.106	1.009	1.011	1.007
795	3494.493	3330.123	3605.797	3496.762	1.003	1.006	1.003
796	3556.843	3378.284	3723.654	3550.764	1.019	1.021	1.021
797	3645.004	3470.395	3839.075	3644.387	1.046	1.048	1.046
798	3551.498	3394.633	3800.480	3526.222	1.012	1.014	1.019
799	3542.228	3381.932	3743.460	3511.394	1.008	1.010	1.016
800	3595.178	3446.171	3781.097	3579.513	1.027	1.029	1.032
801	3643.519	3450.838	3914.030	3601.218	1.033	1.036	1.045
802	3594.860	3480.591	3830.896	3550.464	1.019	1.021	1.032
803	3568.148	3272.900	3723.649	3576.375	1.026	1.028	1.024
804	3676.147	3356.148	3888.810	3700.804	1.062	1.064	1.055
805	3874.836	3630.314	4087.303	3914.944	1.123	1.126	1.112
806	3912.209	3412.616	4178.718	4025.100	1.155	1.157	1.123
807	3814.571	3465.175	4227.285	3826.493	1.098	1.100	1.095
808	3703.510	3486.867	4124.358	3678.147	1.055	1.058	1.063
809	3600.446	3429.097	3963.733	3603.606	1.034	1.036	1.033
810	3603.725	3463.136	3709.894	3623.235	1.040	1.042	1.034
811	3540.551	3313.650	3863.260	3545.761	1.017	1.020	1.016
812	3540.935	3389.493	3730.678	3510.918	1.007	1.010	1.016
813	3514.914	3460.486	3608.901	3509.355	1.007	1.009	1.009
814	3488.392	3322.599	3628.943	3483.885	1.000	1.002	1.001
815	3547.139	3300.365	3649.463	3563.381	1.022	1.025	1.018
816	3558.674	3479.004	3606.542	3563.158	1.022	1.025	1.021
817	3529.507	3394.298	3627.396	3524.502	1.011	1.014	1.013
818	3562.433	3302.850	3866.206	3506.306	1.006	1.008	1.022
819	3447.114	3336.486	3627.105	3441.316	0.987	0.990	0.989
820	3626.771	3447.184	3766.915	3635.280	1.043	1.045	1.041
821	3614.672	3363.746	3790.893	3640.298	1.045	1.047	1.037
822	3489.830	3375.197	3595.810	3492.434	1.002	1.004	1.001
823	3526.812	3429.035	3657.840	3503.860	1.005	1.008	1.012
824	3541.820	3366.288	3704.428	3542.177	1.016	1.019	1.016
825	3547.307	3424.447	3646.807	3554.290	1.020	1.022	1.018
826	3540.243	3392.138	3714.282	3521.459	1.010	1.013	1.016
827	3574.891	3413.787	3786.569	3552.924	1.019	1.022	1.026
828	3593.147	3408.055	3748.311	3599.168	1.033	1.035	1.031
829	3530.346	3391.208	3702.872	3551.035	1.019	1.021	1.013
830	3523.768	3368.013	3602.989	3551.822	1.019	1.021	1.011
831	3533.408	3427.478	3681.052	3527.941	1.012	1.015	1.014
832	3562.676	3448.401	3626.081	3587.045	1.029	1.032	1.022
833	3510.220	3379.367	3664.484	3514.030	1.008	1.011	1.007
834	3524.654	3366.561	3709.143	3547.626	1.018	1.020	1.011
835	3532.019	3384.642	3716.350	3518.204	1.010	1.012	1.013
836	3557.027	3351.664	3688.990	3580.744	1.027	1.030	1.021
837	3597.785	3480.861	3850.906	3559.498	1.021	1.024	1.032
838	3646.694	3427.578	3917.545	3617.685	1.038	1.040	1.046
839	3723.784	3459.059	4268.865	3625.491	1.040	1.043	1.069
840	3699.626	3483.118	3995.010	3658.100	1.050	1.052	1.062
841	3586.427	3338.627	3806.040	3566.675	1.023	1.026	1.029
842	3594.955	3390.748	4039.764	3569.374	1.024	1.026	1.032
843	3651.390	3279.538	4042.157	3602.555	1.034	1.036	1.048
844	3783.722	3433.462	4359.891	3703.083	1.063	1.065	1.086
845	3746.253	3475.645	4132.197	3620.777	1.039	1.041	1.075
846	3819.659	3427.273	4327.369	3832.470	1.100	1.102	1.096
847	3771.936	3417.161	4165.463	3740.060	1.073	1.076	1.082
848	3840.482	3466.120	4195.413	3900.639	1.119	1.122	1.102
849	3813.105	3607.787	4125.600	3760.465	1.079	1.081	1.094
850	3665.891	3497.939	3933.205	3666.403	1.052	1.054	1.052
851	3633.787	3476.911	3870.105	3606.084	1.035	1.037	1.043
852	3613.768	3492.531	3744.411	3615.006	1.037	1.040	1.037
853	3581.803	3336.834	3701.615	3612.066	1.036	1.039	1.028
854	3635.751	3486.382	3857.544	3620.953	1.039	1.041	1.043
855	3704.570	3515.751	3931.741	3668.856	1.053	1.055	1.063
856	3743.842	3539.449	4008.169	3682.521	1.057	1.059	1.074
857	3765.403	3630.858	3952.711	3754.184	1.077	1.080	1.080
858	3764.669	3508.243	4078.521	3748.800	1.076	1.078	1.080
859	3688.440	3556.421	3871.539	3687.424	1.058	1.060	1.058
860	3542.460	3372.379	3745.513	3538.119	1.015	1.017	1.016
861	3538.274	3398.503	3672.268	3547.945	1.018	1.020	1.015
862	3592.347	3491.656	3698.323	3591.385	1.031	1.033	1.031
863	3641.781	3528.001	3783.564	3628.526	1.041	1.043	1.045
864	3681.268	3517.458	3919.740	3665.445	1.052	1.054	1.056
865	3729.395	3492.339	3904.037	3760.266	1.079	1.081	1.070
866	3706.203	3564.493	3799.490	3703.180	1.063	1.065	1.063
867	3722.781	3542.755	3899.131	3722.739	1.068	1.071	1.068
868	3775.238	3555.849	4089.514	3739.605	1.073	1.075	1.083
869	3967.305	3667.694	4631.124	3844.640	1.103	1.106	1.138
870	3953.176	3775.171	4262.478	3890.871	1.116	1.119	1.134
871	3906.458	3620.631	4220.128	3855.041	1.106	1.109	1.121
872	3889.347	3444.719	4374.251	3854.528	1.106	1.108	1.116
873	3894.351	3336.037	4314.337	3894.713	1.118	1.120	1.117
874	3969.407	3540.935	4494.362	3893.207	1.117	1.120	1.139
875	4075.392	3620.333	4715.428	4077.855	1.170	1.173	1.169
876	4117.834	3474.739	5505.271	3924.484	1.126	1.129	1.182
877	4020.173	3519.353	4831.781	3877.461	1.113	1.115	1.154
878	3913.230	3502.876	4387.340	3905.995	1.121	1.123	1.123
879	3693.429	3467.910	4102.491	3708.054	1.064	1.066	1.060
880	3618.681	3430.069	3849.979	3620.847	1.039	1.041	1.038
881	3569.197	3381.648	3751.699	3587.509	1.029	1.032	1.024
882	3498.657	3420.898	3548.992	3504.391	1.006	1.008	1.004
883	3605.458	3497.908	3764.924	3604.361	1.034	1.036	1.035
884	3652.808	3523.175	3862.993	3637.362	1.044	1.046	1.048
885	3627.087	3495.542	3696.016	3636.720	1.044	1.046	1.041
886	3636.462	3390.461	3842.169	3649.436	1.047	1.049	1.043
887	3695.695	3531.692	3939.454	3667.851	1.052	1.055	1.060
888	3601.769	3443.634	3835.934	3607.120	1.035	1.037	1.034
889	3575.551	3402.857	3735.912	3593.455	1.031	1.033	1.026
890	3545.471	3438.835	3658.121	3531.103	1.013	1.015	1.017
891	3582.242	3430.198	3686.373	3577.685	1.027	1.029	1.028
892	3556.059	3208.903	3858.767	3539.368	1.016	1.018	1.020
893	3568.175	3373.597	3776.684	3579.885	1.027	1.029	1.024
894	3595.470	3486.767	3787.461	3574.608	1.026	1.028	1.032
895	3627.374	3506.262	3747.660	3629.474	1.041	1.044	1.041
896	3725.907	3449.494	4087.531	3731.538	1.071	1.073	1.069
897	3828.186	3568.718	4350.148	3802.986	1.091	1.094	1.098
898	3782.375	3592.554	4219.872	3753.996	1.077	1.080	1.085
899	3749.711	3501.119	4455.149	3622.082	1.039	1.042	1.076
900	3710.050	3491.255	4061.775	3669.633	1.053	1.055	1.065
901	3639.912	3453.187	4091.031	3518.847	1.010	1.012	1.044
902	3690.132	3484.214	3997.901	3679.353	1.056	1.058	1.059
903	3711.443	3540.732	3926.207	3698.503	1.061	1.064	1.065
904	3708.812	3538.631	4037.565	3676.788	1.055	1.057	1.064
905	3784.682	3446.584	4249.297	3721.633	1.068	1.070	1.086
906	3772.809	3446.951	4293.066	3674.057	1.054	1.057	1.083
907	3719.163	3485.504	4133.054	3646.580	1.046	1.049	1.067
908	3688.576	3476.269	3903.066	3680.906	1.056	1.058	1.058
909	3698.743	3429.309	3971.043	3688.597	1.058	1.061	1.061
910	3739.267	3471.126	4174.050	3715.152	1.066	1.068	1.073
911	3682.358	3460.951	4027.252	3665.125	1.052	1.054	1.057
912	3828.226	3426.015	4367.691	3854.452	1.106	1.108	1.098
913	3945.151	3317.397	4632.511	3826.159	1.098	1.100	1.132
914	4115.749	3338.748	5123.814	3913.053	1.123	1.125	1.181
915	4096.226	3426.127	5048.394	3810.443	1.093	1.096	1.175
916	3902.642	3412.686	4414.644	3737.811	1.073	1.075	1.120
917	3770.486	3410.750	4168.773	3753.021	1.077	1.079	1.082
918	3668.969	3404.545	3902.179	3642.990	1.045	1.048	1.053
919	3680.561	3424.035	3915.744	3706.257	1.063	1.066	1.056
920	3659.388	3433.731	4049.799	3652.635	1.048	1.050	1.050
921	3634.226	3422.507	4061.436	3591.171	1.030	1.033	1.043
922	3744.863	3477.503	4173.584	3690.483	1.059	1.061	1.075
923	3884.408	3578.725	4090.184	3874.934	1.112	1.114	1.115
924	3969.762	3744.943	4289.774	3950.718	1.134	1.136	1.139
925	3816.088	3548.482	4170.146	3774.482	1.083	1.085	1.095
926	3924.025	3523.980	4499.068	3889.879	1.116	1.119	1.126
927	3967.962	3509.743	4635.143	3949.432	1.133	1.136	1.139
928	3865.516	3538.613	4513.651	3742.234	1.074	1.076	1.109
929	3859.327	3583.066	4643.425	3761.318	1.079	1.082	1.107
930	3909.585	3545.721	4346.232	3875.970	1.112	1.115	1.122
931	3748.485	3504.279	4252.320	3706.887	1.064	1.066	1.076
932	3661.054	3429.756	3832.353	3675.284	1.055	1.057	1.051
933	3664.074	3471.830	3856.962	3652.697	1.048	1.050	1.051
934	3698.059	3570.309	3918.280	3676.771	1.055	1.057	1.061
935	3734.020	3634.497	3946.437	3696.145	1.061	1.063	1.071
936	3801.580	3498.349	4095.856	3820.557	1.096	1.099	1.091
937	3806.640	3490.260	4243.129	3779.652	1.085	1.087	1.092
938	3720.912	3457.116	3967.416	3694.717	1.060	1.062	1.068
939	3759.755	3535.859	4012.823	3743.075	1.074	1.076	1.079
940	3955.813	3632.168	4543.969	3828.783	1.099	1.101	1.135
941	3969.551	3459.860	5044.361	3680.878	1.056	1.058	1.139
942	4082.542	3699.776	4882.995	3877.155	1.113	1.115	1.171
943	3919.770	3383.206	4569.955	3753.965	1.077	1.080	1.125
944	3919.345	3536.535	4409.689	3916.813	1.124	1.126	1.125
945	4031.144	3497.983	4614.090	3974.538	1.140	1.143	1.157
946	4017.233	3629.925	4536.045	3972.052	1.140	1.142	1.153
947	4107.608	3550.731	4794.619	4160.088	1.194	1.196	1.179
948	4124.700	3504.585	4579.809	4231.552	1.214	1.217	1.184
949	4182.410	3598.367	4927.586	4267.606	1.225	1.227	1.200
950	4307.746	3518.864	5597.134	4205.238	1.207	1.209	1.236
951	4227.082	3518.820	5160.003	4121.535	1.183	1.185	1.213
952	4071.033	3432.684	4753.879	4094.213	1.175	1.177	1.168
953	4037.661	3515.781	4342.006	4204.110	1.206	1.209	1.159
954	3987.093	3566.851	4349.952	4009.123	1.150	1.153	1.144
955	3920.290	3762.516	4283.811	3890.001	1.116	1.119	1.125
956	3792.017	3492.112	4045.908	3773.811	1.083	1.085	1.088
957	3929.752	3485.442	4542.971	3895.159	1.118	1.120	1.128
958	3908.934	3411.467	4555.211	3918.064	1.124	1.127	1.122
959	3939.200	3537.315	4536.964	3825.833	1.098	1.100	1.130
960	4005.321	3638.009	4376.300	4055.691	1.164	1.166	1.149
961	3882.951	3387.586	4172.831	3993.451	1.146	1.148	1.114
962	3822.673	3406.987	4140.536	3847.446	1.104	1.106	1.097
963	3781.198	3472.370	4017.644	3781.113	1.085	1.087	1.085
964	3838.893	3516.270	4121.578	3862.385	1.108	1.111	1.102
965	3865.305	3605.439	4092.213	3863.694	1.109	1.111	1.109
966	3873.981	3677.760	4278.382	3816.717	1.095	1.098	1.112
967	3924.915	3561.385	4252.302	3895.132	1.118	1.120	1.126
968	3971.222	3552.531	4481.453	3938.378	1.130	1.133	1.140
969	3900.885	3629.655	4166.886	3883.479	1.114	1.117	1.119
970	4183.503	3589.975	4569.411	4217.854	1.210	1.213	1.200
971	4459.980	3611.153	5051.576	4640.884	1.332	1.335	1.280
972	4562.932	3655.732	5297.977	4714.091	1.353	1.356	1.309
973	4530.708	3526.685	5316.288	4664.593	1.338	1.341	1.300
974	4400.091	3656.407	5350.559	4290.700	1.231	1.234	1.263
975	4079.364	3651.428	4807.214	3898.143	1.119	1.121	1.171
976	3852.661	3506.754	4400.123	3777.029	1.084	1.086	1.106
977	3707.698	3510.707	3827.533	3721.744	1.068	1.070	1.064
978	3639.016	3372.802	3786.320	3679.056	1.056	1.058	1.044
979	3625.605	3330.330	3802.449	3674.902	1.054	1.057	1.040
980	3758.584	3444.305	4210.231	3734.663	1.072	1.074	1.079
981	3791.208	3539.888	4043.658	3787.251	1.087	1.089	1.088
982	4027.075	3606.001	4445.353	3997.622	1.147	1.150	1.156
983	4130.855	3602.971	4684.164	4094.061	1.175	1.177	1.185
984	4019.807	3608.077	4434.872	4024.014	1.155	1.157	1.153
985	3859.850	3640.918	4084.015	3881.362	1.114	1.116	1.108
986	3850.639	3629.768	4194.316	3781.118	1.085	1.087	1.105
987	3849.214	3590.942	4086.661	3817.645	1.095	1.098	1.105
988	3992.643	3577.219	4451.473	4042.059	1.160	1.162	1.146
989	4018.995	3622.921	4353.534	4030.069	1.156	1.159	1.153
990	4062.497	3459.704	4618.382	4091.134	1.174	1.176	1.166
991	4012.285	3651.149	4655.408	3933.992	1.129	1.131	1.151
992	3921.961	3583.313	4195.157	3969.818	1.139	1.142	1.125
993	3880.345	3432.866	4294.097	3889.123	1.116	1.118	1.113
994	3950.717	3563.427	4450.981	3949.830	1.133	1.136	1.134
995	3977.562	3412.699	4600.517	3946.077	1.132	1.135	1.141
996	4031.134	3432.255	4761.759	3916.475	1.124	1.126	1.157
997	4037.899	3543.991	4721.004	3891.266	1.117	1.119	1.159
998	4007.659	3661.714	4630.226	3850.809	1.105	1.107	1.150
999	3842.550	3560.388	4172.829	3821.796	1.097	1.099	1.103
1000	3747.485	3438.172	4102.189	3750.596	1.076	1.079	1.075
1001	3789.189	3513.380	4052.017	3799.664	1.090	1.093	1.087
1002	3693.621	3461.367	3899.510	3717.485	1.067	1.069	1.060
1003	3663.007	3505.765	3875.392	3639.041	1.044	1.046	1.051
1004	3670.371	3492.151	3907.010	3635.849	1.043	1.046	1.053
1005	3613.504	3388.752	3914.135	3570.564	1.025	1.027	1.037
1006	3910.389	3569.695	4353.018	3903.217	1.120	1.122	1.122
1007	4073.597	3633.258	4707.311	3957.767	1.136	1.138	1.169
1008	4006.792	3583.966	4436.583	3945.162	1.132	1.134	1.150
1009	3927.721	3470.215	4294.939	3937.379	1.130	1.132	1.127
1010	3807.290	3413.026	4146.004	3810.104	1.093	1.096	1.092
1011	3654.334	3471.534	3821.161	3638.803	1.044	1.046	1.049
1012	3639.033	3547.286	3754.836	3633.872	1.043	1.045	1.044
1013	3680.719	3555.590	3838.822	3670.925	1.053	1.056	1.056
1014	3743.971	3498.164	4236.707	3705.351	1.063	1.066	1.074
1015	3709.254	3551.905	3957.458	3719.598	1.067	1.070	1.064
1016	3793.062	3654.686	4082.990	3756.887	1.078	1.080	1.088
1017	3802.449	3630.276	4033.223	3816.775	1.095	1.098	1.091
1018	3879.084	3707.593	4102.688	3877.515	1.113	1.115	1.113
1019	4061.081	3803.118	4203.852	4113.994	1.180	1.183	1.165
1020	4217.206	3813.669	4816.681	4146.819	1.190	1.192	1.210
1021	4150.346	3630.487	4885.823	4076.292	1.170	1.172	1.191
1022	3924.410	3504.202	4309.005	3976.303	1.141	1.143	1.126
1023	3898.610	3531.781	4140.363	3911.583	1.122	1.125	1.119
1024	3883.475	3536.785	4382.287	3831.052	1.099	1.102	1.114
1025	3969.583	3669.879	4394.168	3920.305	1.125	1.127	1.139
1026	3943.100	3784.627	4158.893	3900.833	1.119	1.122	1.131
1027	4125.299	3671.432	4654.604	4049.605	1.162	1.165	1.184
1028	4346.723	3629.157	4894.207	4559.224	1.308	1.311	1.247
1029	4514.596	3623.530	5207.426	4472.989	1.284	1.286	1.295
1030	4619.227	3706.880	5727.103	4503.854	1.292	1.295	1.325
1031	4479.500	3958.012	5177.078	4392.500	1.260	1.263	1.285
1032	4176.543	3627.399	4879.717	4071.921	1.168	1.171	1.198
1033	3930.029	3546.693	4226.602	3974.436	1.140	1.143	1.128
1034	3850.486	3500.775	4246.216	3877.583	1.113	1.115	1.105
1035	3844.773	3564.625	4272.587	3881.615	1.114	1.116	1.103
1036	3844.396	3644.303	4037.337	3867.365	1.110	1.112	1.103
1037	3875.975	3608.571	4154.293	3822.534	1.097	1.099	1.112
1038	3801.522	3596.248	4158.709	3704.119	1.063	1.065	1.091
1039	3797.275	3589.106	3919.458	3817.407	1.095	1.098	1.090
1040	3851.586	3657.138	4054.589	3865.066	1.109	1.111	1.105
1041	3863.466	3592.967	4157.760	3879.668	1.113	1.116	1.109
1042	3901.321	3419.064	4323.993	3884.248	1.115	1.117	1.119
1043	3900.371	3532.083	4204.978	3922.307	1.125	1.128	1.119
1044	3877.220	3651.113	4013.864	3935.793	1.129	1.132	1.113
1045	3932.178	3537.776	4158.994	3978.482	1.142	1.144	1.128
1046	3904.314	3640.342	4184.410	3868.665	1.110	1.112	1.120
1047	3844.261	3538.351	4171.704	3781.952	1.085	1.088	1.103
1048	3918.306	3786.198	4086.014	3883.513	1.114	1.117	1.124
1049	3819.745	3651.296	3991.297	3819.439	1.096	1.098	1.096
1050	3970.912	3587.116	4215.337	4014.816	1.152	1.155	1.139
1051	4061.920	3870.186	4224.775	4072.256	1.169	1.171	1.166
1052	4070.349	3833.872	4272.828	4059.166	1.165	1.167	1.168
1053	4318.780	3921.428	4800.373	4316.107	1.238	1.241	1.239
1054	4430.736	3990.285	5005.332	4384.646	1.258	1.261	1.271
1055	4530.946	4189.491	4988.555	4468.298	1.282	1.285	1.300
1056	4419.482	4156.135	4865.589	4371.902	1.254	1.257	1.268
1057	4248.750	3854.268	4571.469	4219.797	1.211	1.213	1.219
1058	4335.776	3890.200	4833.392	4271.017	1.226	1.228	1.244
1059	4405.912	3857.711	5055.394	4339.789	1.245	1.248	1.264
1060	4362.896	3693.691	5027.531	4406.708	1.264	1.267	1.252
1061	4201.633	3602.213	4793.120	4212.106	1.209	1.211	1.206
1062	4250.316	3611.401	5036.311	4126.597	1.184	1.187	1.220
1063	3996.447	3618.890	4408.869	3850.015	1.105	1.107	1.147
1064	3758.866	3529.953	4391.776	3617.955	1.038	1.040	1.079
1065	3737.475	3435.322	4376.580	3714.222	1.066	1.068	1.072
1066	3702.669	3352.425	3959.075	3719.592	1.067	1.070	1.062
1067	3754.029	3378.826	3955.745	3807.376	1.093	1.095	1.077
1068	3803.973	3513.047	4290.797	3748.441	1.076	1.078	1.092
1069	3992.808	3639.851	4683.740	3934.653	1.129	1.131	1.146
1070	4082.782	3704.302	4580.365	4034.023	1.158	1.160	1.172
1071	4233.220	3461.976	4735.292	4279.919	1.228	1.231	1.215
1072	4429.500	3524.392	5066.697	4588.732	1.317	1.320	1.271
1073	4899.368	3673.251	5897.411	4921.131	1.412	1.415	1.406
1074	4798.480	3734.996	5942.212	4695.476	1.347	1.350	1.377
1075	4827.181	3775.060	5828.348	4782.702	1.372	1.375	1.385
1076	4454.489	3723.338	5298.482	4516.773	1.296	1.299	1.278
1077	4168.739	3522.709	4668.243	4291.641	1.231	1.234	1.196
1078	4054.059	3634.660	4467.518	4123.987	1.183	1.186	1.163
1079	4059.950	3643.201	4405.670	4148.662	1.190	1.193	1.165
1080	4087.749	3617.774	4537.025	4118.471	1.182	1.184	1.173
1081	3915.320	3646.919	4209.979	3950.639	1.134	1.136	1.123
1082	3976.238	3649.767	4441.189	3927.157	1.127	1.129	1.141
1083	3908.143	3630.137	4363.007	3804.467	1.092	1.094	1.121
1084	3844.505	3504.207	4151.943	3814.871	1.095	1.097	1.103
1085	3705.326	3488.877	3984.195	3700.172	1.062	1.064	1.063
1086	3719.837	3465.682	4070.892	3726.249	1.069	1.072	1.067
1087	3811.279	3481.409	3985.956	3867.048	1.110	1.112	1.094
1088	3835.158	3617.617	4079.590	3802.167	1.091	1.093	1.100
1089	3927.652	3503.291	4388.604	3959.124	1.136	1.138	1.127
1090	4135.970	3412.465	4854.865	4093.746	1.175	1.177	1.187
1091	4299.384	3669.607	5171.451	4159.307	1.193	1.196	1.234
1092	4429.595	3679.649	5477.792	4295.398	1.233	1.235	1.271
1093	4324.293	3707.583	5208.206	4081.089	1.171	1.174	1.241
1094	4197.120	3640.237	4956.451	4152.001	1.191	1.194	1.204
1095	4371.392	3789.370	5172.455	4236.736	1.216	1.218	1.254
1096	4358.059	3728.099	4818.180	4476.047	1.284	1.287	1.251
1097	4302.758	3745.375	4851.715	4309.355	1.237	1.239	1.235
1098	4152.664	3600.531	4729.184	4028.678	1.156	1.158	1.192
1099	3933.853	3645.713	4419.031	3833.434	1.100	1.102	1.129
1100	3885.436	3550.026	4205.655	3920.806	1.125	1.127	1.115
1101	3811.927	3471.387	4020.843	3834.832	1.100	1.103	1.094
1102	3642.198	3485.191	3806.534	3640.251	1.045	1.047	1.045
1103	3598.038	3317.078	3810.966	3616.370	1.038	1.040	1.032
1104	3581.079	3416.765	3728.339	3564.617	1.023	1.025	1.028
1105	3691.376	3521.952	3840.332	3677.987	1.055	1.058	1.059
1106	3700.023	3515.556	3880.634	3692.423	1.060	1.062	1.062
1107	3748.164	3444.522	3989.919	3783.581	1.086	1.088	1.076
1108	3733.303	3394.419	4095.949	3738.099	1.073	1.075	1.071
1109	3772.077	3541.945	4059.955	3792.727	1.088	1.091	1.082
1110	3711.934	3381.241	3893.164	3712.822	1.065	1.068	1.065
1111	3805.295	3585.528	4017.126	3804.890	1.092	1.094	1.092
1112	3972.303	3577.948	4442.628	3940.076	1.131	1.133	1.140
1113	3909.167	3409.073	4301.245	3865.918	1.109	1.112	1.122
1114	3895.440	3486.233	4479.159	3862.514	1.108	1.111	1.118
1115	3834.715	3464.936	4321.910	3714.683	1.066	1.068	1.100
1116	3858.105	3616.040	4159.388	3850.006	1.105	1.107	1.107
1117	3788.625	3531.648	4140.511	3790.516	1.088	1.090	1.087
1118	3873.972	3462.141	4275.958	3942.623	1.131	1.134	1.112
1119	3784.621	3439.606	4064.063	3833.177	1.100	1.102	1.086
1120	3742.421	3511.356	3898.309	3745.972	1.075	1.077	1.074
1121	3685.252	3383.554	3982.902	3672.014	1.054	1.056	1.057
1122	3676.956	3484.218	4032.368	3694.125	1.060	1.062	1.055
1123	3639.445	3448.139	3886.371	3636.259	1.043	1.046	1.044
1124	3661.852	3570.510	3839.916	3652.794	1.048	1.050	1.051
1125	3632.740	3430.367	3751.602	3664.466	1.052	1.054	1.042
1126	3648.792	3546.090	3770.810	3662.042	1.051	1.053	1.047
1127	3682.054	3490.779	3863.033	3689.642	1.059	1.061	1.057
1128	3670.251	3496.974	3793.294	3689.590	1.059	1.061	1.053
1129	3785.155	3583.308	4002.715	3797.693	1.090	1.092	1.086
1130	3869.203	3540.159	4043.562	3885.406	1.115	1.117	1.110
1131	4022.541	3665.357	4304.634	4030.495	1.157	1.159	1.154
1132	4129.476	3768.124	4491.887	4176.433	1.198	1.201	1.185
1133	4190.089	3645.612	4713.248	4257.340	1.222	1.224	1.202
1134	4163.828	3396.061	4945.916	4163.706	1.195	1.197	1.195
1135	4057.974	3633.598	4664.799	3930.587	1.128	1.130	1.164
1136	3903.129	3632.298	4298.856	3786.281	1.086	1.089	1.120
1137	3706.457	3395.764	3958.967	3694.107	1.060	1.062	1.064
1138	3736.052	3497.341	3930.982	3764.057	1.080	1.082	1.072
1139	3674.481	3535.515	3823.816	3670.865	1.053	1.056	1.054
1140	3659.769	3507.133	3793.126	3657.652	1.050	1.052	1.050
1141	3648.013	3541.231	3742.326	3658.408	1.050	1.052	1.047
1142	3693.437	3514.366	3890.677	3666.755	1.052	1.054	1.060
1143	3654.454	3514.337	3868.484	3653.391	1.048	1.051	1.049
1144	3647.457	3308.238	3773.643	3666.468	1.052	1.054	1.047
1145	3709.624	3637.316	3839.887	3675.650	1.055	1.057	1.064
1146	3798.416	3704.748	3897.943	3771.368	1.082	1.085	1.090
1147	3845.200	3617.515	3989.550	3863.563	1.109	1.111	1.103
1148	3971.544	3669.274	4215.642	3986.240	1.144	1.146	1.140
1149	4012.524	3776.471	4273.368	4012.851	1.151	1.154	1.151
1150	4068.600	3731.704	4454.458	4032.475	1.157	1.160	1.167
1151	3962.747	3687.349	4327.581	3916.529	1.124	1.126	1.137
1152	3859.430	3627.417	4000.167	3884.801	1.115	1.117	1.107
1153	3897.572	3790.972	3978.682	3899.127	1.119	1.121	1.118
1154	3825.911	3673.348	4015.374	3828.573	1.099	1.101	1.098
1155	3786.399	3583.790	3897.010	3793.927	1.089	1.091	1.086
1156	3779.826	3620.101	3930.973	3789.615	1.087	1.090	1.085
1157	3831.490	3588.892	4065.907	3871.043	1.111	1.113	1.099
1158	3984.724	3787.784	4266.108	3957.596	1.136	1.138	1.143
1159	4060.327	3537.023	4485.941	4172.940	1.197	1.200	1.165
1160	4258.213	3359.882	5005.892	4353.403	1.249	1.252	1.222
1161	4241.026	3544.380	5489.544	4051.891	1.163	1.165	1.217
1162	3990.890	3461.699	4628.652	3925.031	1.126	1.129	1.145
1163	4008.077	3362.877	4575.443	3988.221	1.144	1.147	1.150
1164	3940.016	3474.959	4581.938	3849.340	1.105	1.107	1.131
1165	3790.519	3418.405	4239.099	3847.188	1.104	1.106	1.088
1166	3766.262	3435.961	4070.307	3802.505	1.091	1.093	1.081
1167	3922.348	3434.936	4247.053	3964.143	1.137	1.140	1.126
1168	4143.622	3566.297	4654.893	4150.081	1.191	1.193	1.189
1169	4554.723	3611.473	5371.578	4581.133	1.315	1.317	1.307
1170	5101.260	3736.576	6234.270	5070.875	1.455	1.458	1.464
1171	5522.385	3929.640	7594.901	5171.831	1.484	1.487	1.585
1172	5397.335	3838.020	7245.286	5222.364	1.499	1.502	1.549
1173	4880.644	3667.534	6139.774	4742.795	1.361	1.364	1.400
1174	4348.717	3546.268	5131.430	4307.031	1.236	1.239	1.248
1175	4109.664	3494.139	4541.161	4188.252	1.202	1.204	1.179
1176	4018.639	3506.662	4413.352	4042.853	1.160	1.163	1.153
1177	3941.070	3574.538	4262.536	3972.227	1.140	1.142	1.131
1178	3906.373	3557.685	4082.828	3961.821	1.137	1.139	1.121
1179	3902.001	3573.526	4187.189	3908.880	1.122	1.124	1.120
1180	4031.807	3579.345	4503.104	4025.077	1.155	1.157	1.157
1181	4072.374	3609.296	4490.104	4105.543	1.178	1.181	1.169
1182	4016.227	3536.393	4349.757	4053.537	1.163	1.166	1.152
1183	3935.982	3590.219	4183.182	4018.621	1.153	1.156	1.129
1184	3983.224	3580.951	4439.653	4010.007	1.151	1.153	1.143
1185	3901.604	3485.927	4294.534	3849.894	1.105	1.107	1.120
1186	3849.434	3450.140	4083.497	3912.991	1.123	1.125	1.105
1187	3939.399	3632.191	4233.839	3956.440	1.135	1.138	1.130
1188	4087.751	3698.457	4353.792	4116.171	1.181	1.184	1.173
1189	4141.074	3709.046	4519.739	4191.557	1.203	1.205	1.188
1190	4290.538	3653.119	5001.564	4312.253	1.237	1.240	1.231
1191	4302.400	3845.611	4937.252	4233.687	1.215	1.217	1.235
1192	4344.224	3874.277	4723.084	4418.086	1.268	1.270	1.247
1193	4486.028	4067.135	4774.745	4484.461	1.287	1.290	1.287
1194	4415.850	3878.687	5012.194	4447.545	1.276	1.279	1.267
1195	4447.509	3779.014	5245.173	4377.427	1.256	1.259	1.276
1196	4488.893	3569.118	5278.039	4445.385	1.276	1.278	1.288
1197	4232.117	3393.590	4899.887	4243.359	1.218	1.220	1.214
1198	4115.416	3384.257	4681.782	4020.993	1.154	1.156	1.181
1199	4041.405	3583.626	4406.735	4114.256	1.181	1.183	1.160
1200	3883.564	3630.501	4192.125	3874.488	1.112	1.114	1.114
1201	3915.919	3759.034	4132.206	3904.845	1.120	1.123	1.124
1202	3911.359	3618.777	4216.490	3973.601	1.140	1.143	1.122
1203	3846.270	3383.890	4342.275	3857.855	1.107	1.109	1.104
1204	3827.708	3467.588	4211.328	3805.412	1.092	1.094	1.098
1205	3918.717	3561.715	4182.859	3951.274	1.134	1.136	1.124
1206	4042.910	3549.249	4567.546	4015.989	1.152	1.155	1.160
1207	4207.146	3764.236	4666.379	4170.259	1.197	1.199	1.207
1208	4244.014	3758.790	4776.991	4229.387	1.214	1.216	1.218
1209	4265.148	3820.519	4631.079	4334.122	1.244	1.246	1.224
1210	4008.061	3637.975	4447.454	3997.066	1.147	1.149	1.150
1211	3996.763	3665.686	4278.047	4017.074	1.153	1.155	1.147
1212	3950.258	3758.972	4077.283	3972.868	1.140	1.142	1.134
1213	3848.011	3641.184	4047.203	3879.444	1.113	1.116	1.104
1214	3846.718	3461.655	4184.912	3921.250	1.125	1.128	1.104
1215	3948.356	3570.978	4243.585	4013.631	1.152	1.154	1.133
1216	3929.500	3623.255	4221.907	3930.263	1.128	1.130	1.128
1217	3906.140	3575.580	4466.913	3823.240	1.097	1.099	1.121
1218	4059.766	3585.114	4706.305	3921.516	1.125	1.128	1.165
1219	4269.689	3591.243	5542.087	4033.522	1.157	1.160	1.225
1220	4401.547	3776.377	5371.434	4141.991	1.189	1.191	1.263
1221	4436.395	3694.036	5161.021	4456.926	1.279	1.282	1.273
1222	4493.370	3744.144	5484.619	4551.979	1.306	1.309	1.289
1223	4385.425	3689.814	5290.667	4314.258	1.238	1.241	1.258
1224	4402.590	3752.424	4978.190	4512.972	1.295	1.298	1.263
1225	4093.997	3611.545	4549.326	4186.833	1.201	1.204	1.175
1226	3903.564	3487.343	4567.850	3861.222	1.108	1.110	1.120
1227	3895.306	3579.608	4358.157	3870.942	1.111	1.113	1.118
1228	3769.900	3617.646	3899.757	3760.159	1.079	1.081	1.082
1229	3854.894	3758.889	4085.116	3820.456	1.096	1.099	1.106
1230	3876.933	3723.474	4060.441	3886.403	1.115	1.118	1.112
1231	3791.811	3642.826	3986.985	3752.312	1.077	1.079	1.088
1232	3891.022	3684.292	4107.529	3915.988	1.124	1.126	1.117
1233	3861.661	3511.700	4144.015	3780.940	1.085	1.087	1.108
1234	4007.285	3719.968	4224.635	4071.002	1.168	1.171	1.150
1235	4058.741	3605.820	4396.775	4095.201	1.175	1.178	1.165
1236	4168.718	3662.026	4537.130	4270.123	1.225	1.228	1.196
1237	4230.933	3722.187	4573.400	4308.190	1.236	1.239	1.214
1238	4191.443	3751.081	4828.036	4115.097	1.181	1.183	1.203
1239	4139.950	3640.760	4528.669	4203.363	1.206	1.209	1.188
1240	4149.919	3740.456	4561.822	4115.379	1.181	1.183	1.191
1241	4006.054	3644.875	4494.441	3893.593	1.117	1.120	1.150
1242	3934.233	3794.202	4292.876	3894.257	1.117	1.120	1.129
1243	3917.534	3597.876	4223.637	3865.902	1.109	1.112	1.124
1244	3909.943	3631.556	4192.794	3834.039	1.100	1.103	1.122
1245	3940.569	3805.290	4099.395	3922.455	1.126	1.128	1.131
1246	4036.588	3652.830	4325.379	4028.746	1.156	1.159	1.158
1247	4163.136	3733.286	4452.354	4163.607	1.195	1.197	1.195
1248	3959.400	3587.827	4285.770	3941.207	1.131	1.133	1.136
1249	4066.795	3701.612	4534.381	4041.107	1.160	1.162	1.167
1250	4025.654	3779.553	4469.198	3992.718	1.146	1.148	1.155
1251	4176.571	3819.150	4555.361	4192.746	1.203	1.206	1.198
1252	4343.729	3772.984	5007.308	4241.369	1.217	1.220	1.246
1253	4687.633	3840.704	5563.296	4653.287	1.335	1.338	1.345
1254	4698.751	3793.189	5672.549	4691.233	1.346	1.349	1.348
1255	4429.608	3777.615	4975.508	4385.423	1.258	1.261	1.271
1256	4189.485	3980.294	4508.605	4154.640	1.192	1.195	1.202
1257	3999.828	3664.296	4364.665	4006.473	1.150	1.152	1.148
1258	3834.515	3477.371	4081.504	3846.480	1.104	1.106	1.100
1259	3830.055	3631.440	3974.077	3857.088	1.107	1.109	1.099
1260	3907.732	3726.287	4135.700	3871.839	1.111	1.113	1.121
1261	4073.809	3869.318	4298.484	4082.705	1.172	1.174	1.169
1262	4264.663	3837.754	4621.010	4306.098	1.236	1.238	1.224
1263	4412.031	3911.904	5135.097	4298.241	1.233	1.236	1.266
1264	4664.512	3944.700	5283.439	4613.060	1.324	1.327	1.338
1265	4807.001	4478.229	5434.619	4753.696	1.364	1.367	1.379
1266	4546.063	3888.396	4888.760	4638.126	1.331	1.334	1.304
1267	4526.132	4147.688	4849.646	4548.114	1.305	1.308	1.299
1268	4386.151	4049.779	4844.096	4293.816	1.232	1.235	1.259
1269	4344.618	3953.331	4860.649	4293.895	1.232	1.235	1.247
1270	4240.077	3634.023	4855.894	4133.476	1.186	1.189	1.217
1271	4069.196	3568.091	4873.639	3865.730	1.109	1.112	1.168
1272	3992.595	3574.999	4476.558	3928.625	1.127	1.130	1.146
1273	3900.533	3741.078	4223.821	3856.913	1.107	1.109	1.119
1274	3840.344	3708.390	4126.853	3814.648	1.095	1.097	1.102
1275	3946.820	3735.211	4280.770	3868.396	1.110	1.112	1.133
1276	4022.018	3650.434	4228.574	4026.165	1.155	1.158	1.154
1277	4325.187	3942.326	4909.324	4293.686	1.232	1.235	1.241
1278	4673.108	4068.623	5445.809	4585.968	1.316	1.319	1.341
1279	5196.691	4112.172	6421.840	5024.547	1.442	1.445	1.491
1280	5477.644	4277.721	6760.687	5246.442	1.505	1.509	1.572
1281	5238.035	4322.828	6253.548	5025.608	1.442	1.445	1.503
1282	4768.005	4097.570	5208.359	4772.084	1.369	1.372	1.368
1283	4393.350	3763.843	5008.296	4399.479	1.262	1.265	1.261
1284	4229.528	3965.524	4523.267	4224.700	1.212	1.215	1.214
1285	4121.604	3838.958	4466.691	4112.725	1.180	1.183	1.183
1286	4182.217	3704.288	4453.012	4205.047	1.207	1.209	1.200
1287	4369.974	3773.567	5163.371	4258.228	1.222	1.225	1.254
1288	4679.511	4052.950	5763.792	4469.249	1.282	1.285	1.343
1289	5055.652	4040.728	6514.444	4714.200	1.353	1.356	1.451
1290	5435.467	4038.766	7575.626	4942.267	1.418	1.421	1.560
1291	5981.582	3864.391	9747.302	5193.834	1.490	1.494	1.716
1292	6179.709	3972.393	8920.306	5737.828	1.646	1.650	1.773
1293	6148.329	3933.444	8711.542	5714.274	1.640	1.643	1.764
1294	5704.094	3736.269	7686.858	5669.233	1.627	1.630	1.637
1295	5149.775	4054.338	6481.968	5169.656	1.483	1.487	1.478
1296	4451.057	4063.200	4924.089	4513.722	1.295	1.298	1.277
1297	4169.439	3884.982	4480.866	4192.622	1.203	1.206	1.196
1298	4150.126	3746.023	4393.819	4219.796	1.211	1.213	1.191
1299	4239.255	3931.644	4508.646	4261.145	1.223	1.225	1.216
1300	4445.487	4236.809	4802.207	4398.926	1.262	1.265	1.276
1301	4573.969	4199.870	4921.746	4544.593	1.304	1.307	1.312
1302	4748.465	4393.421	5060.463	4781.858	1.372	1.375	1.363
1303	4875.820	4353.852	6004.058	4780.611	1.372	1.375	1.399
1304	4929.083	4085.108	6097.524	4856.109	1.393	1.396	1.414
1305	4920.637	4092.642	5609.264	4830.580	1.386	1.389	1.412
1306	4998.260	4067.076	6806.916	4488.869	1.288	1.291	1.434
1307	4785.836	4080.884	5536.953	4853.879	1.393	1.396	1.373
1308	4636.103	4295.373	5001.462	4562.737	1.309	1.312	1.330
1309	4483.427	4137.505	4763.157	4458.483	1.279	1.282	1.286
1310	4306.601	4082.607	4994.523	4180.580	1.200	1.202	1.236
1311	4431.233	4084.214	4870.025	4314.364	1.238	1.241	1.272
1312	4568.322	4032.163	5027.199	4449.963	1.277	1.280	1.311
1313	4638.961	4376.614	5567.827	4482.605	1.286	1.289	1.331
1314	4583.528	4121.758	5628.089	4401.760	1.263	1.266	1.315
1315	4377.932	3943.691	5340.628	4245.677	1.218	1.221	1.256
1316	4389.922	3826.550	4877.536	4411.438	1.266	1.269	1.260
1317	4548.438	4018.486	5121.268	4560.105	1.309	1.311	1.305
1318	4625.250	3944.278	4984.625	4668.649	1.340	1.343	1.327
1319	4704.079	4065.579	5285.663	4625.656	1.327	1.330	1.350
1320	4762.674	4215.228	5288.502	4852.831	1.392	1.395	1.367
1321	4754.306	4175.361	5116.399	4865.741	1.396	1.399	1.364
1322	4827.709	4094.140	5639.357	4887.261	1.402	1.405	1.385
1323	4963.119	4192.124	5838.612	4926.626	1.414	1.417	1.424
1324	4963.126	4176.626	5741.361	4971.660	1.427	1.430	1.424
1325	4645.568	4056.102	5031.699	4741.182	1.360	1.363	1.333
1326	4388.575	3767.633	4788.492	4457.188	1.279	1.282	1.259
1327	4337.804	3825.797	4813.554	4394.330	1.261	1.264	1.245
1328	4318.347	3882.575	5149.697	4279.191	1.228	1.231	1.239
1329	4558.823	3903.049	5927.990	4354.654	1.250	1.252	1.308
1330	4572.892	3994.691	5798.549	4358.898	1.251	1.253	1.312
1331	4680.501	4133.129	5878.141	4536.625	1.302	1.305	1.343
1332	4559.039	4050.253	5164.061	4609.970	1.323	1.326	1.308
1333	4582.737	4142.143	5051.265	4531.167	1.300	1.303	1.315
1334	4465.998	3822.607	4854.860	4453.641	1.278	1.281	1.281
1335	4295.325	3686.688	4759.681	4270.951	1.226	1.228	1.233
1336	4369.917	3665.646	5073.521	4312.240	1.237	1.240	1.254
1337	4520.029	3606.467	5390.594	4543.909	1.304	1.307	1.297
1338	4373.437	3631.354	4897.526	4272.614	1.226	1.229	1.255
1339	4300.023	3683.458	4697.771	4471.093	1.283	1.286	1.234
1340	4047.045	3544.301	4309.532	4147.538	1.190	1.193	1.161
1341	3989.886	3552.915	4284.004	4056.276	1.164	1.166	1.145
1342	4058.492	3740.418	4467.151	4023.054	1.154	1.157	1.165
1343	3450.533	3354.678	3588.201	3412.652	0.979	0.981	0.990
1344	3450.533	3354.678	3588.201	3412.652	0.979	0.981	0.990
1345	3450.533	3354.678	3588.201	3412.652	0.979	0.981	0.990
