 	Mean	Min	Max	Median	Max_to_bgmean	Median_to_bgmedian	Mean_to_bgmean
1	3756.623	3429.944	4238.562	3750.946	1.086	1.092	1.088
2	3683.132	3323.822	3985.175	3658.871	1.059	1.065	1.066
3	3853.014	3594.448	4153.839	3806.296	1.102	1.108	1.116
4	3726.851	3536.313	4003.748	3710.033	1.074	1.080	1.079
5	3715.484	3489.567	3964.943	3710.307	1.074	1.080	1.076
6	3713.984	3511.284	3897.433	3729.850	1.080	1.086	1.075
7	3715.010	3552.178	3938.077	3678.279	1.065	1.071	1.076
8	3811.393	3680.205	4005.905	3754.134	1.087	1.093	1.104
9	3890.639	3746.687	4059.507	3875.403	1.122	1.128	1.127
10	3889.777	3536.976	4208.716	3901.098	1.130	1.135	1.126
11	3922.139	3632.416	4498.251	3840.160	1.112	1.118	1.136
12	4147.605	3783.991	4606.672	4053.836	1.174	1.180	1.201
13	4067.626	3676.898	4451.924	4015.345	1.163	1.169	1.178
14	4034.270	3673.865	4251.765	4059.824	1.176	1.182	1.168
15	4145.150	3585.890	4553.027	4090.631	1.184	1.191	1.200
16	4023.214	3560.951	4445.382	4071.209	1.179	1.185	1.165
17	4057.072	3531.618	4573.007	4115.186	1.192	1.198	1.175
18	4171.154	3579.518	5152.180	4121.475	1.193	1.199	1.208
19	3909.682	3487.198	4329.115	3927.914	1.137	1.143	1.132
20	4019.866	3723.387	4781.243	3898.177	1.129	1.135	1.164
21	3913.521	3604.627	4545.077	3818.121	1.106	1.111	1.133
22	3914.741	3672.442	4275.893	3857.936	1.117	1.123	1.134
23	3833.121	3526.339	4159.015	3802.429	1.101	1.107	1.110
24	3836.426	3506.781	4076.523	3891.503	1.127	1.133	1.111
25	3966.405	3806.173	4125.260	3978.489	1.152	1.158	1.149
26	3980.494	3844.508	4214.850	3958.733	1.146	1.152	1.153
27	4003.429	3830.414	4205.638	3990.155	1.155	1.161	1.159
28	3848.324	3701.971	4140.680	3805.024	1.102	1.107	1.114
29	3892.111	3644.022	4330.576	3870.632	1.121	1.126	1.127
30	3841.008	3663.513	3955.552	3885.220	1.125	1.131	1.112
31	4032.055	3737.086	4483.910	4022.619	1.165	1.171	1.168
32	4024.717	3834.798	4144.259	4037.281	1.169	1.175	1.165
33	4054.454	3744.969	4358.147	4050.453	1.173	1.179	1.174
34	4224.602	3778.073	4838.978	4095.331	1.186	1.192	1.223
35	4358.872	3915.071	5130.700	4212.043	1.220	1.226	1.262
36	4435.888	3964.860	5272.235	4367.077	1.265	1.271	1.284
37	4203.378	3676.969	4853.843	4157.322	1.204	1.210	1.217
38	3965.340	3757.679	4182.599	3968.589	1.149	1.155	1.148
39	3898.310	3540.276	4443.111	3843.953	1.113	1.119	1.129
40	3682.343	3496.118	3812.297	3679.528	1.065	1.071	1.066
41	3591.532	3405.794	3887.533	3597.455	1.042	1.047	1.040
42	3749.436	3636.666	3851.699	3762.276	1.089	1.095	1.086
43	3863.298	3669.015	4143.180	3822.524	1.107	1.112	1.119
44	3899.379	3700.288	4100.882	3903.280	1.130	1.136	1.129
45	3828.988	3678.657	4143.375	3805.028	1.102	1.107	1.109
46	3835.949	3669.838	4214.980	3745.784	1.085	1.090	1.111
47	3870.274	3529.773	4153.877	3908.742	1.132	1.138	1.121
48	3861.821	3647.011	4057.944	3879.512	1.123	1.129	1.118
49	3892.185	3619.827	4176.454	3919.642	1.135	1.141	1.127
50	3881.010	3567.566	4216.936	3883.756	1.125	1.130	1.124
51	3790.575	3431.639	4318.713	3792.190	1.098	1.104	1.098
52	3744.369	3393.457	3976.639	3807.656	1.103	1.108	1.084
53	3719.308	3511.362	3930.620	3734.004	1.081	1.087	1.077
54	3642.502	3532.244	3766.180	3625.674	1.050	1.055	1.055
55	3611.874	3342.021	3777.145	3675.342	1.064	1.070	1.046
56	3595.541	3341.673	3837.972	3561.244	1.031	1.036	1.041
57	3664.126	3556.818	3838.442	3644.695	1.055	1.061	1.061
58	3622.544	3367.185	3842.640	3602.530	1.043	1.048	1.049
59	3727.495	3401.602	3882.207	3783.112	1.095	1.101	1.079
60	3772.574	3450.001	3995.186	3811.301	1.104	1.109	1.092
61	3800.107	3352.562	4171.385	3848.236	1.114	1.120	1.100
62	3704.639	3375.542	3880.018	3769.082	1.091	1.097	1.073
63	3653.674	3415.073	3848.261	3693.232	1.069	1.075	1.058
64	3724.161	3481.583	4092.054	3675.390	1.064	1.070	1.078
65	3835.636	3409.833	4365.241	3891.687	1.127	1.133	1.111
66	3780.291	3420.381	4272.701	3823.627	1.107	1.113	1.095
67	3692.325	3273.432	4069.600	3709.020	1.074	1.079	1.069
68	3640.851	3382.827	3866.795	3665.218	1.061	1.067	1.054
69	3710.100	3459.244	3854.031	3726.424	1.079	1.085	1.074
70	3664.863	3354.275	3882.508	3707.373	1.074	1.079	1.061
71	3775.616	3425.833	3985.280	3818.487	1.106	1.111	1.093
72	3668.848	3484.162	3898.216	3630.390	1.051	1.057	1.062
73	3622.683	3408.766	3725.185	3657.695	1.059	1.065	1.049
74	3679.973	3497.875	3833.349	3703.970	1.073	1.078	1.066
75	3728.374	3381.232	3985.019	3748.261	1.085	1.091	1.080
76	3609.459	3264.694	3913.660	3606.783	1.044	1.050	1.045
77	3727.817	3383.767	3959.046	3757.071	1.088	1.093	1.079
78	3822.518	3484.126	4044.812	3871.876	1.121	1.127	1.107
79	3672.268	3385.957	3794.058	3695.799	1.070	1.076	1.063
80	3640.996	3394.888	3823.920	3640.540	1.054	1.060	1.054
81	3723.711	3362.083	4248.648	3706.665	1.073	1.079	1.078
82	3659.347	3472.032	3897.425	3656.715	1.059	1.064	1.060
83	3651.483	3513.492	3749.283	3666.434	1.062	1.067	1.057
84	3586.698	3285.073	3747.846	3664.958	1.061	1.067	1.039
85	3549.245	3270.729	3797.798	3559.921	1.031	1.036	1.028
86	3601.137	3270.999	3815.146	3654.479	1.058	1.064	1.043
87	3610.951	3404.421	3844.415	3621.023	1.049	1.054	1.046
88	3597.688	3377.463	3807.898	3573.502	1.035	1.040	1.042
89	3764.504	3514.130	4095.821	3722.026	1.078	1.083	1.090
90	3769.761	3312.075	4084.664	3781.476	1.095	1.101	1.092
91	3744.442	3457.779	4014.328	3693.452	1.069	1.075	1.084
92	3723.107	3350.919	4005.282	3784.189	1.096	1.101	1.078
93	3721.520	3437.212	4304.696	3688.646	1.068	1.074	1.078
94	3684.326	3510.826	3953.680	3649.304	1.057	1.062	1.067
95	3688.410	3514.664	3978.774	3673.333	1.064	1.069	1.068
96	3746.565	3322.505	4082.918	3695.249	1.070	1.075	1.085
97	3786.162	3535.850	4140.857	3785.481	1.096	1.102	1.096
98	3824.718	3542.717	4078.817	3821.720	1.107	1.112	1.107
99	3831.115	3630.952	4108.091	3819.451	1.106	1.112	1.109
100	3754.007	3371.030	4140.858	3720.128	1.077	1.083	1.087
101	3706.114	3422.684	3966.374	3691.430	1.069	1.074	1.073
102	3723.061	3479.548	3913.874	3779.479	1.094	1.100	1.078
103	3812.214	3546.959	4037.054	3825.244	1.108	1.113	1.104
104	3885.649	3547.150	4221.163	3877.069	1.123	1.128	1.125
105	3995.151	3831.625	4304.377	3915.139	1.134	1.139	1.157
106	4060.831	3656.815	4671.207	3935.067	1.139	1.145	1.176
107	4140.527	3630.452	4985.866	4048.140	1.172	1.178	1.199
108	4066.160	3575.625	4675.112	4042.890	1.171	1.177	1.177
109	3973.019	3564.109	4275.625	3980.309	1.153	1.158	1.150
110	3865.324	3636.777	4177.637	3814.147	1.104	1.110	1.119
111	3792.921	3648.552	3907.117	3796.939	1.099	1.105	1.098
112	3702.413	3332.689	4106.312	3731.747	1.081	1.086	1.072
113	3666.304	3385.268	3804.794	3720.142	1.077	1.083	1.062
114	3630.385	3341.471	3850.399	3672.521	1.063	1.069	1.051
115	3571.555	3395.372	3737.239	3547.479	1.027	1.032	1.034
116	3604.123	3415.072	3793.321	3581.895	1.037	1.042	1.044
117	3576.106	3464.526	3738.562	3573.535	1.035	1.040	1.035
118	3597.534	3323.828	3784.329	3666.421	1.062	1.067	1.042
119	3619.883	3385.277	3727.065	3663.507	1.061	1.066	1.048
120	3630.278	3490.614	3793.803	3604.394	1.044	1.049	1.051
121	3691.536	3419.819	4086.292	3647.264	1.056	1.061	1.069
122	3789.880	3441.036	4311.961	3743.789	1.084	1.090	1.097
123	3860.642	3437.041	4580.119	3838.531	1.111	1.117	1.118
124	3754.563	3440.219	4086.527	3735.887	1.082	1.087	1.087
125	3771.468	3392.330	4198.194	3609.259	1.045	1.050	1.092
126	3798.937	3424.258	4424.020	3704.387	1.073	1.078	1.100
127	3772.091	3287.318	4102.812	3781.684	1.095	1.101	1.092
128	3698.472	3487.938	4006.714	3655.789	1.059	1.064	1.071
129	3677.997	3407.102	3961.093	3663.731	1.061	1.066	1.065
130	3630.863	3419.145	3880.779	3631.345	1.051	1.057	1.051
131	3538.377	3336.632	3690.241	3581.912	1.037	1.042	1.025
132	3595.051	3333.522	3830.429	3644.307	1.055	1.061	1.041
133	3617.403	3476.160	3808.381	3549.652	1.028	1.033	1.047
134	3674.578	3500.328	4102.448	3627.021	1.050	1.056	1.064
135	3689.749	3439.221	4042.444	3693.364	1.069	1.075	1.068
136	3715.787	3440.392	3851.905	3743.458	1.084	1.089	1.076
137	3723.865	3493.387	3891.870	3708.682	1.074	1.079	1.078
138	3824.449	3600.850	4103.044	3750.235	1.086	1.091	1.107
139	3865.594	3613.475	4043.735	3874.464	1.122	1.128	1.119
140	3792.699	3707.645	3995.193	3749.601	1.086	1.091	1.098
141	3879.261	3514.470	4135.792	3900.166	1.129	1.135	1.123
142	3941.468	3341.752	4254.166	3988.795	1.155	1.161	1.141
143	4043.532	3650.700	4647.363	3954.633	1.145	1.151	1.171
144	3933.513	3602.417	4401.830	3913.807	1.133	1.139	1.139
145	3779.784	3272.433	4037.948	3842.098	1.113	1.118	1.094
146	3951.606	3423.599	4214.958	3964.965	1.148	1.154	1.144
147	3732.609	3422.147	4031.329	3727.274	1.079	1.085	1.081
148	3751.038	3556.251	3983.549	3719.339	1.077	1.082	1.086
149	3705.568	3500.258	3980.235	3726.054	1.079	1.084	1.073
150	3770.846	3553.885	4247.625	3723.186	1.078	1.084	1.092
151	3839.013	3446.587	4437.095	3788.582	1.097	1.103	1.112
152	3747.497	3383.714	4177.655	3712.690	1.075	1.081	1.085
153	3589.822	3326.797	3859.976	3661.637	1.060	1.066	1.039
154	3609.530	3308.561	3895.583	3641.823	1.055	1.060	1.045
155	3553.789	3040.898	4041.568	3532.969	1.023	1.028	1.029
156	3593.586	3392.267	3828.027	3557.487	1.030	1.035	1.041
157	3520.427	3266.776	3782.692	3556.590	1.030	1.035	1.019
158	3512.534	3245.766	3672.826	3518.272	1.019	1.024	1.017
159	3572.584	3374.403	3858.331	3519.150	1.019	1.024	1.034
160	3501.251	3297.791	3889.853	3483.759	1.009	1.014	1.014
161	3628.029	3381.269	3855.891	3656.002	1.059	1.064	1.051
162	3660.362	3290.680	3895.360	3708.660	1.074	1.079	1.060
163	3689.033	3578.726	3868.835	3677.254	1.065	1.070	1.068
164	3697.710	3570.036	3939.803	3653.041	1.058	1.063	1.071
165	3627.716	3500.436	3851.496	3583.691	1.038	1.043	1.050
166	3540.322	3329.760	3766.669	3499.588	1.013	1.019	1.025
167	3608.900	3306.690	4027.399	3621.139	1.049	1.054	1.045
168	3584.381	3342.537	3898.518	3617.843	1.048	1.053	1.038
169	3558.071	3410.450	3773.060	3561.016	1.031	1.036	1.030
170	3545.967	3413.475	3716.212	3520.042	1.019	1.024	1.027
171	3513.762	3285.763	3674.319	3537.087	1.024	1.029	1.017
172	3450.968	3266.477	3656.632	3456.301	1.001	1.006	0.999
173	3472.932	3290.494	3722.029	3489.239	1.010	1.015	1.006
174	3569.701	3290.283	3856.509	3567.823	1.033	1.038	1.034
175	3526.937	3296.474	3823.250	3520.550	1.019	1.025	1.021
176	3446.845	3265.942	3681.885	3467.109	1.004	1.009	0.998
177	3444.539	3285.468	3772.452	3422.553	0.991	0.996	0.997
178	3464.239	3262.441	3696.367	3424.143	0.991	0.997	1.003
179	3463.033	3264.432	3948.059	3443.262	0.997	1.002	1.003
180	3486.781	3281.871	3621.848	3512.934	1.017	1.022	1.010
181	3462.583	3253.673	3623.025	3479.637	1.008	1.013	1.003
182	3486.676	3346.698	3630.164	3481.063	1.008	1.013	1.010
183	3443.853	3222.981	3570.420	3452.254	1.000	1.005	0.997
184	3490.471	3314.825	3672.991	3479.323	1.007	1.013	1.011
185	3481.916	3358.365	3621.616	3483.013	1.009	1.014	1.008
186	3562.255	3396.908	4127.239	3513.027	1.017	1.022	1.031
187	3551.700	3350.146	3719.257	3562.470	1.032	1.037	1.028
188	3560.161	3330.960	3727.643	3588.477	1.039	1.044	1.031
189	3524.063	3293.418	3655.808	3540.438	1.025	1.030	1.020
190	3519.670	3260.398	3846.475	3476.738	1.007	1.012	1.019
191	3535.185	3282.367	3747.787	3564.116	1.032	1.037	1.024
192	3561.915	3384.903	3775.004	3554.162	1.029	1.034	1.031
193	3593.081	3341.553	3888.323	3584.562	1.038	1.043	1.040
194	3518.378	3273.109	3688.196	3488.124	1.010	1.015	1.019
195	3491.789	3360.370	3644.038	3492.897	1.011	1.017	1.011
196	3526.011	3379.749	3832.524	3486.890	1.010	1.015	1.021
197	3440.182	3299.921	3601.677	3419.078	0.990	0.995	0.996
198	3619.555	3396.924	3820.808	3556.439	1.030	1.035	1.048
199	3651.689	3496.898	3809.665	3668.779	1.062	1.068	1.057
200	3615.700	3416.945	3844.697	3540.096	1.025	1.030	1.047
201	3628.610	3416.125	3978.852	3618.316	1.048	1.053	1.051
202	3690.582	3434.580	3925.705	3690.381	1.069	1.074	1.069
203	3562.930	3291.322	3848.156	3595.450	1.041	1.046	1.032
204	3503.708	3249.312	3798.446	3489.176	1.010	1.015	1.015
205	3548.021	3338.736	3780.302	3538.829	1.025	1.030	1.027
206	3601.736	3392.849	3913.692	3548.018	1.027	1.033	1.043
207	3594.257	3419.824	3883.418	3556.475	1.030	1.035	1.041
208	3487.904	3340.831	3728.153	3453.619	1.000	1.005	1.010
209	3578.695	3327.941	3841.033	3582.304	1.037	1.043	1.036
210	3641.423	3365.927	4179.562	3587.242	1.039	1.044	1.054
211	3655.912	3303.905	4022.351	3629.658	1.051	1.056	1.059
212	3532.551	3217.342	3786.792	3558.070	1.030	1.036	1.023
213	3478.479	3151.582	3668.650	3515.143	1.018	1.023	1.007
214	3694.677	3438.327	4036.787	3619.638	1.048	1.053	1.070
215	3631.271	3388.156	3890.819	3597.985	1.042	1.047	1.051
216	3647.451	3417.134	3886.084	3623.152	1.049	1.054	1.056
217	3612.259	3357.128	4033.816	3653.112	1.058	1.063	1.046
218	3529.298	3359.019	3728.361	3506.741	1.015	1.021	1.022
219	3611.218	3355.205	3916.750	3617.750	1.048	1.053	1.046
220	3701.106	3253.458	3908.552	3768.017	1.091	1.097	1.072
221	3578.598	3488.979	3737.989	3544.663	1.026	1.032	1.036
222	3597.486	3323.880	3876.809	3595.800	1.041	1.047	1.042
223	3464.808	3230.910	3696.039	3474.149	1.006	1.011	1.003
224	3473.748	3241.736	3664.275	3476.815	1.007	1.012	1.006
225	3546.752	3355.976	3696.004	3556.542	1.030	1.035	1.027
226	3611.971	3414.928	3767.695	3612.940	1.046	1.051	1.046
227	3536.911	3382.980	3725.803	3541.319	1.025	1.031	1.024
228	3546.471	3354.531	3787.510	3569.519	1.034	1.039	1.027
229	3551.206	3330.851	3682.079	3564.536	1.032	1.037	1.028
230	3463.363	3318.764	3548.161	3491.895	1.011	1.016	1.003
231	3490.352	3233.034	3670.604	3465.927	1.004	1.009	1.011
232	3492.757	3304.349	3648.808	3513.869	1.017	1.023	1.011
233	3476.797	3329.781	3763.737	3450.433	0.999	1.004	1.007
234	3485.017	3162.870	3623.241	3549.747	1.028	1.033	1.009
235	3528.476	3335.145	3683.507	3523.423	1.020	1.025	1.022
236	3517.293	3276.569	3702.268	3519.464	1.019	1.024	1.018
237	3535.219	3304.861	3777.775	3551.790	1.028	1.034	1.024
238	3514.778	3248.769	3853.615	3496.908	1.013	1.018	1.018
239	3527.792	3221.554	3717.468	3569.812	1.034	1.039	1.022
240	3559.612	3295.195	3729.613	3582.364	1.037	1.043	1.031
241	3461.320	3270.411	3690.428	3446.888	0.998	1.003	1.002
242	3405.752	3249.856	3559.955	3418.957	0.990	0.995	0.986
243	3469.635	3187.500	3843.773	3445.600	0.998	1.003	1.005
244	3439.764	3169.937	3698.827	3412.752	0.988	0.993	0.996
245	3393.008	3271.962	3516.003	3376.761	0.978	0.983	0.982
246	3454.503	3327.184	3622.163	3430.305	0.993	0.998	1.000
247	3494.926	3341.578	3743.370	3506.380	1.015	1.020	1.012
248	3419.343	3181.891	3648.489	3415.999	0.989	0.994	0.990
249	3364.293	3265.333	3443.404	3368.899	0.975	0.980	0.974
250	3345.580	3282.203	3484.667	3320.883	0.962	0.966	0.969
251	3392.687	3170.835	3758.417	3362.295	0.974	0.979	0.982
252	3387.489	3136.426	3536.017	3416.582	0.989	0.994	0.981
253	3426.426	3253.200	3735.886	3415.466	0.989	0.994	0.992
254	3413.036	3105.489	3654.567	3403.564	0.986	0.991	0.988
255	3354.870	3238.822	3514.804	3320.165	0.961	0.966	0.971
256	3301.450	2972.858	3528.415	3294.163	0.954	0.959	0.956
257	3422.840	3263.850	3790.983	3377.887	0.978	0.983	0.991
258	3365.313	3230.923	3506.320	3367.511	0.975	0.980	0.974
259	3456.324	3170.325	3728.876	3469.081	1.005	1.010	1.001
260	3410.351	3187.448	3702.916	3440.851	0.996	1.001	0.987
261	3441.495	3229.202	3737.496	3417.935	0.990	0.995	0.997
262	3371.178	3103.586	3581.968	3359.979	0.973	0.978	0.976
263	3373.148	3237.644	3514.802	3374.970	0.977	0.982	0.977
264	3437.121	3277.672	3554.392	3453.637	1.000	1.005	0.995
265	3501.681	3415.174	3657.834	3489.938	1.011	1.016	1.014
266	3450.308	3238.288	3772.034	3385.863	0.980	0.985	0.999
267	3469.829	3255.854	3675.041	3481.242	1.008	1.013	1.005
268	3532.477	3196.552	3743.908	3544.484	1.026	1.032	1.023
269	3632.369	3447.902	3952.708	3624.153	1.049	1.055	1.052
270	3644.434	3424.163	3817.469	3661.015	1.060	1.065	1.055
271	3795.323	3512.321	4221.093	3659.988	1.060	1.065	1.099
272	3652.315	3377.598	3968.332	3648.637	1.056	1.062	1.058
273	3554.249	3258.605	3938.366	3566.298	1.033	1.038	1.029
274	3522.214	3235.503	3872.804	3547.500	1.027	1.032	1.020
275	3437.476	3133.216	3696.467	3458.159	1.001	1.006	0.995
276	3433.583	3224.660	3650.817	3400.493	0.985	0.990	0.994
277	3613.139	3219.202	4089.671	3571.894	1.034	1.040	1.046
278	3668.615	3459.307	4079.728	3601.793	1.043	1.048	1.062
279	3593.048	3275.454	3916.635	3630.406	1.051	1.057	1.040
280	3569.458	3350.059	3897.013	3544.509	1.026	1.032	1.034
281	3553.602	3199.098	3900.072	3554.105	1.029	1.034	1.029
282	3502.052	3218.590	3749.250	3505.745	1.015	1.020	1.014
283	3447.606	3206.306	3647.653	3421.645	0.991	0.996	0.998
284	3464.998	3177.793	3681.593	3496.011	1.012	1.017	1.003
285	3447.328	3279.606	3754.093	3410.770	0.988	0.993	0.998
286	3381.571	3261.032	3494.319	3384.216	0.980	0.985	0.979
287	3393.489	3201.095	3611.796	3366.579	0.975	0.980	0.983
288	3357.008	3236.098	3492.493	3364.032	0.974	0.979	0.972
289	3441.906	3240.191	3562.816	3430.843	0.993	0.998	0.997
290	3395.470	3146.837	3519.608	3444.479	0.997	1.002	0.983
291	3412.387	3202.281	3586.697	3416.515	0.989	0.994	0.988
292	3401.234	3180.892	3616.164	3400.711	0.985	0.990	0.985
293	3404.967	3251.279	3497.425	3410.004	0.987	0.992	0.986
294	3378.442	3149.898	3699.660	3325.031	0.963	0.968	0.978
295	3483.272	3197.114	3776.592	3471.124	1.005	1.010	1.009
296	3435.132	3266.780	3706.585	3350.024	0.970	0.975	0.995
297	3433.367	3155.365	3653.489	3431.465	0.994	0.999	0.994
298	3363.008	3271.076	3490.205	3364.371	0.974	0.979	0.974
299	3447.603	3263.312	3618.436	3433.982	0.994	0.999	0.998
300	3398.259	3275.127	3651.448	3373.275	0.977	0.982	0.984
301	3331.377	3179.422	3459.865	3348.121	0.969	0.974	0.965
302	3351.772	3188.578	3550.305	3327.664	0.964	0.968	0.971
303	3328.212	3218.619	3414.482	3340.026	0.967	0.972	0.964
304	3401.512	3225.042	3610.252	3396.540	0.984	0.989	0.985
305	3413.488	3192.972	3579.576	3436.747	0.995	1.000	0.988
306	3353.325	3206.296	3459.937	3374.933	0.977	0.982	0.971
307	3308.143	3184.912	3477.208	3279.200	0.950	0.954	0.958
308	3355.458	3196.584	3560.860	3340.172	0.967	0.972	0.972
309	3402.329	3139.062	3779.495	3380.699	0.979	0.984	0.985
310	3415.686	3230.634	3687.463	3426.671	0.992	0.997	0.989
311	3389.512	3247.079	3559.365	3423.101	0.991	0.996	0.981
312	3390.094	3274.730	3592.522	3383.781	0.980	0.985	0.982
313	3348.856	3227.635	3485.508	3355.246	0.972	0.976	0.970
314	3378.644	3199.599	3529.968	3369.098	0.976	0.981	0.978
315	3380.369	3233.720	3565.420	3350.860	0.970	0.975	0.979
316	3373.675	3224.885	3499.419	3365.337	0.974	0.979	0.977
317	3330.164	3163.873	3522.125	3342.226	0.968	0.973	0.964
318	3357.864	3170.194	3696.349	3356.471	0.972	0.977	0.972
319	3342.506	3177.854	3609.220	3335.884	0.966	0.971	0.968
320	3352.426	3189.911	3542.010	3349.843	0.970	0.975	0.971
321	3348.276	3204.844	3571.835	3340.194	0.967	0.972	0.970
322	3342.562	3228.101	3465.176	3333.791	0.965	0.970	0.968
323	3388.243	3088.192	3499.594	3396.819	0.984	0.989	0.981
324	3354.095	3257.044	3452.088	3344.855	0.969	0.973	0.971
325	3351.821	3240.055	3512.496	3324.553	0.963	0.968	0.971
326	3398.736	3147.817	3640.819	3389.798	0.982	0.987	0.984
327	3407.289	3206.367	3654.240	3390.480	0.982	0.987	0.987
328	3428.864	3276.997	3538.084	3437.042	0.995	1.000	0.993
329	3317.013	3160.452	3399.692	3354.412	0.971	0.976	0.960
330	3444.118	3374.449	3614.325	3435.973	0.995	1.000	0.997
331	3389.621	3200.121	3505.077	3402.460	0.985	0.990	0.981
332	3353.604	3192.564	3469.968	3368.764	0.975	0.980	0.971
333	3409.767	3261.688	3600.902	3414.500	0.989	0.994	0.987
334	3403.596	3255.099	3583.714	3405.399	0.986	0.991	0.986
335	3335.354	3217.582	3412.717	3359.972	0.973	0.978	0.966
336	3329.889	3076.541	3523.479	3325.624	0.963	0.968	0.964
337	3369.693	3227.594	3483.154	3376.144	0.978	0.983	0.976
338	3450.017	3078.436	3690.292	3465.831	1.004	1.009	0.999
339	3441.621	3311.908	3635.761	3461.373	1.002	1.007	0.997
340	3404.943	3155.852	3592.450	3425.086	0.992	0.997	0.986
341	3337.136	3227.469	3417.258	3330.751	0.964	0.969	0.966
342	3369.195	3217.469	3608.079	3349.178	0.970	0.975	0.976
343	3347.571	3215.455	3441.571	3373.205	0.977	0.982	0.969
344	3326.009	3214.744	3495.859	3317.913	0.961	0.966	0.963
345	3290.342	3064.587	3485.312	3333.148	0.965	0.970	0.953
346	3330.859	3137.011	3452.342	3354.862	0.971	0.976	0.964
347	3331.805	3158.732	3500.435	3303.557	0.957	0.961	0.965
348	3348.603	3191.318	3701.396	3280.897	0.950	0.955	0.970
349	3344.167	3235.772	3486.318	3354.652	0.971	0.976	0.968
350	3308.250	3205.861	3417.132	3316.499	0.960	0.965	0.958
351	3278.701	3173.987	3481.235	3262.214	0.945	0.949	0.949
352	3343.360	3222.440	3612.752	3313.379	0.959	0.964	0.968
353	3334.317	3089.860	3515.055	3377.925	0.978	0.983	0.965
354	3310.519	3011.555	3513.774	3345.097	0.969	0.974	0.959
355	3305.611	3095.929	3474.621	3314.978	0.960	0.965	0.957
356	3315.211	3079.173	3668.208	3272.923	0.948	0.953	0.960
357	3219.910	2937.523	3484.443	3220.017	0.932	0.937	0.932
358	3239.656	3111.706	3431.391	3193.589	0.925	0.929	0.938
359	3245.154	3104.422	3353.962	3278.741	0.949	0.954	0.940
360	3325.639	3212.019	3496.834	3329.665	0.964	0.969	0.963
361	3317.193	3128.509	3547.111	3334.337	0.965	0.970	0.961
362	3301.604	3016.708	3610.935	3270.027	0.947	0.952	0.956
363	3252.456	3052.596	3418.493	3241.811	0.939	0.943	0.942
364	3308.339	3199.272	3545.236	3254.228	0.942	0.947	0.958
365	3308.248	2993.744	3628.613	3249.754	0.941	0.946	0.958
366	3301.124	3149.761	3445.398	3298.934	0.955	0.960	0.956
367	3291.697	3209.431	3409.760	3281.499	0.950	0.955	0.953
368	3312.364	3123.165	3454.873	3309.033	0.958	0.963	0.959
369	3341.392	3153.681	3453.465	3376.994	0.978	0.983	0.968
370	3252.235	3126.743	3396.134	3265.498	0.946	0.950	0.942
371	3291.344	3172.139	3403.493	3296.746	0.955	0.959	0.953
372	3327.435	3116.831	3479.697	3348.017	0.969	0.974	0.963
373	3307.201	3108.368	3471.853	3338.560	0.967	0.972	0.958
374	3312.874	3204.945	3381.353	3332.955	0.965	0.970	0.959
375	3292.970	3171.296	3431.537	3277.585	0.949	0.954	0.954
376	3289.920	3109.404	3396.258	3299.158	0.955	0.960	0.953
377	3305.249	3214.434	3421.689	3312.530	0.959	0.964	0.957
378	3361.991	3107.231	3605.834	3396.916	0.984	0.989	0.973
379	3304.996	2869.181	3517.820	3359.905	0.973	0.978	0.957
380	3323.304	3208.424	3476.934	3319.856	0.961	0.966	0.962
381	3333.632	3177.453	3513.106	3356.182	0.972	0.977	0.965
382	3335.132	3234.211	3523.765	3323.479	0.962	0.967	0.966
383	3378.654	3244.345	3535.385	3368.912	0.976	0.980	0.978
384	3381.287	3181.322	3517.846	3405.158	0.986	0.991	0.979
385	3401.940	3231.323	3566.826	3411.126	0.988	0.993	0.985
386	3313.237	3165.099	3434.823	3332.709	0.965	0.970	0.959
387	3383.944	3197.488	3522.637	3384.642	0.980	0.985	0.980
388	3430.913	3311.882	3666.617	3404.350	0.986	0.991	0.993
389	3391.862	3266.313	3529.177	3385.789	0.980	0.985	0.982
390	3343.702	3248.837	3483.177	3351.156	0.970	0.975	0.968
391	3372.943	3313.132	3438.404	3372.926	0.977	0.982	0.977
392	3361.484	3203.724	3510.703	3370.296	0.976	0.981	0.973
393	3328.705	3222.968	3455.129	3321.728	0.962	0.967	0.964
394	3301.806	3208.241	3454.460	3310.542	0.959	0.963	0.956
395	3321.442	3165.583	3520.679	3308.167	0.958	0.963	0.962
396	3378.797	3195.723	3527.319	3375.377	0.977	0.982	0.978
397	3378.839	3112.999	3560.827	3370.799	0.976	0.981	0.978
398	3362.640	3198.144	3431.793	3397.657	0.984	0.989	0.974
399	3380.875	3128.197	3616.905	3389.940	0.982	0.987	0.979
400	3415.037	3166.638	3676.801	3400.593	0.985	0.990	0.989
401	3442.235	3219.841	3846.257	3425.488	0.992	0.997	0.997
402	3389.268	3244.616	3619.157	3377.726	0.978	0.983	0.981
403	3374.359	3216.248	3535.061	3384.333	0.980	0.985	0.977
404	3318.906	3165.556	3556.323	3277.705	0.949	0.954	0.961
405	3275.145	3056.914	3488.501	3265.770	0.946	0.950	0.948
406	3297.344	3130.071	3436.957	3332.942	0.965	0.970	0.955
407	3323.948	3131.739	3522.679	3324.040	0.963	0.967	0.962
408	3337.319	3229.765	3566.099	3296.367	0.954	0.959	0.966
409	3328.689	3258.047	3500.778	3306.908	0.958	0.962	0.964
410	3300.110	3222.825	3484.846	3268.508	0.946	0.951	0.956
411	3248.022	3047.532	3519.792	3239.459	0.938	0.943	0.940
412	3219.611	3112.123	3465.377	3186.822	0.923	0.927	0.932
413	3200.749	3088.141	3334.229	3193.374	0.925	0.929	0.927
414	3215.998	3071.964	3340.904	3223.243	0.933	0.938	0.931
415	3222.163	3150.366	3327.940	3229.173	0.935	0.940	0.933
416	3249.291	3098.578	3460.277	3250.102	0.941	0.946	0.941
417	3259.667	3181.983	3446.502	3230.380	0.935	0.940	0.944
418	3241.434	3063.558	3359.269	3254.956	0.943	0.947	0.939
419	3236.131	3001.855	3329.455	3269.289	0.947	0.951	0.937
420	3250.914	3100.323	3452.171	3209.537	0.929	0.934	0.941
421	3258.196	3137.098	3474.018	3249.746	0.941	0.946	0.943
422	3236.225	3120.119	3341.117	3257.702	0.943	0.948	0.937
423	3273.194	3154.134	3430.732	3269.298	0.947	0.951	0.948
424	3314.572	3121.734	3418.410	3365.473	0.975	0.979	0.960
425	3292.837	3178.279	3474.591	3245.582	0.940	0.945	0.953
426	3369.225	3270.093	3541.030	3341.653	0.968	0.973	0.976
427	3317.641	3147.893	3461.468	3328.825	0.964	0.969	0.961
428	3253.562	3187.583	3333.649	3237.280	0.937	0.942	0.942
429	3258.001	3150.880	3368.235	3236.450	0.937	0.942	0.943
430	3261.078	3116.160	3393.569	3232.000	0.936	0.941	0.944
431	3270.742	3194.174	3328.316	3275.064	0.948	0.953	0.947
432	3279.814	3191.353	3332.539	3287.746	0.952	0.957	0.950
433	3266.063	3170.930	3328.980	3273.672	0.948	0.953	0.946
434	3326.994	3224.189	3444.826	3317.381	0.961	0.965	0.963
435	3292.026	3163.475	3455.900	3295.040	0.954	0.959	0.953
436	3297.079	3131.928	3619.876	3252.112	0.942	0.946	0.955
437	3249.356	3172.421	3405.384	3250.996	0.941	0.946	0.941
438	3273.485	3127.272	3613.158	3248.750	0.941	0.946	0.948
439	3295.844	3148.044	3434.456	3294.423	0.954	0.959	0.954
440	3283.421	3138.572	3453.005	3262.797	0.945	0.950	0.951
441	3324.567	3187.982	3401.527	3340.564	0.967	0.972	0.963
442	3288.748	3203.190	3409.916	3289.542	0.953	0.957	0.952
443	3309.873	3141.327	3530.507	3281.008	0.950	0.955	0.958
444	3296.679	3158.376	3458.402	3276.299	0.949	0.954	0.955
445	3250.942	3180.209	3362.508	3246.336	0.940	0.945	0.941
446	3291.275	3158.438	3477.320	3294.731	0.954	0.959	0.953
447	3216.013	3099.814	3331.858	3202.369	0.927	0.932	0.931
448	3265.942	3168.089	3392.296	3256.930	0.943	0.948	0.946
449	3237.569	3164.164	3299.235	3238.591	0.938	0.943	0.937
450	3241.586	3129.149	3344.432	3233.272	0.936	0.941	0.939
451	3298.605	3152.379	3405.458	3317.292	0.961	0.965	0.955
452	3332.068	3201.654	3467.909	3310.546	0.959	0.963	0.965
453	3300.534	3208.104	3414.896	3288.275	0.952	0.957	0.956
454	3332.344	3205.808	3432.957	3335.593	0.966	0.971	0.965
455	3303.832	3156.716	3569.795	3271.634	0.947	0.952	0.957
456	3244.629	3058.521	3485.921	3219.336	0.932	0.937	0.940
457	3317.269	3127.177	3438.696	3333.875	0.965	0.970	0.961
458	3339.019	3178.403	3469.746	3332.474	0.965	0.970	0.967
459	3269.119	3142.997	3404.111	3283.052	0.951	0.955	0.947
460	3261.038	3117.406	3510.573	3225.221	0.934	0.939	0.944
461	3225.637	3129.474	3331.993	3233.396	0.936	0.941	0.934
462	3301.646	3164.568	3499.748	3307.306	0.958	0.963	0.956
463	3256.065	3166.499	3346.637	3284.609	0.951	0.956	0.943
464	3304.539	3217.918	3432.018	3277.345	0.949	0.954	0.957
465	3269.877	3168.848	3372.120	3275.995	0.949	0.953	0.947
466	3293.520	3097.214	3418.943	3303.235	0.956	0.961	0.954
467	3311.122	3236.057	3408.973	3313.722	0.960	0.964	0.959
468	3324.666	3244.962	3509.904	3292.016	0.953	0.958	0.963
469	3223.860	3094.445	3328.924	3218.044	0.932	0.937	0.933
470	3205.297	3118.697	3312.132	3210.039	0.929	0.934	0.928
471	3282.127	3088.537	3504.118	3263.682	0.945	0.950	0.950
472	3268.448	3112.613	3379.167	3282.656	0.951	0.955	0.946
473	3276.372	3169.216	3371.747	3299.669	0.955	0.960	0.949
474	3295.627	3182.653	3506.690	3294.769	0.954	0.959	0.954
475	3245.702	3143.493	3327.299	3252.748	0.942	0.947	0.940
476	3340.370	3222.002	3587.741	3315.411	0.960	0.965	0.967
477	3291.467	3208.326	3479.734	3272.954	0.948	0.953	0.953
478	3293.998	3190.857	3444.684	3289.863	0.953	0.957	0.954
479	3300.151	3111.957	3445.506	3310.958	0.959	0.964	0.956
480	3216.063	3089.232	3403.016	3173.585	0.919	0.924	0.931
481	3257.428	3061.576	3338.854	3289.182	0.952	0.957	0.943
482	3325.706	3190.687	3498.636	3324.674	0.963	0.968	0.963
483	3375.709	3266.191	3490.175	3369.275	0.976	0.981	0.977
484	3341.811	3205.140	3412.295	3343.617	0.968	0.973	0.968
485	3346.546	3185.946	3516.412	3345.245	0.969	0.974	0.969
486	3368.006	3149.531	3549.695	3388.131	0.981	0.986	0.975
487	3416.746	3262.050	3580.101	3392.068	0.982	0.987	0.989
488	3385.393	3213.524	3579.443	3392.657	0.982	0.987	0.980
489	3349.288	3190.699	3566.874	3352.730	0.971	0.976	0.970
490	3302.269	3130.012	3452.705	3303.946	0.957	0.962	0.956
491	3402.200	3116.897	3577.821	3456.376	1.001	1.006	0.985
492	3400.862	3222.134	3576.364	3432.127	0.994	0.999	0.985
493	3367.195	3251.572	3480.814	3378.620	0.978	0.983	0.975
494	3315.123	3133.450	3555.160	3284.166	0.951	0.956	0.960
495	3355.394	3240.079	3453.033	3354.866	0.971	0.976	0.972
496	3416.769	3226.346	3575.590	3446.280	0.998	1.003	0.989
497	3382.533	3257.672	3548.620	3375.626	0.977	0.982	0.979
498	3371.580	3259.854	3513.975	3369.840	0.976	0.981	0.976
499	3331.391	3089.514	3532.014	3347.401	0.969	0.974	0.965
500	3385.093	3165.832	3555.640	3387.096	0.981	0.986	0.980
501	3396.867	3144.406	3585.692	3420.546	0.990	0.996	0.984
502	3351.525	3231.492	3496.519	3343.460	0.968	0.973	0.970
503	3368.853	3251.470	3499.763	3369.128	0.976	0.981	0.975
504	3440.247	3202.546	3671.008	3414.066	0.989	0.994	0.996
505	3350.967	3190.689	3475.261	3352.291	0.971	0.976	0.970
506	3272.219	3161.877	3445.160	3249.517	0.941	0.946	0.948
507	3422.413	3224.596	3586.976	3416.102	0.989	0.994	0.991
508	3423.885	3224.912	3753.795	3402.458	0.985	0.990	0.991
509	3468.415	3219.898	3652.343	3480.441	1.008	1.013	1.004
510	3386.042	3302.308	3526.079	3377.554	0.978	0.983	0.980
511	3336.093	3158.776	3423.619	3360.707	0.973	0.978	0.966
512	3384.953	3297.540	3467.810	3380.667	0.979	0.984	0.980
513	3405.408	3270.492	3487.743	3423.627	0.991	0.996	0.986
514	3401.906	3193.024	3550.063	3395.925	0.983	0.988	0.985
515	3349.196	3233.056	3483.502	3340.883	0.967	0.972	0.970
516	3379.648	3263.115	3519.862	3368.501	0.975	0.980	0.979
517	3326.271	3253.822	3430.955	3319.141	0.961	0.966	0.963
518	3311.779	3197.212	3399.235	3331.110	0.965	0.969	0.959
519	3333.258	3215.822	3440.319	3330.231	0.964	0.969	0.965
520	3364.782	3209.859	3512.038	3367.516	0.975	0.980	0.974
521	3394.425	3214.174	3623.786	3398.694	0.984	0.989	0.983
522	3387.499	3296.556	3476.336	3393.595	0.983	0.988	0.981
523	3357.529	3245.427	3457.197	3358.055	0.972	0.977	0.972
524	3312.078	3162.485	3454.000	3331.271	0.965	0.970	0.959
525	3346.276	3211.622	3478.584	3361.311	0.973	0.978	0.969
526	3380.016	3246.023	3537.462	3363.607	0.974	0.979	0.979
527	3328.929	3169.906	3441.452	3339.661	0.967	0.972	0.964
528	3292.944	3100.672	3478.511	3271.032	0.947	0.952	0.954
529	3338.206	3178.928	3512.763	3345.240	0.969	0.974	0.967
530	3371.175	3238.213	3567.901	3354.554	0.971	0.976	0.976
531	3360.720	3207.261	3609.266	3375.424	0.977	0.982	0.973
532	3344.140	3140.945	3591.835	3364.416	0.974	0.979	0.968
533	3301.399	3030.323	3534.204	3327.198	0.963	0.968	0.956
534	3245.323	3105.646	3323.272	3287.243	0.952	0.957	0.940
535	3255.362	3124.214	3418.163	3248.394	0.941	0.945	0.943
536	3321.007	3128.880	3494.228	3332.261	0.965	0.970	0.962
537	3283.979	3047.829	3402.281	3307.145	0.958	0.962	0.951
538	3250.060	3089.279	3491.664	3249.196	0.941	0.946	0.941
539	3320.416	3146.853	3389.514	3328.085	0.964	0.969	0.961
540	3350.683	3103.431	3625.153	3333.709	0.965	0.970	0.970
541	3385.752	3160.383	3658.961	3336.785	0.966	0.971	0.980
542	3379.355	3159.371	3556.773	3369.013	0.976	0.981	0.979
543	3378.813	3236.679	3513.356	3398.420	0.984	0.989	0.978
544	3368.715	3124.758	3565.887	3368.108	0.975	0.980	0.975
545	3323.061	3117.371	3464.759	3352.425	0.971	0.976	0.962
546	3300.292	3134.856	3451.338	3292.820	0.953	0.958	0.956
547	3429.378	3216.226	3592.930	3419.270	0.990	0.995	0.993
548	3398.969	3160.610	3561.098	3399.583	0.984	0.989	0.984
549	3305.977	3098.262	3441.236	3340.409	0.967	0.972	0.957
550	3387.050	3071.398	3616.701	3374.386	0.977	0.982	0.981
551	3459.574	3160.252	3753.015	3461.028	1.002	1.007	1.002
552	3377.692	3159.543	3504.241	3423.101	0.991	0.996	0.978
553	3268.114	3175.672	3444.690	3251.844	0.942	0.946	0.946
554	3288.400	3156.671	3470.338	3276.597	0.949	0.954	0.952
555	3311.401	3045.262	3666.102	3332.292	0.965	0.970	0.959
556	3379.977	3112.967	3621.746	3421.927	0.991	0.996	0.979
557	3376.267	3142.814	3705.953	3386.790	0.981	0.986	0.978
558	3373.980	3139.199	3724.712	3316.264	0.960	0.965	0.977
559	3297.985	3184.983	3399.896	3290.577	0.953	0.958	0.955
560	3328.234	3233.594	3475.145	3331.401	0.965	0.970	0.964
561	3425.235	3188.665	3722.461	3354.399	0.971	0.976	0.992
562	3419.647	3147.017	3803.229	3361.279	0.973	0.978	0.990
563	3325.830	3145.336	3542.844	3345.538	0.969	0.974	0.963
564	3395.563	3234.176	3617.538	3326.475	0.963	0.968	0.983
565	3419.533	3216.341	3645.707	3394.204	0.983	0.988	0.990
566	3300.598	3047.632	3586.863	3258.232	0.943	0.948	0.956
567	3298.380	2944.712	3561.237	3345.324	0.969	0.974	0.955
568	3276.329	3119.290	3390.304	3290.514	0.953	0.958	0.949
569	3303.032	3124.597	3523.242	3312.016	0.959	0.964	0.956
570	3242.659	3086.342	3382.548	3243.699	0.939	0.944	0.939
571	3260.173	3144.792	3399.668	3280.281	0.950	0.955	0.944
572	3355.179	3202.816	3572.772	3368.911	0.976	0.980	0.972
573	3287.271	2978.967	3637.777	3248.176	0.941	0.945	0.952
574	3323.408	3100.835	3682.285	3324.005	0.962	0.967	0.962
575	3455.697	3195.917	3914.056	3408.121	0.987	0.992	1.001
576	3440.861	3260.175	3598.419	3462.547	1.003	1.008	0.996
577	3369.056	3218.194	3633.759	3355.649	0.972	0.977	0.976
578	3381.570	3169.552	3557.946	3382.796	0.980	0.985	0.979
579	3377.674	3085.891	3561.599	3405.631	0.986	0.991	0.978
580	3433.601	3231.745	3639.786	3434.504	0.994	1.000	0.994
581	3452.170	3136.350	3761.737	3485.274	1.009	1.014	1.000
582	3491.532	2984.711	3886.934	3486.254	1.009	1.015	1.011
583	3559.288	3172.202	3867.635	3538.659	1.025	1.030	1.031
584	3534.546	3124.350	3972.744	3482.915	1.009	1.014	1.023
585	3553.569	3137.483	3906.595	3605.131	1.044	1.049	1.029
586	3580.583	3079.191	4169.755	3502.179	1.014	1.019	1.037
587	3557.224	3139.859	4206.976	3554.937	1.029	1.035	1.030
588	3483.338	3099.924	3744.720	3566.584	1.033	1.038	1.009
589	3417.409	3103.222	3734.891	3454.545	1.000	1.005	0.990
590	3382.574	3049.945	3704.800	3359.938	0.973	0.978	0.979
591	3342.948	3101.062	3637.595	3354.592	0.971	0.976	0.968
592	3387.135	3221.287	3601.388	3409.397	0.987	0.992	0.981
593	3419.149	3164.222	3645.611	3439.463	0.996	1.001	0.990
594	3437.425	3070.574	3765.653	3417.052	0.989	0.994	0.995
595	3429.283	3156.688	3761.957	3411.405	0.988	0.993	0.993
596	3394.772	2983.824	3664.676	3482.191	1.008	1.013	0.983
597	3447.193	3118.872	3849.576	3365.867	0.975	0.980	0.998
598	3389.965	3055.604	3778.111	3360.683	0.973	0.978	0.982
599	3419.928	3060.493	4009.205	3359.884	0.973	0.978	0.990
600	3460.396	3056.275	3718.826	3459.643	1.002	1.007	1.002
601	3427.910	3153.440	3765.965	3374.204	0.977	0.982	0.993
602	3518.576	3117.419	3993.432	3492.241	1.011	1.016	1.019
603	3474.706	3136.424	3764.807	3531.525	1.023	1.028	1.006
604	3423.467	3222.863	3754.382	3397.764	0.984	0.989	0.991
605	3552.579	3182.316	4035.744	3477.872	1.007	1.012	1.029
606	3497.788	3208.044	3818.858	3494.024	1.012	1.017	1.013
607	3550.146	3050.912	4051.513	3593.713	1.041	1.046	1.028
608	3520.335	3091.700	4044.726	3538.848	1.025	1.030	1.019
609	3591.797	3128.642	4011.544	3659.495	1.060	1.065	1.040
610	3769.896	3172.185	4183.853	3955.391	1.145	1.151	1.092
611	3659.037	3238.270	3976.285	3735.299	1.082	1.087	1.060
612	3670.284	3349.620	3931.576	3742.927	1.084	1.089	1.063
613	3724.178	3297.953	4132.896	3819.495	1.106	1.112	1.078
614	3677.020	3389.741	3824.995	3687.755	1.068	1.073	1.065
615	3652.241	3375.844	3976.062	3544.036	1.026	1.031	1.058
616	3655.166	3350.111	4091.334	3658.277	1.059	1.065	1.058
617	3632.563	3203.845	4108.207	3583.050	1.038	1.043	1.052
618	3694.648	3203.443	3994.695	3742.359	1.084	1.089	1.070
619	3659.718	3274.210	3838.779	3711.548	1.075	1.080	1.060
620	3608.722	3204.107	4060.513	3610.643	1.045	1.051	1.045
621	3577.472	3287.624	3759.344	3643.448	1.055	1.060	1.036
622	3515.765	3228.269	3745.244	3534.551	1.023	1.029	1.018
623	3536.727	3089.836	4077.306	3544.032	1.026	1.031	1.024
624	3568.515	3150.593	4190.895	3475.643	1.006	1.012	1.033
625	3554.449	3099.640	4102.828	3402.681	0.985	0.990	1.029
626	3582.696	3121.754	4236.450	3463.756	1.003	1.008	1.037
627	3489.394	3062.145	3931.964	3415.348	0.989	0.994	1.010
628	3465.661	3146.643	3801.689	3546.527	1.027	1.032	1.004
629	3454.914	3087.195	3872.809	3398.093	0.984	0.989	1.000
630	3503.424	3049.645	4012.098	3444.505	0.997	1.002	1.014
631	3560.433	3151.209	4193.915	3552.371	1.029	1.034	1.031
632	3470.713	3170.462	3920.153	3505.701	1.015	1.020	1.005
633	3520.268	3167.453	4000.823	3517.852	1.019	1.024	1.019
634	3528.650	3194.436	3892.663	3575.230	1.035	1.041	1.022
635	3470.019	3160.104	3706.179	3524.998	1.021	1.026	1.005
636	3483.859	3190.954	3710.027	3531.761	1.023	1.028	1.009
637	3393.159	3158.691	3661.421	3373.863	0.977	0.982	0.983
638	3511.148	3226.467	3737.785	3570.765	1.034	1.039	1.017
639	3563.819	3259.364	3984.861	3495.438	1.012	1.017	1.032
640	3476.745	3150.579	3810.733	3447.070	0.998	1.003	1.007
641	3533.375	3008.871	3938.936	3594.574	1.041	1.046	1.023
642	3522.116	3069.136	3883.512	3542.042	1.026	1.031	1.020
643	3522.287	3179.677	3854.880	3515.278	1.018	1.023	1.020
644	3522.619	3255.575	3725.931	3576.381	1.036	1.041	1.020
645	3547.611	3291.313	3861.950	3539.687	1.025	1.030	1.027
646	3542.502	3208.714	3845.324	3555.958	1.030	1.035	1.026
647	3562.121	3344.480	3867.283	3560.674	1.031	1.036	1.031
648	3536.555	3370.880	3742.602	3550.949	1.028	1.033	1.024
649	3502.280	3209.484	3848.861	3504.637	1.015	1.020	1.014
650	3571.947	3216.791	3785.048	3624.630	1.050	1.055	1.034
651	3641.450	3329.622	3961.022	3697.829	1.071	1.076	1.054
652	3725.959	3368.611	4131.322	3679.652	1.065	1.071	1.079
653	3884.671	3473.648	4180.322	3903.970	1.130	1.136	1.125
654	3750.478	3475.711	3965.964	3738.701	1.083	1.088	1.086
655	3773.782	3409.598	4377.744	3761.297	1.089	1.095	1.093
656	3759.591	3363.690	4195.120	3770.285	1.092	1.097	1.089
657	3860.492	3479.157	4282.556	3833.640	1.110	1.116	1.118
658	3853.687	3445.099	4127.976	3934.118	1.139	1.145	1.116
659	3807.385	3280.124	4121.446	3856.309	1.117	1.122	1.102
660	3700.938	3285.161	3942.426	3797.105	1.099	1.105	1.072
661	3686.147	3497.071	3874.286	3662.967	1.061	1.066	1.067
662	3628.340	3355.749	3772.426	3657.928	1.059	1.065	1.051
663	3630.191	3265.632	3840.600	3689.019	1.068	1.074	1.051
664	3737.496	3500.070	4079.102	3715.194	1.076	1.081	1.082
665	3678.801	3393.492	3992.439	3687.522	1.068	1.073	1.065
666	3762.547	3511.857	4137.874	3702.949	1.072	1.078	1.089
667	3828.994	3507.318	4270.578	3829.520	1.109	1.115	1.109
668	3821.357	3396.230	4294.619	3799.496	1.100	1.106	1.107
669	3949.438	3507.586	4547.644	3767.948	1.091	1.097	1.144
670	4086.357	3464.328	4815.148	4040.786	1.170	1.176	1.183
671	4228.756	3569.160	5061.639	4201.801	1.217	1.223	1.224
672	4129.942	3467.462	4675.824	4019.258	1.164	1.170	1.196
673	3966.830	3508.972	4421.923	3832.959	1.110	1.116	1.149
674	3866.232	3626.859	4193.333	3851.370	1.115	1.121	1.120
675	3896.627	3557.218	4538.247	3866.582	1.120	1.125	1.128
676	3723.559	3214.390	4047.535	3729.146	1.080	1.085	1.078
677	3625.355	3339.228	3932.698	3651.254	1.057	1.063	1.050
678	3613.253	3368.763	3896.729	3595.590	1.041	1.046	1.046
679	3610.923	3305.927	3844.470	3591.078	1.040	1.045	1.046
680	3590.980	3237.694	3943.596	3587.655	1.039	1.044	1.040
681	3611.477	3341.716	3894.303	3602.917	1.043	1.049	1.046
682	3737.522	3292.853	4139.957	3803.059	1.101	1.107	1.082
683	3746.399	3155.827	4114.818	3845.044	1.113	1.119	1.085
684	4025.761	3310.039	4360.611	4251.401	1.231	1.237	1.166
685	4157.306	3509.914	4661.566	4197.596	1.215	1.222	1.204
686	4255.289	3643.453	4773.146	4308.093	1.247	1.254	1.232
687	4651.423	3581.729	5677.065	4605.737	1.334	1.340	1.347
688	4961.571	3636.028	6173.327	5072.720	1.469	1.476	1.437
689	5287.203	3593.241	6608.877	5324.409	1.542	1.550	1.531
690	5186.136	3587.263	6750.383	5061.907	1.466	1.473	1.502
691	5266.363	3728.394	6809.061	5130.665	1.486	1.493	1.525
692	5069.055	3651.156	6496.924	4940.010	1.430	1.438	1.468
693	4712.504	3742.421	5683.506	4705.838	1.363	1.370	1.365
694	4646.874	3612.818	5575.852	4809.087	1.393	1.400	1.346
695	4687.318	3443.146	5728.528	4931.104	1.428	1.435	1.357
696	4706.841	3557.828	6230.776	4498.941	1.303	1.309	1.363
697	4536.444	3645.132	5489.405	4485.037	1.299	1.305	1.314
698	4334.465	3497.794	5167.533	4391.012	1.271	1.278	1.255
699	4291.020	3498.411	4872.564	4346.495	1.259	1.265	1.243
700	4118.898	3357.758	4850.897	4089.455	1.184	1.190	1.193
701	4054.223	3435.349	4593.095	4162.644	1.205	1.211	1.174
702	4145.986	3418.770	4692.972	4371.781	1.266	1.272	1.201
703	4226.466	3325.587	5118.354	4413.365	1.278	1.284	1.224
704	4295.868	3366.622	4892.751	4448.151	1.288	1.295	1.244
705	4070.318	3446.392	4636.781	4092.597	1.185	1.191	1.179
706	3768.326	3347.276	4122.325	3738.916	1.083	1.088	1.091
707	3761.550	3480.363	4099.523	3747.721	1.085	1.091	1.089
708	3979.593	3738.203	4440.944	3884.105	1.125	1.130	1.152
709	3953.016	3626.785	4478.525	3824.839	1.108	1.113	1.145
710	3975.031	3566.792	4633.257	3860.584	1.118	1.124	1.151
711	4083.260	3694.135	4636.915	3931.035	1.138	1.144	1.182
712	4026.762	3541.451	4729.845	3856.444	1.117	1.122	1.166
713	4034.022	3459.000	4543.029	4007.640	1.160	1.166	1.168
714	4091.346	3533.055	4849.423	4064.952	1.177	1.183	1.185
715	4014.816	3504.466	4513.009	4019.712	1.164	1.170	1.163
716	4058.453	3441.296	4575.579	4140.239	1.199	1.205	1.175
717	4160.286	3787.719	4646.885	4084.683	1.183	1.189	1.205
718	4062.804	3686.830	4369.911	4127.145	1.195	1.201	1.176
719	4027.217	3793.425	4358.614	3984.822	1.154	1.160	1.166
720	4104.312	3606.276	4657.847	4082.794	1.182	1.188	1.188
721	4010.378	3577.074	4781.392	3970.903	1.150	1.156	1.161
722	3929.260	3573.958	4150.818	3960.278	1.147	1.153	1.138
723	3883.825	3511.404	4223.924	3843.510	1.113	1.119	1.125
724	3977.036	3548.356	4560.664	3946.792	1.143	1.149	1.152
725	3769.379	3449.851	4082.940	3759.803	1.089	1.094	1.091
726	3743.206	3594.547	3978.323	3719.796	1.077	1.083	1.084
727	3721.622	3508.143	3935.167	3697.180	1.071	1.076	1.078
728	3736.993	3519.390	4017.643	3683.189	1.067	1.072	1.082
729	3692.807	3403.056	3929.539	3690.798	1.069	1.074	1.069
730	3705.855	3489.557	4000.985	3662.195	1.060	1.066	1.073
731	3721.876	3503.706	3916.216	3772.354	1.092	1.098	1.078
732	3730.294	3669.917	3895.743	3709.947	1.074	1.080	1.080
733	3745.834	3594.281	3986.960	3757.605	1.088	1.094	1.085
734	3793.883	3398.512	4365.325	3762.472	1.089	1.095	1.099
735	3929.439	3676.530	4333.337	3851.533	1.115	1.121	1.138
736	3982.090	3672.896	4629.945	3964.521	1.148	1.154	1.153
737	4146.548	3622.761	4583.902	4191.558	1.214	1.220	1.201
738	4200.283	3708.782	4847.699	4184.013	1.212	1.218	1.216
739	4112.873	3649.028	4690.650	4064.363	1.177	1.183	1.191
740	4108.674	3568.927	4834.374	4094.853	1.186	1.192	1.190
741	4283.477	3582.483	5197.529	4211.382	1.219	1.226	1.240
742	4178.989	3624.480	4840.416	4119.277	1.193	1.199	1.210
743	4132.858	3708.294	4586.925	4109.048	1.190	1.196	1.197
744	3906.575	3592.517	4166.447	3878.718	1.123	1.129	1.131
745	3942.735	3648.592	4159.529	3977.927	1.152	1.158	1.142
746	3912.694	3666.315	4146.021	3947.243	1.143	1.149	1.133
747	3795.619	3650.904	4005.442	3776.817	1.094	1.099	1.099
748	3836.639	3732.565	4000.522	3815.318	1.105	1.110	1.111
749	3802.555	3575.519	4107.327	3752.589	1.087	1.092	1.101
750	3835.569	3726.060	3981.551	3836.274	1.111	1.116	1.111
751	3712.162	3585.720	3959.559	3669.107	1.062	1.068	1.075
752	3672.428	3548.652	3944.037	3620.549	1.048	1.054	1.063
753	3628.705	3419.740	4168.986	3575.612	1.035	1.041	1.051
754	3520.867	3447.998	3614.667	3511.972	1.017	1.022	1.020
755	3589.401	3414.586	3812.331	3553.919	1.029	1.034	1.039
756	3557.372	3310.729	3907.827	3569.503	1.034	1.039	1.030
757	3588.231	3333.422	3781.147	3578.144	1.036	1.041	1.039
758	3714.086	3508.251	3835.474	3719.925	1.077	1.083	1.075
759	3694.704	3554.228	3853.730	3684.315	1.067	1.072	1.070
760	3740.182	3643.186	3886.127	3710.235	1.074	1.080	1.083
761	3734.222	3569.243	4009.569	3684.414	1.067	1.072	1.081
762	3628.232	3485.628	3743.673	3648.039	1.056	1.062	1.051
763	3543.052	3407.652	3644.763	3547.082	1.027	1.032	1.026
764	3597.562	3363.219	3881.497	3543.449	1.026	1.031	1.042
765	3592.401	3423.198	3703.017	3623.770	1.049	1.055	1.040
766	3636.523	3430.049	3959.303	3648.249	1.056	1.062	1.053
767	3688.539	3380.512	3971.062	3718.975	1.077	1.082	1.068
768	3642.448	3312.264	4043.517	3566.740	1.033	1.038	1.055
769	3677.623	3478.792	3925.062	3662.394	1.060	1.066	1.065
770	3825.100	3513.044	4181.219	3825.608	1.108	1.113	1.108
771	3796.210	3672.201	3975.906	3826.392	1.108	1.114	1.099
772	3674.211	3468.212	3863.293	3684.892	1.067	1.072	1.064
773	3648.937	3434.937	3906.323	3622.633	1.049	1.054	1.057
774	3670.468	3464.080	3820.054	3694.486	1.070	1.075	1.063
775	3518.257	3400.449	3647.061	3526.083	1.021	1.026	1.019
776	3632.066	3385.681	3912.845	3613.776	1.046	1.052	1.052
777	3542.753	3278.675	3763.060	3595.365	1.041	1.046	1.026
778	3495.245	3304.349	3703.722	3454.840	1.000	1.005	1.012
779	3578.887	3458.171	3752.490	3519.628	1.019	1.024	1.036
780	3600.440	3361.931	3847.319	3537.120	1.024	1.029	1.043
781	3693.089	3427.917	3901.993	3734.631	1.081	1.087	1.069
782	3845.915	3523.360	4137.100	3814.959	1.105	1.110	1.114
783	3825.350	3729.502	3917.636	3832.174	1.110	1.115	1.108
784	3926.606	3673.398	4094.257	3917.378	1.134	1.140	1.137
785	4065.608	3738.117	4345.926	4068.083	1.178	1.184	1.177
786	4045.183	3863.676	4445.943	3973.698	1.151	1.156	1.171
787	4092.584	3747.290	4406.749	4119.911	1.193	1.199	1.185
788	4149.819	3897.292	4472.744	4157.026	1.204	1.210	1.202
789	4084.879	3784.319	4445.585	4006.402	1.160	1.166	1.183
790	3883.998	3504.540	4171.669	3893.587	1.127	1.133	1.125
791	3707.239	3553.398	3948.111	3692.632	1.069	1.075	1.073
792	3686.646	3447.336	3816.320	3711.425	1.075	1.080	1.068
793	3750.884	3406.217	3999.122	3821.209	1.106	1.112	1.086
794	3772.016	3403.309	4037.578	3824.230	1.107	1.113	1.092
795	3940.243	3691.638	4296.273	3885.504	1.125	1.131	1.141
796	3855.829	3705.196	4302.439	3793.976	1.099	1.104	1.116
797	3755.141	3442.272	4253.508	3691.240	1.069	1.074	1.087
798	3689.720	3494.013	3948.399	3648.107	1.056	1.062	1.068
799	3740.379	3529.466	4072.626	3735.447	1.082	1.087	1.083
800	3706.140	3535.742	3840.052	3708.614	1.074	1.079	1.073
801	3577.159	3491.644	3651.292	3583.275	1.038	1.043	1.036
802	3555.233	3432.814	3761.420	3569.374	1.034	1.039	1.029
803	3602.921	3338.763	3822.595	3644.286	1.055	1.061	1.043
804	3789.273	3489.827	4000.544	3783.687	1.096	1.101	1.097
805	3777.747	3569.187	3989.756	3757.447	1.088	1.094	1.094
806	3751.541	3466.546	4205.557	3762.176	1.089	1.095	1.086
807	3900.772	3682.289	4108.769	3929.512	1.138	1.144	1.130
808	3837.436	3554.429	4126.652	3786.244	1.096	1.102	1.111
809	3755.956	3353.056	4290.961	3730.826	1.080	1.086	1.088
810	3628.049	3399.630	3746.136	3678.000	1.065	1.070	1.051
811	3574.581	3370.934	3874.924	3530.980	1.022	1.028	1.035
812	3651.318	3303.105	3843.569	3693.737	1.070	1.075	1.057
813	3654.920	3399.827	3878.679	3713.335	1.075	1.081	1.058
814	3624.284	3274.679	3880.848	3669.499	1.063	1.068	1.049
815	3653.748	3340.220	3912.592	3631.263	1.051	1.057	1.058
816	3617.141	3305.496	4012.265	3561.914	1.031	1.037	1.047
817	3633.702	3382.354	4052.791	3614.421	1.047	1.052	1.052
818	3652.184	3360.748	3937.597	3666.035	1.062	1.067	1.058
819	3570.907	3369.306	3913.141	3538.604	1.025	1.030	1.034
820	3559.389	3274.862	3738.221	3608.138	1.045	1.050	1.031
821	3842.545	3485.793	4257.250	3882.915	1.124	1.130	1.113
822	3944.478	3388.134	4750.973	3919.800	1.135	1.141	1.142
823	4100.411	3506.589	5182.364	3937.626	1.140	1.146	1.187
824	4160.217	3493.630	4963.864	4112.665	1.191	1.197	1.205
825	3955.830	3484.251	4479.651	3883.604	1.125	1.130	1.145
826	3942.581	3441.056	4504.949	3917.493	1.134	1.140	1.142
827	3890.054	3526.828	4315.398	3889.233	1.126	1.132	1.126
828	3215.998	3071.964	3340.904	3223.243	0.933	0.938	0.931
829	3215.998	3071.964	3340.904	3223.243	0.933	0.938	0.931
