 	Mean	Min	Max	Median	Max_to_bgmean	Median_to_bgmedian	Mean_to_bgmean
1	3280.778	3106.819	3463.490	3273.146	1.109	1.098	1.112
2	3305.722	2989.171	3548.636	3325.753	1.127	1.115	1.120
3	3346.011	3101.874	3494.836	3383.047	1.147	1.135	1.134
4	3341.479	3114.030	3553.620	3334.921	1.130	1.119	1.133
5	3371.144	3210.049	3545.618	3371.355	1.143	1.131	1.143
6	3420.128	3159.105	3673.012	3415.119	1.158	1.145	1.159
7	3354.255	3054.838	3529.852	3362.511	1.140	1.128	1.137
8	3342.381	3053.451	3572.958	3355.268	1.137	1.125	1.133
9	3354.308	3051.962	3602.240	3344.702	1.134	1.122	1.137
10	3382.515	3179.809	3554.780	3356.561	1.138	1.126	1.146
11	3331.140	3107.548	3575.630	3279.738	1.112	1.100	1.129
12	3350.330	3126.868	3630.725	3326.678	1.128	1.116	1.136
13	3418.552	3197.883	3659.599	3433.433	1.164	1.152	1.159
14	3410.239	3279.601	3615.931	3357.385	1.138	1.126	1.156
15	3373.487	3080.692	3842.869	3329.654	1.129	1.117	1.143
16	3291.304	3206.752	3463.993	3277.436	1.111	1.099	1.116
17	3224.066	3078.326	3361.155	3221.694	1.092	1.081	1.093
18	3262.321	3181.849	3433.083	3237.936	1.097	1.086	1.106
19	3238.617	3070.134	3417.535	3232.915	1.096	1.084	1.098
20	3187.697	3043.760	3304.270	3185.408	1.080	1.068	1.080
21	3216.931	3120.691	3298.629	3213.940	1.089	1.078	1.090
22	3282.099	3089.079	3396.899	3302.166	1.119	1.108	1.112
23	3285.094	3188.806	3436.524	3293.807	1.116	1.105	1.113
24	3285.117	3210.994	3409.924	3279.888	1.112	1.100	1.113
25	3282.455	3205.438	3389.607	3267.780	1.108	1.096	1.113
26	3310.274	3203.586	3506.469	3276.113	1.110	1.099	1.122
27	3283.335	3008.979	3461.855	3321.417	1.126	1.114	1.113
28	3227.895	3132.253	3357.777	3215.410	1.090	1.078	1.094
29	3383.398	3221.939	3549.847	3381.367	1.146	1.134	1.147
30	3391.111	3248.028	3577.507	3383.219	1.147	1.135	1.149
31	3429.504	3219.012	3679.191	3432.660	1.163	1.151	1.162
32	3414.966	3177.748	3629.191	3467.250	1.175	1.163	1.157
33	3377.589	3166.685	3675.398	3333.393	1.130	1.118	1.145
34	3418.676	3161.066	3734.660	3417.702	1.158	1.146	1.159
35	3372.754	3187.377	3519.098	3373.295	1.143	1.131	1.143
36	3337.589	3126.839	3548.449	3326.607	1.128	1.116	1.131
37	3324.731	3020.368	3418.043	3365.501	1.141	1.129	1.127
38	3338.841	3193.352	3521.969	3310.920	1.122	1.110	1.132
39	3203.939	3093.523	3298.952	3189.753	1.081	1.070	1.086
40	3226.301	3126.283	3290.166	3244.724	1.100	1.088	1.094
41	3180.463	3071.924	3271.747	3177.787	1.077	1.066	1.078
42	3219.947	3106.644	3412.466	3188.094	1.081	1.069	1.091
43	3247.301	3065.604	3416.181	3248.468	1.101	1.090	1.101
44	3367.597	3263.482	3507.112	3352.723	1.136	1.125	1.141
45	3315.467	3213.495	3471.845	3303.259	1.120	1.108	1.124
46	3229.709	3082.733	3403.699	3210.303	1.088	1.077	1.095
47	3232.098	3075.384	3365.021	3228.746	1.094	1.083	1.096
48	3278.224	3176.423	3378.923	3274.342	1.110	1.098	1.111
49	3199.841	3102.630	3290.437	3199.705	1.085	1.073	1.085
50	3253.624	3068.441	3446.998	3249.346	1.101	1.090	1.103
51	3307.285	3187.666	3451.338	3291.502	1.116	1.104	1.121
52	3279.500	3098.523	3436.711	3289.112	1.115	1.103	1.112
53	3284.715	3116.376	3466.492	3259.731	1.105	1.093	1.113
54	3294.642	3170.712	3471.163	3270.351	1.108	1.097	1.117
55	3248.849	3120.618	3351.667	3271.301	1.109	1.097	1.101
56	3340.473	3263.720	3507.239	3321.382	1.126	1.114	1.132
57	3365.148	3234.170	3498.563	3370.641	1.142	1.131	1.141
58	3387.822	3141.341	3585.397	3387.642	1.148	1.136	1.148
59	3478.215	3199.992	3883.292	3419.863	1.159	1.147	1.179
60	3416.902	3078.378	3831.662	3390.349	1.149	1.137	1.158
61	3437.951	3140.109	3626.792	3492.273	1.184	1.171	1.165
62	3395.827	3236.289	3774.628	3354.394	1.137	1.125	1.151
63	3307.556	3069.839	3752.415	3267.258	1.107	1.096	1.121
64	3279.899	3092.693	3537.457	3216.244	1.090	1.079	1.112
65	3275.681	3036.022	3577.509	3201.778	1.085	1.074	1.110
66	3221.169	3072.984	3546.537	3145.025	1.066	1.055	1.092
67	3183.241	3086.486	3340.880	3119.530	1.057	1.046	1.079
68	3194.329	3063.162	3339.514	3188.892	1.081	1.070	1.083
69	3230.385	3083.478	3341.995	3255.717	1.104	1.092	1.095
70	3226.123	3180.583	3339.128	3206.633	1.087	1.076	1.093
71	3263.124	3163.513	3473.004	3259.527	1.105	1.093	1.106
72	3284.334	3118.677	3523.100	3281.365	1.112	1.101	1.113
73	3273.435	3234.454	3318.722	3265.295	1.107	1.095	1.110
74	3206.761	3061.587	3395.042	3200.692	1.085	1.074	1.087
75	3229.292	3050.595	3426.938	3185.479	1.080	1.068	1.095
76	3222.222	3041.416	3362.322	3235.141	1.097	1.085	1.092
77	3216.740	3120.829	3322.361	3198.145	1.084	1.073	1.090
78	3166.569	3072.453	3283.652	3135.586	1.063	1.052	1.073
79	3163.971	3066.387	3331.447	3111.398	1.055	1.044	1.072
80	3171.160	3074.560	3361.379	3160.522	1.071	1.060	1.075
81	3174.577	2997.269	3508.562	3152.371	1.068	1.057	1.076
82	3145.522	3029.378	3279.702	3125.782	1.059	1.048	1.066
83	3168.698	3055.304	3321.142	3164.781	1.073	1.061	1.074
84	3198.854	3093.285	3341.945	3197.008	1.084	1.072	1.084
85	3207.108	3118.173	3303.677	3202.233	1.085	1.074	1.087
86	3143.667	3032.973	3257.004	3141.634	1.065	1.054	1.066
87	3197.484	3054.297	3409.800	3187.056	1.080	1.069	1.084
88	3195.601	3018.294	3349.596	3215.889	1.090	1.079	1.083
89	3188.077	3046.031	3356.711	3209.671	1.088	1.077	1.081
90	3218.153	3089.052	3404.281	3216.089	1.090	1.079	1.091
91	3186.023	3006.534	3285.867	3190.837	1.082	1.070	1.080
92	3209.045	3098.936	3376.752	3216.286	1.090	1.079	1.088
93	3253.022	3142.833	3309.710	3266.348	1.107	1.096	1.103
94	3237.182	3103.448	3341.975	3242.262	1.099	1.087	1.097
95	3275.309	3166.063	3411.290	3258.629	1.105	1.093	1.110
96	3183.892	3100.127	3292.813	3168.832	1.074	1.063	1.079
97	3254.929	3167.810	3337.608	3255.666	1.104	1.092	1.103
98	3329.404	3207.083	3446.627	3320.693	1.126	1.114	1.128
99	3283.280	3173.361	3412.394	3289.296	1.115	1.103	1.113
100	3161.727	3066.787	3252.752	3137.184	1.063	1.052	1.072
101	3229.138	3083.427	3406.618	3212.953	1.089	1.078	1.095
102	3261.611	3168.596	3331.679	3267.835	1.108	1.096	1.106
103	3251.432	3180.406	3335.475	3261.657	1.106	1.094	1.102
104	3253.933	3049.607	3404.027	3260.053	1.105	1.093	1.103
105	3240.502	3152.748	3322.863	3222.238	1.092	1.081	1.098
106	3278.697	3198.612	3356.409	3277.697	1.111	1.099	1.111
107	3232.719	3186.451	3317.086	3225.618	1.093	1.082	1.096
108	3171.159	3036.819	3275.745	3188.461	1.081	1.069	1.075
109	3211.740	3136.366	3433.610	3162.405	1.072	1.061	1.089
110	3208.597	3095.326	3362.434	3191.231	1.082	1.070	1.088
111	3224.945	3128.868	3417.683	3189.301	1.081	1.070	1.093
112	3174.673	3098.166	3313.974	3138.374	1.064	1.053	1.076
113	3153.451	2985.686	3267.654	3167.547	1.074	1.062	1.069
114	3183.801	3001.877	3327.939	3190.192	1.081	1.070	1.079
115	3266.271	3068.098	3462.624	3259.864	1.105	1.093	1.107
116	3249.509	3065.368	3407.966	3254.673	1.103	1.092	1.101
117	3176.177	3051.379	3295.602	3161.506	1.072	1.060	1.077
118	3218.211	3061.991	3402.299	3229.096	1.094	1.083	1.091
119	3270.750	3171.291	3345.341	3283.907	1.113	1.101	1.109
120	3201.128	3068.495	3353.556	3188.360	1.081	1.069	1.085
121	3246.868	3184.257	3350.564	3224.251	1.093	1.081	1.101
122	3214.984	3061.747	3363.744	3195.761	1.083	1.072	1.090
123	3248.551	3123.596	3338.736	3243.801	1.099	1.088	1.101
124	3266.756	3160.464	3350.093	3279.470	1.112	1.100	1.107
125	3253.306	3025.189	3371.755	3280.037	1.112	1.100	1.103
126	3242.624	3156.522	3372.301	3218.765	1.091	1.080	1.099
127	3213.762	3146.376	3353.011	3179.334	1.078	1.066	1.089
128	3171.758	3098.160	3247.225	3166.698	1.073	1.062	1.075
129	3188.253	3075.467	3296.163	3197.534	1.084	1.072	1.081
130	3236.868	3096.293	3396.174	3241.520	1.099	1.087	1.097
131	3211.830	3090.992	3351.286	3207.652	1.087	1.076	1.089
132	3129.437	3046.457	3219.919	3114.540	1.056	1.045	1.061
133	3131.319	3063.276	3209.949	3120.551	1.058	1.047	1.061
134	3179.213	3055.218	3262.552	3177.773	1.077	1.066	1.078
135	3201.421	2980.112	3390.558	3194.938	1.083	1.072	1.085
136	3181.258	3059.469	3299.810	3185.600	1.080	1.068	1.078
137	3174.668	3078.439	3260.689	3189.383	1.081	1.070	1.076
138	3189.692	3089.021	3300.627	3187.104	1.080	1.069	1.081
139	3197.082	3084.874	3397.465	3188.128	1.081	1.069	1.084
140	3234.246	3142.043	3360.786	3218.895	1.091	1.080	1.096
141	3279.390	3145.300	3391.031	3289.383	1.115	1.103	1.112
142	3201.916	3015.503	3424.010	3190.718	1.081	1.070	1.085
143	3229.663	3130.801	3394.544	3210.664	1.088	1.077	1.095
144	3235.053	3107.882	3363.769	3240.698	1.098	1.087	1.097
145	3216.930	3026.552	3355.391	3197.790	1.084	1.073	1.090
146	3209.394	3077.365	3319.135	3210.168	1.088	1.077	1.088
147	3132.862	3052.564	3248.244	3125.189	1.059	1.048	1.062
148	3169.174	2991.681	3329.627	3169.903	1.074	1.063	1.074
149	3204.791	3101.239	3264.016	3224.474	1.093	1.081	1.086
150	3184.584	3064.744	3356.389	3173.178	1.076	1.064	1.079
151	3189.823	3042.070	3343.722	3195.897	1.083	1.072	1.081
152	3255.691	3046.913	3364.394	3282.976	1.113	1.101	1.104
153	3219.460	3041.693	3331.691	3222.271	1.092	1.081	1.091
154	3272.917	3090.636	3405.813	3273.320	1.109	1.098	1.109
155	3243.735	3130.396	3379.425	3231.148	1.095	1.084	1.099
156	3208.696	3106.342	3341.319	3186.980	1.080	1.069	1.088
157	3245.935	3141.926	3414.794	3237.693	1.097	1.086	1.100
158	3254.700	3125.765	3467.059	3243.830	1.099	1.088	1.103
159	3189.555	3004.820	3295.196	3219.973	1.091	1.080	1.081
160	3128.916	3064.638	3328.062	3094.565	1.049	1.038	1.061
161	3170.412	2962.579	3418.589	3162.219	1.072	1.061	1.075
162	3141.004	2990.379	3286.606	3120.036	1.058	1.046	1.065
163	3202.180	3092.193	3319.686	3190.870	1.082	1.070	1.085
164	3193.455	3052.546	3339.627	3187.553	1.080	1.069	1.082
165	3168.675	3049.862	3284.126	3190.019	1.081	1.070	1.074
166	3171.633	3056.173	3291.197	3178.403	1.077	1.066	1.075
167	3196.962	3077.039	3294.770	3170.062	1.074	1.063	1.084
168	3133.946	2990.375	3218.433	3143.740	1.066	1.054	1.062
169	3162.018	3020.855	3341.102	3176.064	1.077	1.065	1.072
170	3149.744	3024.364	3317.655	3142.964	1.065	1.054	1.068
171	3175.290	3085.039	3303.807	3175.496	1.076	1.065	1.076
172	3166.178	3047.579	3292.305	3171.702	1.075	1.064	1.073
173	3138.658	2986.438	3301.405	3139.864	1.064	1.053	1.064
174	3163.071	3021.785	3292.306	3161.728	1.072	1.060	1.072
175	3168.749	3126.131	3326.128	3154.380	1.069	1.058	1.074
176	3191.735	3058.245	3353.774	3199.074	1.084	1.073	1.082
177	3223.323	3023.892	3667.410	3210.717	1.088	1.077	1.093
178	3217.536	3131.582	3280.027	3225.557	1.093	1.082	1.091
179	3192.738	3073.254	3312.146	3188.389	1.081	1.069	1.082
180	3172.784	2976.174	3248.304	3206.777	1.087	1.076	1.075
181	3244.017	3090.607	3363.632	3244.429	1.100	1.088	1.100
182	3234.012	3116.250	3381.017	3223.397	1.093	1.081	1.096
183	3208.606	3121.868	3310.225	3211.839	1.089	1.077	1.088
184	3209.488	3092.216	3387.451	3183.887	1.079	1.068	1.088
185	3249.800	3051.211	3378.323	3257.164	1.104	1.092	1.102
186	3207.272	3092.621	3348.620	3204.573	1.086	1.075	1.087
187	3238.419	3168.448	3406.993	3198.604	1.084	1.073	1.098
188	3262.258	3016.454	3423.715	3268.592	1.108	1.096	1.106
189	3226.367	3073.626	3346.644	3264.691	1.107	1.095	1.094
190	3200.418	3061.221	3364.369	3184.051	1.079	1.068	1.085
191	3268.619	3104.440	3491.352	3242.257	1.099	1.087	1.108
192	3331.805	3250.380	3397.334	3356.765	1.138	1.126	1.129
193	3302.941	3140.225	3455.957	3296.365	1.117	1.106	1.120
194	3352.397	3108.418	3559.560	3407.706	1.155	1.143	1.136
195	3378.442	3125.972	3567.231	3376.100	1.144	1.132	1.145
196	3311.500	3102.772	3503.914	3347.721	1.135	1.123	1.122
197	3323.953	3128.141	3596.173	3280.393	1.112	1.100	1.127
198	3335.113	3205.832	3516.896	3330.715	1.129	1.117	1.130
199	3295.509	3133.129	3512.208	3271.344	1.109	1.097	1.117
200	3307.598	3184.794	3537.171	3253.328	1.103	1.091	1.121
201	3297.475	3147.459	3506.218	3291.567	1.116	1.104	1.118
202	3256.598	3022.840	3420.299	3266.841	1.107	1.096	1.104
203	3273.379	3177.176	3371.653	3275.977	1.110	1.099	1.110
204	3271.928	3180.212	3355.632	3269.577	1.108	1.097	1.109
205	3255.508	3108.783	3496.290	3247.076	1.101	1.089	1.103
206	3299.480	3181.484	3427.031	3293.926	1.116	1.105	1.118
207	3286.260	3136.244	3512.691	3266.342	1.107	1.096	1.114
208	3221.884	2992.197	3418.052	3234.098	1.096	1.085	1.092
209	3276.125	3152.940	3415.599	3255.417	1.103	1.092	1.110
210	3292.896	3127.820	3457.893	3284.952	1.113	1.102	1.116
211	3330.174	3075.027	3616.984	3334.006	1.130	1.118	1.129
212	3253.557	3104.684	3404.344	3238.336	1.098	1.086	1.103
213	3208.862	3025.132	3422.730	3189.904	1.081	1.070	1.088
214	3226.299	3074.098	3348.717	3228.258	1.094	1.083	1.094
215	3201.983	3069.388	3312.089	3192.760	1.082	1.071	1.085
216	3179.821	3057.107	3298.574	3162.658	1.072	1.061	1.078
217	3189.042	3087.873	3360.638	3150.947	1.068	1.057	1.081
218	3214.883	3040.381	3345.142	3244.084	1.100	1.088	1.090
219	3223.345	3039.137	3404.202	3198.855	1.084	1.073	1.093
220	3240.596	3104.348	3485.696	3233.649	1.096	1.085	1.098
221	3206.061	3047.653	3271.141	3216.511	1.090	1.079	1.087
222	3232.932	3123.934	3330.296	3226.304	1.094	1.082	1.096
223	3210.235	3108.240	3302.879	3219.665	1.091	1.080	1.088
224	3191.195	3074.005	3262.350	3193.005	1.082	1.071	1.082
225	3174.046	3042.880	3252.766	3172.383	1.075	1.064	1.076
226	3224.308	3090.620	3392.997	3214.100	1.089	1.078	1.093
227	3186.789	3035.455	3307.664	3188.227	1.081	1.069	1.080
228	3179.940	3084.702	3306.791	3168.413	1.074	1.063	1.078
229	3135.302	3020.149	3323.820	3118.566	1.057	1.046	1.063
230	3148.245	3074.322	3236.487	3156.857	1.070	1.059	1.067
231	3160.600	3041.884	3314.909	3145.440	1.066	1.055	1.071
232	3168.734	3008.818	3313.657	3179.989	1.078	1.067	1.074
233	3150.481	3043.455	3266.796	3168.753	1.074	1.063	1.068
234	3218.015	3096.001	3348.282	3215.273	1.090	1.078	1.091
235	3223.787	3174.534	3329.126	3212.174	1.089	1.077	1.093
236	3236.023	3087.483	3439.711	3209.243	1.088	1.076	1.097
237	3244.367	2974.459	3392.067	3275.507	1.110	1.099	1.100
238	3225.100	3075.676	3433.578	3208.489	1.088	1.076	1.093
239	3209.432	3058.248	3404.775	3185.561	1.080	1.068	1.088
240	3212.521	3090.859	3321.709	3221.141	1.092	1.080	1.089
241	3219.132	3160.762	3292.136	3219.445	1.091	1.080	1.091
242	3198.190	3117.820	3280.375	3210.335	1.088	1.077	1.084
243	3199.545	3123.607	3263.153	3191.527	1.082	1.070	1.084
244	3200.500	3111.954	3300.416	3213.020	1.089	1.078	1.085
245	3227.287	3139.781	3398.771	3197.493	1.084	1.072	1.094
246	3255.288	3099.275	3399.243	3267.545	1.108	1.096	1.103
247	3202.180	3126.935	3309.325	3180.530	1.078	1.067	1.085
248	3193.494	3126.864	3313.656	3180.758	1.078	1.067	1.082
249	3173.176	3038.705	3314.741	3168.685	1.074	1.063	1.076
250	3194.907	2931.949	3349.783	3201.793	1.085	1.074	1.083
251	3220.430	3137.795	3300.339	3229.450	1.095	1.083	1.092
252	3202.671	3025.242	3341.192	3188.571	1.081	1.069	1.086
253	3205.133	3019.417	3447.356	3240.730	1.098	1.087	1.086
254	3214.877	3054.550	3398.144	3178.016	1.077	1.066	1.090
255	3208.845	3085.739	3334.083	3213.811	1.089	1.078	1.088
256	3236.159	3089.732	3542.512	3197.747	1.084	1.073	1.097
257	3228.241	2982.108	3529.056	3232.088	1.096	1.084	1.094
258	3226.748	3058.617	3446.119	3252.625	1.102	1.091	1.094
259	3279.452	3063.998	3444.245	3292.038	1.116	1.104	1.112
260	3219.363	3036.429	3418.808	3194.509	1.083	1.071	1.091
261	3217.129	3091.290	3348.063	3219.688	1.091	1.080	1.090
262	3305.243	3138.442	3463.006	3328.095	1.128	1.116	1.120
263	3292.202	3139.913	3487.057	3286.835	1.114	1.102	1.116
264	3250.805	3132.774	3503.219	3183.270	1.079	1.068	1.102
265	3269.778	3074.211	3617.540	3179.696	1.078	1.066	1.108
266	3272.532	3145.569	3773.139	3198.023	1.084	1.073	1.109
267	3323.580	3175.951	3664.844	3290.426	1.115	1.104	1.127
268	3349.699	3187.522	3619.853	3323.504	1.126	1.115	1.135
269	3201.549	3001.062	3382.813	3228.482	1.094	1.083	1.085
270	3188.871	3006.273	3473.305	3147.708	1.067	1.056	1.081
271	3222.912	3069.706	3522.894	3202.979	1.086	1.074	1.092
272	3264.995	3103.086	3371.360	3289.159	1.115	1.103	1.107
273	3321.116	3203.060	3510.161	3278.168	1.111	1.100	1.126
274	3249.310	3054.789	3469.194	3243.822	1.099	1.088	1.101
275	3260.959	3124.376	3389.117	3261.263	1.105	1.094	1.105
276	3264.093	3097.405	3406.616	3304.903	1.120	1.108	1.106
277	3345.386	3140.805	3547.839	3353.956	1.137	1.125	1.134
278	3327.755	3172.161	3527.765	3286.589	1.114	1.102	1.128
279	3273.520	3072.556	3386.118	3315.887	1.124	1.112	1.110
280	3422.205	3317.950	3633.416	3395.336	1.151	1.139	1.160
281	3366.594	3189.495	3493.852	3381.368	1.146	1.134	1.141
282	3316.569	3188.842	3479.442	3300.002	1.119	1.107	1.124
283	3352.083	3229.053	3517.075	3341.062	1.132	1.121	1.136
284	3363.875	3185.272	3518.490	3372.736	1.143	1.131	1.140
285	3353.494	3140.436	3727.918	3309.872	1.122	1.110	1.137
286	3390.940	3188.281	3613.536	3417.106	1.158	1.146	1.149
287	3391.009	3128.303	3571.831	3400.719	1.153	1.141	1.149
288	3415.241	3166.554	3579.222	3437.948	1.165	1.153	1.158
289	3339.132	3173.696	3531.551	3347.995	1.135	1.123	1.132
290	3344.839	3178.852	3561.094	3347.202	1.135	1.123	1.134
291	3407.768	3262.664	3522.847	3419.861	1.159	1.147	1.155
292	3375.945	3076.378	3593.944	3392.041	1.150	1.138	1.144
293	3346.995	3197.873	3466.797	3351.494	1.136	1.124	1.134
294	3357.510	3029.883	3499.953	3399.485	1.152	1.140	1.138
295	3383.764	3099.680	3661.453	3397.023	1.151	1.139	1.147
296	3459.981	3148.287	3679.382	3483.998	1.181	1.169	1.173
297	3369.147	3152.777	3698.911	3347.250	1.135	1.123	1.142
298	3325.985	3129.294	3525.524	3338.432	1.132	1.120	1.127
299	3363.162	3110.796	3664.322	3368.312	1.142	1.130	1.140
300	3345.890	3099.908	3546.316	3377.526	1.145	1.133	1.134
301	3336.502	3205.095	3450.117	3351.185	1.136	1.124	1.131
302	3369.353	3165.723	3528.224	3395.270	1.151	1.139	1.142
303	3313.237	3118.297	3500.152	3351.671	1.136	1.124	1.123
304	3345.920	3069.737	3514.265	3390.556	1.149	1.137	1.134
305	3359.636	3176.779	3505.659	3374.796	1.144	1.132	1.139
306	3349.450	3028.041	3566.350	3355.708	1.137	1.126	1.135
307	3281.162	3030.985	3412.178	3322.242	1.126	1.114	1.112
308	3281.903	3150.891	3548.412	3261.205	1.105	1.094	1.112
309	3237.779	3089.241	3446.818	3235.008	1.097	1.085	1.097
310	3289.900	3116.879	3666.324	3276.889	1.111	1.099	1.115
311	3287.721	3110.045	3474.642	3311.946	1.123	1.111	1.114
312	3252.607	3102.557	3400.646	3264.906	1.107	1.095	1.102
313	3177.375	3010.299	3370.149	3160.241	1.071	1.060	1.077
314	3247.945	3012.071	3426.166	3232.214	1.096	1.084	1.101
315	3289.602	3120.216	3366.136	3294.681	1.117	1.105	1.115
316	3250.490	3061.677	3445.810	3248.330	1.101	1.089	1.102
317	3173.479	3073.062	3326.691	3153.197	1.069	1.058	1.076
318	3199.890	3109.356	3367.069	3183.512	1.079	1.068	1.085
319	3223.124	3081.701	3362.516	3245.127	1.100	1.088	1.092
320	3239.159	3134.935	3432.508	3216.027	1.090	1.079	1.098
321	3265.995	3081.003	3454.203	3242.734	1.099	1.088	1.107
322	3214.508	3072.615	3413.853	3202.182	1.085	1.074	1.090
323	3267.886	3118.535	3443.540	3266.587	1.107	1.096	1.108
324	3327.067	3154.805	3503.909	3341.938	1.133	1.121	1.128
325	3288.301	3196.160	3402.209	3271.841	1.109	1.097	1.115
326	3299.650	3130.580	3488.573	3280.467	1.112	1.100	1.118
327	3221.510	3087.513	3475.947	3190.691	1.081	1.070	1.092
328	3234.943	3044.925	3420.740	3237.178	1.097	1.086	1.096
329	3182.824	3037.392	3363.960	3185.793	1.080	1.069	1.079
330	3151.124	3075.795	3253.625	3153.282	1.069	1.058	1.068
331	3172.021	3027.548	3288.142	3185.031	1.080	1.068	1.075
332	3253.705	3118.579	3384.925	3268.142	1.108	1.096	1.103
333	3182.433	3089.324	3307.368	3183.606	1.079	1.068	1.079
334	3162.350	3088.824	3285.939	3165.392	1.073	1.062	1.072
335	3168.119	3038.810	3335.049	3143.980	1.066	1.054	1.074
336	3224.605	3078.183	3354.535	3242.161	1.099	1.087	1.093
337	3249.037	3135.198	3379.141	3243.941	1.100	1.088	1.101
338	3254.005	3102.812	3422.765	3237.811	1.097	1.086	1.103
339	3169.461	3120.731	3250.792	3149.692	1.068	1.056	1.074
340	3189.939	3075.991	3301.592	3197.448	1.084	1.072	1.081
341	3255.593	3128.099	3422.510	3246.862	1.101	1.089	1.103
342	3283.178	3225.945	3382.601	3264.821	1.107	1.095	1.113
343	3322.573	3199.826	3553.151	3311.729	1.123	1.111	1.126
344	3209.460	3160.648	3327.531	3198.978	1.084	1.073	1.088
345	3203.832	3075.915	3326.642	3219.223	1.091	1.080	1.086
346	3240.869	3097.816	3416.313	3219.813	1.091	1.080	1.098
347	3238.937	3078.611	3417.204	3220.078	1.091	1.080	1.098
348	3279.563	3134.770	3528.827	3259.178	1.105	1.093	1.112
349	3283.532	3179.847	3563.214	3244.938	1.100	1.088	1.113
350	3235.091	3076.155	3398.671	3256.009	1.104	1.092	1.097
351	3167.168	3013.797	3474.262	3157.864	1.070	1.059	1.074
352	3194.612	3051.272	3356.508	3205.451	1.086	1.075	1.083
353	3221.028	3128.011	3306.148	3219.934	1.091	1.080	1.092
354	3223.947	3063.025	3385.813	3218.557	1.091	1.080	1.093
355	3209.818	3060.589	3417.876	3183.707	1.079	1.068	1.088
356	3245.201	3128.609	3362.606	3249.115	1.101	1.090	1.100
357	3251.247	3177.918	3374.429	3247.515	1.101	1.089	1.102
358	3253.474	3089.189	3393.371	3271.802	1.109	1.097	1.103
359	3232.163	3034.611	3446.035	3249.610	1.101	1.090	1.096
360	3238.605	3067.637	3521.396	3205.945	1.087	1.075	1.098
361	3232.494	3069.548	3387.925	3243.131	1.099	1.088	1.096
362	3280.845	3152.374	3507.283	3261.047	1.105	1.094	1.112
363	3271.433	3114.459	3449.823	3287.460	1.114	1.103	1.109
364	3336.489	3192.053	3466.490	3341.653	1.133	1.121	1.131
365	3357.435	3247.271	3430.274	3391.661	1.150	1.138	1.138
366	3313.644	3186.676	3409.392	3303.203	1.120	1.108	1.123
367	3283.132	3195.077	3400.995	3270.127	1.108	1.097	1.113
368	3228.580	3148.560	3354.016	3188.473	1.081	1.069	1.094
369	3267.941	3188.347	3555.480	3221.505	1.092	1.080	1.108
370	3212.204	3101.801	3334.854	3191.486	1.082	1.070	1.089
371	3195.195	3095.098	3272.905	3204.312	1.086	1.075	1.083
372	3324.350	3198.978	3658.069	3289.636	1.115	1.103	1.127
373	3332.192	3003.745	3693.867	3300.471	1.119	1.107	1.129
374	3276.435	3052.741	3452.279	3264.936	1.107	1.095	1.111
375	3262.252	3068.634	3374.184	3305.189	1.120	1.109	1.106
376	3263.640	3066.659	3353.261	3294.764	1.117	1.105	1.106
377	3311.044	3204.965	3495.781	3297.178	1.118	1.106	1.122
378	3304.829	3250.148	3417.253	3298.346	1.118	1.106	1.120
379	3267.337	3150.911	3368.529	3256.959	1.104	1.092	1.107
380	3268.723	3112.124	3558.257	3272.322	1.109	1.098	1.108
381	3251.344	3058.922	3416.733	3245.608	1.100	1.089	1.102
382	3241.361	3051.353	3405.315	3235.231	1.097	1.085	1.099
383	3237.826	3144.002	3411.603	3234.692	1.096	1.085	1.097
384	3275.751	3025.548	3435.329	3291.389	1.116	1.104	1.110
385	3317.678	3173.104	3456.630	3329.351	1.128	1.117	1.125
386	3328.985	3150.335	3492.809	3341.444	1.133	1.121	1.128
387	3280.292	3182.842	3377.925	3288.406	1.115	1.103	1.112
388	3244.485	3028.328	3503.095	3251.212	1.102	1.090	1.100
389	3267.431	3156.807	3444.326	3258.062	1.104	1.093	1.107
390	3301.844	3139.582	3402.483	3332.528	1.130	1.118	1.119
391	3307.435	3168.794	3493.992	3320.593	1.126	1.114	1.121
392	3309.814	3103.669	3532.664	3312.470	1.123	1.111	1.122
393	3280.359	3146.854	3471.797	3279.228	1.111	1.100	1.112
394	3256.769	3081.399	3400.094	3268.183	1.108	1.096	1.104
395	3279.540	3126.947	3450.248	3274.023	1.110	1.098	1.112
396	3268.871	3125.646	3474.126	3292.488	1.116	1.104	1.108
397	3254.533	3136.295	3416.644	3232.700	1.096	1.084	1.103
398	3145.698	3096.067	3213.950	3131.805	1.062	1.050	1.066
399	3118.945	3013.392	3213.263	3109.617	1.054	1.043	1.057
400	3150.094	3037.853	3310.700	3126.210	1.060	1.049	1.068
401	3191.367	3087.863	3336.753	3168.365	1.074	1.063	1.082
402	3155.051	3023.228	3285.651	3160.241	1.071	1.060	1.069
403	3188.453	3034.421	3378.310	3202.289	1.085	1.074	1.081
404	3132.383	2994.228	3282.654	3111.954	1.055	1.044	1.062
405	3173.664	3056.300	3333.056	3140.299	1.064	1.053	1.076
406	3179.546	3009.788	3440.769	3164.726	1.073	1.061	1.078
407	3117.323	2967.587	3312.639	3134.194	1.062	1.051	1.057
408	3085.318	2975.711	3271.151	3052.104	1.035	1.024	1.046
409	3089.021	2952.948	3179.233	3118.739	1.057	1.046	1.047
410	3156.294	3087.233	3263.376	3140.875	1.065	1.053	1.070
411	3179.673	2981.410	3365.875	3171.621	1.075	1.064	1.078
412	3131.017	3006.513	3278.969	3148.725	1.067	1.056	1.061
413	3177.815	3064.582	3285.397	3196.729	1.084	1.072	1.077
414	3150.124	3027.599	3242.154	3178.050	1.077	1.066	1.068
415	3111.709	2978.004	3232.177	3074.235	1.042	1.031	1.055
416	3105.618	2962.584	3286.369	3093.485	1.049	1.038	1.053
417	3129.623	3041.932	3250.928	3095.416	1.049	1.038	1.061
418	3124.231	3038.365	3277.046	3115.473	1.056	1.045	1.059
419	3125.955	2949.173	3205.980	3156.475	1.070	1.059	1.060
420	3112.449	3004.802	3247.676	3123.999	1.059	1.048	1.055
421	3131.221	2991.756	3359.562	3102.379	1.052	1.041	1.061
422	3161.638	3016.294	3296.676	3198.862	1.084	1.073	1.072
423	3140.348	3033.894	3233.421	3152.645	1.069	1.057	1.064
424	3171.922	3051.203	3352.065	3137.399	1.063	1.052	1.075
425	3146.802	2995.610	3321.947	3146.678	1.067	1.055	1.067
426	3125.224	3063.297	3211.177	3113.537	1.055	1.044	1.059
427	3148.684	3016.952	3240.671	3151.385	1.068	1.057	1.067
428	3203.207	3020.158	3471.316	3163.803	1.072	1.061	1.086
429	3184.944	3105.220	3278.844	3188.881	1.081	1.070	1.080
430	3161.845	3054.555	3306.989	3179.340	1.078	1.066	1.072
431	3117.981	3035.071	3235.150	3125.169	1.059	1.048	1.057
432	3146.311	3065.537	3214.229	3153.119	1.069	1.058	1.066
433	3158.468	3047.672	3246.464	3153.193	1.069	1.058	1.071
434	3162.239	3006.725	3327.468	3148.403	1.067	1.056	1.072
435	3174.627	3087.795	3287.101	3155.877	1.070	1.058	1.076
436	3204.930	3127.927	3439.642	3183.310	1.079	1.068	1.086
437	3163.940	3059.482	3241.408	3166.682	1.073	1.062	1.072
438	3138.655	3063.432	3268.395	3119.051	1.057	1.046	1.064
439	3139.798	3052.058	3243.590	3130.396	1.061	1.050	1.064
440	3165.819	3020.817	3266.155	3182.219	1.079	1.067	1.073
441	3191.426	3102.615	3315.735	3180.377	1.078	1.067	1.082
442	3170.190	3097.968	3275.430	3172.966	1.075	1.064	1.075
443	3202.733	3140.076	3308.847	3170.173	1.075	1.063	1.086
444	3147.195	3062.487	3221.321	3161.814	1.072	1.060	1.067
445	3169.668	3133.233	3223.806	3162.036	1.072	1.061	1.074
446	3196.089	3092.413	3288.769	3199.840	1.085	1.073	1.083
447	3181.617	2984.191	3283.586	3175.205	1.076	1.065	1.078
448	3188.610	3078.447	3313.489	3186.382	1.080	1.069	1.081
449	3192.124	3038.664	3382.932	3168.435	1.074	1.063	1.082
450	3142.665	3032.540	3278.265	3134.072	1.062	1.051	1.065
451	3184.709	3083.836	3368.432	3185.591	1.080	1.068	1.079
452	3179.610	3061.060	3313.499	3182.637	1.079	1.067	1.078
453	3192.384	3018.296	3329.091	3206.578	1.087	1.075	1.082
454	3182.109	3035.438	3500.698	3136.172	1.063	1.052	1.079
455	3206.825	3068.605	3311.191	3226.804	1.094	1.082	1.087
456	3155.056	3115.940	3214.838	3153.604	1.069	1.058	1.069
457	3236.496	3006.655	3459.726	3291.152	1.116	1.104	1.097
458	3246.071	3102.423	3376.773	3251.427	1.102	1.091	1.100
459	3192.208	2961.123	3385.771	3199.468	1.084	1.073	1.082
460	3132.222	2980.799	3265.046	3137.782	1.064	1.052	1.062
461	3183.889	3061.339	3331.102	3188.385	1.081	1.069	1.079
462	3215.224	3072.677	3355.357	3215.972	1.090	1.079	1.090
463	3141.807	3057.910	3253.031	3127.385	1.060	1.049	1.065
464	3222.427	3117.507	3378.464	3213.598	1.089	1.078	1.092
465	3159.706	3091.921	3324.324	3113.124	1.055	1.044	1.071
466	3189.600	3072.823	3334.524	3203.469	1.086	1.074	1.081
467	3225.839	3084.510	3331.917	3225.854	1.093	1.082	1.093
468	3136.833	2974.760	3232.892	3143.895	1.066	1.054	1.063
469	3155.381	3053.624	3325.213	3141.544	1.065	1.054	1.070
470	3156.492	2973.667	3302.084	3183.282	1.079	1.068	1.070
471	3223.046	3141.285	3313.786	3213.279	1.089	1.078	1.092
472	3140.634	3008.894	3329.682	3139.839	1.064	1.053	1.065
473	3102.393	2989.932	3252.815	3080.430	1.044	1.033	1.052
474	3171.779	3033.537	3318.055	3205.526	1.087	1.075	1.075
475	3174.296	3065.085	3334.418	3152.069	1.068	1.057	1.076
476	3110.974	2913.893	3315.803	3111.566	1.055	1.044	1.054
477	3169.330	3058.761	3268.469	3193.299	1.082	1.071	1.074
478	3142.141	3028.214	3314.853	3107.485	1.053	1.042	1.065
479	3197.372	2999.597	3384.849	3195.356	1.083	1.072	1.084
480	3198.889	3079.747	3289.164	3204.473	1.086	1.075	1.084
481	3156.542	3072.323	3331.036	3119.058	1.057	1.046	1.070
482	3180.410	3052.331	3553.052	3099.644	1.051	1.040	1.078
483	3134.257	3033.679	3275.693	3120.532	1.058	1.047	1.062
484	3133.088	3009.712	3276.976	3146.093	1.066	1.055	1.062
485	3121.862	3007.610	3202.546	3124.211	1.059	1.048	1.058
486	3208.135	3068.482	3354.298	3198.468	1.084	1.073	1.087
487	3245.269	3016.089	3511.927	3299.981	1.119	1.107	1.100
488	3274.309	3026.307	3463.302	3360.296	1.139	1.127	1.110
489	3253.692	3007.438	3398.666	3286.693	1.114	1.102	1.103
490	3212.032	2978.958	3396.886	3227.660	1.094	1.083	1.089
491	3267.304	2917.208	3488.924	3333.443	1.130	1.118	1.107
492	3190.704	2958.611	3460.464	3210.691	1.088	1.077	1.081
493	3154.194	3061.750	3262.309	3156.127	1.070	1.059	1.069
494	3240.591	2994.431	3399.528	3243.806	1.099	1.088	1.098
495	3204.233	3082.172	3333.987	3214.226	1.089	1.078	1.086
496	3207.794	2965.716	3443.842	3194.823	1.083	1.072	1.087
497	3182.591	3053.583	3345.144	3189.747	1.081	1.070	1.079
498	3251.384	3104.105	3456.192	3256.758	1.104	1.092	1.102
499	3200.659	3039.190	3310.222	3233.884	1.096	1.085	1.085
500	3211.218	3012.407	3559.580	3137.895	1.064	1.052	1.088
501	3318.120	3100.339	3545.975	3326.708	1.128	1.116	1.125
502	3256.565	3079.848	3416.778	3289.405	1.115	1.103	1.104
503	3273.100	3012.960	3453.227	3310.489	1.122	1.110	1.109
504	3250.063	3023.474	3501.237	3266.366	1.107	1.096	1.102
505	3286.630	3002.912	3559.246	3271.829	1.109	1.097	1.114
506	3259.600	3067.421	3525.156	3241.235	1.099	1.087	1.105
507	3274.452	3073.228	3522.308	3236.458	1.097	1.086	1.110
508	3252.150	3024.745	3425.734	3263.474	1.106	1.095	1.102
509	3221.486	3063.921	3413.934	3199.989	1.085	1.073	1.092
510	3224.372	3049.585	3421.766	3217.195	1.090	1.079	1.093
511	3249.544	3079.045	3408.451	3275.491	1.110	1.099	1.101
512	3295.726	3036.595	3470.268	3313.639	1.123	1.111	1.117
513	3330.385	3116.706	3547.800	3317.718	1.125	1.113	1.129
514	3174.872	2960.525	3439.242	3137.458	1.063	1.052	1.076
515	3232.471	3037.243	3452.934	3245.335	1.100	1.088	1.096
516	3262.775	3043.477	3457.107	3271.765	1.109	1.097	1.106
517	3272.367	3079.852	3734.002	3219.780	1.091	1.080	1.109
518	3263.115	2909.586	3616.991	3291.801	1.116	1.104	1.106
519	3266.960	3039.908	3413.042	3287.394	1.114	1.103	1.107
520	3256.803	3043.898	3514.937	3235.195	1.097	1.085	1.104
521	3243.189	2983.703	3466.927	3231.036	1.095	1.084	1.099
522	3219.991	3042.412	3450.683	3219.628	1.091	1.080	1.091
523	3263.303	3011.213	3568.761	3228.539	1.094	1.083	1.106
524	3224.397	3036.549	3427.228	3222.332	1.092	1.081	1.093
525	3228.036	3081.842	3388.127	3245.762	1.100	1.089	1.094
526	3319.159	3110.799	3475.012	3305.399	1.120	1.109	1.125
527	3405.670	3119.220	3565.331	3473.512	1.177	1.165	1.154
528	3385.800	3148.432	3641.664	3355.987	1.138	1.126	1.148
529	3484.151	3206.386	3787.013	3472.672	1.177	1.165	1.181
530	3494.600	3203.935	3818.365	3480.137	1.180	1.167	1.184
531	3418.470	3165.268	3694.233	3462.629	1.174	1.161	1.159
532	3386.167	3058.774	3562.675	3430.197	1.163	1.150	1.148
533	3363.890	3012.490	3596.212	3428.312	1.162	1.150	1.140
534	3466.842	3154.367	3709.104	3497.316	1.185	1.173	1.175
535	3409.669	3003.071	3828.669	3432.669	1.163	1.151	1.156
536	3563.491	3225.869	4067.391	3511.906	1.190	1.178	1.208
537	3457.651	3282.850	3726.532	3421.270	1.160	1.147	1.172
538	3381.384	3137.621	3646.030	3356.821	1.138	1.126	1.146
539	3417.311	3025.512	3828.923	3468.379	1.176	1.163	1.158
540	3443.683	3113.862	3810.233	3481.814	1.180	1.168	1.167
541	3357.189	3057.329	3605.450	3358.122	1.138	1.126	1.138
542	3431.317	3013.141	4180.566	3480.245	1.180	1.167	1.163
543	3422.458	3194.183	3713.452	3403.416	1.154	1.142	1.160
544	3452.631	3149.072	3709.145	3496.957	1.185	1.173	1.170
545	3442.373	3159.970	3793.990	3473.581	1.177	1.165	1.167
546	3493.312	3186.090	3938.635	3513.700	1.191	1.179	1.184
547	3381.892	3118.338	3630.730	3407.965	1.155	1.143	1.146
548	3323.463	3105.644	3489.039	3350.141	1.136	1.124	1.126
549	3352.168	3118.654	3643.860	3383.180	1.147	1.135	1.136
550	3371.122	3132.714	3639.339	3379.188	1.145	1.133	1.143
551	3334.749	3096.562	3687.591	3255.596	1.103	1.092	1.130
552	3357.555	3160.872	3639.456	3294.487	1.117	1.105	1.138
553	3342.673	3064.198	3701.638	3292.381	1.116	1.104	1.133
554	3333.845	3202.637	3508.511	3314.882	1.124	1.112	1.130
555	3373.886	3285.494	3525.916	3365.512	1.141	1.129	1.144
556	3337.756	3186.507	3586.143	3327.698	1.128	1.116	1.131
557	3297.795	3115.866	3464.359	3291.779	1.116	1.104	1.118
558	3292.172	3135.387	3413.940	3319.955	1.125	1.114	1.116
559	3284.254	3189.677	3421.813	3270.305	1.108	1.097	1.113
560	3269.476	3184.439	3397.697	3262.937	1.106	1.094	1.108
561	3284.124	3111.820	3420.987	3276.232	1.110	1.099	1.113
562	3268.467	2996.864	3469.308	3277.306	1.111	1.099	1.108
563	3255.607	3122.997	3477.457	3240.171	1.098	1.087	1.103
564	3221.261	3037.753	3372.392	3217.428	1.091	1.079	1.092
565	3227.624	3090.192	3367.006	3238.153	1.098	1.086	1.094
566	3166.568	3051.100	3313.547	3148.234	1.067	1.056	1.073
567	3228.175	3034.001	3317.022	3268.224	1.108	1.096	1.094
568	3194.750	3047.571	3338.816	3200.547	1.085	1.073	1.083
569	3236.752	3124.524	3341.115	3230.290	1.095	1.083	1.097
570	3262.363	3097.212	3393.538	3304.491	1.120	1.108	1.106
571	3299.327	3166.570	3629.292	3244.666	1.100	1.088	1.118
572	3208.300	3041.424	3392.950	3195.774	1.083	1.072	1.087
573	3170.354	3073.343	3250.867	3165.949	1.073	1.062	1.075
574	3182.957	3063.891	3314.751	3203.334	1.086	1.074	1.079
575	3223.238	3148.742	3276.427	3228.011	1.094	1.083	1.093
576	3242.224	3095.997	3428.089	3234.762	1.096	1.085	1.099
577	3251.485	3160.724	3365.425	3251.806	1.102	1.091	1.102
578	3171.531	3105.539	3233.824	3181.859	1.078	1.067	1.075
579	3116.599	2963.328	3278.291	3149.595	1.068	1.056	1.056
580	3123.355	3012.631	3220.009	3128.417	1.060	1.049	1.059
581	3218.487	3095.632	3440.754	3167.609	1.074	1.062	1.091
582	3227.919	3072.690	3345.898	3237.510	1.097	1.086	1.094
583	3208.975	3051.993	3407.562	3186.985	1.080	1.069	1.088
584	3167.536	2824.849	3397.617	3175.417	1.076	1.065	1.074
585	3171.933	3033.993	3307.082	3167.837	1.074	1.062	1.075
586	3168.403	2969.794	3344.121	3171.870	1.075	1.064	1.074
587	3212.915	3091.939	3345.771	3194.255	1.083	1.071	1.089
588	3207.333	3124.745	3267.511	3215.944	1.090	1.079	1.087
589	3149.705	3012.502	3281.332	3143.024	1.065	1.054	1.068
590	3144.858	3013.249	3269.322	3153.480	1.069	1.058	1.066
591	3159.634	3096.047	3231.279	3158.246	1.070	1.059	1.071
592	3174.216	3086.078	3305.617	3172.266	1.075	1.064	1.076
593	3117.110	3014.801	3222.038	3104.007	1.052	1.041	1.057
594	3135.945	2927.747	3302.844	3137.276	1.063	1.052	1.063
595	3124.535	3019.587	3275.803	3105.314	1.053	1.042	1.059
596	3206.524	3044.472	3361.050	3225.969	1.093	1.082	1.087
597	3165.861	3006.917	3368.773	3171.375	1.075	1.064	1.073
598	3097.688	2942.530	3224.452	3129.365	1.061	1.050	1.050
599	3157.698	3086.165	3233.924	3177.312	1.077	1.066	1.070
600	3174.423	3071.476	3326.490	3142.682	1.065	1.054	1.076
601	3176.439	3104.117	3278.549	3159.665	1.071	1.060	1.077
602	3154.965	3068.755	3319.716	3144.756	1.066	1.055	1.069
603	3144.663	2996.438	3279.263	3161.848	1.072	1.060	1.066
604	3140.684	3021.386	3259.197	3142.632	1.065	1.054	1.065
605	3136.354	3033.354	3281.827	3125.291	1.059	1.048	1.063
606	3147.965	3037.856	3342.667	3140.375	1.064	1.053	1.067
607	3109.662	2888.359	3222.273	3127.407	1.060	1.049	1.054
608	3153.366	3048.405	3287.195	3165.502	1.073	1.062	1.069
609	3129.147	2975.462	3224.881	3134.382	1.062	1.051	1.061
610	3115.683	2962.281	3215.367	3110.193	1.054	1.043	1.056
611	3118.625	3022.427	3284.598	3099.627	1.051	1.040	1.057
612	3112.001	2957.534	3291.273	3084.215	1.045	1.034	1.055
613	3090.590	2985.905	3232.268	3077.654	1.043	1.032	1.048
614	3156.142	3075.148	3261.846	3148.972	1.067	1.056	1.070
615	3194.809	3058.209	3351.773	3199.758	1.085	1.073	1.083
616	3174.031	3036.389	3315.126	3166.830	1.073	1.062	1.076
617	3142.855	3022.015	3242.825	3130.685	1.061	1.050	1.065
618	3087.252	3028.749	3144.048	3095.965	1.049	1.038	1.046
619	3126.949	2996.264	3207.412	3148.554	1.067	1.056	1.060
620	3151.143	3014.914	3234.152	3158.156	1.070	1.059	1.068
621	3176.482	3050.172	3339.131	3187.130	1.080	1.069	1.077
622	3117.076	2958.356	3239.643	3119.738	1.057	1.046	1.057
623	3099.655	2904.499	3259.646	3084.977	1.046	1.035	1.051
624	3135.673	2902.551	3344.179	3161.063	1.071	1.060	1.063
625	3102.321	2954.170	3212.034	3108.669	1.054	1.043	1.052
626	3086.666	2908.858	3180.728	3124.259	1.059	1.048	1.046
627	3105.074	2979.269	3199.305	3125.378	1.059	1.048	1.052
628	3137.038	3051.470	3255.218	3121.047	1.058	1.047	1.063
629	3090.839	2846.562	3257.924	3067.614	1.040	1.029	1.048
630	3142.317	3035.998	3287.925	3118.561	1.057	1.046	1.065
631	3149.644	3087.922	3211.974	3151.422	1.068	1.057	1.068
632	3095.511	2967.319	3191.042	3098.806	1.050	1.039	1.049
633	3078.589	2979.616	3168.703	3080.936	1.044	1.033	1.043
634	3097.836	2960.135	3228.205	3088.967	1.047	1.036	1.050
635	3108.458	3008.528	3197.158	3098.571	1.050	1.039	1.054
636	3089.918	2992.358	3192.711	3086.783	1.046	1.035	1.047
637	3123.441	3013.191	3245.165	3113.823	1.055	1.044	1.059
638	3122.923	2928.611	3318.541	3137.121	1.063	1.052	1.059
639	3132.177	2998.854	3226.655	3127.782	1.060	1.049	1.062
640	3144.118	3025.395	3247.062	3150.910	1.068	1.057	1.066
641	3188.918	2984.352	3335.787	3203.783	1.086	1.075	1.081
642	3177.518	3062.639	3319.458	3186.171	1.080	1.069	1.077
643	3083.713	2969.723	3151.286	3097.914	1.050	1.039	1.045
644	3085.889	3000.521	3192.069	3077.586	1.043	1.032	1.046
645	3108.518	2980.934	3321.031	3088.767	1.047	1.036	1.054
646	3098.593	3003.986	3326.502	3076.145	1.043	1.032	1.050
647	3125.612	3016.625	3196.731	3153.167	1.069	1.058	1.059
648	3142.243	3051.292	3213.341	3154.878	1.069	1.058	1.065
649	3150.917	3053.794	3228.366	3184.205	1.079	1.068	1.068
650	3178.079	3023.156	3343.123	3192.442	1.082	1.071	1.077
651	3150.192	3014.269	3242.610	3157.799	1.070	1.059	1.068
652	3145.960	3081.787	3255.277	3120.226	1.058	1.047	1.066
653	3194.298	2999.723	3313.645	3195.083	1.083	1.072	1.083
654	3210.556	3118.605	3369.540	3172.021	1.075	1.064	1.088
655	3178.419	3032.316	3361.916	3151.945	1.068	1.057	1.077
656	3199.597	3098.062	3341.334	3184.854	1.080	1.068	1.084
657	3178.488	3037.089	3326.548	3194.291	1.083	1.071	1.077
658	3149.244	3046.086	3322.702	3127.745	1.060	1.049	1.067
659	3151.484	3067.319	3271.910	3151.730	1.068	1.057	1.068
660	3146.796	3079.919	3203.758	3149.253	1.067	1.056	1.067
661	3152.485	3060.296	3313.776	3136.968	1.063	1.052	1.069
662	3204.438	3107.857	3328.794	3156.282	1.070	1.059	1.086
663	3144.770	3019.541	3273.514	3116.623	1.056	1.045	1.066
664	3178.469	3026.076	3286.453	3198.189	1.084	1.073	1.077
665	3199.731	3092.766	3276.289	3190.808	1.082	1.070	1.085
666	3122.822	3047.414	3188.099	3128.326	1.060	1.049	1.058
667	3124.671	3021.143	3208.378	3122.802	1.058	1.047	1.059
668	3107.045	2961.909	3213.782	3116.358	1.056	1.045	1.053
669	3133.593	2996.912	3205.635	3133.462	1.062	1.051	1.062
670	3157.301	3039.163	3309.543	3144.417	1.066	1.055	1.070
671	3149.246	3032.562	3292.266	3139.001	1.064	1.053	1.067
672	3140.215	3030.344	3287.254	3110.812	1.054	1.043	1.064
673	3136.220	2878.383	3291.916	3152.582	1.069	1.057	1.063
674	3141.835	3079.961	3217.157	3141.432	1.065	1.054	1.065
675	3102.848	3067.365	3175.956	3086.929	1.046	1.035	1.052
676	3112.413	3022.792	3208.653	3123.098	1.059	1.047	1.055
677	3121.971	3049.452	3191.534	3135.758	1.063	1.052	1.058
678	3141.039	3072.171	3221.795	3141.474	1.065	1.054	1.065
679	3144.268	3061.877	3238.740	3143.108	1.065	1.054	1.066
680	3186.787	3009.161	3303.202	3213.871	1.089	1.078	1.080
681	3186.155	2960.375	3376.162	3166.138	1.073	1.062	1.080
682	3198.258	3089.477	3361.292	3193.527	1.082	1.071	1.084
683	3202.317	3109.317	3314.925	3190.522	1.081	1.070	1.085
684	3137.168	3076.068	3284.345	3109.251	1.054	1.043	1.063
685	3195.744	3029.309	3352.748	3187.263	1.080	1.069	1.083
686	3264.061	3109.688	3424.425	3282.889	1.113	1.101	1.106
687	3190.707	3082.678	3258.103	3190.583	1.081	1.070	1.081
688	3188.285	3103.260	3361.259	3173.075	1.076	1.064	1.081
689	3176.791	3052.636	3314.984	3191.399	1.082	1.070	1.077
690	3195.196	3020.558	3329.367	3217.026	1.090	1.079	1.083
691	3223.294	3155.574	3290.832	3223.736	1.093	1.081	1.093
692	3303.536	3134.854	3441.484	3312.666	1.123	1.111	1.120
693	3346.895	3187.345	3485.200	3353.165	1.137	1.125	1.134
694	3358.203	3190.522	3456.816	3361.948	1.140	1.128	1.138
695	3362.472	3336.200	3404.629	3367.550	1.141	1.129	1.140
696	3290.426	3086.553	3411.539	3333.213	1.130	1.118	1.115
697	3259.528	3065.929	3488.179	3276.173	1.110	1.099	1.105
698	3247.832	3124.355	3325.594	3264.241	1.106	1.095	1.101
699	3286.621	3146.220	3454.945	3284.142	1.113	1.102	1.114
700	3359.717	3185.865	3592.389	3351.648	1.136	1.124	1.139
701	3388.258	3272.033	3599.641	3350.670	1.136	1.124	1.148
702	3329.157	3197.515	3533.927	3312.267	1.123	1.111	1.128
703	3267.283	3167.522	3384.232	3260.877	1.105	1.094	1.107
704	3353.906	3167.701	3703.110	3327.666	1.128	1.116	1.137
705	3324.511	3225.776	3496.915	3299.296	1.118	1.107	1.127
706	3289.748	3171.492	3464.748	3265.804	1.107	1.095	1.115
707	3367.756	3211.469	3514.585	3363.052	1.140	1.128	1.141
708	3363.684	3153.050	3571.221	3349.826	1.135	1.124	1.140
709	3296.493	3097.951	3459.743	3346.385	1.134	1.122	1.117
710	3335.774	3073.745	3622.156	3310.786	1.122	1.110	1.131
711	3309.146	3034.014	3480.499	3312.595	1.123	1.111	1.122
712	3352.235	3220.115	3543.981	3347.502	1.135	1.123	1.136
713	3313.685	3157.176	3446.338	3303.541	1.120	1.108	1.123
714	3392.761	3135.600	3687.232	3397.419	1.152	1.139	1.150
715	3400.158	3234.173	3654.282	3383.991	1.147	1.135	1.152
716	3400.070	3163.441	3557.515	3422.296	1.160	1.148	1.152
717	3366.916	3107.406	3618.454	3321.746	1.126	1.114	1.141
718	3307.187	3121.640	3483.366	3314.503	1.123	1.112	1.121
719	3363.346	3217.662	3522.064	3365.981	1.141	1.129	1.140
720	3439.421	3237.758	3676.526	3486.919	1.182	1.170	1.166
721	3510.386	3335.064	3682.790	3501.653	1.187	1.174	1.190
722	3598.822	3331.105	3863.531	3601.338	1.221	1.208	1.220
723	3633.083	3400.823	4061.353	3562.968	1.208	1.195	1.231
724	3558.297	3190.981	3871.684	3589.862	1.217	1.204	1.206
725	3483.766	3197.879	3903.986	3488.233	1.182	1.170	1.181
726	3456.019	3296.889	3624.309	3448.050	1.169	1.156	1.171
727	3452.990	3376.580	3669.878	3436.437	1.165	1.153	1.170
728	3372.694	3246.020	3511.908	3353.364	1.137	1.125	1.143
729	3352.101	3284.430	3412.575	3349.113	1.135	1.123	1.136
730	3388.286	3231.557	3586.365	3359.038	1.139	1.127	1.148
731	3371.794	3243.051	3554.753	3357.029	1.138	1.126	1.143
732	3312.557	3183.056	3515.065	3293.915	1.116	1.105	1.123
733	3341.700	3195.357	3787.187	3267.975	1.108	1.096	1.133
734	3286.555	3144.898	3394.377	3304.573	1.120	1.108	1.114
735	3365.440	3171.859	3472.794	3383.610	1.147	1.135	1.141
736	3317.758	3142.340	3563.095	3297.039	1.118	1.106	1.125
737	3451.418	3236.982	3785.639	3417.230	1.158	1.146	1.170
738	3499.659	3346.524	3807.533	3437.200	1.165	1.153	1.186
739	3388.842	3193.906	3476.787	3419.667	1.159	1.147	1.149
740	3450.214	3190.611	3846.088	3445.506	1.168	1.156	1.169
741	3482.468	3334.698	3586.788	3479.752	1.179	1.167	1.180
742	3409.903	3216.123	3597.951	3428.131	1.162	1.150	1.156
743	3435.970	3262.326	3585.065	3431.485	1.163	1.151	1.165
744	3445.264	3303.315	3605.491	3426.868	1.162	1.149	1.168
745	3405.238	3243.738	3575.223	3399.226	1.152	1.140	1.154
746	3356.368	3154.251	3587.939	3368.402	1.142	1.130	1.138
747	3404.659	3219.098	3696.663	3336.665	1.131	1.119	1.154
748	3400.827	3251.412	3564.144	3352.206	1.136	1.124	1.153
749	3299.420	3211.474	3408.563	3318.899	1.125	1.113	1.118
750	3368.171	3304.235	3589.712	3345.400	1.134	1.122	1.142
751	3434.046	3276.254	3520.500	3457.024	1.172	1.159	1.164
752	3382.684	3289.877	3525.413	3357.064	1.138	1.126	1.147
753	3392.491	3228.259	3544.573	3378.824	1.145	1.133	1.150
754	3416.489	3317.089	3617.419	3382.077	1.146	1.134	1.158
755	3367.587	3208.429	3566.010	3370.973	1.143	1.131	1.141
756	3319.056	3169.566	3480.069	3291.410	1.116	1.104	1.125
757	3396.134	3148.599	3550.606	3421.235	1.160	1.147	1.151
758	3407.186	3246.790	3697.685	3372.888	1.143	1.131	1.155
759	3433.896	3201.430	3673.123	3425.255	1.161	1.149	1.164
760	3380.009	3272.131	3609.111	3346.067	1.134	1.122	1.146
761	3287.680	3074.827	3470.053	3272.969	1.109	1.098	1.114
762	3277.159	3166.366	3436.563	3272.646	1.109	1.098	1.111
763	3238.158	3109.552	3348.260	3250.425	1.102	1.090	1.098
764	3294.352	3108.176	3471.521	3309.368	1.122	1.110	1.117
765	3310.298	3013.738	3515.300	3327.477	1.128	1.116	1.122
766	3303.346	3205.660	3498.003	3294.285	1.117	1.105	1.120
767	3357.779	3227.072	3504.411	3342.348	1.133	1.121	1.138
768	3289.525	3061.013	3557.131	3276.431	1.111	1.099	1.115
769	3255.370	3046.515	3403.639	3267.577	1.108	1.096	1.103
770	3186.996	3002.608	3347.580	3184.983	1.080	1.068	1.080
771	3208.737	3107.518	3372.149	3195.523	1.083	1.072	1.088
772	3244.549	3165.779	3329.190	3232.635	1.096	1.084	1.100
773	3276.213	3200.339	3396.661	3252.807	1.103	1.091	1.110
774	3300.475	3086.963	3448.093	3306.310	1.121	1.109	1.119
775	3267.219	3055.987	3427.769	3284.468	1.113	1.102	1.107
776	3321.445	3124.647	3497.399	3335.634	1.131	1.119	1.126
777	3311.882	3201.526	3428.275	3319.972	1.125	1.114	1.123
778	3344.397	3168.799	3660.761	3319.078	1.125	1.113	1.134
779	3402.424	3324.833	3532.106	3387.115	1.148	1.136	1.153
780	3426.464	3133.583	3725.564	3440.126	1.166	1.154	1.161
781	3385.901	3231.571	3585.700	3346.956	1.134	1.123	1.148
782	3373.299	3192.193	3641.553	3373.543	1.143	1.131	1.143
783	3356.205	3285.482	3473.664	3332.826	1.130	1.118	1.138
784	3368.731	3110.985	3481.990	3385.103	1.147	1.135	1.142
785	3371.375	3229.467	3488.760	3385.974	1.148	1.136	1.143
786	3376.460	3226.600	3641.636	3357.115	1.138	1.126	1.144
787	3293.204	3195.891	3541.056	3270.656	1.109	1.097	1.116
788	3327.928	3198.338	3499.056	3321.852	1.126	1.114	1.128
789	3405.625	3219.226	3558.941	3420.022	1.159	1.147	1.154
790	3347.193	3200.419	3483.029	3336.222	1.131	1.119	1.135
791	3386.616	3204.350	3520.236	3381.396	1.146	1.134	1.148
792	3352.694	3161.212	3456.988	3362.432	1.140	1.128	1.136
793	3353.480	3087.280	3570.005	3370.582	1.142	1.130	1.137
794	3363.904	3231.046	3545.975	3327.982	1.128	1.116	1.140
795	3367.233	3289.527	3494.101	3360.681	1.139	1.127	1.141
796	3352.796	3192.873	3440.140	3376.182	1.144	1.132	1.136
797	3333.554	3160.071	3524.453	3340.537	1.132	1.120	1.130
798	3442.438	3135.919	3593.320	3459.510	1.173	1.160	1.167
799	3468.179	3148.256	3689.410	3459.905	1.173	1.160	1.176
800	3505.791	3241.083	3857.475	3456.042	1.171	1.159	1.188
801	3540.820	3253.843	3979.101	3476.881	1.178	1.166	1.200
802	3518.642	3222.019	3808.064	3514.329	1.191	1.179	1.193
803	3455.004	3328.529	3622.639	3437.568	1.165	1.153	1.171
804	3364.385	3169.144	3508.109	3386.989	1.148	1.136	1.140
805	3280.242	3083.969	3436.140	3308.445	1.121	1.110	1.112
806	3307.529	3102.111	3452.672	3315.104	1.124	1.112	1.121
807	3255.686	3117.352	3394.072	3247.681	1.101	1.089	1.104
808	3226.454	3017.129	3434.979	3224.977	1.093	1.082	1.094
809	3270.269	3108.314	3468.223	3258.126	1.104	1.093	1.108
810	3281.064	3133.624	3508.662	3311.867	1.123	1.111	1.112
811	3323.859	3202.779	3454.295	3293.258	1.116	1.105	1.127
812	3344.814	3205.446	3478.423	3375.129	1.144	1.132	1.134
813	3278.194	3113.413	3523.465	3290.221	1.115	1.104	1.111
814	3352.121	3266.194	3438.074	3343.409	1.133	1.121	1.136
815	3369.204	3258.814	3528.382	3338.992	1.132	1.120	1.142
816	3334.390	3111.558	3500.081	3335.912	1.131	1.119	1.130
817	3406.483	3291.888	3518.391	3394.949	1.151	1.139	1.155
818	3367.192	3215.594	3546.050	3374.680	1.144	1.132	1.141
819	3426.646	3315.902	3552.153	3448.365	1.169	1.157	1.161
820	3374.500	3253.838	3622.432	3349.338	1.135	1.123	1.144
821	3407.772	3326.422	3557.117	3395.467	1.151	1.139	1.155
822	3473.338	3326.825	3632.867	3500.485	1.186	1.174	1.177
823	3469.667	3303.177	3674.062	3438.671	1.166	1.153	1.176
824	3490.104	3363.846	3723.068	3468.156	1.176	1.163	1.183
825	3371.778	3283.035	3462.158	3371.817	1.143	1.131	1.143
826	3384.835	3280.748	3596.346	3359.663	1.139	1.127	1.147
827	3345.234	3264.199	3518.740	3321.857	1.126	1.114	1.134
828	3397.626	3280.841	3639.890	3369.327	1.142	1.130	1.152
829	3356.003	3287.069	3447.315	3369.553	1.142	1.130	1.138
830	3312.009	3145.229	3431.513	3362.904	1.140	1.128	1.123
831	3331.007	3185.999	3455.088	3309.065	1.122	1.110	1.129
832	3359.544	3252.462	3452.355	3379.771	1.146	1.134	1.139
833	3338.839	3205.826	3455.541	3349.047	1.135	1.123	1.132
834	3319.618	3133.655	3490.821	3323.500	1.126	1.115	1.125
835	3388.335	3170.149	3781.557	3330.881	1.129	1.117	1.148
836	3353.508	3147.828	3512.537	3346.822	1.134	1.123	1.137
837	3423.812	3270.880	3567.716	3412.905	1.157	1.145	1.160
838	3543.994	3329.154	3811.965	3566.907	1.209	1.196	1.201
839	3592.114	3215.094	3916.527	3565.259	1.208	1.196	1.218
840	3530.972	3229.917	3917.764	3474.045	1.178	1.165	1.197
841	3540.891	3247.816	3912.752	3489.362	1.183	1.170	1.200
842	3426.593	3267.302	3528.834	3433.637	1.164	1.152	1.161
843	3335.843	3143.179	3689.515	3321.268	1.126	1.114	1.131
844	3313.874	3104.098	3472.852	3322.368	1.126	1.114	1.123
845	3324.114	3182.831	3469.385	3347.543	1.135	1.123	1.127
846	3284.878	3191.428	3371.153	3278.027	1.111	1.099	1.113
847	3286.274	3159.132	3408.349	3279.827	1.112	1.100	1.114
848	3330.403	3187.675	3425.215	3332.371	1.130	1.118	1.129
849	3332.143	3229.768	3528.139	3315.275	1.124	1.112	1.129
850	3274.021	3072.685	3482.510	3231.828	1.095	1.084	1.110
851	3301.073	3048.276	3593.382	3266.807	1.107	1.096	1.119
852	3367.841	3127.699	3626.333	3356.639	1.138	1.126	1.142
853	3372.339	3206.780	3521.082	3390.224	1.149	1.137	1.143
854	3315.683	3111.734	3427.271	3346.352	1.134	1.122	1.124
855	3268.147	3030.783	3485.728	3273.777	1.110	1.098	1.108
856	3301.744	3133.766	3485.917	3312.777	1.123	1.111	1.119
857	3293.053	3175.891	3476.229	3251.579	1.102	1.091	1.116
858	3302.135	3128.530	3429.492	3294.884	1.117	1.105	1.119
859	3352.340	3135.773	3599.128	3366.372	1.141	1.129	1.136
860	3397.248	3028.231	3685.052	3495.185	1.185	1.172	1.151
861	3356.387	2946.373	3592.229	3409.985	1.156	1.144	1.138
862	3431.445	3253.653	3717.301	3457.956	1.172	1.160	1.163
863	3395.501	3130.138	3657.603	3424.859	1.161	1.149	1.151
864	3363.001	3185.823	3638.761	3359.309	1.139	1.127	1.140
865	3271.646	2999.156	3502.619	3298.739	1.118	1.106	1.109
866	3250.045	3018.120	3437.728	3316.792	1.124	1.112	1.102
867	3256.769	3097.574	3402.650	3266.033	1.107	1.095	1.104
868	3279.866	3136.266	3491.891	3253.111	1.103	1.091	1.112
869	3276.677	3161.636	3409.475	3277.085	1.111	1.099	1.111
870	3273.263	3187.412	3326.332	3267.999	1.108	1.096	1.109
871	3315.156	3209.344	3622.161	3312.099	1.123	1.111	1.124
872	3279.750	3193.096	3424.827	3220.883	1.092	1.080	1.112
873	3288.276	3171.445	3413.063	3291.224	1.116	1.104	1.115
874	3288.993	3181.888	3411.697	3279.169	1.111	1.100	1.115
875	3365.713	3132.511	3585.207	3364.670	1.140	1.129	1.141
876	3373.753	3240.048	3581.318	3343.986	1.133	1.122	1.144
877	3395.289	3161.448	3538.939	3453.245	1.170	1.158	1.151
878	3433.821	3258.657	3768.847	3422.889	1.160	1.148	1.164
879	3414.435	3173.257	3633.392	3419.914	1.159	1.147	1.157
880	3470.618	3197.805	3739.906	3444.646	1.168	1.155	1.176
881	3482.220	3158.803	3752.834	3440.106	1.166	1.154	1.180
882	3513.244	3197.033	3839.495	3494.380	1.184	1.172	1.191
883	3420.778	3239.083	3654.502	3411.676	1.156	1.144	1.159
884	3379.009	3248.136	3573.354	3401.344	1.153	1.141	1.145
885	3483.923	3340.042	3645.837	3490.398	1.183	1.171	1.181
886	3489.722	3300.397	3663.325	3501.364	1.187	1.174	1.183
887	3465.737	3300.717	3625.063	3476.662	1.178	1.166	1.175
888	3472.236	3288.287	3639.311	3472.033	1.177	1.165	1.177
889	3503.984	3272.352	3759.407	3486.664	1.182	1.169	1.188
890	3542.655	3278.252	3880.305	3534.464	1.198	1.185	1.201
891	3504.651	3229.767	3682.918	3538.107	1.199	1.187	1.188
892	3541.436	3380.422	3739.096	3533.862	1.198	1.185	1.200
893	3555.663	3222.675	3841.234	3575.567	1.212	1.199	1.205
894	3660.003	3243.933	3892.524	3754.537	1.273	1.259	1.241
895	3670.206	3423.970	4169.214	3612.788	1.225	1.212	1.244
896	3658.068	3457.213	3912.033	3640.345	1.234	1.221	1.240
897	3767.867	3282.885	4049.227	3793.268	1.286	1.272	1.277
898	3751.710	3376.573	3969.989	3781.647	1.282	1.268	1.272
899	3651.167	3221.013	4170.307	3636.568	1.233	1.220	1.238
900	3665.910	3476.658	3829.225	3685.273	1.249	1.236	1.243
901	3534.245	3316.486	3655.071	3536.415	1.199	1.186	1.198
902	3476.406	3269.850	3590.000	3511.185	1.190	1.178	1.178
903	3414.473	3137.199	3584.525	3437.853	1.165	1.153	1.157
904	3329.352	3145.512	3516.191	3338.378	1.132	1.120	1.128
905	3414.252	3169.972	3709.167	3426.650	1.161	1.149	1.157
906	3392.830	3162.789	3567.103	3358.318	1.138	1.126	1.150
907	3372.869	3182.480	3515.092	3331.170	1.129	1.117	1.143
908	3316.756	3221.881	3532.733	3288.331	1.115	1.103	1.124
909	3347.176	3205.761	3618.072	3345.197	1.134	1.122	1.135
910	3286.632	3172.596	3536.584	3253.659	1.103	1.091	1.114
911	3320.350	3192.561	3476.922	3308.710	1.121	1.110	1.125
912	3380.085	3237.318	3564.190	3378.534	1.145	1.133	1.146
913	3402.874	3097.959	3633.533	3404.371	1.154	1.142	1.153
914	3504.512	3220.915	3777.140	3508.603	1.189	1.177	1.188
915	3474.732	3208.637	3802.563	3437.896	1.165	1.153	1.178
916	3484.229	3336.149	3690.163	3440.578	1.166	1.154	1.181
917	3434.122	3165.212	3534.329	3437.587	1.165	1.153	1.164
918	3410.688	3329.273	3519.472	3408.610	1.155	1.143	1.156
919	3466.944	3316.278	3604.466	3464.517	1.174	1.162	1.175
920	3515.303	3402.040	3778.534	3488.678	1.182	1.170	1.192
921	3449.112	3354.998	3648.214	3400.896	1.153	1.141	1.169
922	3427.706	3279.398	3726.102	3401.680	1.153	1.141	1.162
923	3417.681	3284.593	3627.189	3417.624	1.158	1.146	1.158
924	3322.169	3165.658	3523.904	3318.589	1.125	1.113	1.126
925	3346.515	3199.012	3469.047	3366.939	1.141	1.129	1.134
926	3345.383	3207.017	3506.695	3351.795	1.136	1.124	1.134
927	3374.529	3087.145	3500.881	3399.546	1.152	1.140	1.144
928	3313.857	3162.225	3431.883	3349.498	1.135	1.123	1.123
929	3369.324	3240.365	3556.116	3376.408	1.144	1.132	1.142
930	3335.088	3229.391	3542.543	3305.255	1.120	1.109	1.130
931	3315.723	3195.307	3451.667	3326.886	1.128	1.116	1.124
932	3366.644	3209.404	3482.499	3334.177	1.130	1.118	1.141
933	3440.831	3287.402	3676.966	3412.519	1.157	1.145	1.166
934	3484.335	3264.244	3909.983	3448.751	1.169	1.157	1.181
935	3462.850	3304.641	3723.311	3434.881	1.164	1.152	1.174
936	3543.543	3313.292	3756.583	3522.828	1.194	1.182	1.201
937	3559.980	3366.096	3736.876	3592.790	1.218	1.205	1.207
938	3512.113	3430.597	3732.510	3489.264	1.183	1.170	1.190
939	3471.895	3332.039	3718.771	3465.418	1.175	1.162	1.177
940	3354.479	3160.599	3592.240	3335.447	1.131	1.119	1.137
941	3373.160	3216.010	3571.796	3345.212	1.134	1.122	1.143
942	3493.256	3232.032	3671.706	3473.845	1.177	1.165	1.184
943	3444.759	3284.993	3636.882	3444.939	1.168	1.155	1.168
944	3423.185	3275.625	3555.237	3422.921	1.160	1.148	1.160
945	3429.495	3251.005	3656.004	3438.749	1.166	1.153	1.162
946	3477.572	3290.104	3638.962	3506.253	1.188	1.176	1.179
947	3670.302	3319.221	3924.878	3746.842	1.270	1.257	1.244
948	3758.515	3323.298	4035.168	3814.478	1.293	1.279	1.274
949	3641.859	3326.414	4158.468	3592.285	1.218	1.205	1.234
950	3509.083	3351.511	3831.446	3440.385	1.166	1.154	1.189
951	3491.286	3310.093	3841.101	3449.324	1.169	1.157	1.183
952	3388.032	3297.053	3590.363	3376.417	1.144	1.132	1.148
953	3384.036	3127.403	3657.741	3381.325	1.146	1.134	1.147
954	3395.486	3144.814	3546.755	3410.461	1.156	1.144	1.151
955	3357.772	3209.966	3679.005	3343.799	1.133	1.122	1.138
956	3337.150	3020.528	3639.359	3359.015	1.139	1.127	1.131
957	3329.078	3226.853	3592.275	3295.083	1.117	1.105	1.128
958	3197.372	2999.597	3384.849	3195.356	1.083	1.072	1.084
959	3197.372	2999.597	3384.849	3195.356	1.083	1.072	1.084
