 	Mean	Min	Max	Median	Max_to_bgmean	Median_to_bgmedian	Mean_to_bgmean
1	3652.863	3507.161	3773.176	3648.740	1.151	1.151	1.152
2	3668.379	3518.268	3805.317	3686.793	1.163	1.163	1.157
3	3612.638	3431.712	3816.916	3643.130	1.149	1.149	1.139
4	3532.967	3338.475	3706.868	3556.103	1.121	1.121	1.114
5	3583.492	3512.961	3714.606	3574.752	1.127	1.127	1.130
6	3638.647	3423.302	3912.632	3590.464	1.132	1.132	1.147
7	3601.101	3433.338	3796.792	3580.895	1.129	1.129	1.136
8	3578.290	3347.142	3757.185	3583.344	1.130	1.130	1.128
9	3548.604	3389.172	3695.801	3563.424	1.124	1.124	1.119
10	3661.421	3561.827	3765.683	3667.401	1.157	1.157	1.155
11	3639.398	3491.057	3773.088	3681.600	1.161	1.161	1.148
12	3563.565	3467.077	3683.280	3545.240	1.118	1.118	1.124
13	3563.228	3463.875	3692.197	3540.189	1.116	1.116	1.124
14	3570.089	3405.383	3766.658	3563.231	1.124	1.124	1.126
15	3576.963	3461.269	3721.457	3559.744	1.123	1.123	1.128
16	3516.614	3386.167	3648.055	3511.847	1.107	1.107	1.109
17	3522.596	3363.249	3664.156	3517.371	1.109	1.109	1.111
18	3598.571	3494.339	3733.237	3572.207	1.127	1.127	1.135
19	3561.224	3427.801	3682.749	3554.998	1.121	1.121	1.123
20	3496.009	3285.226	3668.724	3518.763	1.110	1.110	1.102
21	3559.488	3437.160	3641.084	3556.979	1.122	1.122	1.123
22	3528.441	3372.520	3703.123	3538.753	1.116	1.116	1.113
23	3475.661	3364.532	3685.745	3427.208	1.081	1.081	1.096
24	3508.312	3384.302	3618.077	3502.345	1.104	1.104	1.106
25	3515.510	3357.221	3702.421	3520.849	1.110	1.110	1.109
26	3564.862	3366.809	3753.732	3533.394	1.114	1.114	1.124
27	3537.847	3399.494	3626.844	3541.411	1.117	1.117	1.116
28	3504.552	3408.536	3643.519	3477.306	1.097	1.097	1.105
29	3554.870	3389.847	3741.381	3550.651	1.120	1.120	1.121
30	3570.500	3369.696	3792.055	3586.614	1.131	1.131	1.126
31	3573.374	3336.693	3733.615	3576.385	1.128	1.128	1.127
32	3573.187	3414.155	3698.779	3588.070	1.132	1.132	1.127
33	3574.278	3375.079	3883.989	3559.705	1.123	1.123	1.127
34	3544.636	3495.677	3668.972	3528.374	1.113	1.113	1.118
35	3514.231	3417.780	3642.490	3505.127	1.105	1.105	1.108
36	3510.219	3390.814	3658.175	3511.011	1.107	1.107	1.107
37	3587.774	3438.685	3834.111	3535.524	1.115	1.115	1.131
38	3552.142	3470.004	3684.919	3548.388	1.119	1.119	1.120
39	3561.587	3427.053	3690.997	3581.847	1.130	1.130	1.123
40	3614.713	3476.128	3732.334	3627.246	1.144	1.144	1.140
41	3520.966	3333.093	3648.339	3546.521	1.118	1.118	1.110
42	3506.271	3423.212	3593.651	3495.854	1.102	1.102	1.106
43	3528.861	3321.769	3760.500	3526.267	1.112	1.112	1.113
44	3530.333	3397.302	3688.217	3527.720	1.112	1.112	1.113
45	3548.557	3336.753	3761.086	3545.957	1.118	1.118	1.119
46	3524.624	3418.835	3595.075	3538.802	1.116	1.116	1.112
47	3526.012	3400.900	3692.964	3538.559	1.116	1.116	1.112
48	3557.646	3409.418	3763.010	3532.520	1.114	1.114	1.122
49	3562.238	3437.045	3674.252	3557.227	1.122	1.122	1.123
50	3598.598	3473.773	3795.757	3589.890	1.132	1.132	1.135
51	3512.509	3380.999	3735.149	3476.178	1.096	1.096	1.108
52	3447.744	3361.113	3606.676	3417.466	1.078	1.078	1.087
53	3570.501	3462.935	3856.609	3542.252	1.117	1.117	1.126
54	3557.900	3393.897	3821.691	3509.957	1.107	1.107	1.122
55	3598.978	3405.457	3869.125	3581.289	1.129	1.129	1.135
56	3556.684	3467.166	3694.792	3548.553	1.119	1.119	1.122
57	3605.612	3459.516	3689.781	3599.699	1.135	1.135	1.137
58	3480.325	3401.580	3588.361	3465.028	1.093	1.093	1.098
59	3459.632	3370.683	3609.460	3448.540	1.088	1.088	1.091
60	3475.778	3383.620	3688.572	3438.883	1.084	1.084	1.096
61	3529.624	3392.132	3633.721	3543.939	1.118	1.118	1.113
62	3532.945	3389.736	3675.271	3528.361	1.113	1.113	1.114
63	3494.379	3364.836	3614.705	3499.406	1.104	1.104	1.102
64	3458.486	3329.123	3589.955	3445.686	1.087	1.087	1.091
65	3442.505	3381.778	3534.725	3440.652	1.085	1.085	1.086
66	3422.800	3253.830	3480.704	3454.253	1.089	1.089	1.079
67	3416.821	3299.299	3485.169	3436.425	1.084	1.084	1.078
68	3511.579	3330.415	3729.886	3502.086	1.104	1.104	1.107
69	3508.608	3375.665	3735.466	3488.177	1.100	1.100	1.106
70	3503.029	3373.868	3700.251	3505.867	1.106	1.106	1.105
71	3526.125	3434.630	3686.939	3470.802	1.095	1.095	1.112
72	3555.822	3335.096	3742.516	3529.988	1.113	1.113	1.121
73	3616.860	3482.289	3862.632	3600.616	1.135	1.135	1.141
74	3494.168	3339.804	3636.906	3528.997	1.113	1.113	1.102
75	3531.994	3466.492	3608.317	3531.964	1.114	1.114	1.114
76	3578.865	3470.916	3731.936	3559.716	1.123	1.123	1.129
77	3540.980	3438.948	3661.277	3540.549	1.117	1.117	1.117
78	3562.066	3319.335	3759.907	3600.652	1.135	1.135	1.123
79	3561.748	3417.320	3631.579	3580.604	1.129	1.129	1.123
80	3528.264	3371.961	3653.642	3567.693	1.125	1.125	1.113
81	3521.238	3296.787	3788.529	3525.381	1.112	1.112	1.110
82	3484.035	3381.773	3570.422	3511.362	1.107	1.107	1.099
83	3527.446	3399.916	3646.037	3545.334	1.118	1.118	1.112
84	3590.215	3475.761	3690.404	3593.469	1.133	1.133	1.132
85	3618.445	3538.537	3822.171	3595.583	1.134	1.134	1.141
86	3569.310	3436.080	3702.635	3563.427	1.124	1.124	1.126
87	3634.653	3500.272	3800.863	3601.999	1.136	1.136	1.146
88	3630.792	3419.198	3816.253	3631.098	1.145	1.145	1.145
89	3567.875	3394.695	3731.069	3592.132	1.133	1.133	1.125
90	3530.302	3374.897	3738.243	3486.613	1.100	1.100	1.113
91	3605.396	3419.045	3793.921	3628.256	1.144	1.144	1.137
92	3562.425	3403.177	3712.576	3574.682	1.127	1.127	1.123
93	3552.705	3479.167	3657.906	3542.845	1.117	1.117	1.120
94	3527.096	3401.256	3741.129	3524.138	1.111	1.111	1.112
95	3507.351	3354.344	3661.440	3484.468	1.099	1.099	1.106
96	3477.956	3382.033	3638.277	3460.838	1.091	1.091	1.097
97	3579.031	3445.402	3747.457	3575.232	1.127	1.127	1.129
98	3544.248	3476.103	3633.267	3551.876	1.120	1.120	1.118
99	3569.696	3424.365	3705.842	3552.519	1.120	1.120	1.126
100	3589.473	3451.947	3731.863	3594.317	1.133	1.133	1.132
101	3621.579	3504.835	4100.103	3554.343	1.121	1.121	1.142
102	3512.173	3388.232	3611.952	3514.243	1.108	1.108	1.108
103	3528.915	3389.714	3659.292	3552.074	1.120	1.120	1.113
104	3605.380	3457.142	3782.013	3585.279	1.131	1.131	1.137
105	3557.116	3418.174	3763.004	3520.008	1.110	1.110	1.122
106	3560.351	3301.125	3670.850	3585.989	1.131	1.131	1.123
107	3566.516	3438.673	3707.701	3588.144	1.132	1.132	1.125
108	3545.372	3288.897	3774.378	3575.800	1.128	1.128	1.118
109	3578.720	3433.575	3757.428	3573.513	1.127	1.127	1.129
110	3545.506	3419.727	3764.583	3532.465	1.114	1.114	1.118
111	3541.996	3375.875	3797.042	3546.452	1.118	1.118	1.117
112	3503.101	3388.483	3615.701	3512.018	1.108	1.108	1.105
113	3484.545	3327.126	3551.526	3509.158	1.107	1.107	1.099
114	3544.353	3407.364	3666.324	3532.704	1.114	1.114	1.118
115	3465.930	3292.760	3600.807	3497.597	1.103	1.103	1.093
116	3515.216	3376.598	3702.758	3485.800	1.099	1.099	1.109
117	3548.063	3439.341	3764.650	3536.490	1.115	1.115	1.119
118	3519.190	3352.173	3592.669	3548.256	1.119	1.119	1.110
119	3512.863	3435.773	3590.663	3517.402	1.109	1.109	1.108
120	3591.260	3426.421	3712.634	3580.960	1.129	1.129	1.133
121	3574.294	3422.515	3675.075	3573.308	1.127	1.127	1.127
122	3594.424	3446.353	3722.248	3605.368	1.137	1.137	1.134
123	3601.898	3477.713	3776.115	3589.596	1.132	1.132	1.136
124	3611.029	3386.367	3862.057	3631.713	1.145	1.145	1.139
125	3551.528	3318.442	3885.851	3522.204	1.111	1.111	1.120
126	3542.123	3424.001	3645.198	3552.903	1.120	1.120	1.117
127	3484.158	3336.929	3657.854	3486.069	1.099	1.099	1.099
128	3515.935	3412.895	3705.242	3499.830	1.104	1.104	1.109
129	3533.391	3431.742	3666.193	3539.250	1.116	1.116	1.114
130	3624.422	3468.584	3821.754	3636.031	1.147	1.147	1.143
131	3535.439	3451.397	3646.641	3522.619	1.111	1.111	1.115
132	3559.585	3405.366	3679.028	3566.100	1.125	1.125	1.123
133	3557.491	3346.276	3697.402	3562.198	1.123	1.123	1.122
134	3563.291	3414.433	3836.297	3550.373	1.120	1.120	1.124
135	3535.425	3394.157	3642.282	3519.253	1.110	1.110	1.115
136	3564.264	3454.749	3713.755	3574.366	1.127	1.127	1.124
137	3519.213	3362.772	3665.904	3544.202	1.118	1.118	1.110
138	3548.841	3479.285	3634.775	3534.659	1.115	1.115	1.119
139	3544.913	3423.782	3743.050	3521.810	1.111	1.111	1.118
140	3548.786	3449.052	3678.403	3557.766	1.122	1.122	1.119
141	3528.874	3400.405	3701.521	3531.695	1.114	1.114	1.113
142	3607.775	3457.002	3707.143	3614.732	1.140	1.140	1.138
143	3475.256	3315.203	3659.152	3458.038	1.091	1.091	1.096
144	3536.810	3322.156	3759.249	3525.911	1.112	1.112	1.115
145	3549.238	3381.907	3642.010	3561.774	1.123	1.123	1.119
146	3536.260	3473.748	3603.280	3532.539	1.114	1.114	1.115
147	3561.378	3469.107	3618.180	3563.222	1.124	1.124	1.123
148	3525.566	3411.511	3733.859	3491.340	1.101	1.101	1.112
149	3538.634	3405.395	3709.903	3539.568	1.116	1.116	1.116
150	3541.087	3355.549	3643.581	3552.400	1.120	1.120	1.117
151	3524.065	3379.489	3639.716	3533.954	1.114	1.114	1.111
152	3509.966	3431.293	3620.224	3494.019	1.102	1.102	1.107
153	3569.489	3400.580	3783.820	3590.036	1.132	1.132	1.126
154	3494.720	3262.547	3762.139	3472.464	1.095	1.095	1.102
155	3493.943	3407.135	3673.498	3490.566	1.101	1.101	1.102
156	3510.288	3264.063	3635.151	3531.517	1.114	1.114	1.107
157	3500.877	3453.840	3673.900	3472.716	1.095	1.095	1.104
158	3510.787	3380.892	3641.754	3515.724	1.109	1.109	1.107
159	3496.640	3370.217	3660.544	3469.734	1.094	1.094	1.103
160	3516.645	3386.113	3723.877	3490.861	1.101	1.101	1.109
161	3507.137	3333.907	3686.172	3545.314	1.118	1.118	1.106
162	3573.398	3452.839	3712.886	3573.247	1.127	1.127	1.127
163	3577.121	3416.092	3715.552	3600.598	1.135	1.135	1.128
164	3512.151	3415.399	3642.620	3497.239	1.103	1.103	1.108
165	3532.241	3446.669	3642.457	3524.916	1.112	1.112	1.114
166	3505.624	3268.059	3688.530	3527.037	1.112	1.112	1.106
167	3495.421	3414.683	3630.831	3484.998	1.099	1.099	1.102
168	3465.776	3379.540	3590.019	3456.318	1.090	1.090	1.093
169	3501.675	3456.670	3609.423	3490.102	1.101	1.101	1.104
170	3486.176	3271.930	3622.278	3492.280	1.101	1.101	1.099
171	3452.636	3343.324	3583.547	3442.836	1.086	1.086	1.089
172	3421.837	3282.477	3606.194	3394.989	1.071	1.071	1.079
173	3460.209	3308.342	3653.355	3430.514	1.082	1.082	1.091
174	3553.330	3414.630	3763.617	3546.180	1.118	1.118	1.121
175	3502.029	3364.687	3640.396	3498.755	1.103	1.103	1.104
176	3503.074	3198.810	3697.776	3539.878	1.116	1.116	1.105
177	3569.601	3291.894	3802.925	3603.917	1.137	1.137	1.126
178	3603.806	3277.968	3929.980	3595.048	1.134	1.134	1.136
179	3526.486	3404.809	3606.542	3550.445	1.120	1.120	1.112
180	3477.808	3309.690	3634.010	3489.751	1.101	1.101	1.097
181	3375.353	3174.223	3502.561	3364.444	1.061	1.061	1.064
182	3422.903	3338.476	3549.097	3398.151	1.072	1.072	1.079
183	3497.631	3322.312	3594.202	3515.915	1.109	1.109	1.103
184	3480.566	3323.023	3557.669	3504.826	1.105	1.105	1.098
185	3415.264	3299.112	3598.214	3411.700	1.076	1.076	1.077
186	3468.671	3363.808	3642.474	3457.006	1.090	1.090	1.094
187	3548.496	3423.767	3672.396	3569.738	1.126	1.126	1.119
188	3515.277	3433.086	3580.096	3525.987	1.112	1.112	1.109
189	3417.150	3204.182	3631.846	3455.876	1.090	1.090	1.078
190	3435.512	3223.222	3655.409	3421.608	1.079	1.079	1.083
191	3549.868	3287.250	3750.293	3542.858	1.117	1.117	1.119
192	3579.386	3378.521	3780.846	3567.424	1.125	1.125	1.129
193	3495.289	3350.927	3564.841	3520.465	1.110	1.110	1.102
194	3510.428	3327.390	3615.455	3526.880	1.112	1.112	1.107
195	3572.903	3426.177	3760.179	3555.324	1.121	1.121	1.127
196	3516.595	3321.048	3654.121	3544.406	1.118	1.118	1.109
197	3496.325	3324.687	3716.804	3478.944	1.097	1.097	1.103
198	3476.157	3297.010	3915.987	3430.214	1.082	1.082	1.096
199	3425.925	3201.858	3611.716	3397.004	1.071	1.071	1.080
200	3530.299	3384.299	3649.068	3519.374	1.110	1.110	1.113
201	3456.027	3334.067	3579.136	3450.946	1.088	1.088	1.090
202	3457.947	3360.789	3529.196	3470.667	1.095	1.095	1.090
203	3520.359	3257.117	3675.384	3529.628	1.113	1.113	1.110
204	3532.532	3418.812	3641.805	3509.722	1.107	1.107	1.114
205	3466.638	3307.724	3694.163	3440.844	1.085	1.085	1.093
206	3478.045	3303.062	3671.955	3484.938	1.099	1.099	1.097
207	3519.054	3323.454	3738.017	3510.042	1.107	1.107	1.110
208	3509.851	3335.926	3642.091	3532.414	1.114	1.114	1.107
209	3467.656	3345.254	3539.154	3496.078	1.103	1.103	1.094
210	3471.438	3278.938	3654.155	3458.336	1.091	1.091	1.095
211	3468.723	3292.504	3685.473	3460.088	1.091	1.091	1.094
212	3480.953	3354.835	3607.871	3471.544	1.095	1.095	1.098
213	3482.898	3352.169	3611.386	3455.028	1.090	1.090	1.098
214	3458.944	3263.031	3640.055	3463.355	1.092	1.092	1.091
215	3493.438	3265.124	3732.695	3500.225	1.104	1.104	1.102
216	3519.594	3334.681	3721.693	3505.583	1.106	1.106	1.110
217	3517.261	3298.857	3675.448	3524.501	1.111	1.111	1.109
218	3480.072	3379.147	3636.863	3480.206	1.098	1.098	1.097
219	3410.300	3312.727	3488.002	3411.878	1.076	1.076	1.075
220	3492.358	3366.220	3658.389	3477.184	1.097	1.097	1.101
221	3563.110	3385.305	3699.211	3565.325	1.124	1.124	1.124
222	3499.785	3366.272	3593.768	3532.049	1.114	1.114	1.104
223	3515.711	3345.954	3656.905	3546.758	1.118	1.118	1.109
224	3480.369	3271.331	3861.291	3470.143	1.094	1.094	1.098
225	3448.877	3242.298	3660.349	3445.767	1.087	1.087	1.088
226	3494.785	3284.287	3689.878	3535.467	1.115	1.115	1.102
227	3527.862	3255.128	3755.422	3580.985	1.129	1.129	1.113
228	3553.031	3276.097	3712.648	3572.099	1.126	1.126	1.120
229	3554.644	3322.988	3939.792	3517.792	1.109	1.109	1.121
230	3574.918	3327.284	3703.485	3594.087	1.133	1.133	1.127
231	3642.871	3452.978	4041.415	3650.782	1.151	1.151	1.149
232	3598.675	3440.031	3889.056	3591.037	1.132	1.132	1.135
233	3587.662	3310.174	3820.454	3602.240	1.136	1.136	1.131
234	3558.183	3286.471	3795.774	3607.983	1.138	1.138	1.122
235	3550.080	3297.497	3800.465	3567.925	1.125	1.125	1.120
236	3574.472	3291.214	3836.013	3591.350	1.133	1.133	1.127
237	3579.081	3375.617	3735.699	3601.455	1.136	1.136	1.129
238	3623.060	3319.047	3802.100	3658.710	1.154	1.154	1.143
239	3498.059	3248.691	3608.222	3531.119	1.114	1.114	1.103
240	3591.168	3327.665	3786.832	3611.326	1.139	1.139	1.133
241	3626.068	3259.894	3767.875	3703.935	1.168	1.168	1.144
242	3595.389	3255.977	3800.907	3632.944	1.146	1.146	1.134
243	3510.609	3260.010	3648.437	3546.968	1.119	1.119	1.107
244	3604.615	3262.486	3876.183	3624.155	1.143	1.143	1.137
245	3604.312	3282.373	3823.054	3654.578	1.153	1.153	1.137
246	3556.402	3287.094	3766.898	3569.812	1.126	1.126	1.122
247	3580.773	3286.760	3895.788	3566.930	1.125	1.125	1.129
248	3629.262	3343.599	3976.728	3560.437	1.123	1.123	1.145
249	3647.589	3321.561	3871.975	3677.634	1.160	1.160	1.150
250	3636.015	3353.172	4094.027	3616.845	1.141	1.141	1.147
251	3739.747	3395.576	4136.193	3748.920	1.182	1.182	1.179
252	3729.317	3486.159	4033.613	3688.579	1.163	1.163	1.176
253	3731.957	3440.431	3948.857	3798.154	1.198	1.198	1.177
254	3767.317	3319.763	4049.977	3882.094	1.224	1.224	1.188
255	3726.900	3250.476	4010.110	3760.841	1.186	1.186	1.175
256	3621.954	3249.008	3907.596	3688.848	1.163	1.163	1.142
257	3701.758	3309.754	3945.257	3732.717	1.177	1.177	1.167
258	3644.858	3376.247	3839.520	3689.021	1.163	1.163	1.149
259	3661.231	3410.010	3836.008	3697.437	1.166	1.166	1.155
260	3703.002	3293.923	4194.566	3713.140	1.171	1.171	1.168
261	3675.532	3323.263	3989.507	3681.018	1.161	1.161	1.159
262	3657.067	3342.446	3996.684	3683.813	1.162	1.162	1.153
263	3615.465	3308.802	3869.486	3650.971	1.151	1.151	1.140
264	3613.190	3362.500	3779.000	3668.825	1.157	1.157	1.139
265	3626.793	3340.259	3961.684	3609.593	1.138	1.138	1.144
266	3587.586	3316.822	3908.391	3620.776	1.142	1.142	1.131
267	3628.969	3404.563	3806.081	3634.916	1.146	1.146	1.144
268	3680.359	3388.929	3914.151	3723.244	1.174	1.174	1.161
269	3668.266	3288.079	3934.240	3689.018	1.163	1.163	1.157
270	3687.538	3393.865	3964.785	3694.852	1.165	1.165	1.163
271	3625.363	3299.863	3868.674	3669.341	1.157	1.157	1.143
272	3605.722	3304.322	3950.614	3666.612	1.156	1.156	1.137
273	3711.552	3421.852	3838.176	3806.843	1.201	1.201	1.170
274	3646.413	3312.891	3879.312	3712.179	1.171	1.171	1.150
275	3679.968	3339.268	3896.266	3733.778	1.177	1.177	1.161
276	3735.978	3366.824	3866.569	3771.062	1.189	1.189	1.178
277	3632.843	3321.222	3779.023	3658.516	1.154	1.154	1.146
278	3705.730	3330.739	4071.338	3741.837	1.180	1.180	1.169
279	3793.200	3439.798	4068.352	3788.257	1.195	1.195	1.196
280	3661.562	3364.944	3957.894	3669.966	1.157	1.157	1.155
281	3678.787	3449.194	3847.062	3711.296	1.170	1.170	1.160
282	3725.412	3352.702	4209.988	3710.279	1.170	1.170	1.175
283	3651.927	3404.309	3761.569	3685.755	1.162	1.162	1.152
284	3651.814	3384.749	3946.678	3679.292	1.160	1.160	1.152
285	3656.350	3451.940	3889.634	3646.852	1.150	1.150	1.153
286	3681.672	3509.576	3959.547	3665.121	1.156	1.156	1.161
287	3599.691	3366.082	3815.405	3590.414	1.132	1.132	1.135
288	3635.170	3377.818	3806.872	3645.191	1.150	1.150	1.146
289	3647.193	3316.815	3780.823	3691.504	1.164	1.164	1.150
290	3650.429	3513.411	3860.251	3588.803	1.132	1.132	1.151
291	3632.950	3499.412	3902.000	3600.406	1.135	1.135	1.146
292	3740.417	3514.284	3943.864	3729.129	1.176	1.176	1.180
293	3725.234	3563.478	3871.932	3732.156	1.177	1.177	1.175
294	3739.031	3506.244	4284.591	3698.145	1.166	1.166	1.179
295	3742.154	3606.657	4049.002	3709.792	1.170	1.170	1.180
296	3701.957	3521.519	3785.027	3733.681	1.177	1.177	1.167
297	3828.365	3461.687	4032.062	3834.711	1.209	1.209	1.207
298	3701.843	3494.127	4022.379	3693.023	1.165	1.165	1.167
299	3710.733	3578.927	3962.626	3689.194	1.163	1.163	1.170
300	3743.527	3599.963	3927.148	3753.863	1.184	1.184	1.181
301	3839.775	3617.607	4233.185	3829.770	1.208	1.208	1.211
302	3720.663	3567.093	3872.530	3751.631	1.183	1.183	1.173
303	3807.986	3667.212	3932.185	3805.778	1.200	1.200	1.201
304	3775.144	3601.478	3951.064	3767.408	1.188	1.188	1.191
305	3742.671	3457.751	3998.332	3714.745	1.171	1.171	1.180
306	3709.137	3568.248	3827.098	3682.909	1.161	1.161	1.170
307	3783.082	3616.791	4052.963	3745.039	1.181	1.181	1.193
308	3737.343	3516.155	3958.724	3705.811	1.169	1.169	1.179
309	3775.137	3484.813	4065.322	3761.124	1.186	1.186	1.191
310	3830.481	3512.760	4186.701	3764.474	1.187	1.187	1.208
311	3758.829	3523.685	3894.484	3770.811	1.189	1.189	1.185
312	3635.970	3410.444	3856.528	3626.104	1.144	1.144	1.147
313	3696.177	3427.194	3907.517	3723.344	1.174	1.174	1.166
314	3773.593	3587.994	3982.634	3709.682	1.170	1.170	1.190
315	3763.902	3571.370	4087.046	3747.699	1.182	1.182	1.187
316	3738.686	3576.284	3928.078	3732.198	1.177	1.177	1.179
317	3668.738	3501.219	3832.523	3663.043	1.155	1.155	1.157
318	3711.728	3563.479	3797.231	3735.536	1.178	1.178	1.171
319	3826.083	3613.052	4047.322	3831.662	1.208	1.208	1.207
320	3747.422	3584.294	3956.108	3737.763	1.179	1.179	1.182
321	3774.610	3602.715	3999.714	3727.129	1.175	1.175	1.190
322	3732.997	3544.060	3933.343	3746.618	1.182	1.182	1.177
323	3739.240	3558.062	3826.098	3782.062	1.193	1.193	1.179
324	3688.421	3449.357	3887.952	3723.757	1.174	1.174	1.163
325	3727.420	3429.810	3945.072	3705.155	1.168	1.168	1.175
326	3834.773	3539.221	4160.563	3804.021	1.200	1.200	1.209
327	3801.404	3568.857	4030.878	3824.532	1.206	1.206	1.199
328	3783.440	3584.990	3892.937	3780.951	1.192	1.192	1.193
329	3763.487	3468.122	3958.733	3789.677	1.195	1.195	1.187
330	3766.816	3420.951	3926.595	3767.343	1.188	1.188	1.188
331	3764.912	3521.453	3872.144	3771.769	1.189	1.189	1.187
332	3669.718	3531.598	3845.724	3623.798	1.143	1.143	1.157
333	3720.857	3531.202	3836.417	3716.956	1.172	1.172	1.173
334	3829.103	3565.298	4139.512	3786.710	1.194	1.194	1.208
335	3774.236	3519.780	4151.676	3743.159	1.180	1.180	1.190
336	3706.691	3544.565	4026.245	3675.224	1.159	1.159	1.169
337	3753.303	3602.477	4010.669	3751.047	1.183	1.183	1.184
338	3705.067	3598.986	3793.954	3710.326	1.170	1.170	1.168
339	3681.455	3508.605	3888.522	3664.463	1.156	1.156	1.161
340	3712.167	3534.490	3840.796	3707.543	1.169	1.169	1.171
341	3740.906	3619.296	3810.326	3753.158	1.184	1.184	1.180
342	3681.541	3523.869	3756.122	3675.863	1.159	1.159	1.161
343	3674.818	3427.194	3801.589	3718.924	1.173	1.173	1.159
344	3777.819	3590.922	4021.603	3754.567	1.184	1.184	1.191
345	3811.358	3577.844	4020.825	3815.773	1.203	1.203	1.202
346	3663.811	3409.857	4060.974	3657.699	1.153	1.153	1.155
347	3688.319	3591.662	3766.473	3696.899	1.166	1.166	1.163
348	3769.898	3636.372	3981.248	3745.237	1.181	1.181	1.189
349	3762.818	3611.320	3934.239	3738.671	1.179	1.179	1.187
350	3865.807	3630.305	4017.918	3883.728	1.225	1.225	1.219
351	3749.786	3547.582	3900.317	3784.906	1.194	1.194	1.183
352	3703.083	3562.820	3824.278	3713.131	1.171	1.171	1.168
353	3722.749	3593.187	3908.845	3703.266	1.168	1.168	1.174
354	3687.989	3519.956	3993.317	3659.578	1.154	1.154	1.163
355	3690.275	3517.328	3934.321	3712.015	1.171	1.171	1.164
356	3659.881	3442.548	3980.260	3639.576	1.148	1.148	1.154
357	3670.798	3501.812	3943.712	3649.328	1.151	1.151	1.158
358	3705.212	3545.103	3869.361	3706.024	1.169	1.169	1.168
359	3821.401	3460.389	4122.887	3916.668	1.235	1.235	1.205
360	3748.399	3424.822	3885.809	3817.843	1.204	1.204	1.182
361	3699.527	3573.509	3824.487	3678.240	1.160	1.160	1.167
362	3744.084	3534.122	4022.218	3738.339	1.179	1.179	1.181
363	3743.462	3432.796	3859.469	3765.925	1.188	1.188	1.181
364	3692.363	3455.550	3992.990	3695.664	1.165	1.165	1.164
365	3740.249	3519.745	4005.779	3715.495	1.172	1.172	1.180
366	3656.547	3284.049	3852.770	3688.582	1.163	1.163	1.153
367	3682.775	3428.848	3893.245	3645.189	1.150	1.150	1.161
368	3660.481	3431.785	3880.371	3648.628	1.151	1.151	1.154
369	3677.324	3314.483	3866.159	3703.229	1.168	1.168	1.160
370	3689.785	3452.418	3884.643	3691.342	1.164	1.164	1.164
371	3647.825	3434.707	3881.136	3622.898	1.143	1.143	1.150
372	3627.413	3524.373	3777.281	3633.105	1.146	1.146	1.144
373	3633.158	3499.007	3782.535	3611.435	1.139	1.139	1.146
374	3711.265	3447.720	3981.856	3726.040	1.175	1.175	1.170
375	3634.873	3212.813	3901.990	3661.464	1.155	1.155	1.146
376	3665.985	3382.496	3913.221	3703.559	1.168	1.168	1.156
377	3649.422	3442.926	3791.094	3652.813	1.152	1.152	1.151
378	3657.528	3379.275	4007.891	3674.097	1.159	1.159	1.153
379	3638.994	3464.022	3797.252	3656.275	1.153	1.153	1.148
380	3729.218	3522.766	3953.760	3743.375	1.181	1.181	1.176
381	3622.020	3432.242	3869.669	3602.741	1.136	1.136	1.142
382	3513.476	3406.417	3667.332	3531.505	1.114	1.114	1.108
383	3645.742	3531.385	3727.386	3649.915	1.151	1.151	1.150
384	3636.087	3525.220	3769.499	3627.003	1.144	1.144	1.147
385	3536.613	3311.847	3774.306	3506.849	1.106	1.106	1.115
386	3523.740	3396.310	3743.498	3520.605	1.110	1.110	1.111
387	3574.680	3488.115	3670.884	3580.863	1.129	1.129	1.127
388	3586.999	3359.891	3808.607	3595.943	1.134	1.134	1.131
389	3558.687	3404.235	3756.094	3542.273	1.117	1.117	1.122
390	3522.398	3418.409	3660.696	3519.906	1.110	1.110	1.111
391	3590.086	3455.957	3705.493	3563.603	1.124	1.124	1.132
392	3572.887	3382.308	3714.385	3594.711	1.134	1.134	1.127
393	3478.792	3346.456	3626.265	3482.500	1.098	1.098	1.097
394	3531.711	3362.391	3660.705	3547.724	1.119	1.119	1.114
395	3583.360	3457.831	3840.994	3528.783	1.113	1.113	1.130
396	3549.737	3426.607	3723.352	3540.940	1.117	1.117	1.119
397	3594.842	3500.785	3830.514	3564.462	1.124	1.124	1.134
398	3632.016	3459.413	3794.968	3604.617	1.137	1.137	1.145
399	3594.243	3488.821	3734.936	3589.206	1.132	1.132	1.133
400	3546.372	3441.517	3617.128	3567.773	1.125	1.125	1.118
401	3602.525	3424.829	3833.294	3543.975	1.118	1.118	1.136
402	3490.521	3319.718	3690.406	3480.716	1.098	1.098	1.101
403	3574.267	3401.110	3799.373	3585.698	1.131	1.131	1.127
404	3649.466	3515.580	3811.858	3631.918	1.145	1.145	1.151
405	3565.215	3456.728	3704.448	3552.226	1.120	1.120	1.124
406	3548.910	3391.953	3789.144	3550.900	1.120	1.120	1.119
407	3473.013	3360.063	3677.569	3460.703	1.091	1.091	1.095
408	3503.643	3307.537	3664.073	3522.761	1.111	1.111	1.105
409	3549.396	3405.545	3716.624	3531.411	1.114	1.114	1.119
410	3509.179	3395.032	3719.212	3467.700	1.094	1.094	1.107
411	3522.760	3388.519	3657.772	3525.675	1.112	1.112	1.111
412	3518.875	3319.662	3634.137	3530.177	1.113	1.113	1.110
413	3562.952	3354.398	3696.178	3587.219	1.131	1.131	1.124
414	3560.064	3412.269	3699.830	3596.497	1.134	1.134	1.123
415	3506.575	3356.796	3774.172	3478.869	1.097	1.097	1.106
416	3483.476	3185.835	3651.402	3549.184	1.119	1.119	1.099
417	3511.027	3306.203	3672.218	3512.519	1.108	1.108	1.107
418	3546.267	3323.822	3664.292	3571.097	1.126	1.126	1.118
419	3626.646	3467.557	3839.410	3623.916	1.143	1.143	1.144
420	3543.572	3385.387	3922.659	3523.510	1.111	1.111	1.117
421	3544.521	3358.853	3710.517	3584.673	1.130	1.130	1.118
422	3512.001	3383.516	3604.880	3520.715	1.110	1.110	1.108
423	3521.711	3312.564	3701.755	3509.270	1.107	1.107	1.111
424	3475.556	3359.094	3635.763	3482.125	1.098	1.098	1.096
425	3494.880	3285.806	3664.462	3468.977	1.094	1.094	1.102
426	3580.328	3381.264	3826.531	3541.547	1.117	1.117	1.129
427	3518.018	3373.882	3681.648	3507.155	1.106	1.106	1.109
428	3563.849	3461.543	3645.127	3569.103	1.126	1.126	1.124
429	3477.793	3411.650	3535.606	3489.798	1.101	1.101	1.097
430	3555.373	3433.472	3678.859	3579.336	1.129	1.129	1.121
431	3627.436	3444.412	3804.161	3642.703	1.149	1.149	1.144
432	3574.770	3286.006	3799.045	3610.941	1.139	1.139	1.127
433	3582.026	3419.981	3705.208	3564.713	1.124	1.124	1.130
434	3552.868	3413.163	3772.739	3539.211	1.116	1.116	1.120
435	3537.045	3347.911	3707.265	3540.487	1.117	1.117	1.115
436	3590.100	3409.357	3835.330	3590.771	1.132	1.132	1.132
437	3502.356	3335.236	3624.331	3512.041	1.108	1.108	1.104
438	3548.885	3436.143	3687.743	3544.684	1.118	1.118	1.119
439	3559.278	3425.803	3698.048	3566.500	1.125	1.125	1.122
440	3561.056	3465.938	3684.028	3569.527	1.126	1.126	1.123
441	3514.267	3408.235	3636.412	3512.166	1.108	1.108	1.108
442	3517.659	3357.146	3640.387	3495.555	1.102	1.102	1.109
443	3544.658	3446.566	3656.834	3541.420	1.117	1.117	1.118
444	3501.318	3405.017	3634.282	3496.203	1.103	1.103	1.104
445	3482.944	3402.702	3614.622	3468.198	1.094	1.094	1.098
446	3557.518	3343.828	3789.550	3584.753	1.130	1.130	1.122
447	3542.283	3449.198	3623.964	3569.118	1.126	1.126	1.117
448	3531.609	3428.005	3626.570	3534.360	1.115	1.115	1.114
449	3462.071	3334.611	3643.408	3452.825	1.089	1.089	1.092
450	3499.843	3389.490	3660.773	3514.753	1.108	1.108	1.104
451	3530.972	3426.718	3715.167	3504.750	1.105	1.105	1.114
452	3512.978	3433.194	3695.962	3484.493	1.099	1.099	1.108
453	3455.820	3297.539	3725.814	3429.066	1.081	1.081	1.090
454	3501.583	3312.112	3644.679	3499.292	1.104	1.104	1.104
455	3489.113	3288.177	3663.257	3527.596	1.112	1.112	1.100
456	3534.535	3438.950	3653.134	3535.349	1.115	1.115	1.115
457	3516.865	3401.590	3611.660	3519.307	1.110	1.110	1.109
458	3594.600	3439.852	3684.796	3597.264	1.134	1.134	1.134
459	3536.181	3347.116	3668.947	3554.130	1.121	1.121	1.115
460	3548.060	3396.977	3669.219	3581.620	1.129	1.129	1.119
461	3551.350	3440.042	3697.737	3550.427	1.120	1.120	1.120
462	3518.510	3355.325	3634.875	3536.541	1.115	1.115	1.110
463	3537.075	3463.191	3627.034	3530.308	1.113	1.113	1.115
464	3553.182	3394.844	3690.571	3534.112	1.115	1.115	1.121
465	3525.351	3411.058	3626.994	3538.406	1.116	1.116	1.112
466	3543.733	3386.662	3751.664	3516.909	1.109	1.109	1.118
467	3556.164	3367.023	3752.233	3541.116	1.117	1.117	1.121
468	3603.298	3393.855	3768.795	3595.082	1.134	1.134	1.136
469	3596.500	3326.535	3815.436	3625.193	1.143	1.143	1.134
470	3545.511	3300.501	3713.973	3575.861	1.128	1.128	1.118
471	3575.836	3439.668	3671.562	3581.285	1.129	1.129	1.128
472	3636.695	3519.538	3785.377	3643.550	1.149	1.149	1.147
473	3604.429	3494.374	3915.507	3561.202	1.123	1.123	1.137
474	3585.800	3520.489	3694.083	3586.422	1.131	1.131	1.131
475	3597.501	3473.456	3782.881	3578.961	1.129	1.129	1.135
476	3585.294	3392.438	3694.116	3606.268	1.137	1.137	1.131
477	3544.961	3406.969	3722.599	3528.229	1.113	1.113	1.118
478	3555.374	3457.096	3749.445	3517.683	1.109	1.109	1.121
479	3555.665	3309.663	3713.798	3584.088	1.130	1.130	1.121
480	3615.704	3380.217	3845.358	3589.394	1.132	1.132	1.140
481	3640.872	3459.585	3777.274	3656.889	1.153	1.153	1.148
482	3629.860	3344.088	3752.882	3664.817	1.156	1.156	1.145
483	3619.123	3460.323	3829.753	3606.336	1.137	1.137	1.141
484	3766.936	3683.546	3973.958	3744.268	1.181	1.181	1.188
485	3729.995	3546.214	3876.759	3730.590	1.176	1.176	1.176
486	3681.222	3516.513	3846.771	3695.798	1.165	1.165	1.161
487	3668.610	3520.013	3838.334	3738.281	1.179	1.179	1.157
488	3818.134	3525.190	4027.711	3826.294	1.207	1.207	1.204
489	3746.920	3532.318	3926.438	3766.146	1.188	1.188	1.182
490	3729.762	3623.651	3908.533	3721.569	1.174	1.174	1.176
491	3794.903	3502.628	4038.705	3766.882	1.188	1.188	1.197
492	3840.879	3583.520	4205.759	3845.866	1.213	1.213	1.211
493	3700.187	3589.883	3916.713	3677.007	1.160	1.160	1.167
494	3678.552	3502.086	3943.309	3674.926	1.159	1.159	1.160
495	3728.187	3557.320	3979.914	3726.342	1.175	1.175	1.176
496	3763.671	3599.738	3940.193	3743.244	1.180	1.180	1.187
497	3724.811	3551.996	3881.990	3726.964	1.175	1.175	1.175
498	3731.005	3519.227	3869.677	3751.553	1.183	1.183	1.177
499	3822.032	3676.606	3955.269	3816.662	1.204	1.204	1.205
500	3786.426	3499.446	4037.846	3792.811	1.196	1.196	1.194
501	3818.726	3764.034	3865.200	3830.919	1.208	1.208	1.204
502	3682.411	3487.240	3866.177	3701.812	1.167	1.167	1.161
503	3770.484	3559.708	4008.944	3784.760	1.194	1.194	1.189
504	3718.444	3562.235	3879.586	3721.713	1.174	1.174	1.173
505	3807.745	3685.760	4006.302	3792.279	1.196	1.196	1.201
506	3819.730	3699.576	4171.164	3776.012	1.191	1.191	1.205
507	3833.331	3652.388	3985.332	3855.348	1.216	1.216	1.209
508	3830.841	3630.260	4055.904	3819.589	1.205	1.205	1.208
509	3903.024	3706.647	4080.738	3894.479	1.228	1.228	1.231
510	3870.386	3626.025	3995.431	3931.824	1.240	1.240	1.221
511	3812.659	3625.630	4032.896	3802.690	1.199	1.199	1.202
512	3897.609	3531.105	4093.979	3912.233	1.234	1.234	1.229
513	3802.880	3663.753	4007.468	3779.046	1.192	1.192	1.199
514	3923.324	3692.263	4087.683	3923.790	1.237	1.237	1.237
515	3922.989	3752.168	4112.584	3903.926	1.231	1.231	1.237
516	3885.466	3621.156	4116.455	3899.271	1.230	1.230	1.225
517	3884.154	3680.199	4091.150	3881.485	1.224	1.224	1.225
518	3936.710	3747.774	4057.382	3959.051	1.249	1.249	1.241
519	3936.906	3802.884	4165.095	3908.664	1.233	1.233	1.242
520	3961.058	3747.197	4114.751	3988.122	1.258	1.258	1.249
521	3918.914	3658.285	4092.301	3948.645	1.245	1.245	1.236
522	3987.279	3760.125	4350.714	4009.272	1.264	1.264	1.257
523	3978.106	3775.771	4337.077	3924.397	1.238	1.238	1.255
524	3929.962	3746.560	4068.517	3972.521	1.253	1.253	1.239
525	4048.844	3719.920	4376.107	3979.526	1.255	1.255	1.277
526	3962.018	3671.414	4143.246	3998.083	1.261	1.261	1.249
527	4069.234	3778.762	4195.485	4089.826	1.290	1.290	1.283
528	4054.925	3947.052	4226.029	4031.691	1.271	1.271	1.279
529	4074.050	3763.496	4219.971	4119.010	1.299	1.299	1.285
530	3932.398	3753.886	4184.428	3848.432	1.214	1.214	1.240
531	3909.315	3661.353	4339.517	3864.121	1.219	1.219	1.233
532	3983.895	3601.571	4386.302	3950.651	1.246	1.246	1.256
533	4058.717	3661.215	4404.089	4095.889	1.292	1.292	1.280
534	4081.705	3806.101	4344.041	4073.969	1.285	1.285	1.287
535	4035.421	3836.616	4210.262	4032.183	1.272	1.272	1.273
536	4121.821	3859.120	4419.598	4122.992	1.300	1.300	1.300
537	4046.660	3778.279	4193.178	4046.701	1.276	1.276	1.276
538	4159.573	3991.156	4421.505	4121.123	1.300	1.300	1.312
539	4070.102	3835.992	4347.934	4068.486	1.283	1.283	1.284
540	4098.164	3734.129	4445.470	4147.413	1.308	1.308	1.292
541	4139.378	3843.530	4599.854	4030.518	1.271	1.271	1.305
542	4170.550	3814.150	4368.097	4192.370	1.322	1.322	1.315
543	4137.117	3908.674	4428.458	4116.759	1.298	1.298	1.305
544	4077.663	3917.650	4406.502	4048.482	1.277	1.277	1.286
545	3957.164	3775.383	4146.271	3959.801	1.249	1.249	1.248
546	4027.014	3857.943	4243.206	3971.225	1.252	1.252	1.270
547	4052.388	3846.948	4237.874	4049.741	1.277	1.277	1.278
548	3975.465	3751.670	4134.837	4018.006	1.267	1.267	1.254
549	3977.851	3667.175	4244.738	3933.615	1.240	1.240	1.254
550	3976.549	3720.628	4167.329	3976.672	1.254	1.254	1.254
551	4033.612	3675.400	4260.257	4044.087	1.275	1.275	1.272
552	4126.046	3809.991	4346.941	4144.224	1.307	1.307	1.301
553	4202.106	3847.502	4753.545	4168.013	1.314	1.314	1.325
554	4120.995	3913.006	4364.423	4116.947	1.298	1.298	1.300
555	3963.402	3696.532	4111.071	3982.774	1.256	1.256	1.250
556	4030.639	3797.790	4230.175	4086.149	1.289	1.289	1.271
557	4087.911	3836.216	4523.573	4045.270	1.276	1.276	1.289
558	4039.211	3838.448	4239.477	4029.260	1.271	1.271	1.274
559	4062.512	3704.073	4201.039	4095.043	1.291	1.291	1.281
560	3937.807	3731.362	4128.432	3956.637	1.248	1.248	1.242
561	4035.938	3738.484	4157.013	4080.945	1.287	1.287	1.273
562	4009.619	3731.164	4130.592	4028.749	1.270	1.270	1.264
563	3967.232	3631.823	4315.417	3974.772	1.253	1.253	1.251
564	4045.380	3733.283	4261.088	4113.513	1.297	1.297	1.276
565	4001.356	3802.060	4228.878	3991.854	1.259	1.259	1.262
566	3963.166	3796.524	4231.884	3935.372	1.241	1.241	1.250
567	3915.416	3683.744	4208.864	3894.209	1.228	1.228	1.235
568	3917.427	3796.627	3999.083	3928.933	1.239	1.239	1.235
569	3998.407	3792.318	4178.802	4039.500	1.274	1.274	1.261
570	3923.240	3773.938	4072.204	3935.781	1.241	1.241	1.237
571	3901.478	3733.646	4063.689	3886.512	1.226	1.226	1.230
572	4000.848	3875.835	4290.756	3983.576	1.256	1.256	1.262
573	3988.791	3834.371	4118.308	4013.880	1.266	1.266	1.258
574	4035.784	3801.172	4430.611	3996.609	1.260	1.260	1.273
575	3985.818	3751.767	4245.930	3947.652	1.245	1.245	1.257
576	4016.950	3815.945	4353.958	3947.724	1.245	1.245	1.267
577	4027.207	3711.498	4270.690	3997.858	1.261	1.261	1.270
578	3958.569	3629.629	4209.231	3997.941	1.261	1.261	1.248
579	3979.374	3705.541	4154.221	4012.137	1.265	1.265	1.255
580	4008.000	3854.252	4196.037	4033.000	1.272	1.272	1.264
581	4141.803	3945.100	4363.416	4157.862	1.311	1.311	1.306
582	4086.897	3733.657	4448.278	4068.319	1.283	1.283	1.289
583	4153.330	3527.109	4531.054	4216.750	1.330	1.330	1.310
584	4149.882	3879.615	4347.849	4206.364	1.327	1.327	1.309
585	4108.647	3909.381	4302.322	4095.536	1.292	1.292	1.296
586	4061.035	3874.940	4404.688	4023.503	1.269	1.269	1.281
587	4139.542	3895.422	4671.758	4096.369	1.292	1.292	1.305
588	4005.218	3812.317	4186.181	4055.810	1.279	1.279	1.263
589	4006.573	3692.221	4302.989	3942.273	1.243	1.243	1.264
590	4001.106	3552.520	4227.516	4006.967	1.264	1.264	1.262
591	3913.228	3506.766	4094.989	3959.310	1.249	1.249	1.234
592	3987.441	3772.169	4196.869	3985.854	1.257	1.257	1.257
593	4050.968	3507.394	4508.625	4055.654	1.279	1.279	1.278
594	4059.946	3597.494	4619.624	3972.581	1.253	1.253	1.280
595	3949.377	3451.511	4372.271	3962.708	1.250	1.250	1.245
596	3963.354	3535.463	4265.495	4042.793	1.275	1.275	1.250
597	3941.982	3653.353	4139.872	3981.675	1.256	1.256	1.243
598	3910.038	3657.096	4140.665	3873.868	1.222	1.222	1.233
599	3983.807	3582.380	4189.098	4020.954	1.268	1.268	1.256
600	3978.912	3608.485	4239.775	4043.557	1.275	1.275	1.255
601	3904.966	3584.168	4194.785	3930.836	1.240	1.240	1.231
602	3938.118	3490.843	4168.482	4010.767	1.265	1.265	1.242
603	3858.841	3639.583	4077.138	3879.970	1.224	1.224	1.217
604	3828.424	3549.436	4036.208	3887.583	1.226	1.226	1.207
605	3825.289	3587.252	3992.672	3885.619	1.225	1.225	1.206
606	3850.991	3591.410	4033.389	3886.681	1.226	1.226	1.214
607	3884.166	3453.708	4347.247	3865.425	1.219	1.219	1.225
608	3828.987	3356.247	4180.439	3863.941	1.219	1.219	1.208
609	3845.284	3390.441	4390.632	3762.142	1.186	1.186	1.213
610	3840.833	3442.216	4427.833	3727.276	1.175	1.175	1.211
611	3730.965	3322.201	4143.856	3843.891	1.212	1.212	1.177
612	3785.293	3362.801	3968.148	3845.279	1.213	1.213	1.194
613	3733.423	3348.191	4061.740	3812.907	1.202	1.202	1.177
614	3755.902	3331.927	4021.138	3777.956	1.191	1.191	1.184
615	3826.969	3266.503	4108.267	3893.718	1.228	1.228	1.207
616	3715.158	3342.340	4032.207	3805.888	1.200	1.200	1.172
617	3734.391	3366.149	4064.985	3782.325	1.193	1.193	1.178
618	3711.137	3429.068	4026.469	3752.292	1.183	1.183	1.170
619	3688.916	3368.173	4097.766	3655.990	1.153	1.153	1.163
620	3660.618	3350.182	4138.166	3541.853	1.117	1.117	1.154
621	3656.545	3320.396	4087.330	3584.626	1.130	1.130	1.153
622	3622.482	3273.174	4322.752	3527.866	1.113	1.113	1.142
623	3701.821	3267.034	4105.724	3689.709	1.164	1.164	1.167
624	3593.854	3289.882	4027.186	3560.483	1.123	1.123	1.133
625	3590.431	3309.938	3991.991	3525.059	1.112	1.112	1.132
626	3551.294	3196.527	3822.890	3559.788	1.123	1.123	1.120
627	3578.224	3136.218	3893.657	3571.991	1.126	1.126	1.128
628	3653.658	3167.970	4106.842	3633.464	1.146	1.146	1.152
629	3717.879	3350.914	4292.769	3664.737	1.156	1.156	1.172
630	3617.085	3196.333	3928.955	3614.215	1.140	1.140	1.141
631	3619.006	3272.729	3847.888	3723.117	1.174	1.174	1.141
632	3586.027	3253.172	4045.406	3534.157	1.115	1.115	1.131
633	3649.021	3199.736	4102.242	3652.676	1.152	1.152	1.151
634	3697.575	3207.385	4127.817	3693.299	1.165	1.165	1.166
635	3590.425	3394.324	3821.236	3493.084	1.102	1.102	1.132
636	3681.947	3311.129	4056.861	3731.295	1.177	1.177	1.161
637	3720.194	3219.449	4496.972	3758.000	1.185	1.185	1.173
638	3774.320	3312.561	4186.411	3809.632	1.201	1.201	1.190
639	3746.109	3322.462	4008.733	3878.940	1.223	1.223	1.181
640	3790.098	3419.311	4021.361	3875.670	1.222	1.222	1.195
641	3830.171	3424.773	4260.569	3890.056	1.227	1.227	1.208
642	3744.539	3362.079	4046.001	3854.074	1.215	1.215	1.181
643	3787.995	3449.524	4090.377	3782.836	1.193	1.193	1.195
644	3792.448	3558.238	3963.159	3805.232	1.200	1.200	1.196
645	3761.777	3383.099	3903.025	3805.053	1.200	1.200	1.186
646	3736.765	3507.868	4037.818	3684.229	1.162	1.162	1.178
647	3747.289	3541.031	3968.619	3699.129	1.167	1.167	1.182
648	3751.914	3366.904	4096.480	3768.007	1.188	1.188	1.183
649	3747.762	3463.229	3944.659	3778.621	1.192	1.192	1.182
650	3802.259	3572.570	4024.629	3825.938	1.207	1.207	1.199
651	3829.330	3564.950	4365.922	3811.039	1.202	1.202	1.208
652	3705.797	3548.234	4114.161	3645.989	1.150	1.150	1.169
653	3636.876	3454.632	3806.724	3632.611	1.146	1.146	1.147
654	3714.203	3549.704	3961.285	3690.862	1.164	1.164	1.171
655	3732.795	3495.332	3960.843	3730.276	1.176	1.176	1.177
656	3713.127	3503.394	3850.570	3720.572	1.173	1.173	1.171
657	3767.372	3496.983	3898.693	3777.195	1.191	1.191	1.188
658	3742.148	3561.094	3965.080	3699.488	1.167	1.167	1.180
659	3727.395	3466.862	4047.947	3673.163	1.158	1.158	1.175
660	3671.091	3353.100	4001.235	3704.610	1.168	1.168	1.158
661	3835.623	3706.963	4043.553	3822.965	1.206	1.206	1.210
662	3753.340	3530.331	3970.524	3755.332	1.184	1.184	1.184
663	3746.461	3501.227	3917.719	3763.658	1.187	1.187	1.181
664	3809.818	3563.821	4050.426	3837.214	1.210	1.210	1.201
665	3743.729	3534.574	3839.529	3781.574	1.193	1.193	1.181
666	3843.821	3693.855	4135.983	3806.780	1.200	1.200	1.212
667	3864.667	3675.177	4008.802	3878.263	1.223	1.223	1.219
668	3786.483	3594.808	3967.837	3805.088	1.200	1.200	1.194
669	3773.418	3548.337	3998.810	3830.582	1.208	1.208	1.190
670	3941.698	3682.979	4131.495	3972.567	1.253	1.253	1.243
671	3922.354	3720.341	4201.217	3865.169	1.219	1.219	1.237
672	3870.565	3579.934	4127.221	3854.286	1.215	1.215	1.221
673	3777.376	3597.484	3940.650	3793.026	1.196	1.196	1.191
674	3806.870	3624.536	3971.965	3787.050	1.194	1.194	1.201
675	3729.402	3530.845	3911.760	3711.468	1.170	1.170	1.176
676	3732.525	3636.481	3862.971	3725.832	1.175	1.175	1.177
677	3712.521	3551.859	3918.682	3697.266	1.166	1.166	1.171
678	3723.724	3568.577	3847.006	3747.234	1.182	1.182	1.174
679	3776.208	3557.212	3895.516	3812.954	1.202	1.202	1.191
680	3708.450	3491.253	3967.154	3711.766	1.171	1.171	1.169
681	3684.329	3580.104	3826.391	3684.083	1.162	1.162	1.162
682	3730.233	3599.753	3865.795	3723.632	1.174	1.174	1.176
683	3701.340	3557.667	3807.174	3702.453	1.168	1.168	1.167
684	3652.715	3489.628	3832.680	3639.095	1.148	1.148	1.152
685	3681.326	3554.782	3869.692	3672.385	1.158	1.158	1.161
686	3682.402	3529.892	3855.510	3704.906	1.168	1.168	1.161
687	3682.124	3523.861	3827.958	3691.053	1.164	1.164	1.161
688	3667.496	3541.394	3877.059	3668.898	1.157	1.157	1.157
689	3693.579	3494.408	3872.749	3693.212	1.165	1.165	1.165
690	3706.875	3563.620	3839.647	3705.261	1.168	1.168	1.169
691	3678.918	3370.246	3874.972	3716.848	1.172	1.172	1.160
692	3693.517	3519.619	3859.166	3678.377	1.160	1.160	1.165
693	3636.976	3502.146	3833.221	3619.632	1.141	1.141	1.147
694	3692.657	3497.403	3833.533	3673.676	1.159	1.159	1.165
695	3605.380	3461.748	3781.476	3607.425	1.138	1.138	1.137
696	3668.170	3449.211	3882.282	3648.871	1.151	1.151	1.157
697	3668.132	3360.408	3922.532	3641.679	1.148	1.148	1.157
698	3629.018	3523.067	3791.434	3613.065	1.139	1.139	1.144
699	3663.118	3469.152	3944.649	3619.202	1.141	1.141	1.155
700	3663.500	3372.644	3852.615	3697.562	1.166	1.166	1.155
701	3660.300	3479.407	3806.495	3686.094	1.162	1.162	1.154
702	3699.034	3614.526	3835.909	3689.655	1.164	1.164	1.167
703	3712.795	3605.903	3884.523	3668.350	1.157	1.157	1.171
704	3728.217	3485.010	3899.662	3728.636	1.176	1.176	1.176
705	3731.477	3495.575	4051.919	3645.743	1.150	1.150	1.177
706	3742.500	3446.718	4015.612	3715.062	1.172	1.172	1.180
707	3689.831	3520.630	3843.242	3683.120	1.162	1.162	1.164
708	3765.934	3489.715	3903.582	3815.748	1.203	1.203	1.188
709	3748.693	3551.718	3957.979	3749.229	1.182	1.182	1.182
710	3703.424	3468.417	3891.047	3758.463	1.185	1.185	1.168
711	3707.514	3370.099	3935.630	3752.224	1.183	1.183	1.169
712	3637.873	3279.922	3855.985	3678.366	1.160	1.160	1.147
713	3592.800	3290.118	3821.558	3596.025	1.134	1.134	1.133
714	3641.200	3479.831	3829.778	3606.498	1.137	1.137	1.148
715	3630.693	3371.419	3811.404	3658.760	1.154	1.154	1.145
716	3588.465	3368.156	3782.961	3590.961	1.132	1.132	1.132
717	3612.475	3361.739	3751.514	3621.409	1.142	1.142	1.139
718	3615.420	3365.647	3757.685	3634.920	1.146	1.146	1.140
719	3593.154	3297.863	3788.373	3653.440	1.152	1.152	1.133
720	3589.866	3403.356	3794.110	3578.287	1.128	1.128	1.132
721	3605.455	3331.939	3849.623	3610.079	1.138	1.138	1.137
722	3641.701	3315.102	3839.155	3665.228	1.156	1.156	1.148
723	3608.656	3419.129	3724.940	3638.181	1.147	1.147	1.138
724	3626.719	3372.983	3838.909	3642.835	1.149	1.149	1.144
725	3633.770	3395.409	3823.917	3673.517	1.158	1.158	1.146
726	3673.841	3509.114	3894.625	3640.395	1.148	1.148	1.159
727	3686.680	3494.227	3881.302	3653.218	1.152	1.152	1.163
728	3675.549	3326.058	3851.880	3722.054	1.174	1.174	1.159
729	3750.843	3440.253	3963.639	3768.601	1.188	1.188	1.183
730	3695.052	3372.114	3894.035	3728.742	1.176	1.176	1.165
731	3757.212	3289.098	4040.204	3784.184	1.193	1.193	1.185
732	3788.200	3489.180	4032.409	3785.987	1.194	1.194	1.195
733	3706.383	3421.784	4166.360	3718.489	1.173	1.173	1.169
734	3753.537	3632.414	3918.685	3759.100	1.185	1.185	1.184
735	3660.774	3556.832	3766.083	3642.533	1.149	1.149	1.154
736	3702.620	3460.752	4134.874	3701.454	1.167	1.167	1.168
737	3739.279	3542.481	4036.586	3709.320	1.170	1.170	1.179
738	3778.164	3538.044	4164.698	3792.964	1.196	1.196	1.191
739	3814.421	3450.963	4027.840	3846.425	1.213	1.213	1.203
740	3750.694	3517.324	3982.990	3729.525	1.176	1.176	1.183
741	3788.542	3570.781	4009.896	3804.669	1.200	1.200	1.195
742	3811.603	3622.018	3997.845	3840.668	1.211	1.211	1.202
743	3852.593	3602.400	3990.773	3879.969	1.224	1.224	1.215
744	3858.582	3719.018	4062.494	3845.543	1.213	1.213	1.217
745	3852.324	3710.064	4068.983	3848.649	1.214	1.214	1.215
746	3835.409	3600.020	4166.948	3818.723	1.204	1.204	1.210
747	3780.392	3528.756	3991.954	3785.670	1.194	1.194	1.192
748	3809.478	3641.000	4134.635	3784.034	1.193	1.193	1.201
749	3834.848	3584.797	4070.321	3845.334	1.213	1.213	1.209
750	3864.486	3608.506	4123.460	3850.799	1.214	1.214	1.219
751	3794.411	3439.944	4083.825	3844.828	1.212	1.212	1.197
752	3755.046	3444.909	3985.879	3786.501	1.194	1.194	1.184
753	3822.400	3398.065	4113.305	3848.731	1.214	1.214	1.205
754	3790.494	3541.616	4060.405	3817.607	1.204	1.204	1.195
755	3780.666	3668.296	3883.130	3771.718	1.189	1.189	1.192
756	3807.266	3573.463	3968.666	3808.666	1.201	1.201	1.201
757	3787.289	3573.463	3938.441	3774.720	1.190	1.190	1.194
758	3764.178	3519.585	4144.680	3712.664	1.171	1.171	1.187
759	3883.565	3467.693	4080.631	3977.478	1.254	1.254	1.225
760	3877.452	3634.247	4323.476	3846.006	1.213	1.213	1.223
761	3838.349	3637.307	4141.332	3833.229	1.209	1.209	1.210
762	3883.523	3693.314	4126.984	3908.095	1.232	1.232	1.225
763	3823.479	3579.975	4007.598	3850.978	1.214	1.214	1.206
764	3765.899	3610.828	3969.519	3734.167	1.178	1.178	1.188
765	3750.017	3466.087	3924.728	3770.603	1.189	1.189	1.183
766	3801.290	3552.514	4190.017	3780.839	1.192	1.192	1.199
767	3827.609	3506.556	4032.647	3824.832	1.206	1.206	1.207
768	3692.962	3522.941	3873.134	3709.070	1.170	1.170	1.165
769	3739.201	3644.230	3868.816	3699.469	1.167	1.167	1.179
770	3832.031	3648.831	4059.420	3813.790	1.203	1.203	1.208
771	3710.221	3525.487	3865.370	3729.540	1.176	1.176	1.170
772	3790.543	3606.091	3883.331	3810.025	1.202	1.202	1.195
773	3840.670	3655.027	3999.648	3840.197	1.211	1.211	1.211
774	3850.264	3712.551	4138.539	3760.614	1.186	1.186	1.214
775	3872.798	3535.956	4203.438	3807.328	1.201	1.201	1.221
776	3899.225	3682.713	4062.067	3924.116	1.238	1.238	1.230
777	3832.182	3615.719	4022.276	3876.768	1.223	1.223	1.209
778	3846.444	3536.303	4256.533	3820.150	1.205	1.205	1.213
779	3810.492	3599.759	4110.752	3812.492	1.202	1.202	1.202
780	3801.997	3622.816	4062.017	3821.127	1.205	1.205	1.199
781	3758.146	3440.059	4124.377	3710.695	1.170	1.170	1.185
782	3872.878	3497.309	4097.772	3894.989	1.228	1.228	1.221
783	3802.481	3635.642	3941.228	3776.825	1.191	1.191	1.199
784	3872.653	3762.595	4022.287	3867.498	1.220	1.220	1.221
785	3939.793	3790.322	4180.816	3913.194	1.234	1.234	1.242
786	3902.363	3634.597	4330.601	3858.346	1.217	1.217	1.231
787	3894.691	3760.451	4053.196	3908.588	1.233	1.233	1.228
788	3786.514	3625.590	4044.525	3770.735	1.189	1.189	1.194
789	3887.544	3545.281	4140.801	3884.315	1.225	1.225	1.226
790	3837.486	3700.264	4097.555	3798.864	1.198	1.198	1.210
791	3846.654	3663.285	3965.399	3851.510	1.215	1.215	1.213
792	3861.313	3542.676	4252.017	3857.322	1.216	1.216	1.218
793	3806.911	3489.771	3953.178	3843.106	1.212	1.212	1.201
794	3792.068	3629.293	4060.537	3766.188	1.188	1.188	1.196
795	3636.935	3430.868	3925.032	3611.918	1.139	1.139	1.147
796	3723.990	3539.084	3892.486	3718.454	1.173	1.173	1.174
797	3744.672	3464.628	3968.453	3773.036	1.190	1.190	1.181
798	3677.958	3438.169	3883.834	3707.986	1.169	1.169	1.160
799	3731.882	3499.715	3845.237	3762.810	1.187	1.187	1.177
800	3688.876	3570.385	3803.091	3697.604	1.166	1.166	1.163
801	3758.899	3623.822	3944.036	3724.733	1.175	1.175	1.185
802	3786.695	3600.466	3939.281	3800.642	1.199	1.199	1.194
803	3659.936	3519.104	3770.724	3679.969	1.161	1.161	1.154
804	3703.916	3591.074	3789.525	3712.061	1.171	1.171	1.168
805	3780.617	3680.307	3930.226	3757.129	1.185	1.185	1.192
806	3682.507	3531.687	3760.739	3702.364	1.168	1.168	1.161
807	3781.265	3643.939	4085.562	3761.983	1.186	1.186	1.192
808	3829.938	3700.633	4117.107	3816.687	1.204	1.204	1.208
809	3786.514	3528.982	3994.116	3809.684	1.201	1.201	1.194
810	3783.896	3552.990	4081.132	3762.319	1.186	1.186	1.193
811	3730.920	3544.666	4020.264	3678.250	1.160	1.160	1.177
812	3750.021	3526.149	3940.208	3787.885	1.195	1.195	1.183
813	3781.913	3519.799	4051.652	3771.400	1.189	1.189	1.193
814	3698.607	3514.707	3950.457	3671.055	1.158	1.158	1.166
815	3763.259	3508.094	3949.424	3768.553	1.188	1.188	1.187
816	3781.740	3716.802	3820.753	3789.111	1.195	1.195	1.193
817	3779.737	3650.843	4064.567	3739.991	1.179	1.179	1.192
818	3689.511	3463.194	3876.682	3652.040	1.152	1.152	1.164
819	3745.777	3427.449	3991.335	3749.542	1.182	1.182	1.181
820	3778.223	3466.673	4104.064	3786.089	1.194	1.194	1.191
821	3727.816	3535.931	3908.323	3715.931	1.172	1.172	1.176
822	3743.736	3494.395	3893.018	3754.967	1.184	1.184	1.181
823	3697.326	3378.900	3892.026	3701.980	1.167	1.167	1.166
824	3675.243	3312.018	3842.518	3714.824	1.171	1.171	1.159
825	3788.865	3393.633	3967.341	3793.387	1.196	1.196	1.195
826	3658.782	3346.654	3927.992	3674.407	1.159	1.159	1.154
827	3695.209	3445.459	3882.211	3680.446	1.161	1.161	1.165
828	3585.199	3358.869	3849.068	3606.842	1.137	1.137	1.131
829	3613.388	3292.608	3893.333	3651.180	1.151	1.151	1.140
830	3577.501	3310.614	3785.195	3633.054	1.146	1.146	1.128
831	3673.389	3251.961	3837.900	3728.696	1.176	1.176	1.158
832	3759.178	3330.025	4101.439	3777.050	1.191	1.191	1.185
833	3658.371	3341.324	4001.363	3642.630	1.149	1.149	1.154
834	3615.709	3192.090	3956.000	3642.299	1.149	1.149	1.140
835	3659.178	3314.980	4038.221	3656.223	1.153	1.153	1.154
836	3767.734	3321.976	4292.101	3799.214	1.198	1.198	1.188
837	3791.975	3356.947	4037.117	3837.130	1.210	1.210	1.196
838	3855.506	3491.451	4105.303	3837.514	1.210	1.210	1.216
839	3800.685	3378.993	4210.423	3822.265	1.205	1.205	1.199
840	3743.088	3514.232	3916.475	3736.095	1.178	1.178	1.180
841	3724.061	3384.079	3992.533	3742.564	1.180	1.180	1.174
842	3730.571	3383.160	4266.909	3697.666	1.166	1.166	1.176
843	3722.793	3460.090	4029.469	3743.545	1.181	1.181	1.174
844	3792.619	3591.479	4073.225	3784.583	1.193	1.193	1.196
845	3770.914	3421.867	4094.158	3774.387	1.190	1.190	1.189
846	3695.006	3394.089	3882.231	3718.595	1.173	1.173	1.165
847	3672.181	3504.211	4069.618	3638.856	1.148	1.148	1.158
848	3643.646	3426.260	3893.490	3593.927	1.133	1.133	1.149
849	3744.416	3486.680	3832.589	3776.080	1.191	1.191	1.181
850	3718.524	3288.135	3983.483	3756.269	1.185	1.185	1.173
851	3741.963	3616.348	3898.302	3713.611	1.171	1.171	1.180
852	3738.825	3651.719	3828.294	3733.358	1.177	1.177	1.179
853	3677.455	3586.635	3816.237	3671.274	1.158	1.158	1.160
854	3616.557	3498.645	3690.934	3635.866	1.147	1.147	1.141
855	3599.930	3505.364	3705.624	3603.604	1.136	1.136	1.135
856	3623.782	3446.935	3810.534	3641.079	1.148	1.148	1.143
857	3720.072	3540.075	3910.558	3712.854	1.171	1.171	1.173
858	3672.705	3496.355	3782.598	3708.997	1.170	1.170	1.158
859	3711.241	3481.200	3901.053	3704.249	1.168	1.168	1.170
860	3702.468	3489.023	3910.265	3706.689	1.169	1.169	1.168
861	3682.687	3591.006	3788.968	3683.298	1.162	1.162	1.161
862	3580.542	3473.933	3658.038	3585.658	1.131	1.131	1.129
863	3715.556	3526.044	3845.671	3745.724	1.181	1.181	1.172
864	3670.701	3483.903	3843.606	3666.310	1.156	1.156	1.158
865	3718.015	3550.052	3911.919	3716.538	1.172	1.172	1.173
866	3742.476	3517.551	3922.703	3763.109	1.187	1.187	1.180
867	3695.018	3559.396	3830.500	3707.479	1.169	1.169	1.165
868	3716.047	3578.637	3849.530	3738.550	1.179	1.179	1.172
869	3734.329	3561.373	4051.594	3664.664	1.156	1.156	1.178
870	3735.903	3434.390	3942.169	3739.793	1.179	1.179	1.178
871	3791.224	3549.523	4081.719	3815.159	1.203	1.203	1.196
872	3761.595	3592.680	4038.190	3733.841	1.177	1.177	1.186
873	3776.623	3593.147	3968.116	3787.380	1.194	1.194	1.191
874	3767.306	3583.521	3960.820	3759.139	1.185	1.185	1.188
875	3758.550	3625.763	4008.528	3725.525	1.175	1.175	1.185
876	3776.615	3612.085	3982.214	3726.913	1.175	1.175	1.191
877	3741.164	3564.370	3887.686	3736.987	1.178	1.178	1.180
878	3703.309	3585.384	3861.740	3650.339	1.151	1.151	1.168
879	3788.967	3613.517	4011.717	3759.873	1.186	1.186	1.195
880	3667.870	3557.285	3802.391	3671.246	1.158	1.158	1.157
881	3677.984	3524.940	3816.926	3708.057	1.169	1.169	1.160
882	3638.370	3353.251	3824.253	3620.967	1.142	1.142	1.147
883	3678.492	3511.450	3870.244	3663.475	1.155	1.155	1.160
884	3716.731	3557.777	4007.175	3685.206	1.162	1.162	1.172
885	3738.675	3649.871	3951.615	3715.458	1.172	1.172	1.179
886	3736.415	3556.021	3988.696	3704.786	1.168	1.168	1.178
887	3672.814	3467.046	3767.542	3692.048	1.164	1.164	1.158
888	3730.673	3603.609	4072.246	3711.389	1.170	1.170	1.176
889	3771.211	3661.095	3907.741	3759.529	1.186	1.186	1.189
890	3703.361	3598.124	3776.838	3727.879	1.176	1.176	1.168
891	3621.683	3506.525	3725.145	3639.523	1.148	1.148	1.142
892	3641.780	3481.469	3871.622	3602.128	1.136	1.136	1.148
893	3625.577	3426.674	3792.352	3630.039	1.145	1.145	1.143
894	3713.027	3556.112	3859.212	3701.709	1.167	1.167	1.171
895	3720.391	3451.514	3865.978	3734.211	1.178	1.178	1.173
896	3659.217	3561.719	3778.466	3685.617	1.162	1.162	1.154
897	3611.769	3440.984	3715.067	3613.533	1.140	1.140	1.139
898	3610.447	3477.219	3804.870	3609.714	1.138	1.138	1.139
899	3714.137	3511.516	4014.096	3702.125	1.167	1.167	1.171
900	3765.497	3643.397	3846.331	3772.887	1.190	1.190	1.187
901	3728.289	3582.531	3869.142	3758.261	1.185	1.185	1.176
902	3659.231	3514.129	3800.875	3667.992	1.157	1.157	1.154
903	3616.058	3500.778	3841.170	3600.677	1.136	1.136	1.140
904	3581.854	3344.626	3884.285	3595.687	1.134	1.134	1.130
905	3614.657	3368.341	3735.361	3654.163	1.152	1.152	1.140
906	3549.991	3399.863	3658.779	3585.740	1.131	1.131	1.120
907	3564.744	3397.825	3737.496	3593.274	1.133	1.133	1.124
908	3625.144	3507.932	3856.600	3595.843	1.134	1.134	1.143
909	3631.841	3391.708	3778.282	3669.678	1.157	1.157	1.145
910	3601.715	3442.249	3701.749	3602.936	1.136	1.136	1.136
911	3626.820	3497.506	3768.157	3635.831	1.147	1.147	1.144
912	3687.918	3546.489	3849.314	3665.521	1.156	1.156	1.163
913	3738.223	3604.453	4052.102	3683.641	1.162	1.162	1.179
914	3602.250	3450.967	3869.235	3598.913	1.135	1.135	1.136
915	3620.685	3349.220	3862.157	3624.269	1.143	1.143	1.142
916	3687.327	3364.256	3932.583	3681.213	1.161	1.161	1.163
917	3757.494	3539.828	3951.503	3749.940	1.183	1.183	1.185
918	3727.427	3559.737	3877.194	3717.378	1.172	1.172	1.175
919	3625.068	3516.977	3744.669	3621.940	1.142	1.142	1.143
920	3693.149	3379.949	3902.111	3721.192	1.174	1.174	1.165
921	3629.176	3460.141	3806.131	3649.965	1.151	1.151	1.144
922	3699.316	3516.328	3916.869	3648.004	1.150	1.150	1.167
923	3738.403	3409.045	4130.546	3700.056	1.167	1.167	1.179
924	3700.923	3593.677	3817.061	3696.213	1.166	1.166	1.167
925	3528.438	3423.679	3623.749	3537.112	1.115	1.115	1.113
926	3552.977	3441.688	3698.111	3530.464	1.113	1.113	1.120
927	3582.129	3458.345	3727.612	3578.156	1.128	1.128	1.130
928	3541.707	3385.878	3711.212	3549.542	1.119	1.119	1.117
929	3526.053	3378.020	3680.342	3520.144	1.110	1.110	1.112
930	3561.775	3440.781	3659.781	3581.636	1.129	1.129	1.123
931	3510.532	3440.770	3636.241	3491.752	1.101	1.101	1.107
932	3559.287	3314.071	3703.154	3580.021	1.129	1.129	1.122
933	3556.567	3345.850	3784.281	3550.495	1.120	1.120	1.122
934	3544.663	3450.938	3594.169	3557.410	1.122	1.122	1.118
935	3593.808	3371.537	3793.184	3580.625	1.129	1.129	1.133
936	3637.253	3438.201	3792.910	3663.812	1.155	1.155	1.147
937	3530.000	3407.928	3594.727	3557.282	1.122	1.122	1.113
938	3577.628	3464.106	3809.526	3547.798	1.119	1.119	1.128
939	3552.033	3329.191	3651.981	3574.005	1.127	1.127	1.120
940	3560.089	3402.128	3694.991	3530.801	1.113	1.113	1.123
941	3528.092	3404.185	3672.375	3506.613	1.106	1.106	1.113
942	3531.309	3402.397	3774.186	3505.747	1.106	1.106	1.114
943	3581.609	3461.974	3664.637	3595.469	1.134	1.134	1.129
944	3556.086	3428.642	3765.778	3538.379	1.116	1.116	1.121
945	3610.848	3513.824	3773.680	3602.642	1.136	1.136	1.139
946	3553.570	3408.375	3684.688	3593.154	1.133	1.133	1.121
947	3568.680	3441.577	3715.916	3562.322	1.123	1.123	1.125
948	3576.046	3377.316	3705.690	3611.801	1.139	1.139	1.128
949	3573.333	3408.952	3741.884	3544.403	1.118	1.118	1.127
950	3542.948	3441.932	3686.175	3536.293	1.115	1.115	1.117
951	3590.892	3455.782	3832.499	3568.990	1.126	1.126	1.132
952	3564.338	3402.135	3717.087	3534.355	1.115	1.115	1.124
953	3547.906	3446.294	3658.184	3553.948	1.121	1.121	1.119
954	3528.155	3476.314	3583.283	3526.070	1.112	1.112	1.113
955	3478.064	3321.199	3562.794	3500.653	1.104	1.104	1.097
956	3513.564	3343.671	3621.168	3525.363	1.112	1.112	1.108
957	3517.782	3406.978	3643.718	3500.001	1.104	1.104	1.109
958	3536.756	3439.674	3659.931	3535.195	1.115	1.115	1.115
959	3511.392	3434.998	3580.881	3520.861	1.110	1.110	1.107
960	3508.983	3409.240	3587.888	3507.103	1.106	1.106	1.107
961	3525.923	3362.021	3669.111	3540.266	1.116	1.116	1.112
962	3541.935	3431.497	3622.818	3557.003	1.122	1.122	1.117
963	3586.402	3483.960	3786.901	3553.128	1.121	1.121	1.131
964	3552.589	3358.158	3691.964	3580.488	1.129	1.129	1.120
965	3623.496	3396.852	3768.986	3621.363	1.142	1.142	1.143
966	3623.899	3455.077	3824.912	3614.668	1.140	1.140	1.143
967	3595.872	3419.287	3718.044	3609.458	1.138	1.138	1.134
968	3535.264	3369.207	3657.614	3560.381	1.123	1.123	1.115
969	3544.958	3460.342	3670.955	3509.817	1.107	1.107	1.118
970	3558.208	3427.896	3723.963	3541.480	1.117	1.117	1.122
971	3620.553	3489.896	3730.525	3615.283	1.140	1.140	1.142
972	3636.670	3392.469	3807.380	3668.071	1.157	1.157	1.147
973	3684.113	3490.812	4144.720	3659.589	1.154	1.154	1.162
974	3742.527	3514.586	3920.357	3760.612	1.186	1.186	1.180
975	3607.288	3445.541	3776.074	3602.915	1.136	1.136	1.138
976	3648.904	3410.113	3886.426	3632.913	1.146	1.146	1.151
977	3686.961	3428.461	4244.776	3637.977	1.147	1.147	1.163
978	3637.551	3543.682	3849.382	3609.847	1.138	1.138	1.147
979	3606.093	3374.725	3746.276	3614.866	1.140	1.140	1.137
980	3662.612	3518.586	3921.591	3645.623	1.150	1.150	1.155
981	3597.523	3443.219	3769.476	3590.761	1.132	1.132	1.135
982	3567.315	3371.884	3807.682	3566.312	1.125	1.125	1.125
983	3570.031	3413.744	3664.128	3570.935	1.126	1.126	1.126
984	3622.201	3475.697	3856.127	3608.792	1.138	1.138	1.142
985	3537.154	3347.547	3684.718	3512.193	1.108	1.108	1.115
986	3576.989	3397.108	3692.472	3557.096	1.122	1.122	1.128
987	3531.710	3414.364	3691.837	3523.168	1.111	1.111	1.114
988	3584.413	3475.279	3705.332	3578.364	1.128	1.128	1.130
989	3547.069	3419.626	3593.096	3568.542	1.125	1.125	1.119
990	3597.565	3425.263	3720.023	3606.947	1.137	1.137	1.135
991	3550.953	3377.618	3681.253	3579.245	1.129	1.129	1.120
992	3575.736	3447.791	3725.103	3558.961	1.122	1.122	1.128
993	3619.652	3518.676	3883.689	3582.434	1.130	1.130	1.141
994	3612.964	3430.428	3784.035	3643.364	1.149	1.149	1.139
995	3587.317	3397.340	3736.415	3597.556	1.135	1.135	1.131
996	3619.066	3385.256	3787.274	3616.537	1.141	1.141	1.141
997	3587.548	3467.604	3719.032	3594.677	1.134	1.134	1.131
998	3591.500	3411.771	3761.255	3626.583	1.144	1.144	1.133
999	3550.096	3434.013	3654.791	3573.442	1.127	1.127	1.120
1000	3568.022	3363.660	3769.402	3587.582	1.131	1.131	1.125
1001	3540.003	3450.106	3694.401	3481.780	1.098	1.098	1.116
1002	3567.265	3441.662	3677.733	3566.290	1.125	1.125	1.125
1003	3582.575	3451.642	3783.857	3566.487	1.125	1.125	1.130
1004	3589.977	3387.771	3712.715	3617.642	1.141	1.141	1.132
1005	3535.043	3376.796	3692.487	3519.676	1.110	1.110	1.115
1006	3557.968	3405.434	3673.915	3564.277	1.124	1.124	1.122
1007	3633.219	3534.064	3870.297	3628.653	1.144	1.144	1.146
1008	3718.444	3562.235	3879.586	3721.713	1.174	1.174	1.173
1009	3718.444	3562.235	3879.586	3721.713	1.174	1.174	1.173
1010	3718.444	3562.235	3879.586	3721.713	1.174	1.174	1.173
