 	Mean	Min	Max	Median	Max_to_bgmean	Median_to_bgmedian	Mean_to_bgmean
1	3510.527	3372.310	3614.670	3518.692	0.944	0.947	0.942
2	3470.552	3356.826	3673.867	3452.481	0.927	0.930	0.931
3	3490.208	3345.248	3762.017	3460.054	0.929	0.932	0.937
4	3488.611	3329.993	3684.919	3470.770	0.931	0.935	0.936
5	3497.173	3369.754	3659.545	3484.723	0.935	0.938	0.938
6	3442.753	3257.212	3711.877	3481.253	0.934	0.937	0.924
7	3484.792	3301.882	3672.806	3446.773	0.925	0.928	0.935
8	3493.717	3390.770	3614.036	3489.846	0.937	0.940	0.938
9	3471.997	3251.385	3643.645	3478.518	0.933	0.937	0.932
10	3404.501	3263.113	3525.086	3432.155	0.921	0.924	0.914
11	3477.324	3405.042	3564.636	3461.596	0.929	0.932	0.933
12	3518.101	3332.461	3652.483	3515.836	0.944	0.947	0.944
13	3514.192	3226.121	3724.006	3578.430	0.960	0.963	0.943
14	3470.248	3275.723	3732.083	3448.691	0.925	0.929	0.931
15	3417.945	3274.666	3501.654	3427.271	0.920	0.923	0.917
16	3577.420	3346.311	3736.294	3584.234	0.962	0.965	0.960
17	3608.131	3392.561	3897.715	3621.368	0.972	0.975	0.968
18	3587.839	3460.862	3786.543	3579.674	0.961	0.964	0.963
19	3583.858	3436.739	3852.297	3543.927	0.951	0.954	0.962
20	3580.539	3405.419	3785.610	3568.620	0.958	0.961	0.961
21	3574.240	3373.368	3861.904	3575.818	0.960	0.963	0.959
22	3573.850	3350.483	3716.479	3611.718	0.969	0.972	0.959
23	3577.389	3364.172	3755.666	3590.014	0.963	0.967	0.960
24	3681.692	3472.329	3849.756	3691.029	0.991	0.994	0.988
25	3667.944	3536.439	3965.620	3607.908	0.968	0.971	0.984
26	3666.300	3503.594	3854.556	3688.686	0.990	0.993	0.984
27	3678.860	3454.449	3947.174	3683.455	0.988	0.992	0.987
28	3633.494	3518.580	3760.351	3632.324	0.975	0.978	0.975
29	3751.867	3599.683	3896.899	3746.069	1.005	1.009	1.007
30	3697.795	3514.239	3807.322	3713.600	0.997	1.000	0.992
31	3712.082	3514.549	3875.465	3727.210	1.000	1.004	0.996
32	3781.577	3533.836	4070.185	3796.224	1.019	1.022	1.015
33	3779.786	3401.653	4032.837	3875.834	1.040	1.044	1.014
34	3772.071	3504.527	4083.844	3738.927	1.003	1.007	1.012
35	3760.430	3398.381	4057.997	3741.356	1.004	1.007	1.009
36	3762.730	3574.362	3964.921	3756.065	1.008	1.011	1.010
37	3746.819	3661.754	3898.406	3702.628	0.994	0.997	1.005
38	3791.767	3501.109	4138.142	3755.965	1.008	1.011	1.018
39	3682.644	3562.493	3855.809	3676.623	0.987	0.990	0.988
40	3726.199	3317.258	4019.759	3756.959	1.008	1.012	1.000
41	3712.953	3415.836	3909.205	3719.947	0.998	1.002	0.996
42	3748.673	3406.416	3998.977	3768.222	1.011	1.015	1.006
43	3684.483	3392.438	3880.744	3709.583	0.995	0.999	0.989
44	3728.169	3539.935	4152.762	3692.877	0.991	0.994	1.000
45	3720.312	3441.400	3898.651	3776.019	1.013	1.017	0.998
46	3804.075	3630.148	4185.069	3792.195	1.018	1.021	1.021
47	3718.552	3569.960	3880.689	3743.978	1.005	1.008	0.998
48	3775.822	3491.507	4093.257	3800.687	1.020	1.023	1.013
49	3743.124	3384.502	4042.222	3727.036	1.000	1.004	1.005
50	3699.839	3382.453	3919.981	3740.227	1.004	1.007	0.993
51	3693.601	3390.243	3898.520	3731.747	1.001	1.005	0.991
52	3718.400	3375.108	4057.811	3731.449	1.001	1.005	0.998
53	3674.189	3534.911	3909.937	3620.297	0.972	0.975	0.986
54	3723.524	3527.790	3911.569	3712.799	0.996	1.000	0.999
55	3719.817	3490.400	3944.304	3756.015	1.008	1.011	0.998
56	3677.651	3398.891	3843.519	3678.959	0.987	0.991	0.987
57	3670.661	3543.861	3850.360	3663.962	0.983	0.987	0.985
58	3640.101	3522.221	3850.576	3618.574	0.971	0.974	0.977
59	3727.982	3556.847	3909.992	3705.364	0.994	0.998	1.000
60	3734.506	3478.322	3928.219	3769.608	1.012	1.015	1.002
61	3649.433	3586.095	3735.415	3653.200	0.980	0.984	0.979
62	3648.156	3495.230	3856.080	3628.271	0.974	0.977	0.979
63	3620.385	3457.895	3771.210	3625.276	0.973	0.976	0.972
64	3745.698	3461.460	4051.677	3723.390	0.999	1.003	1.005
65	3647.923	3481.432	3878.292	3642.831	0.978	0.981	0.979
66	3673.727	3489.417	3963.556	3637.273	0.976	0.979	0.986
67	3684.339	3462.514	3913.367	3727.782	1.000	1.004	0.989
68	3673.282	3436.519	3956.031	3659.049	0.982	0.985	0.986
69	3683.160	3482.801	3965.261	3684.550	0.989	0.992	0.988
70	3638.002	3423.927	3932.244	3632.183	0.975	0.978	0.976
71	3748.001	3603.533	4063.347	3756.698	1.008	1.011	1.006
72	3681.003	3510.203	3855.230	3719.279	0.998	1.001	0.988
73	3686.053	3469.612	3835.570	3701.396	0.993	0.997	0.989
74	3732.258	3458.582	4058.829	3686.654	0.989	0.993	1.002
75	3695.472	3434.965	3938.322	3713.209	0.996	1.000	0.992
76	3705.636	3538.247	3867.282	3701.465	0.993	0.997	0.994
77	3618.562	3387.291	3826.847	3614.042	0.970	0.973	0.971
78	3693.902	3445.813	4043.675	3666.391	0.984	0.987	0.991
79	3714.269	3434.688	3953.361	3708.539	0.995	0.999	0.997
80	3767.377	3357.090	4057.218	3762.940	1.010	1.013	1.011
81	3780.503	3435.683	4107.106	3847.934	1.033	1.036	1.015
82	3818.657	3368.794	4188.708	3841.381	1.031	1.034	1.025
83	3654.963	3377.010	3895.960	3667.490	0.984	0.987	0.981
84	3586.238	3338.412	4007.703	3554.909	0.954	0.957	0.962
85	3657.947	3312.356	3937.322	3695.669	0.992	0.995	0.982
86	3642.404	3300.432	3986.897	3633.811	0.975	0.978	0.977
87	3724.271	3343.298	3996.988	3776.562	1.013	1.017	0.999
88	3709.709	3478.210	4080.960	3712.693	0.996	1.000	0.996
89	3621.937	3419.641	3813.170	3637.672	0.976	0.979	0.972
90	3722.029	3373.645	4023.415	3771.721	1.012	1.016	0.999
91	3653.974	3462.052	3864.162	3671.658	0.985	0.989	0.981
92	3699.804	3461.845	3938.047	3723.854	0.999	1.003	0.993
93	3687.112	3442.187	3886.298	3763.451	1.010	1.013	0.989
94	3707.811	3468.538	3979.908	3722.278	0.999	1.002	0.995
95	3606.287	3406.268	3886.945	3620.483	0.972	0.975	0.968
96	3600.715	3402.445	3819.265	3620.759	0.972	0.975	0.966
97	3621.613	3428.251	4031.396	3550.146	0.953	0.956	0.972
98	3564.630	3416.813	3741.309	3562.761	0.956	0.959	0.957
99	3541.636	3220.256	3778.053	3545.322	0.951	0.955	0.950
100	3607.791	3437.648	3744.915	3589.981	0.963	0.967	0.968
101	3615.976	3509.979	3822.406	3576.844	0.960	0.963	0.970
102	3507.414	3386.175	3623.325	3510.305	0.942	0.945	0.941
103	3520.001	3332.669	3664.335	3530.614	0.947	0.951	0.945
104	3602.633	3466.385	3736.041	3600.713	0.966	0.969	0.967
105	3630.629	3491.084	3779.283	3651.856	0.980	0.983	0.974
106	3690.997	3426.669	3830.685	3708.797	0.995	0.999	0.991
107	3658.092	3465.453	3840.610	3649.401	0.979	0.983	0.982
108	3609.381	3455.903	3787.845	3623.585	0.972	0.976	0.969
109	3640.402	3477.753	3818.091	3629.737	0.974	0.977	0.977
110	3553.666	3487.799	3689.139	3535.301	0.949	0.952	0.954
111	3622.274	3348.159	3825.518	3648.085	0.979	0.982	0.972
112	3682.985	3592.343	3847.452	3660.327	0.982	0.986	0.988
113	3627.237	3369.407	3803.627	3662.199	0.983	0.986	0.973
114	3576.046	3255.658	3795.687	3585.046	0.962	0.965	0.960
115	3637.332	3429.312	3927.364	3605.380	0.968	0.971	0.976
116	3672.444	3513.366	3939.614	3651.976	0.980	0.983	0.986
117	3734.246	3578.832	3946.868	3715.632	0.997	1.000	1.002
118	3675.026	3460.345	3854.288	3676.815	0.987	0.990	0.986
119	3716.894	3614.422	3836.898	3695.546	0.992	0.995	0.997
120	3744.238	3585.842	3979.235	3762.508	1.010	1.013	1.005
121	3690.448	3563.860	3843.290	3666.197	0.984	0.987	0.990
122	3695.895	3542.229	3930.542	3671.623	0.985	0.989	0.992
123	3782.454	3579.350	4067.337	3755.867	1.008	1.011	1.015
124	3704.301	3536.218	3844.838	3719.683	0.998	1.002	0.994
125	3674.034	3557.922	3819.750	3677.921	0.987	0.990	0.986
126	3747.795	3573.228	3936.466	3741.418	1.004	1.007	1.006
127	3735.233	3514.019	3989.250	3765.691	1.011	1.014	1.002
128	3732.076	3548.672	3902.766	3709.908	0.996	0.999	1.002
129	3701.963	3495.629	3859.049	3719.277	0.998	1.001	0.993
130	3772.443	3564.043	3957.825	3757.127	1.008	1.012	1.012
131	3767.882	3623.130	3923.225	3764.396	1.010	1.014	1.011
132	3812.076	3591.472	4029.368	3841.049	1.031	1.034	1.023
133	3802.735	3627.137	4014.499	3791.406	1.017	1.021	1.020
134	3829.670	3585.802	4121.603	3795.331	1.019	1.022	1.028
135	3817.689	3636.315	4058.976	3805.189	1.021	1.025	1.025
136	3835.471	3644.657	4315.301	3810.742	1.023	1.026	1.029
137	3886.295	3571.363	4172.199	3863.554	1.037	1.040	1.043
138	3876.698	3592.073	4161.492	3871.367	1.039	1.042	1.040
139	3848.166	3615.604	4058.822	3855.834	1.035	1.038	1.033
140	3849.582	3669.769	4091.832	3805.680	1.021	1.025	1.033
141	3872.043	3622.780	4142.958	3888.918	1.044	1.047	1.039
142	3784.626	3633.602	3905.123	3794.837	1.018	1.022	1.016
143	3927.410	3720.262	4116.016	3955.008	1.061	1.065	1.054
144	4069.128	3925.507	4240.195	4053.031	1.088	1.091	1.092
145	3969.567	3848.494	4142.175	3962.224	1.063	1.067	1.065
146	3938.249	3792.362	4108.541	3920.366	1.052	1.056	1.057
147	4015.054	3590.328	4401.262	4038.342	1.084	1.087	1.077
148	4100.470	3739.568	4474.887	4122.815	1.106	1.110	1.100
149	4055.084	3475.665	4330.844	4117.534	1.105	1.109	1.088
150	4044.423	3697.793	4351.078	4100.479	1.100	1.104	1.085
151	3956.893	3651.187	4354.352	3981.027	1.068	1.072	1.062
152	3884.804	3600.571	4144.596	3889.159	1.044	1.047	1.043
153	3924.111	3676.396	4113.371	3934.697	1.056	1.059	1.053
154	3979.535	3827.633	4146.762	3984.200	1.069	1.073	1.068
155	3981.025	3804.000	4235.955	3925.184	1.053	1.057	1.068
156	4034.799	3864.274	4189.563	4057.778	1.089	1.093	1.083
157	4029.632	3878.462	4189.242	4026.048	1.080	1.084	1.081
158	3977.282	3738.056	4251.955	3932.534	1.055	1.059	1.067
159	3939.893	3774.388	4096.351	3935.187	1.056	1.060	1.057
160	3938.889	3625.142	4223.687	3918.003	1.051	1.055	1.057
161	3958.490	3559.066	4206.470	3964.609	1.064	1.067	1.062
162	3953.402	3805.027	4120.312	3965.852	1.064	1.068	1.061
163	3936.764	3678.722	4079.617	3970.322	1.065	1.069	1.056
164	3941.202	3804.380	4100.938	3947.650	1.059	1.063	1.058
165	3991.321	3604.749	4352.183	4049.622	1.087	1.090	1.071
166	4026.938	3761.835	4219.600	4026.042	1.080	1.084	1.081
167	4012.518	3794.066	4323.927	4010.500	1.076	1.080	1.077
168	3986.449	3847.274	4107.873	3982.725	1.069	1.072	1.070
169	3936.974	3770.161	4152.675	3949.366	1.060	1.063	1.057
170	3971.443	3545.392	4341.621	3949.049	1.060	1.063	1.066
171	3955.880	3653.720	4136.833	3997.014	1.073	1.076	1.062
172	3951.241	3690.317	4225.451	3889.580	1.044	1.047	1.060
173	3996.779	3789.154	4322.525	3961.841	1.063	1.067	1.073
174	4024.012	3881.050	4317.404	4006.854	1.075	1.079	1.080
175	4141.654	3875.157	4594.287	4026.422	1.081	1.084	1.111
176	4069.939	3721.964	4466.743	4087.135	1.097	1.100	1.092
177	4111.692	3637.234	4409.844	4130.341	1.108	1.112	1.103
178	4202.276	3843.450	4568.558	4162.645	1.117	1.121	1.128
179	4117.126	3670.691	4330.846	4147.292	1.113	1.117	1.105
180	4176.164	3698.942	4560.862	4254.478	1.142	1.146	1.121
181	4072.696	3720.202	4268.345	4147.976	1.113	1.117	1.093
182	3960.071	3633.100	4258.250	3958.170	1.062	1.066	1.063
183	4097.124	3750.171	4564.017	4034.234	1.083	1.086	1.099
184	4084.530	3773.212	4454.811	4049.780	1.087	1.090	1.096
185	4098.140	3660.954	4265.400	4159.316	1.116	1.120	1.100
186	4112.697	3502.256	4511.817	4237.291	1.137	1.141	1.104
187	4251.258	3631.661	4493.724	4368.661	1.172	1.176	1.141
188	4164.124	3750.336	4472.623	4233.243	1.136	1.140	1.117
189	4281.498	3815.905	4843.363	4293.232	1.152	1.156	1.149
190	4297.075	3942.428	4708.928	4265.000	1.145	1.148	1.153
191	4228.663	3946.658	4479.984	4202.447	1.128	1.132	1.135
192	4189.160	3898.491	4581.438	4207.406	1.129	1.133	1.124
193	4253.547	3860.335	4647.531	4250.918	1.141	1.145	1.141
194	4275.706	3820.671	4586.667	4357.967	1.169	1.173	1.147
195	4227.776	3776.053	4545.641	4298.905	1.154	1.157	1.135
196	4205.293	3850.924	4480.058	4280.054	1.149	1.152	1.129
197	4231.962	3862.996	4540.312	4302.451	1.155	1.158	1.136
198	4319.137	3915.218	4769.103	4294.612	1.152	1.156	1.159
199	4332.288	3845.793	4922.473	4323.923	1.160	1.164	1.163
200	4376.541	3812.940	4773.545	4341.697	1.165	1.169	1.174
201	4292.888	3847.594	4489.119	4308.646	1.156	1.160	1.152
202	4293.968	3936.089	4475.396	4358.042	1.170	1.173	1.152
203	4391.316	4033.479	4658.901	4421.896	1.187	1.191	1.178
204	4411.723	3973.410	4707.434	4464.747	1.198	1.202	1.184
205	4357.572	4010.268	4814.421	4231.170	1.135	1.139	1.169
206	4380.675	3867.912	4773.276	4406.530	1.183	1.186	1.176
207	4266.296	3931.812	4568.770	4257.763	1.143	1.146	1.145
208	4202.885	3668.073	4517.176	4274.830	1.147	1.151	1.128
209	4383.651	3672.372	4773.582	4331.218	1.162	1.166	1.176
210	4395.280	3850.784	4725.715	4443.532	1.192	1.196	1.180
211	4219.691	3871.997	4441.271	4234.855	1.136	1.140	1.132
212	4318.290	3748.629	4759.767	4381.007	1.176	1.180	1.159
213	4188.214	3899.502	4712.667	4150.953	1.114	1.118	1.124
214	4088.914	3603.987	4668.458	4137.668	1.110	1.114	1.097
215	4173.779	3741.372	4483.314	4180.393	1.122	1.126	1.120
216	4343.475	3769.906	4892.231	4353.334	1.168	1.172	1.166
217	4362.310	3684.625	4767.441	4444.135	1.193	1.197	1.171
218	4246.904	3563.078	4600.487	4394.217	1.179	1.183	1.140
219	4319.166	3762.179	4779.692	4351.860	1.168	1.172	1.159
220	4269.618	3826.139	4653.403	4239.357	1.138	1.141	1.146
221	4260.881	3778.418	4867.811	4213.541	1.131	1.135	1.143
222	4265.909	3725.136	4732.000	4360.158	1.170	1.174	1.145
223	4238.715	3632.851	4786.892	4302.755	1.155	1.159	1.137
224	4221.694	3693.592	4689.082	4290.537	1.151	1.155	1.133
225	4174.078	3583.350	4688.540	4295.326	1.153	1.157	1.120
226	4092.902	3604.140	4431.767	4184.856	1.123	1.127	1.098
227	4103.129	3627.188	4706.298	4194.701	1.126	1.129	1.101
228	4283.906	3705.476	4812.669	4406.344	1.182	1.186	1.150
229	4251.761	3701.136	4741.385	4283.955	1.150	1.153	1.141
230	4213.108	3783.895	4802.963	4104.960	1.102	1.105	1.131
231	4269.969	3730.230	4833.723	4274.545	1.147	1.151	1.146
232	4351.739	3653.742	5007.211	4441.235	1.192	1.196	1.168
233	4326.824	3790.630	5031.530	4323.051	1.160	1.164	1.161
234	4308.968	3791.629	4711.483	4444.276	1.193	1.197	1.156
235	4336.438	3840.351	4983.114	4358.190	1.170	1.173	1.164
236	4281.719	3731.407	4963.500	4281.890	1.149	1.153	1.149
237	4362.969	3743.517	4867.911	4394.080	1.179	1.183	1.171
238	4511.677	3908.389	4983.567	4462.595	1.198	1.202	1.211
239	4458.288	3878.587	5083.887	4463.650	1.198	1.202	1.196
240	4436.230	3987.663	4769.326	4443.632	1.192	1.196	1.191
241	4384.367	3986.673	4637.789	4460.618	1.197	1.201	1.177
242	4414.610	4094.128	4674.267	4435.636	1.190	1.194	1.185
243	4425.049	3988.626	4874.744	4435.658	1.190	1.194	1.188
244	4406.129	4115.069	4702.505	4437.548	1.191	1.195	1.182
245	4515.917	4151.022	4839.403	4439.225	1.191	1.195	1.212
246	4539.320	4254.130	5034.597	4497.232	1.207	1.211	1.218
247	4501.621	4229.898	5004.200	4459.425	1.197	1.201	1.208
248	4675.805	4002.757	5066.775	4761.872	1.278	1.282	1.255
249	4698.908	3891.461	5017.958	4810.772	1.291	1.295	1.261
250	4671.132	4085.907	4944.709	4756.293	1.276	1.281	1.254
251	4557.197	4121.133	4933.204	4558.031	1.223	1.227	1.223
252	4601.471	4212.569	5002.895	4619.535	1.240	1.244	1.235
253	4619.297	4416.901	4901.112	4583.596	1.230	1.234	1.240
254	4581.196	4370.861	4887.069	4596.577	1.234	1.238	1.229
255	4519.485	4129.364	4823.983	4530.928	1.216	1.220	1.213
256	4326.102	4077.449	4516.405	4333.029	1.163	1.167	1.161
257	4324.753	4119.020	4554.007	4290.190	1.151	1.155	1.161
258	4285.806	4049.431	4462.036	4287.928	1.151	1.155	1.150
259	4350.724	4105.653	4626.918	4334.049	1.163	1.167	1.168
260	4363.281	4015.053	4630.959	4355.604	1.169	1.173	1.171
261	4312.080	3883.138	4727.776	4245.656	1.139	1.143	1.157
262	4281.287	3787.700	4546.840	4239.493	1.138	1.141	1.149
263	4298.246	3980.248	4702.478	4312.677	1.157	1.161	1.153
264	4335.866	4168.460	4552.889	4269.711	1.146	1.150	1.164
265	4369.024	3970.164	4582.740	4443.612	1.192	1.196	1.172
266	4389.175	4003.957	4724.624	4343.624	1.166	1.170	1.178
267	4429.017	4046.615	4768.044	4440.566	1.192	1.196	1.189
268	4287.932	3937.165	4571.269	4308.791	1.156	1.160	1.151
269	4461.290	4037.357	4838.247	4515.573	1.212	1.216	1.197
270	4508.094	4002.308	4740.993	4548.216	1.221	1.225	1.210
271	4360.752	4054.389	4616.901	4355.898	1.169	1.173	1.170
272	4381.425	4168.618	4663.450	4323.709	1.160	1.164	1.176
273	4429.660	4057.633	4849.040	4453.269	1.195	1.199	1.189
274	4452.023	3975.006	4744.612	4470.211	1.200	1.204	1.195
275	4304.840	3934.815	4581.672	4334.305	1.163	1.167	1.155
276	4338.513	4045.693	4699.704	4271.964	1.146	1.150	1.164
277	4436.272	4015.598	4792.613	4448.450	1.194	1.198	1.191
278	4397.727	3939.110	4619.282	4515.150	1.212	1.216	1.180
279	4298.167	3913.055	4685.698	4290.037	1.151	1.155	1.153
280	4429.675	4226.286	4720.949	4374.116	1.174	1.178	1.189
281	4365.365	3890.418	4742.218	4355.585	1.169	1.173	1.171
282	4414.663	4138.525	4677.170	4403.552	1.182	1.186	1.185
283	4483.879	4125.385	4904.457	4415.790	1.185	1.189	1.203
284	4442.019	3996.095	4709.340	4545.342	1.220	1.224	1.192
285	4464.187	4051.613	4806.062	4497.963	1.207	1.211	1.198
286	4415.627	3894.983	4868.482	4377.878	1.175	1.179	1.185
287	4312.146	3694.168	4625.939	4383.165	1.176	1.180	1.157
288	4395.028	3971.296	4989.875	4356.068	1.169	1.173	1.179
289	4429.727	4028.052	4979.023	4369.327	1.173	1.176	1.189
290	4316.085	3984.185	4704.480	4263.945	1.144	1.148	1.158
291	4401.244	4108.470	4638.720	4429.853	1.189	1.193	1.181
292	4407.525	3903.753	4765.272	4412.271	1.184	1.188	1.183
293	4211.773	3968.592	4423.751	4184.256	1.123	1.127	1.130
294	4286.539	4000.014	4502.970	4289.409	1.151	1.155	1.150
295	4460.868	4120.966	4858.916	4448.270	1.194	1.198	1.197
296	4428.111	4135.412	4928.753	4438.205	1.191	1.195	1.188
297	4436.443	3970.434	5022.273	4494.870	1.206	1.210	1.191
298	4447.137	3863.672	4966.202	4456.288	1.196	1.200	1.193
299	4432.261	4147.002	4683.461	4409.819	1.183	1.187	1.189
300	4320.860	4088.875	4590.013	4295.996	1.153	1.157	1.160
301	4396.778	4162.708	4684.799	4359.966	1.170	1.174	1.180
302	4447.967	4244.575	4741.597	4438.971	1.191	1.195	1.194
303	4264.495	4038.781	4560.134	4285.802	1.150	1.154	1.144
304	4440.587	4265.313	4632.668	4450.068	1.194	1.198	1.192
305	4495.317	4243.914	4872.910	4448.211	1.194	1.198	1.206
306	4490.226	4023.811	4887.010	4499.355	1.207	1.211	1.205
307	4472.245	4067.457	4906.188	4475.731	1.201	1.205	1.200
308	4440.336	3897.187	4866.791	4412.346	1.184	1.188	1.192
309	4399.223	3939.584	4898.371	4365.130	1.171	1.175	1.181
310	4210.059	3625.039	4602.225	4225.269	1.134	1.138	1.130
311	4098.466	3816.008	4342.918	4173.340	1.120	1.124	1.100
312	4030.059	3704.277	4210.199	4061.538	1.090	1.094	1.082
313	4055.667	3727.149	4337.554	4099.617	1.100	1.104	1.088
314	4069.977	3918.287	4326.982	4032.086	1.082	1.086	1.092
315	4147.346	3730.609	4424.154	4152.223	1.114	1.118	1.113
316	4132.343	3681.379	4600.529	4087.861	1.097	1.101	1.109
317	4013.672	3705.385	4326.593	4004.217	1.075	1.078	1.077
318	3966.741	3571.646	4350.496	3992.824	1.072	1.075	1.065
319	4090.495	3727.116	4542.015	4075.220	1.094	1.097	1.098
320	4169.182	3754.966	4615.933	4044.588	1.085	1.089	1.119
321	4091.731	3766.456	4476.946	4071.592	1.093	1.096	1.098
322	4125.756	3715.368	4545.967	4225.920	1.134	1.138	1.107
323	4091.291	3626.154	4499.466	4107.647	1.102	1.106	1.098
324	4178.407	3594.027	4711.474	4254.726	1.142	1.146	1.121
325	4053.887	3734.746	4544.712	4030.860	1.082	1.085	1.088
326	4011.910	3673.000	4305.803	4033.582	1.082	1.086	1.077
327	4106.108	3803.511	4281.241	4147.590	1.113	1.117	1.102
328	4136.185	3610.658	4408.465	4198.746	1.127	1.131	1.110
329	4269.101	3733.073	5131.639	4131.916	1.109	1.113	1.146
330	4237.630	3800.972	4785.804	4126.820	1.107	1.111	1.137
331	4264.303	3590.812	4748.738	4270.227	1.146	1.150	1.144
332	4247.077	3653.283	4586.158	4278.171	1.148	1.152	1.140
333	4280.630	3974.493	4821.858	4248.628	1.140	1.144	1.149
334	4202.576	4008.362	4475.381	4190.593	1.125	1.128	1.128
335	4256.768	3766.309	4768.411	4247.032	1.140	1.144	1.142
336	4279.498	3706.370	4801.887	4093.871	1.099	1.102	1.148
337	4345.436	3893.624	4786.998	4283.646	1.150	1.153	1.166
338	4153.114	3757.154	4649.113	4086.002	1.097	1.100	1.115
339	4308.278	3947.533	4970.216	4205.242	1.129	1.132	1.156
340	4423.754	3876.566	4924.920	4402.825	1.182	1.185	1.187
341	4306.941	3858.740	4798.224	4256.076	1.142	1.146	1.156
342	4379.759	3958.795	5084.032	4308.898	1.156	1.160	1.175
343	4426.039	3842.698	4868.645	4521.685	1.213	1.217	1.188
344	4516.714	3885.369	4778.142	4622.718	1.241	1.245	1.212
345	4408.873	3951.121	4625.140	4516.934	1.212	1.216	1.183
346	4488.944	3996.755	4784.268	4501.736	1.208	1.212	1.205
347	4422.983	4225.634	4680.438	4321.961	1.160	1.164	1.187
348	4455.963	4190.675	4617.482	4463.663	1.198	1.202	1.196
349	4429.063	4138.562	4725.285	4423.867	1.187	1.191	1.189
350	4410.251	4161.028	4575.227	4428.143	1.188	1.192	1.184
351	4269.160	4080.587	4457.424	4253.854	1.142	1.145	1.146
352	4314.379	4144.266	4595.220	4259.582	1.143	1.147	1.158
353	4494.528	4276.789	5102.111	4428.501	1.188	1.192	1.206
354	4336.091	4120.300	4704.048	4247.674	1.140	1.144	1.164
355	4287.183	4161.263	4451.349	4251.833	1.141	1.145	1.151
356	4302.261	4092.771	4455.951	4334.541	1.163	1.167	1.155
357	4121.763	3942.521	4267.132	4154.831	1.115	1.119	1.106
358	4108.038	3775.139	4496.188	4075.062	1.094	1.097	1.102
359	3945.155	3849.825	4106.615	3914.156	1.050	1.054	1.059
360	4078.838	3911.225	4312.993	4037.322	1.083	1.087	1.095
361	4158.937	3885.374	4542.371	4157.442	1.116	1.119	1.116
362	4179.730	3831.949	4490.195	4171.190	1.119	1.123	1.122
363	4101.104	3949.088	4393.458	4065.579	1.091	1.095	1.101
364	4179.961	3907.529	4413.479	4211.300	1.130	1.134	1.122
365	4203.647	3975.333	4486.166	4162.369	1.117	1.121	1.128
366	4052.736	3661.194	4484.118	3984.409	1.069	1.073	1.088
367	4318.811	3887.113	4861.393	4333.613	1.163	1.167	1.159
368	4314.986	4024.912	4761.980	4264.551	1.144	1.148	1.158
369	4239.534	3974.640	4497.661	4242.323	1.138	1.142	1.138
370	4312.937	4054.462	4978.519	4188.472	1.124	1.128	1.157
371	4217.632	3948.035	4542.465	4165.887	1.118	1.122	1.132
372	4295.320	3893.244	4658.412	4239.450	1.138	1.141	1.153
373	4246.328	4012.660	4563.938	4185.538	1.123	1.127	1.140
374	4258.194	4100.608	4379.325	4257.027	1.142	1.146	1.143
375	4087.686	3826.164	4228.134	4117.294	1.105	1.109	1.097
376	4108.721	3945.420	4366.718	4096.518	1.099	1.103	1.103
377	4187.957	3919.926	4518.628	4155.253	1.115	1.119	1.124
378	4243.947	3919.533	4466.037	4298.848	1.154	1.157	1.139
379	4279.983	3897.211	4617.611	4345.427	1.166	1.170	1.149
380	4307.683	4200.111	4546.723	4283.194	1.149	1.153	1.156
381	4181.833	4060.316	4426.332	4153.156	1.115	1.118	1.122
382	4397.070	4181.073	4648.147	4372.030	1.173	1.177	1.180
383	4377.992	4043.018	4526.757	4423.079	1.187	1.191	1.175
384	4316.072	4069.305	4535.188	4338.013	1.164	1.168	1.158
385	4271.027	3933.688	4611.646	4297.283	1.153	1.157	1.146
386	4227.624	3915.484	4527.840	4231.717	1.136	1.139	1.135
387	4232.560	4075.473	4337.984	4246.140	1.139	1.143	1.136
388	4293.814	4153.955	4410.150	4287.044	1.150	1.154	1.152
389	4324.274	4066.150	4537.971	4332.192	1.163	1.166	1.160
390	4270.807	4141.003	4375.572	4268.255	1.145	1.149	1.146
391	4300.734	3983.252	4454.164	4294.594	1.152	1.156	1.154
392	4398.002	4259.915	4629.904	4368.727	1.172	1.176	1.180
393	4428.948	3978.727	4800.535	4463.152	1.198	1.202	1.189
394	4248.883	3761.242	4556.495	4286.745	1.150	1.154	1.140
395	4358.468	4221.853	4613.593	4329.417	1.162	1.166	1.170
396	4269.596	4035.285	4492.688	4290.158	1.151	1.155	1.146
397	4160.249	3936.331	4613.124	4146.638	1.113	1.116	1.116
398	4186.902	3926.499	4409.925	4164.003	1.117	1.121	1.124
399	4191.955	3972.250	4433.003	4177.803	1.121	1.125	1.125
400	4237.992	4003.359	4538.490	4222.823	1.133	1.137	1.137
401	4196.271	4050.018	4514.079	4181.323	1.122	1.126	1.126
402	4196.668	4006.210	4516.654	4186.803	1.124	1.127	1.126
403	4260.679	4043.799	4547.356	4263.442	1.144	1.148	1.143
404	4301.278	3995.338	4534.940	4311.185	1.157	1.161	1.154
405	4278.195	4077.899	4644.122	4258.174	1.143	1.147	1.148
406	4184.692	3936.592	4343.232	4217.853	1.132	1.136	1.123
407	4135.990	3956.335	4430.090	4082.589	1.096	1.099	1.110
408	4170.723	3965.970	4318.874	4199.588	1.127	1.131	1.119
409	4108.243	3840.088	4239.732	4162.692	1.117	1.121	1.102
410	4106.448	3889.304	4338.651	4099.789	1.100	1.104	1.102
411	4032.322	3859.223	4221.272	4028.637	1.081	1.085	1.082
412	4140.681	3924.027	4433.517	4132.271	1.109	1.113	1.111
413	4078.401	3699.045	4381.056	4087.037	1.097	1.100	1.094
414	3942.793	3766.170	4118.255	3940.347	1.057	1.061	1.058
415	4070.194	3970.968	4309.001	4029.441	1.081	1.085	1.092
416	4008.598	3829.671	4190.079	3975.108	1.067	1.070	1.076
417	4030.526	3850.434	4279.866	4027.436	1.081	1.084	1.082
418	4087.233	3786.789	4318.654	4037.438	1.083	1.087	1.097
419	4016.123	3701.909	4306.911	3987.642	1.070	1.074	1.078
420	3913.689	3645.607	4141.188	3929.648	1.055	1.058	1.050
421	4007.752	3769.312	4229.644	4013.499	1.077	1.081	1.076
422	4000.100	3739.477	4139.731	4048.022	1.086	1.090	1.073
423	4025.086	3797.419	4254.781	4036.708	1.083	1.087	1.080
424	4051.258	3616.005	4270.070	4165.927	1.118	1.122	1.087
425	4079.901	3766.973	4414.061	4107.872	1.102	1.106	1.095
426	3967.936	3672.028	4433.561	3930.733	1.055	1.058	1.065
427	3920.824	3620.624	4271.703	3923.166	1.053	1.056	1.052
428	3977.887	3711.206	4197.105	3971.219	1.066	1.069	1.068
429	4046.063	3686.650	4345.966	4044.042	1.085	1.089	1.086
430	4098.322	3859.384	4301.519	4098.412	1.100	1.104	1.100
431	4078.128	3730.317	4487.111	4065.809	1.091	1.095	1.094
432	4041.159	3788.277	4251.337	4075.727	1.094	1.097	1.084
433	4074.496	3603.926	4503.628	4095.412	1.099	1.103	1.093
434	4063.030	3841.341	4360.208	4029.870	1.081	1.085	1.090
435	3997.999	3735.442	4143.280	3983.545	1.069	1.073	1.073
436	4040.944	3732.281	4307.352	4058.378	1.089	1.093	1.084
437	4003.940	3805.081	4283.466	3952.238	1.061	1.064	1.074
438	4122.147	3786.657	4566.272	4097.985	1.100	1.103	1.106
439	4096.144	3865.086	4407.141	4097.463	1.100	1.103	1.099
440	4073.806	3779.619	4636.898	4040.255	1.084	1.088	1.093
441	4045.735	3830.005	4333.992	4043.466	1.085	1.089	1.086
442	4010.830	3800.144	4570.965	3893.420	1.045	1.048	1.076
443	4068.857	3861.385	4411.211	4010.350	1.076	1.080	1.092
444	4103.604	3784.957	4310.378	4124.898	1.107	1.111	1.101
445	4059.609	3796.790	4539.491	3967.267	1.065	1.068	1.089
446	4268.440	4025.966	4551.355	4363.842	1.171	1.175	1.145
447	4195.230	4007.572	4413.346	4192.435	1.125	1.129	1.126
448	4147.509	3963.078	4374.822	4102.747	1.101	1.105	1.113
449	4116.282	3952.624	4316.563	4102.538	1.101	1.105	1.105
450	4096.918	3945.589	4210.475	4133.268	1.109	1.113	1.099
451	4022.645	3836.398	4182.066	4009.522	1.076	1.080	1.080
452	4139.904	3923.508	4419.051	4131.878	1.109	1.113	1.111
453	4108.219	3913.223	4280.635	4107.721	1.102	1.106	1.102
454	4128.585	3848.880	4371.393	4124.490	1.107	1.111	1.108
455	4193.042	3947.003	4475.557	4179.340	1.122	1.125	1.125
456	4254.420	4054.566	4528.954	4226.604	1.134	1.138	1.142
457	4259.097	4052.346	4588.754	4195.964	1.126	1.130	1.143
458	4155.675	3853.260	4530.372	4173.954	1.120	1.124	1.115
459	4081.088	3893.237	4237.737	4095.489	1.099	1.103	1.095
460	4105.865	3847.425	4382.344	4113.793	1.104	1.108	1.102
461	4154.513	3984.839	4424.715	4160.146	1.116	1.120	1.115
462	4065.428	3897.223	4203.667	4078.386	1.094	1.098	1.091
463	4100.679	3842.994	4406.642	4031.263	1.082	1.085	1.100
464	4102.398	3879.538	4332.094	4156.216	1.115	1.119	1.101
465	4092.962	3842.134	4330.064	4078.979	1.095	1.098	1.098
466	4120.849	3846.767	4419.343	4123.692	1.107	1.110	1.106
467	4107.458	3773.244	4398.405	4104.523	1.101	1.105	1.102
468	4070.699	3829.172	4225.669	4069.888	1.092	1.096	1.092
469	3948.589	3636.934	4185.160	3960.752	1.063	1.066	1.060
470	4075.327	3919.791	4247.875	4055.754	1.088	1.092	1.094
471	4107.397	3940.541	4254.906	4094.958	1.099	1.103	1.102
472	4287.920	4063.068	4722.580	4234.926	1.136	1.140	1.151
473	4104.372	3919.569	4397.117	4117.143	1.105	1.109	1.101
474	4177.634	3906.624	4484.271	4072.839	1.093	1.097	1.121
475	4152.384	3821.666	4324.785	4174.553	1.120	1.124	1.114
476	4104.777	3810.335	4438.206	4086.104	1.097	1.100	1.102
477	4075.224	3792.021	4295.917	4053.117	1.088	1.091	1.094
478	4114.215	3871.021	4305.291	4137.854	1.110	1.114	1.104
479	4160.591	4041.208	4315.366	4169.642	1.119	1.123	1.117
480	4314.688	4156.778	4568.571	4294.628	1.153	1.156	1.158
481	4270.082	4082.342	4562.962	4267.812	1.145	1.149	1.146
482	4213.811	3930.348	4438.753	4232.478	1.136	1.140	1.131
483	4227.866	4167.184	4358.398	4202.062	1.128	1.131	1.135
484	4224.012	4101.959	4446.026	4189.052	1.124	1.128	1.134
485	4246.501	3964.199	4432.260	4259.752	1.143	1.147	1.140
486	4204.326	4137.981	4295.989	4201.329	1.127	1.131	1.128
487	4281.000	3844.129	4535.338	4320.561	1.159	1.163	1.149
488	4361.069	4166.395	4558.648	4338.057	1.164	1.168	1.170
489	4358.604	4191.988	4571.973	4348.448	1.167	1.171	1.170
490	4385.796	4213.341	4573.672	4384.329	1.177	1.180	1.177
491	4380.644	3879.647	4684.469	4384.688	1.177	1.181	1.176
492	4396.050	3944.419	4965.828	4327.956	1.161	1.165	1.180
493	4325.295	4079.138	4627.962	4336.450	1.164	1.168	1.161
494	4294.140	4142.830	4653.095	4249.616	1.140	1.144	1.152
495	4272.345	4020.886	4626.790	4213.493	1.131	1.134	1.147
496	4291.868	4035.427	4498.946	4274.232	1.147	1.151	1.152
497	4353.675	4125.603	4515.195	4393.128	1.179	1.183	1.168
498	4228.901	4041.282	4551.773	4204.752	1.128	1.132	1.135
499	4316.283	4050.279	4558.970	4289.370	1.151	1.155	1.158
500	4283.978	3983.873	4554.609	4314.719	1.158	1.162	1.150
501	4398.678	4049.449	4604.190	4368.499	1.172	1.176	1.180
502	4433.501	4211.560	4668.112	4452.405	1.195	1.199	1.190
503	4366.308	4204.870	4580.580	4330.549	1.162	1.166	1.172
504	4321.708	4047.756	4835.418	4243.109	1.139	1.142	1.160
505	4269.756	3908.330	4649.799	4324.046	1.160	1.164	1.146
506	4316.710	3895.205	4624.455	4363.566	1.171	1.175	1.158
507	4343.857	4076.769	4551.769	4349.788	1.167	1.171	1.166
508	4224.684	3917.239	4520.869	4225.531	1.134	1.138	1.134
509	4215.453	4018.462	4489.777	4200.178	1.127	1.131	1.131
510	4179.584	3732.069	4484.604	4234.530	1.136	1.140	1.122
511	4203.793	3796.142	4538.356	4141.136	1.111	1.115	1.128
512	4187.076	3732.681	4583.057	4187.769	1.124	1.128	1.124
513	4159.985	3827.119	4403.716	4233.505	1.136	1.140	1.116
514	4219.045	3963.128	4669.899	4203.483	1.128	1.132	1.132
515	4161.976	3920.839	4577.437	4062.845	1.090	1.094	1.117
516	4200.518	3772.640	4850.304	4144.375	1.112	1.116	1.127
517	4273.922	4036.129	4521.498	4225.167	1.134	1.138	1.147
518	4229.006	3947.326	4433.924	4254.280	1.142	1.145	1.135
519	4333.593	4002.653	4545.174	4379.112	1.175	1.179	1.163
520	4265.367	3918.767	4703.451	4249.695	1.140	1.144	1.145
521	4178.438	3830.482	4502.787	4277.164	1.148	1.152	1.121
522	4227.749	4041.861	4501.800	4235.625	1.137	1.140	1.135
523	4161.795	3879.168	4305.662	4206.031	1.129	1.132	1.117
524	4211.891	3937.537	4687.075	4188.662	1.124	1.128	1.130
525	4164.699	3979.493	4332.570	4154.728	1.115	1.119	1.118
526	4195.380	3991.271	4454.344	4154.892	1.115	1.119	1.126
527	4387.537	4046.206	4783.719	4390.278	1.178	1.182	1.177
528	4240.939	3898.083	4585.405	4190.949	1.125	1.128	1.138
529	4192.578	3933.741	4537.393	4094.113	1.099	1.102	1.125
530	4220.272	4006.302	4329.122	4236.429	1.137	1.141	1.133
531	4331.267	4156.111	4504.141	4301.614	1.154	1.158	1.162
532	4442.317	4131.319	4735.139	4470.188	1.200	1.204	1.192
533	4390.526	4161.341	4626.101	4382.330	1.176	1.180	1.178
534	4246.033	3925.951	4431.554	4270.984	1.146	1.150	1.139
535	4251.325	4032.404	4417.495	4305.923	1.156	1.159	1.141
536	4335.914	4146.665	4548.804	4309.604	1.157	1.160	1.164
537	4335.465	4155.076	4436.336	4352.348	1.168	1.172	1.163
538	4306.287	4043.794	4489.646	4328.452	1.162	1.165	1.156
539	4423.504	4216.246	4639.996	4423.106	1.187	1.191	1.187
540	4398.177	4166.366	4659.352	4379.022	1.175	1.179	1.180
541	4400.146	3963.834	4795.452	4432.634	1.190	1.193	1.181
542	4310.969	4165.504	4445.810	4316.992	1.159	1.162	1.157
543	4507.552	4318.613	4890.669	4434.048	1.190	1.194	1.210
544	4256.304	4051.849	4435.835	4244.503	1.139	1.143	1.142
545	4310.469	4115.208	4455.923	4332.431	1.163	1.167	1.157
546	4430.502	4282.813	4629.070	4399.825	1.181	1.185	1.189
547	4367.154	4239.875	4529.512	4345.308	1.166	1.170	1.172
548	4264.002	3969.177	4482.109	4286.009	1.150	1.154	1.144
549	4305.448	4090.157	4616.012	4307.920	1.156	1.160	1.155
550	4360.298	4052.651	4673.112	4442.240	1.192	1.196	1.170
551	4292.223	4177.012	4389.794	4310.211	1.157	1.161	1.152
552	4229.545	3902.401	4491.772	4281.336	1.149	1.153	1.135
553	4225.496	3925.723	4466.481	4260.950	1.143	1.147	1.134
554	4272.569	3825.945	4600.769	4304.625	1.155	1.159	1.147
555	4347.696	4105.493	4516.987	4378.292	1.175	1.179	1.167
556	4388.412	4081.424	4725.377	4331.119	1.162	1.166	1.178
557	4381.539	4062.118	4804.940	4388.670	1.178	1.182	1.176
558	4321.897	3910.105	4619.813	4348.427	1.167	1.171	1.160
559	4338.903	4106.497	4550.435	4368.089	1.172	1.176	1.164
560	4295.140	4159.079	4490.443	4255.271	1.142	1.146	1.153
561	4353.916	4043.682	4833.243	4323.153	1.160	1.164	1.168
562	4303.188	3904.636	4633.866	4344.255	1.166	1.170	1.155
563	4198.543	3884.697	4388.673	4219.393	1.132	1.136	1.127
564	4236.861	3977.765	4353.293	4275.018	1.147	1.151	1.137
565	4302.339	3974.585	4774.772	4278.579	1.148	1.152	1.155
566	4420.913	4210.928	4588.214	4441.988	1.192	1.196	1.186
567	4310.590	4072.189	4534.247	4324.980	1.161	1.165	1.157
568	4397.900	4034.133	4700.062	4377.833	1.175	1.179	1.180
569	4312.138	3997.765	4538.566	4361.081	1.170	1.174	1.157
570	4292.720	4200.154	4405.115	4300.934	1.154	1.158	1.152
571	4314.601	4207.681	4462.126	4299.832	1.154	1.158	1.158
572	4255.920	4113.516	4407.598	4228.582	1.135	1.139	1.142
573	4205.942	3938.367	4508.553	4202.660	1.128	1.132	1.129
574	4291.297	4137.182	4479.481	4285.987	1.150	1.154	1.152
575	4205.271	3982.798	4363.496	4228.000	1.135	1.138	1.129
576	4187.242	3917.102	4589.329	4124.884	1.107	1.111	1.124
577	4375.640	3822.036	4699.452	4318.857	1.159	1.163	1.174
578	4323.043	4151.210	4438.999	4313.484	1.158	1.161	1.160
579	4449.748	4130.761	4703.992	4449.504	1.194	1.198	1.194
580	4512.921	4238.481	4702.041	4519.039	1.213	1.217	1.211
581	4418.616	4333.691	4537.391	4393.572	1.179	1.183	1.186
582	4314.902	3993.775	4625.522	4326.496	1.161	1.165	1.158
583	4298.303	3948.595	4663.777	4304.748	1.155	1.159	1.153
584	4245.492	3872.217	4500.909	4223.775	1.133	1.137	1.139
585	4328.137	3992.317	4596.856	4352.398	1.168	1.172	1.161
586	4340.116	4120.828	4765.332	4287.814	1.151	1.155	1.165
587	4280.997	3975.788	4555.690	4250.911	1.141	1.145	1.149
588	4274.072	4110.949	4494.272	4280.955	1.149	1.153	1.147
589	4295.669	4062.624	4454.928	4283.097	1.149	1.153	1.153
590	4291.083	4098.104	4506.479	4297.924	1.153	1.157	1.152
591	4279.376	4082.553	4526.654	4256.345	1.142	1.146	1.148
592	4224.708	4055.970	4386.087	4225.020	1.134	1.138	1.134
593	4272.277	4118.665	4630.930	4244.791	1.139	1.143	1.147
594	4257.277	4117.351	4384.609	4281.770	1.149	1.153	1.142
595	4393.107	4104.158	4877.448	4361.952	1.171	1.174	1.179
596	4403.117	4197.445	4853.333	4324.235	1.160	1.164	1.182
597	4548.373	4107.598	4910.336	4583.650	1.230	1.234	1.221
598	4511.306	4049.231	4860.453	4550.908	1.221	1.225	1.211
599	4526.837	4110.506	4908.609	4630.002	1.243	1.247	1.215
600	4500.796	4164.624	4891.108	4471.589	1.200	1.204	1.208
601	4540.616	3931.497	5097.122	4568.463	1.226	1.230	1.219
602	4487.914	3831.269	5172.168	4575.055	1.228	1.232	1.204
603	4412.054	3863.876	4858.263	4511.761	1.211	1.215	1.184
604	4328.164	3848.369	4754.808	4311.732	1.157	1.161	1.162
605	4177.670	3771.112	4526.532	4249.315	1.140	1.144	1.121
606	4144.625	3546.211	4971.496	4201.765	1.128	1.131	1.112
607	4239.091	3552.002	4783.359	4341.140	1.165	1.169	1.138
608	4391.046	3486.873	5067.066	4371.366	1.173	1.177	1.178
609	4275.251	3389.102	4892.304	4320.040	1.159	1.163	1.147
610	4315.041	3480.188	4875.151	4445.679	1.193	1.197	1.158
611	4208.575	3315.599	4735.884	4285.062	1.150	1.154	1.129
612	4248.905	3561.281	4841.179	4304.626	1.155	1.159	1.140
613	4113.091	3552.981	4730.846	4197.135	1.126	1.130	1.104
614	4049.219	3472.229	4628.723	4066.049	1.091	1.095	1.087
615	4008.531	3337.437	4488.539	4179.971	1.122	1.125	1.076
616	4025.556	3240.186	4655.813	4130.413	1.108	1.112	1.080
617	4117.705	3297.457	4707.561	4213.403	1.131	1.134	1.105
618	4013.149	3383.403	4529.129	4179.117	1.122	1.125	1.077
619	4160.093	3397.504	4732.633	4317.736	1.159	1.163	1.116
620	4113.183	3565.042	4966.803	4035.137	1.083	1.086	1.104
621	4144.563	3386.725	4812.060	4231.158	1.135	1.139	1.112
622	4132.373	3332.630	4746.958	4145.934	1.113	1.116	1.109
623	4141.819	3382.796	4798.974	4133.814	1.109	1.113	1.111
624	4140.101	3438.860	4811.747	4129.716	1.108	1.112	1.111
625	4125.575	3365.061	4903.773	4172.270	1.120	1.123	1.107
626	4089.922	3427.287	4711.966	4191.754	1.125	1.129	1.098
627	4163.588	3623.967	4619.569	4314.724	1.158	1.162	1.117
628	4278.636	3614.569	5011.214	4428.159	1.188	1.192	1.148
629	4225.192	3382.885	4747.675	4470.999	1.200	1.204	1.134
630	4197.595	3649.633	4683.154	4400.905	1.181	1.185	1.126
631	4275.113	3528.879	4853.142	4404.971	1.182	1.186	1.147
632	4287.801	3482.262	4750.583	4398.977	1.181	1.184	1.151
633	4197.713	3426.598	4644.928	4341.451	1.165	1.169	1.126
634	4205.653	3582.308	4612.368	4304.637	1.155	1.159	1.129
635	4338.408	3655.985	4652.882	4488.383	1.204	1.209	1.164
636	4286.737	3685.669	4733.167	4331.942	1.163	1.166	1.150
637	4367.509	3533.014	4823.819	4524.673	1.214	1.218	1.172
638	4237.393	3537.616	4678.928	4356.319	1.169	1.173	1.137
639	4278.008	3610.933	5063.512	4295.727	1.153	1.157	1.148
640	4182.657	3398.268	4929.628	4196.970	1.126	1.130	1.122
641	4181.049	3451.033	4623.062	4354.779	1.169	1.173	1.122
642	4144.490	3591.379	4896.637	4118.322	1.105	1.109	1.112
643	4231.143	3414.717	5007.574	4345.234	1.166	1.170	1.135
644	4070.851	3420.847	4654.777	4188.942	1.124	1.128	1.092
645	4054.245	3380.133	4732.089	4107.953	1.102	1.106	1.088
646	4029.890	3310.054	4832.926	4079.065	1.095	1.098	1.081
647	4060.108	3367.067	4691.334	4159.056	1.116	1.120	1.090
648	4011.850	3510.160	4488.764	3961.896	1.063	1.067	1.077
649	3947.419	3464.763	4514.230	3978.469	1.068	1.071	1.059
650	3888.151	3411.569	4348.968	3983.632	1.069	1.073	1.043
651	3966.367	3511.132	4526.316	3941.323	1.058	1.061	1.064
652	3929.989	3309.959	4450.039	4046.145	1.086	1.089	1.055
653	3982.131	3267.351	4666.708	4055.287	1.088	1.092	1.069
654	3960.385	3341.252	4761.820	3896.387	1.046	1.049	1.063
655	3937.605	3356.291	4749.986	3747.215	1.006	1.009	1.057
656	3999.180	3384.321	4805.095	3855.151	1.035	1.038	1.073
657	3945.707	3405.150	4698.164	3932.966	1.055	1.059	1.059
658	4001.554	3350.133	4991.231	3863.955	1.037	1.040	1.074
659	3897.741	3321.022	4725.173	3772.784	1.012	1.016	1.046
660	3802.990	3348.408	4440.489	3765.897	1.011	1.014	1.021
661	3826.373	3430.536	4358.699	3701.601	0.993	0.997	1.027
662	3844.917	3339.286	4442.342	3732.506	1.002	1.005	1.032
663	3810.356	3201.437	4683.504	3802.006	1.020	1.024	1.023
664	3894.369	3339.479	4619.292	3821.136	1.025	1.029	1.045
665	3866.485	3293.992	4443.928	3824.226	1.026	1.030	1.038
666	3951.896	3343.610	4587.243	3952.728	1.061	1.064	1.061
667	3926.385	3234.452	4599.107	3901.728	1.047	1.051	1.054
668	3841.292	3373.823	4361.240	3813.813	1.023	1.027	1.031
669	3817.370	3363.074	4359.230	3765.510	1.011	1.014	1.024
670	3869.576	3287.396	4684.790	3856.853	1.035	1.038	1.038
671	3907.406	3344.558	4752.588	3922.154	1.053	1.056	1.049
672	4003.336	3300.524	4591.029	3951.626	1.060	1.064	1.074
673	4023.928	3401.346	4750.284	3977.418	1.067	1.071	1.080
674	3888.452	3308.498	4436.754	3976.165	1.067	1.071	1.044
675	3966.752	3351.003	4409.740	4069.677	1.092	1.096	1.065
676	4084.480	3423.294	4630.704	4224.238	1.134	1.137	1.096
677	4056.442	3325.075	4647.359	4145.280	1.112	1.116	1.089
678	4004.709	3306.054	4673.596	4218.790	1.132	1.136	1.075
679	4004.386	3396.617	4685.454	4003.556	1.074	1.078	1.075
680	3902.267	3426.877	4425.967	3906.599	1.048	1.052	1.047
681	4055.522	3493.295	4673.436	4007.857	1.076	1.079	1.088
682	4029.205	3381.935	4449.104	4131.906	1.109	1.113	1.081
683	4102.774	3338.581	4575.558	4200.453	1.127	1.131	1.101
684	4096.742	3485.696	4859.069	4145.376	1.112	1.116	1.099
685	4061.989	3584.328	4433.190	4167.218	1.118	1.122	1.090
686	4082.975	3509.296	4515.694	4198.937	1.127	1.131	1.096
687	3964.285	3338.417	4440.450	4033.002	1.082	1.086	1.064
688	3993.968	3507.482	4616.712	4110.966	1.103	1.107	1.072
689	4092.594	3384.707	4670.832	4290.529	1.151	1.155	1.098
690	3986.442	3374.634	4556.400	4041.301	1.085	1.088	1.070
691	3889.509	3383.844	4408.870	3836.908	1.030	1.033	1.044
692	3821.243	3374.608	4358.474	3833.814	1.029	1.032	1.025
693	3938.235	3303.842	4399.039	3937.367	1.057	1.060	1.057
694	3949.624	3527.768	4415.853	3986.642	1.070	1.073	1.060
695	3936.290	3349.039	4442.003	4033.615	1.082	1.086	1.056
696	3933.097	3375.698	4609.173	3944.174	1.058	1.062	1.055
697	3862.034	3160.184	4532.213	3817.930	1.025	1.028	1.036
698	3771.195	3328.585	4327.625	3815.897	1.024	1.027	1.012
699	3840.461	3432.589	4438.410	3845.659	1.032	1.035	1.031
700	3878.276	3467.403	4389.039	3758.130	1.009	1.012	1.041
701	3867.257	3331.474	4459.749	3846.331	1.032	1.036	1.038
702	3929.081	3345.443	4609.092	3937.642	1.057	1.060	1.054
703	3892.466	3491.875	4184.326	4014.540	1.077	1.081	1.045
704	3868.103	3393.137	4169.818	4049.389	1.087	1.090	1.038
705	3870.953	3376.169	4351.755	3842.911	1.031	1.035	1.039
706	3839.385	3376.135	4363.801	3829.286	1.028	1.031	1.030
707	3898.120	3564.055	4210.314	3941.012	1.058	1.061	1.046
708	3950.444	3355.506	4431.857	4037.764	1.084	1.087	1.060
709	4010.811	3377.100	4609.250	4105.167	1.102	1.105	1.076
710	3884.920	3492.476	4260.948	3849.468	1.033	1.036	1.043
711	3897.961	3458.261	4193.744	3932.742	1.055	1.059	1.046
712	4060.934	3449.648	4406.347	4136.215	1.110	1.114	1.090
713	4004.781	3438.195	4440.323	4064.624	1.091	1.094	1.075
714	3917.988	3428.224	4390.533	4012.004	1.077	1.080	1.051
715	3906.731	3356.268	4205.190	3984.113	1.069	1.073	1.048
716	3958.570	3388.083	4270.452	3955.540	1.062	1.065	1.062
717	3972.105	3461.370	4576.853	3898.410	1.046	1.050	1.066
718	3985.006	3539.271	4336.979	4049.135	1.087	1.090	1.069
719	4072.035	3531.808	4520.829	4209.042	1.130	1.133	1.093
720	3994.259	3484.802	4637.824	4083.892	1.096	1.100	1.072
721	3901.843	3540.144	4230.110	3934.138	1.056	1.059	1.047
722	3892.818	3500.177	4286.688	3895.852	1.045	1.049	1.045
723	3853.502	3534.317	4140.440	3856.257	1.035	1.038	1.034
724	3944.699	3541.715	4721.429	3878.900	1.041	1.044	1.059
725	3989.219	3381.285	4539.802	3985.843	1.070	1.073	1.071
726	3937.149	3389.247	4575.114	3964.690	1.064	1.067	1.057
727	3959.881	3546.149	4449.901	3964.876	1.064	1.068	1.063
728	3969.687	3476.729	4433.956	3955.849	1.062	1.065	1.065
729	3737.422	3474.576	4067.677	3674.320	0.986	0.989	1.003
730	3750.536	3448.235	4136.255	3700.771	0.993	0.996	1.006
731	3812.620	3563.167	4241.262	3697.395	0.992	0.996	1.023
732	3822.449	3570.989	4216.861	3777.415	1.014	1.017	1.026
733	3792.251	3450.064	4186.758	3778.938	1.014	1.017	1.018
734	3818.626	3362.746	4335.786	3867.772	1.038	1.041	1.025
735	3836.455	3432.155	4248.756	3777.226	1.014	1.017	1.030
736	3780.158	3328.507	4239.896	3734.459	1.002	1.006	1.014
737	3818.035	3414.547	4246.873	3755.641	1.008	1.011	1.025
738	3779.341	3426.116	4242.719	3712.422	0.996	1.000	1.014
739	3829.281	3326.961	4510.975	3861.739	1.036	1.040	1.028
740	3823.519	3359.661	4260.426	3879.594	1.041	1.045	1.026
741	3712.179	3357.439	4193.435	3714.318	0.997	1.000	0.996
742	3698.276	3465.117	3946.796	3710.509	0.996	0.999	0.992
743	3661.314	3386.781	3937.024	3695.587	0.992	0.995	0.983
744	3695.436	3431.562	4073.247	3682.054	0.988	0.991	0.992
745	3716.884	3359.327	4019.828	3748.740	1.006	1.009	0.997
746	3788.885	3313.550	4136.528	3822.476	1.026	1.029	1.017
747	3738.204	3241.253	4061.430	3785.394	1.016	1.019	1.003
748	3759.232	3451.982	4126.776	3748.454	1.006	1.009	1.009
749	3658.620	3387.146	3905.298	3653.520	0.980	0.984	0.982
750	3604.306	3418.168	3801.344	3571.320	0.958	0.962	0.967
751	3731.715	3474.407	4114.098	3665.783	0.984	0.987	1.001
752	3780.086	3423.133	4090.927	3836.664	1.030	1.033	1.014
753	3763.459	3526.583	3987.837	3774.055	1.013	1.016	1.010
754	3734.726	3370.477	4080.324	3696.625	0.992	0.995	1.002
755	3727.018	3423.582	4112.461	3700.717	0.993	0.996	1.000
756	3757.845	3519.813	4135.403	3746.798	1.005	1.009	1.008
757	3706.704	3508.554	4028.984	3674.339	0.986	0.989	0.995
758	3651.455	3449.460	3776.764	3662.130	0.983	0.986	0.980
759	3745.015	3543.944	4048.486	3696.195	0.992	0.995	1.005
760	3687.781	3410.713	3968.716	3629.194	0.974	0.977	0.990
761	3707.498	3430.627	3923.429	3714.192	0.997	1.000	0.995
762	3706.279	3407.814	3848.988	3792.359	1.018	1.021	0.995
763	3769.268	3399.276	4026.762	3823.978	1.026	1.030	1.012
764	3774.639	3510.888	4000.916	3808.521	1.022	1.025	1.013
765	3810.151	3548.682	4130.631	3809.766	1.022	1.026	1.022
766	3846.903	3680.451	3980.227	3878.948	1.041	1.044	1.032
767	3730.737	3351.479	3978.836	3764.979	1.010	1.014	1.001
768	3791.979	3467.463	3993.279	3912.607	1.050	1.053	1.018
769	3741.924	3282.154	4158.306	3738.247	1.003	1.007	1.004
770	3713.271	3371.585	3828.818	3782.093	1.015	1.018	0.996
771	3706.484	3499.442	3905.383	3739.942	1.004	1.007	0.995
772	3778.660	3439.413	4097.271	3819.159	1.025	1.028	1.014
773	3720.673	3377.989	4055.616	3795.681	1.019	1.022	0.998
774	3731.092	3408.777	4084.071	3735.385	1.002	1.006	1.001
775	3804.651	3496.946	4218.424	3832.316	1.028	1.032	1.021
776	3745.300	3477.546	3964.568	3746.055	1.005	1.009	1.005
777	3760.824	3475.827	4126.473	3694.438	0.991	0.995	1.009
778	3738.464	3403.282	4104.705	3764.540	1.010	1.014	1.003
779	3638.415	3379.203	3969.808	3553.246	0.954	0.957	0.976
780	3621.726	3409.285	4104.771	3502.795	0.940	0.943	0.972
781	3677.736	3385.049	4055.816	3632.676	0.975	0.978	0.987
782	3675.152	3394.244	3864.551	3658.079	0.982	0.985	0.986
783	3650.807	3372.703	3997.578	3646.424	0.979	0.982	0.980
784	3551.271	3334.145	3880.578	3545.812	0.952	0.955	0.953
785	3596.174	3313.971	4073.593	3561.549	0.956	0.959	0.965
786	3617.936	3303.322	4046.817	3607.615	0.968	0.971	0.971
787	3627.648	3371.119	3952.019	3631.642	0.975	0.978	0.974
788	3704.556	3381.369	4250.273	3637.491	0.976	0.979	0.994
789	3651.520	3299.023	3878.442	3653.722	0.981	0.984	0.980
790	3554.897	3360.244	3779.594	3559.899	0.955	0.959	0.954
791	3593.398	3354.250	3825.540	3601.204	0.966	0.970	0.964
792	3613.430	3390.131	3846.590	3597.496	0.965	0.969	0.970
793	3576.326	3288.474	3940.073	3536.650	0.949	0.952	0.960
794	3575.993	3251.728	3918.776	3607.656	0.968	0.971	0.960
795	3636.724	3327.754	3919.130	3661.272	0.983	0.986	0.976
796	3579.973	3231.279	3982.180	3593.286	0.964	0.967	0.961
797	3706.768	3349.755	4328.976	3634.266	0.975	0.979	0.995
798	3677.243	3528.415	3894.075	3602.224	0.967	0.970	0.987
799	3582.833	3464.966	3782.958	3563.175	0.956	0.959	0.961
800	3611.465	3268.901	3980.345	3583.824	0.962	0.965	0.969
801	3616.841	3340.975	3938.498	3603.573	0.967	0.970	0.971
802	3604.755	3399.503	3787.291	3651.669	0.980	0.983	0.967
803	3743.618	3474.396	3971.697	3791.089	1.017	1.021	1.005
804	3704.147	3442.990	3864.665	3765.469	1.010	1.014	0.994
805	3693.369	3443.720	3978.333	3707.833	0.995	0.998	0.991
806	3598.600	3348.757	3883.124	3594.552	0.965	0.968	0.966
807	3583.492	3390.481	3771.481	3580.120	0.961	0.964	0.962
808	3626.069	3348.892	3845.119	3712.718	0.996	1.000	0.973
809	3721.217	3436.180	3880.363	3756.195	1.008	1.011	0.999
810	3729.869	3500.928	3947.605	3726.965	1.000	1.003	1.001
811	3728.763	3471.189	3953.177	3719.184	0.998	1.001	1.001
812	3667.230	3474.618	3847.760	3662.890	0.983	0.986	0.984
813	3617.233	3383.519	3787.106	3687.259	0.990	0.993	0.971
814	3638.655	3360.698	3897.232	3668.106	0.984	0.988	0.976
815	3616.414	3454.851	3825.344	3609.076	0.969	0.972	0.970
816	3685.940	3384.829	3993.117	3687.210	0.989	0.993	0.989
817	3694.056	3445.633	4049.077	3663.688	0.983	0.986	0.991
818	3651.800	3430.478	3885.271	3691.208	0.991	0.994	0.980
819	3686.234	3393.852	4024.406	3622.851	0.972	0.975	0.989
820	3603.285	3377.998	3749.344	3629.635	0.974	0.977	0.967
821	3593.031	3516.331	3693.383	3584.597	0.962	0.965	0.964
822	3636.247	3529.433	3781.807	3626.763	0.973	0.977	0.976
823	3586.936	3377.804	3799.832	3591.903	0.964	0.967	0.963
824	3584.620	3366.399	3885.908	3570.586	0.958	0.961	0.962
825	3617.704	3403.752	3864.973	3568.019	0.958	0.961	0.971
826	3617.044	3438.144	3740.456	3654.079	0.981	0.984	0.971
827	3617.353	3430.551	3714.495	3655.372	0.981	0.984	0.971
828	3590.142	3415.269	3900.363	3584.843	0.962	0.965	0.963
829	3485.301	3249.129	3640.149	3521.106	0.945	0.948	0.935
830	3544.252	3440.175	3705.855	3563.657	0.956	0.960	0.951
831	3526.681	3413.163	3608.634	3530.203	0.947	0.951	0.946
832	3564.224	3409.704	3684.157	3576.482	0.960	0.963	0.956
833	3579.872	3413.117	3845.566	3542.401	0.951	0.954	0.961
834	3452.543	3299.646	3570.486	3448.689	0.925	0.929	0.927
835	3437.779	3303.440	3559.554	3433.771	0.921	0.925	0.923
836	3459.905	3343.662	3569.186	3474.433	0.932	0.935	0.928
837	3457.678	3308.814	3608.752	3473.857	0.932	0.935	0.928
838	3504.997	3395.089	3644.708	3501.313	0.940	0.943	0.941
839	3536.897	3427.343	3819.229	3502.206	0.940	0.943	0.949
840	3534.311	3389.963	3817.164	3513.793	0.943	0.946	0.948
841	3478.459	3295.770	3580.233	3481.335	0.934	0.937	0.933
842	3488.846	3395.231	3631.260	3493.511	0.938	0.941	0.936
843	3513.932	3414.804	3752.132	3480.367	0.934	0.937	0.943
844	3499.551	3351.286	3688.634	3487.167	0.936	0.939	0.939
845	3487.141	3356.239	3578.141	3511.401	0.942	0.945	0.936
846	3483.121	3332.863	3582.451	3498.444	0.939	0.942	0.935
847	3548.515	3362.615	3741.699	3554.761	0.954	0.957	0.952
848	3512.148	3274.532	3652.765	3529.224	0.947	0.950	0.943
849	3476.130	3343.357	3598.586	3465.665	0.930	0.933	0.933
850	3481.987	3318.861	3653.759	3448.128	0.925	0.928	0.934
851	3543.272	3381.192	3767.374	3477.162	0.933	0.936	0.951
852	3495.631	3387.260	3720.615	3464.532	0.930	0.933	0.938
853	3484.680	3296.150	3642.979	3505.951	0.941	0.944	0.935
854	3523.012	3365.205	3668.083	3529.580	0.947	0.950	0.945
855	3506.324	3426.672	3558.693	3526.085	0.946	0.949	0.941
856	3487.547	3311.494	3697.436	3490.327	0.937	0.940	0.936
857	3492.695	3308.059	3638.214	3526.865	0.946	0.950	0.937
858	3472.518	3339.588	3574.429	3462.157	0.929	0.932	0.932
859	3461.675	3380.780	3587.880	3454.591	0.927	0.930	0.929
860	3481.258	3384.847	3539.312	3496.696	0.938	0.941	0.934
861	3504.726	3285.954	3663.922	3519.006	0.944	0.947	0.941
862	3509.478	3360.170	3598.596	3514.433	0.943	0.946	0.942
863	3452.054	3329.149	3592.548	3430.627	0.921	0.924	0.926
864	3460.345	3345.203	3595.273	3443.525	0.924	0.927	0.929
865	3424.129	3288.742	3557.843	3431.073	0.921	0.924	0.919
866	3407.394	3313.090	3529.573	3397.412	0.912	0.915	0.914
867	3404.708	3287.046	3549.793	3392.465	0.910	0.913	0.914
868	3436.999	3255.993	3576.929	3445.170	0.925	0.928	0.922
869	3436.200	3345.664	3518.290	3436.338	0.922	0.925	0.922
870	3414.965	3244.974	3478.957	3431.442	0.921	0.924	0.916
871	3388.770	3252.837	3531.273	3355.388	0.900	0.903	0.909
872	3410.476	3281.436	3553.900	3403.724	0.913	0.916	0.915
873	3483.204	3303.464	3622.310	3490.095	0.937	0.940	0.935
874	3474.500	3372.104	3586.606	3487.166	0.936	0.939	0.932
875	3427.514	3291.823	3559.625	3425.512	0.919	0.922	0.920
876	3451.781	3399.108	3533.769	3449.808	0.926	0.929	0.926
877	3453.915	3356.838	3566.523	3443.402	0.924	0.927	0.927
878	3449.405	3303.078	3521.899	3470.856	0.931	0.935	0.926
879	3436.313	3231.944	3546.052	3437.030	0.922	0.925	0.922
880	3412.366	3271.818	3551.274	3418.954	0.918	0.921	0.916
881	3440.371	3350.367	3711.453	3383.007	0.908	0.911	0.923
882	3346.868	3158.165	3495.390	3336.816	0.895	0.898	0.898
883	3374.135	3332.705	3498.074	3349.421	0.899	0.902	0.905
884	3434.754	3359.443	3567.677	3433.668	0.921	0.925	0.922
885	3446.555	3314.331	3591.160	3424.783	0.919	0.922	0.925
886	3461.291	3319.853	3554.906	3475.292	0.933	0.936	0.929
887	3406.873	3271.427	3502.108	3422.769	0.919	0.922	0.914
888	3432.634	3365.179	3570.031	3421.882	0.918	0.921	0.921
889	3442.445	3310.103	3626.948	3420.692	0.918	0.921	0.924
890	3426.102	3249.493	3573.851	3412.004	0.916	0.919	0.919
891	3407.769	3371.140	3431.382	3410.417	0.915	0.918	0.915
892	3445.437	3373.104	3543.846	3416.327	0.917	0.920	0.925
893	3415.651	3286.553	3468.406	3426.957	0.920	0.923	0.917
894	3440.792	3328.186	3556.915	3461.602	0.929	0.932	0.923
895	3415.575	3305.956	3626.878	3395.313	0.911	0.914	0.917
896	3443.835	3326.866	3614.468	3435.563	0.922	0.925	0.924
897	3443.012	3355.310	3611.169	3393.846	0.911	0.914	0.924
898	3434.169	3353.515	3516.319	3439.616	0.923	0.926	0.922
899	3450.654	3401.893	3482.367	3456.492	0.928	0.931	0.926
900	3472.521	3339.870	3592.016	3483.093	0.935	0.938	0.932
901	3429.733	3229.746	3657.704	3455.796	0.927	0.930	0.920
902	3441.298	3318.362	3651.408	3432.747	0.921	0.924	0.924
903	3459.727	3388.030	3527.591	3454.204	0.927	0.930	0.928
904	3445.371	3335.257	3532.583	3443.960	0.924	0.927	0.925
905	3439.654	3315.493	3549.547	3446.523	0.925	0.928	0.923
906	3464.803	3357.364	3605.613	3453.012	0.927	0.930	0.930
907	3476.731	3357.344	3650.078	3452.602	0.927	0.930	0.933
908	3408.825	3261.382	3513.455	3431.317	0.921	0.924	0.915
909	3407.407	3297.830	3574.422	3406.849	0.914	0.917	0.914
910	3454.603	3312.809	3610.242	3443.240	0.924	0.927	0.927
911	3529.377	3418.907	3645.321	3520.107	0.945	0.948	0.947
912	3528.957	3439.439	3666.801	3501.821	0.940	0.943	0.947
913	3478.305	3383.044	3559.753	3483.159	0.935	0.938	0.933
914	3450.537	3388.259	3495.348	3455.343	0.927	0.930	0.926
915	3488.248	3303.374	3605.198	3510.871	0.942	0.945	0.936
916	3560.778	3471.955	3731.697	3542.977	0.951	0.954	0.956
917	3516.550	3394.579	3635.679	3501.336	0.940	0.943	0.944
918	3486.256	3428.359	3609.521	3466.387	0.930	0.933	0.936
919	3512.941	3368.136	3632.471	3536.603	0.949	0.952	0.943
920	3554.456	3279.745	3938.060	3544.874	0.951	0.954	0.954
921	3436.916	3339.288	3563.986	3417.417	0.917	0.920	0.922
922	3456.490	3388.567	3518.663	3465.980	0.930	0.933	0.928
923	3480.040	3259.840	3723.964	3459.319	0.928	0.931	0.934
924	3535.298	3387.682	3754.558	3545.980	0.952	0.955	0.949
925	3465.437	3306.058	3582.699	3499.739	0.939	0.942	0.930
926	3457.868	3275.312	3649.430	3433.836	0.922	0.925	0.928
927	3538.137	3344.756	3752.553	3513.693	0.943	0.946	0.949
928	3510.401	3425.970	3632.121	3482.188	0.934	0.938	0.942
929	3484.730	3384.185	3589.725	3490.244	0.937	0.940	0.935
930	3428.420	3359.176	3552.607	3411.250	0.915	0.918	0.920
931	3450.560	3329.850	3512.561	3447.582	0.925	0.928	0.926
932	3433.741	3345.075	3598.782	3417.788	0.917	0.920	0.921
933	3474.228	3360.619	3653.358	3463.828	0.930	0.933	0.932
934	3525.136	3361.988	3762.283	3488.250	0.936	0.939	0.946
935	3480.879	3331.640	3580.841	3481.268	0.934	0.937	0.934
936	3469.358	3268.989	3600.497	3467.565	0.931	0.934	0.931
937	3513.598	3316.995	3663.749	3513.028	0.943	0.946	0.943
938	3490.728	3338.255	3667.695	3476.759	0.933	0.936	0.937
939	3504.373	3383.315	3621.222	3525.732	0.946	0.949	0.940
940	3488.148	3414.774	3544.228	3485.418	0.935	0.938	0.936
941	3543.568	3339.356	3980.497	3491.203	0.937	0.940	0.951
942	3513.306	3350.133	3646.995	3490.364	0.937	0.940	0.943
943	3531.698	3346.484	3662.198	3561.340	0.956	0.959	0.948
944	3530.038	3397.900	3675.301	3521.316	0.945	0.948	0.947
945	3553.464	3362.207	3836.982	3555.699	0.954	0.957	0.954
946	3548.504	3445.348	3624.176	3544.305	0.951	0.954	0.952
947	3566.314	3502.699	3667.340	3563.320	0.956	0.959	0.957
948	3530.538	3381.536	3600.226	3556.274	0.954	0.958	0.947
949	3526.467	3321.629	3681.153	3510.471	0.942	0.945	0.946
950	3562.895	3423.637	3772.679	3544.518	0.951	0.954	0.956
951	3555.033	3402.022	3694.302	3533.680	0.948	0.951	0.954
952	3480.553	3255.750	3646.051	3484.081	0.935	0.938	0.934
953	3489.532	3366.035	3710.925	3470.487	0.931	0.934	0.936
954	3556.627	3383.901	3758.230	3546.678	0.952	0.955	0.954
955	3588.819	3422.459	3748.935	3582.300	0.961	0.965	0.963
956	3550.918	3474.531	3643.697	3564.093	0.956	0.960	0.953
957	3463.297	3328.632	3618.450	3489.228	0.936	0.939	0.929
958	3519.817	3431.774	3606.726	3534.644	0.949	0.952	0.945
959	3515.235	3343.282	3649.508	3547.081	0.952	0.955	0.943
960	3483.670	3351.346	3592.344	3503.662	0.940	0.943	0.935
961	3538.629	3411.667	3661.761	3520.304	0.945	0.948	0.950
962	3524.666	3374.861	3840.957	3457.952	0.928	0.931	0.946
963	3553.770	3372.051	3735.099	3557.763	0.955	0.958	0.954
964	3576.714	3428.298	3738.062	3554.223	0.954	0.957	0.960
965	3548.064	3265.080	3762.985	3554.914	0.954	0.957	0.952
966	3546.808	3414.040	3673.049	3555.270	0.954	0.957	0.952
967	3520.386	3427.617	3716.768	3500.230	0.939	0.942	0.945
968	4224.012	4101.959	4446.026	4189.052	1.124	1.128	1.134
969	4224.012	4101.959	4446.026	4189.052	1.124	1.128	1.134
