 	Mean	Min	Max	Median	Max_to_bgmean	Median_to_bgmedian	Mean_to_bgmean
1	3702.203	3538.749	3927.465	3706.155	0.944	0.948	0.943
2	3753.341	3558.533	4001.212	3762.379	0.958	0.962	0.956
3	3767.753	3530.954	3900.212	3817.969	0.972	0.976	0.960
4	3759.089	3481.907	4102.154	3732.508	0.951	0.955	0.957
5	3845.071	3549.770	4337.324	3754.893	0.956	0.960	0.979
6	3820.851	3507.100	4068.492	3826.781	0.975	0.979	0.973
7	3757.804	3603.966	3876.494	3803.606	0.969	0.973	0.957
8	3735.579	3476.363	4133.447	3692.790	0.940	0.944	0.951
9	3721.653	3601.491	3945.414	3722.173	0.948	0.952	0.948
10	3747.135	3598.260	3934.755	3730.302	0.950	0.954	0.954
11	3783.089	3672.245	3966.640	3774.804	0.961	0.965	0.963
12	3797.331	3478.663	3961.865	3822.071	0.973	0.978	0.967
13	3751.666	3582.954	3911.182	3732.196	0.951	0.955	0.955
14	3690.641	3451.903	3830.839	3706.638	0.944	0.948	0.940
15	3756.544	3420.085	4100.602	3765.096	0.959	0.963	0.957
16	3803.006	3533.187	3991.873	3833.274	0.976	0.980	0.969
17	3766.163	3600.183	3982.985	3791.971	0.966	0.970	0.959
18	3708.313	3582.558	3869.353	3698.613	0.942	0.946	0.944
19	3714.059	3572.699	3843.908	3719.870	0.947	0.951	0.946
20	3698.799	3564.234	3828.716	3703.489	0.943	0.947	0.942
21	3759.958	3670.701	3858.044	3761.965	0.958	0.962	0.958
22	3841.753	3675.857	4210.977	3779.081	0.962	0.967	0.978
23	3717.042	3477.428	3901.512	3752.874	0.956	0.960	0.947
24	3703.730	3514.456	4045.657	3663.815	0.933	0.937	0.943
25	3657.285	3519.242	3897.579	3656.280	0.931	0.935	0.931
26	3709.809	3456.956	3958.034	3711.373	0.945	0.949	0.945
27	3731.744	3562.007	4051.513	3697.821	0.942	0.946	0.950
28	3771.551	3558.837	3977.613	3716.044	0.946	0.950	0.961
29	3817.177	3482.220	4066.547	3861.193	0.983	0.988	0.972
30	3768.187	3651.534	3934.162	3747.012	0.954	0.958	0.960
31	3648.840	3493.890	3897.239	3609.591	0.919	0.923	0.929
32	3718.649	3473.160	3892.740	3731.707	0.950	0.954	0.947
33	3780.994	3471.689	4092.803	3786.400	0.964	0.968	0.963
34	3798.346	3678.530	3932.947	3803.989	0.969	0.973	0.967
35	3813.431	3613.652	4023.336	3832.831	0.976	0.980	0.971
36	3828.443	3570.290	4119.181	3778.095	0.962	0.966	0.975
37	3781.487	3563.704	4014.938	3773.938	0.961	0.965	0.963
38	3787.093	3662.210	3976.279	3787.455	0.965	0.969	0.965
39	3747.226	3471.802	3938.894	3788.740	0.965	0.969	0.954
40	3743.641	3550.382	3893.078	3767.208	0.959	0.963	0.953
41	3706.245	3552.925	3850.461	3686.082	0.939	0.943	0.944
42	3815.952	3567.298	3996.012	3836.874	0.977	0.981	0.972
43	3851.433	3493.511	4059.474	3895.384	0.992	0.996	0.981
44	3842.399	3583.923	3980.156	3860.065	0.983	0.987	0.979
45	3795.720	3603.429	4034.518	3758.994	0.957	0.961	0.967
46	3785.527	3489.367	3979.623	3811.588	0.971	0.975	0.964
47	3773.044	3506.795	4073.195	3789.971	0.965	0.969	0.961
48	3811.529	3562.485	3991.691	3850.181	0.981	0.985	0.971
49	3827.400	3473.271	4112.917	3838.312	0.978	0.982	0.975
50	3850.369	3675.659	4023.442	3824.856	0.974	0.978	0.981
51	3833.333	3714.633	4041.740	3851.013	0.981	0.985	0.976
52	3799.471	3625.345	3933.385	3839.088	0.978	0.982	0.968
53	3814.119	3568.350	3991.205	3827.459	0.975	0.979	0.971
54	3828.934	3557.508	4129.775	3831.626	0.976	0.980	0.975
55	3834.554	3578.818	4224.034	3785.852	0.964	0.968	0.977
56	3903.525	3623.133	4247.166	3859.990	0.983	0.987	0.994
57	3809.466	3538.324	4070.878	3783.284	0.964	0.968	0.970
58	3766.201	3448.819	4084.844	3728.384	0.950	0.954	0.959
59	3878.420	3747.731	4111.597	3852.426	0.981	0.985	0.988
60	3828.389	3646.009	4077.823	3774.039	0.961	0.965	0.975
61	3844.964	3622.908	4092.548	3810.876	0.971	0.975	0.979
62	3888.038	3712.342	4076.575	3910.564	0.996	1.000	0.990
63	3879.593	3666.040	4153.057	3830.487	0.976	0.980	0.988
64	3855.519	3625.768	4119.609	3799.787	0.968	0.972	0.982
65	3815.161	3614.906	3964.667	3857.208	0.982	0.986	0.972
66	3834.504	3620.866	3957.523	3877.191	0.987	0.992	0.977
67	3812.776	3570.733	4145.023	3771.372	0.961	0.965	0.971
68	3865.718	3680.597	4092.132	3862.294	0.984	0.988	0.985
69	3841.151	3752.720	3939.331	3845.835	0.979	0.984	0.978
70	3848.592	3386.688	4081.938	3899.201	0.993	0.997	0.980
71	3859.189	3426.918	4235.687	3897.049	0.993	0.997	0.983
72	3766.044	3528.592	4050.991	3818.170	0.972	0.977	0.959
73	3764.332	3567.445	3938.504	3755.280	0.956	0.960	0.959
74	3803.240	3644.605	3951.586	3811.826	0.971	0.975	0.969
75	3743.512	3542.314	3990.634	3713.488	0.946	0.950	0.953
76	3742.751	3498.913	3900.125	3804.322	0.969	0.973	0.953
77	3699.362	3395.069	3917.873	3735.738	0.951	0.955	0.942
78	3759.267	3468.250	3990.216	3776.543	0.962	0.966	0.957
79	3716.648	3551.026	3956.395	3698.778	0.942	0.946	0.947
80	3700.656	3615.643	3800.353	3710.198	0.945	0.949	0.943
81	3803.944	3594.704	3979.823	3793.467	0.966	0.970	0.969
82	3685.559	3486.798	3819.237	3713.915	0.946	0.950	0.939
83	3666.085	3402.970	3785.000	3700.744	0.943	0.946	0.934
84	3716.158	3518.535	3850.760	3740.979	0.953	0.957	0.946
85	3708.890	3556.005	3926.307	3689.952	0.940	0.944	0.945
86	3715.904	3461.328	3909.823	3736.941	0.952	0.956	0.946
87	3744.687	3448.749	3965.322	3791.827	0.966	0.970	0.954
88	3801.474	3566.536	3986.429	3817.507	0.972	0.976	0.968
89	3843.407	3656.917	4095.656	3819.996	0.973	0.977	0.979
90	3777.067	3594.186	3924.514	3798.445	0.967	0.971	0.962
91	3691.350	3511.534	3931.540	3678.501	0.937	0.941	0.940
92	3726.130	3646.416	3957.130	3704.026	0.943	0.947	0.949
93	3761.942	3555.808	3896.114	3797.506	0.967	0.971	0.958
94	3731.336	3516.822	3892.786	3749.788	0.955	0.959	0.950
95	3761.239	3619.259	3956.578	3763.332	0.958	0.962	0.958
96	3686.391	3581.870	3805.351	3680.790	0.937	0.941	0.939
97	3737.695	3651.271	3899.679	3711.933	0.945	0.949	0.952
98	3794.930	3666.670	4016.412	3792.443	0.966	0.970	0.967
99	3769.438	3597.335	4024.733	3750.185	0.955	0.959	0.960
100	3836.479	3591.615	3975.396	3872.744	0.986	0.990	0.977
101	3794.402	3652.559	3990.371	3770.223	0.960	0.964	0.966
102	3805.261	3662.202	3901.997	3813.009	0.971	0.975	0.969
103	3733.252	3578.884	3970.704	3714.790	0.946	0.950	0.951
104	3809.608	3621.695	3982.643	3860.200	0.983	0.987	0.970
105	3698.167	3490.267	3932.721	3728.588	0.950	0.954	0.942
106	3802.266	3677.674	4073.977	3748.914	0.955	0.959	0.968
107	3810.102	3718.079	3956.031	3800.123	0.968	0.972	0.970
108	3830.256	3586.792	4136.188	3797.648	0.967	0.971	0.976
109	3762.922	3551.814	3892.184	3789.117	0.965	0.969	0.958
110	3800.855	3677.234	3914.264	3791.184	0.966	0.970	0.968
111	3768.821	3506.689	3930.217	3778.169	0.962	0.966	0.960
112	3810.067	3555.857	4045.323	3826.516	0.975	0.979	0.970
113	3909.859	3585.350	4169.488	3898.593	0.993	0.997	0.996
114	3844.103	3538.920	3996.783	3874.138	0.987	0.991	0.979
115	3843.829	3501.886	4049.750	3821.632	0.973	0.977	0.979
116	3790.518	3626.229	4053.800	3791.014	0.966	0.970	0.965
117	3797.231	3626.301	3998.463	3775.465	0.962	0.966	0.967
118	3815.531	3631.495	4003.221	3821.198	0.973	0.977	0.972
119	3888.061	3643.845	4214.678	3898.676	0.993	0.997	0.990
120	3843.121	3740.794	4076.473	3831.980	0.976	0.980	0.979
121	3792.784	3655.863	3980.305	3772.102	0.961	0.965	0.966
122	3742.874	3621.466	3910.104	3714.674	0.946	0.950	0.953
123	3678.705	3508.882	3852.448	3685.712	0.939	0.943	0.937
124	3739.670	3568.123	3866.881	3722.637	0.948	0.952	0.952
125	3801.480	3684.558	3924.608	3801.629	0.968	0.972	0.968
126	3788.879	3636.083	4020.197	3779.233	0.963	0.967	0.965
127	3807.936	3545.263	4020.395	3835.126	0.977	0.981	0.970
128	3775.258	3611.962	3970.283	3776.044	0.962	0.966	0.962
129	3896.557	3598.743	4280.353	3881.473	0.989	0.993	0.992
130	3803.220	3623.902	4205.850	3790.313	0.965	0.969	0.969
131	3784.100	3548.854	4015.356	3785.473	0.964	0.968	0.964
132	3830.940	3659.546	4044.399	3825.828	0.974	0.978	0.976
133	3795.351	3593.806	3972.648	3824.509	0.974	0.978	0.967
134	3839.747	3635.920	4135.146	3803.556	0.969	0.973	0.978
135	3883.708	3714.798	4072.618	3851.012	0.981	0.985	0.989
136	3842.628	3655.299	4044.210	3814.732	0.972	0.976	0.979
137	3921.881	3695.396	4021.900	3953.685	1.007	1.011	0.999
138	3840.117	3621.127	4159.967	3804.287	0.969	0.973	0.978
139	3821.251	3624.126	4074.367	3801.608	0.968	0.972	0.973
140	3875.748	3683.441	4159.499	3870.520	0.986	0.990	0.987
141	3842.007	3670.528	4086.689	3804.427	0.969	0.973	0.979
142	3859.423	3663.398	4081.848	3798.696	0.967	0.972	0.983
143	3931.702	3684.807	4241.652	3898.636	0.993	0.997	1.001
144	3857.789	3688.859	4026.621	3865.326	0.984	0.989	0.983
145	3837.776	3656.577	4022.880	3837.089	0.977	0.981	0.977
146	3764.063	3550.894	4057.763	3701.043	0.943	0.947	0.959
147	3753.762	3501.696	4039.038	3759.269	0.957	0.961	0.956
148	3829.215	3641.686	4018.372	3817.453	0.972	0.976	0.975
149	3809.078	3631.290	4025.059	3770.871	0.960	0.964	0.970
150	3787.395	3620.817	3948.745	3765.606	0.959	0.963	0.965
151	3878.573	3634.387	4189.115	3861.314	0.983	0.988	0.988
152	3899.627	3665.002	4165.234	3867.743	0.985	0.989	0.993
153	3896.939	3736.964	4075.133	3908.652	0.995	1.000	0.992
154	3949.680	3748.535	4139.074	3947.775	1.005	1.010	1.006
155	3887.910	3632.417	4044.973	3921.454	0.999	1.003	0.990
156	3931.041	3793.167	4111.766	3933.242	1.002	1.006	1.001
157	3899.323	3687.579	4147.907	3893.336	0.992	0.996	0.993
158	3930.377	3633.853	4173.629	3955.389	1.007	1.012	1.001
159	3892.156	3780.886	4040.310	3894.897	0.992	0.996	0.991
160	3857.213	3746.417	4047.532	3846.606	0.980	0.984	0.982
161	3908.780	3731.571	4087.744	3875.763	0.987	0.991	0.996
162	3943.656	3753.341	4074.518	3956.210	1.008	1.012	1.004
163	3903.472	3758.091	4128.312	3885.249	0.990	0.994	0.994
164	3938.910	3702.946	4241.202	3888.369	0.990	0.994	1.003
165	4009.124	3682.639	4324.003	4022.202	1.024	1.029	1.021
166	4019.207	3689.639	4397.015	4023.420	1.025	1.029	1.024
167	4015.700	3815.682	4334.769	3987.696	1.016	1.020	1.023
168	4052.285	3840.981	4182.359	4100.676	1.044	1.049	1.032
169	4085.550	3700.308	4368.619	4128.760	1.052	1.056	1.041
170	4074.724	3851.036	4239.749	4078.270	1.039	1.043	1.038
171	4003.988	3695.579	4240.008	3998.379	1.018	1.023	1.020
172	4024.998	3559.792	4509.338	4008.431	1.021	1.025	1.025
173	4169.298	3682.838	4494.316	4251.441	1.083	1.087	1.062
174	4163.606	3815.038	4375.802	4221.421	1.075	1.080	1.060
175	4119.400	3668.273	4417.378	4185.773	1.066	1.071	1.049
176	4110.891	3789.157	4383.324	4078.532	1.039	1.043	1.047
177	4092.807	3603.179	4505.643	4158.218	1.059	1.063	1.042
178	4034.536	3805.518	4232.085	4041.723	1.029	1.034	1.028
179	4026.378	3838.389	4185.075	4074.394	1.038	1.042	1.025
180	4151.023	3848.931	4409.039	4205.651	1.071	1.076	1.057
181	4107.422	3792.479	4536.868	4084.560	1.040	1.045	1.046
182	4020.444	3731.568	4369.081	3979.134	1.013	1.018	1.024
183	3999.042	3711.802	4282.089	4061.432	1.034	1.039	1.018
184	4115.896	3638.768	4441.195	4183.616	1.066	1.070	1.048
185	4082.790	3587.279	4552.623	4130.046	1.052	1.056	1.040
186	4017.526	3589.993	4381.591	4017.531	1.023	1.028	1.023
187	4011.136	3688.272	4337.234	3994.300	1.017	1.022	1.022
188	4075.538	3703.183	4319.206	4105.485	1.046	1.050	1.038
189	4026.758	3709.573	4378.595	3993.706	1.017	1.021	1.026
190	4046.998	3759.768	4385.298	4073.125	1.037	1.042	1.031
191	4027.416	3803.793	4227.629	4030.178	1.026	1.031	1.026
192	4017.920	3589.010	4272.920	4038.281	1.028	1.033	1.023
193	4068.757	3710.309	4417.115	4066.410	1.036	1.040	1.036
194	4015.984	3641.986	4254.544	4087.468	1.041	1.045	1.023
195	3994.625	3588.289	4302.221	4007.535	1.021	1.025	1.017
196	4034.271	3658.436	4319.257	4113.495	1.048	1.052	1.027
197	4029.178	3585.737	4345.079	4116.543	1.048	1.053	1.026
198	3918.878	3703.689	4113.785	3914.294	0.997	1.001	0.998
199	3998.111	3628.826	4356.596	4020.649	1.024	1.028	1.018
200	3989.233	3666.885	4249.452	4015.952	1.023	1.027	1.016
201	3940.681	3539.308	4368.831	3930.446	1.001	1.005	1.004
202	3909.061	3775.786	4003.337	3909.047	0.996	1.000	0.996
203	3932.181	3650.083	4143.222	3950.945	1.006	1.010	1.001
204	3883.227	3576.123	4161.539	3858.367	0.983	0.987	0.989
205	3905.988	3779.245	4123.357	3863.207	0.984	0.988	0.995
206	3884.121	3679.934	4115.904	3881.833	0.989	0.993	0.989
207	3900.922	3491.857	4317.492	3898.763	0.993	0.997	0.994
208	3885.953	3573.987	4438.286	3919.605	0.998	1.002	0.990
209	3895.149	3607.277	4069.143	3912.499	0.996	1.001	0.992
210	3897.585	3665.289	4132.923	3845.804	0.979	0.984	0.993
211	3861.564	3656.127	4132.830	3846.704	0.980	0.984	0.983
212	3887.348	3694.534	4092.089	3894.295	0.992	0.996	0.990
213	3843.374	3686.290	4031.959	3843.589	0.979	0.983	0.979
214	3851.284	3508.446	4076.150	3875.326	0.987	0.991	0.981
215	3901.686	3620.706	4393.267	3904.075	0.994	0.998	0.994
216	3937.586	3688.281	4231.748	3947.645	1.005	1.010	1.003
217	3930.900	3750.806	4213.146	3871.329	0.986	0.990	1.001
218	3915.281	3741.268	4183.899	3889.708	0.991	0.995	0.997
219	3972.463	3745.329	4229.699	4008.464	1.021	1.025	1.012
220	3941.252	3699.423	4195.669	3975.394	1.012	1.017	1.004
221	3899.120	3674.751	4164.335	3901.361	0.994	0.998	0.993
222	3795.415	3543.835	4060.505	3800.290	0.968	0.972	0.967
223	3892.295	3573.142	4177.157	3873.779	0.987	0.991	0.991
224	3858.309	3505.933	4139.336	3904.795	0.994	0.999	0.983
225	3902.894	3415.018	4239.295	3904.877	0.995	0.999	0.994
226	3909.115	3578.066	4182.739	3919.302	0.998	1.002	0.996
227	3939.909	3518.205	4308.422	4058.164	1.034	1.038	1.003
228	3836.818	3434.447	4339.200	3852.793	0.981	0.985	0.977
229	3809.480	3683.061	4008.942	3752.641	0.956	0.960	0.970
230	3774.727	3635.076	3902.934	3794.859	0.966	0.971	0.961
231	3842.151	3542.489	4160.959	3869.925	0.986	0.990	0.979
232	3784.649	3497.933	4041.981	3767.524	0.960	0.964	0.964
233	3759.429	3369.108	4021.393	3809.359	0.970	0.974	0.957
234	3760.607	3459.991	3936.282	3787.070	0.965	0.969	0.958
235	3779.684	3490.167	4022.492	3856.644	0.982	0.986	0.963
236	3833.473	3454.566	4097.653	3861.669	0.984	0.988	0.976
237	3870.227	3595.930	4084.882	3875.862	0.987	0.991	0.986
238	3863.936	3704.962	4077.088	3855.781	0.982	0.986	0.984
239	3865.641	3663.322	4063.678	3855.445	0.982	0.986	0.985
240	3901.380	3709.711	4099.439	3875.339	0.987	0.991	0.994
241	3836.986	3622.828	4021.251	3833.346	0.976	0.980	0.977
242	3804.642	3415.937	3983.663	3896.416	0.992	0.997	0.969
243	3783.443	3522.551	4040.904	3750.235	0.955	0.959	0.964
244	3816.261	3517.991	4043.917	3854.501	0.982	0.986	0.972
245	3812.588	3549.571	4050.759	3832.024	0.976	0.980	0.971
246	3868.144	3686.105	4158.955	3815.651	0.972	0.976	0.985
247	3862.323	3559.381	4261.353	3880.851	0.988	0.993	0.984
248	3747.343	3420.333	3953.729	3752.493	0.956	0.960	0.954
249	3818.280	3653.826	3983.350	3828.239	0.975	0.979	0.972
250	3804.671	3481.359	4116.333	3866.535	0.985	0.989	0.969
251	3890.804	3505.627	4193.989	3949.377	1.006	1.010	0.991
252	3970.994	3615.631	4316.764	4004.641	1.020	1.024	1.011
253	3958.580	3594.997	4199.349	4035.058	1.028	1.032	1.008
254	3974.779	3532.658	4384.394	3999.393	1.019	1.023	1.012
255	3897.240	3540.922	4156.047	3941.361	1.004	1.008	0.993
256	3885.047	3507.363	4079.539	3954.152	1.007	1.011	0.989
257	3900.869	3466.732	4205.849	4002.537	1.019	1.024	0.993
258	3965.508	3593.202	4185.343	4059.753	1.034	1.038	1.010
259	4012.113	3701.795	4296.058	4024.944	1.025	1.029	1.022
260	3900.227	3705.062	3996.915	3929.590	1.001	1.005	0.993
261	3910.197	3673.835	4051.115	3951.133	1.006	1.011	0.996
262	3892.751	3667.036	4225.691	3900.270	0.993	0.998	0.991
263	3911.822	3403.570	4206.848	3913.651	0.997	1.001	0.996
264	3952.920	3356.792	4296.176	4013.292	1.022	1.026	1.007
265	3997.108	3609.471	4298.500	4003.818	1.020	1.024	1.018
266	4094.961	3989.192	4193.502	4113.853	1.048	1.052	1.043
267	4162.699	3964.240	4334.224	4132.383	1.052	1.057	1.060
268	4024.949	3771.986	4243.195	4020.013	1.024	1.028	1.025
269	4004.358	3731.769	4233.542	4019.439	1.024	1.028	1.020
270	3985.830	3742.017	4218.681	3973.150	1.012	1.016	1.015
271	3962.510	3707.355	4211.363	3917.543	0.998	1.002	1.009
272	3977.154	3798.433	4276.854	3951.669	1.006	1.011	1.013
273	3946.704	3747.774	4117.835	3971.913	1.012	1.016	1.005
274	4000.983	3747.935	4151.058	4033.311	1.027	1.032	1.019
275	3990.232	3797.135	4121.438	4006.029	1.020	1.025	1.016
276	3944.402	3814.680	4123.174	3930.887	1.001	1.005	1.005
277	4008.483	3739.916	4129.401	4064.304	1.035	1.039	1.021
278	3949.091	3718.674	4089.223	3968.330	1.011	1.015	1.006
279	3954.697	3690.425	4298.148	3959.438	1.008	1.013	1.007
280	3957.975	3687.168	4137.656	3983.134	1.014	1.019	1.008
281	4072.750	3852.385	4390.532	4053.204	1.032	1.037	1.037
282	4050.347	3710.731	4251.173	4068.210	1.036	1.040	1.032
283	4104.958	3828.373	4270.834	4106.562	1.046	1.050	1.045
284	4106.257	3769.838	4318.353	4130.316	1.052	1.056	1.046
285	4128.922	3742.680	4402.412	4158.248	1.059	1.063	1.052
286	4234.993	3902.832	4691.854	4239.857	1.080	1.084	1.079
287	4237.951	3917.855	4474.322	4319.212	1.100	1.105	1.079
288	4260.821	3966.903	4578.917	4347.652	1.107	1.112	1.085
289	4256.927	4009.276	4505.949	4201.806	1.070	1.075	1.084
290	4176.910	3814.434	4576.521	4163.182	1.060	1.065	1.064
291	4220.182	3699.741	4671.492	4180.528	1.065	1.069	1.075
292	4161.499	3928.562	4323.943	4168.683	1.062	1.066	1.060
293	4063.782	3931.391	4235.785	4087.224	1.041	1.045	1.035
294	4137.646	3740.844	4345.688	4143.823	1.055	1.060	1.054
295	4234.624	3934.340	4697.803	4131.426	1.052	1.057	1.078
296	4216.686	3845.667	4600.395	4265.898	1.086	1.091	1.074
297	4143.237	3835.680	4431.563	4137.189	1.054	1.058	1.055
298	4072.428	3694.378	4268.959	4075.057	1.038	1.042	1.037
299	4084.964	3758.101	4357.524	4078.208	1.039	1.043	1.040
300	4110.724	3932.940	4389.048	4062.920	1.035	1.039	1.047
301	4151.848	3877.752	4268.486	4188.906	1.067	1.071	1.057
302	4149.150	3968.501	4353.562	4165.227	1.061	1.065	1.057
303	4122.855	3901.858	4302.221	4119.165	1.049	1.053	1.050
304	4031.076	3835.989	4165.960	4039.730	1.029	1.033	1.027
305	4111.873	3841.906	4352.644	4126.700	1.051	1.055	1.047
306	4090.744	3869.513	4308.335	4063.135	1.035	1.039	1.042
307	4128.631	3876.379	4412.025	4151.854	1.057	1.062	1.051
308	4125.834	4030.933	4259.563	4096.996	1.043	1.048	1.051
309	4175.233	3939.623	4394.700	4182.042	1.065	1.070	1.063
310	4159.464	4018.397	4415.088	4135.849	1.053	1.058	1.059
311	4193.014	3886.625	4343.824	4242.029	1.080	1.085	1.068
312	4128.403	4019.781	4227.278	4128.746	1.052	1.056	1.051
313	4200.228	3838.878	4527.806	4195.190	1.068	1.073	1.070
314	4319.763	4071.843	4625.632	4305.451	1.097	1.101	1.100
315	4184.277	3979.504	4416.938	4179.363	1.064	1.069	1.066
316	4228.457	4008.684	4698.016	4135.974	1.053	1.058	1.077
317	4265.225	4117.813	4534.583	4212.860	1.073	1.077	1.086
318	4188.479	3923.405	4729.039	4123.237	1.050	1.055	1.067
319	4278.071	3881.339	4733.424	4252.012	1.083	1.087	1.090
320	4177.287	3842.731	4501.964	4162.076	1.060	1.064	1.064
321	4260.146	3838.629	4566.992	4298.288	1.095	1.099	1.085
322	4260.777	3929.687	4588.592	4248.142	1.082	1.086	1.085
323	4267.766	3794.556	4657.129	4290.639	1.093	1.097	1.087
324	4383.031	3741.303	4754.285	4475.724	1.140	1.145	1.116
325	4361.125	3904.302	4759.863	4341.752	1.106	1.110	1.111
326	4375.866	3852.122	4830.765	4423.010	1.126	1.131	1.114
327	4252.804	3910.434	4661.053	4275.783	1.089	1.094	1.083
328	4522.074	3900.765	5388.377	4530.923	1.154	1.159	1.152
329	4448.053	3851.310	4690.453	4572.474	1.165	1.169	1.133
330	4395.200	3836.292	4735.244	4518.338	1.151	1.156	1.119
331	4399.946	3708.198	4716.290	4494.536	1.145	1.149	1.121
332	4464.138	3673.021	4989.870	4526.691	1.153	1.158	1.137
333	4311.691	3531.602	5142.918	4303.769	1.096	1.101	1.098
334	4286.320	3586.233	4732.886	4411.177	1.123	1.128	1.092
335	4261.295	3570.078	4730.976	4300.535	1.095	1.100	1.085
336	4304.266	3762.879	4696.540	4353.170	1.109	1.113	1.096
337	4325.059	3715.110	4829.434	4338.643	1.105	1.110	1.102
338	4335.987	3559.425	5080.456	4414.099	1.124	1.129	1.104
339	4205.597	3582.650	4914.383	4165.661	1.061	1.065	1.071
340	4228.547	3605.106	4986.329	4245.213	1.081	1.086	1.077
341	4136.122	3575.237	4496.910	4229.540	1.077	1.082	1.053
342	4116.664	3711.247	4630.831	4189.642	1.067	1.072	1.048
343	4093.734	3656.536	4439.961	4177.188	1.064	1.068	1.043
344	4224.593	3608.631	4611.050	4290.270	1.093	1.097	1.076
345	4249.886	3475.564	4693.856	4275.718	1.089	1.094	1.082
346	4153.842	3553.144	4383.544	4247.185	1.082	1.086	1.058
347	4185.731	3731.339	4487.081	4270.926	1.088	1.092	1.066
348	4243.640	3872.308	4645.226	4245.195	1.081	1.086	1.081
349	4273.025	3725.150	4578.152	4376.642	1.115	1.119	1.088
350	4217.746	3575.864	4654.591	4237.277	1.079	1.084	1.074
351	4184.984	3573.755	4578.719	4182.371	1.065	1.070	1.066
352	4164.975	3650.233	4741.644	4218.509	1.074	1.079	1.061
353	4172.482	3756.459	4597.782	4155.317	1.058	1.063	1.063
354	4254.892	3774.573	4662.155	4280.485	1.090	1.095	1.084
355	4216.165	3748.952	4655.504	4196.672	1.069	1.073	1.074
356	4264.216	3760.936	4756.784	4276.330	1.089	1.094	1.086
357	4114.028	3873.304	4381.812	4096.920	1.043	1.048	1.048
358	4180.232	3726.859	4569.744	4191.587	1.068	1.072	1.065
359	4309.347	3911.716	4493.705	4393.603	1.119	1.124	1.098
360	4237.281	3840.520	4512.974	4215.079	1.074	1.078	1.079
361	4190.655	3815.513	4411.789	4290.374	1.093	1.097	1.067
362	4354.664	4050.165	4633.960	4373.303	1.114	1.118	1.109
363	4391.352	4191.004	4659.623	4354.154	1.109	1.114	1.118
364	4307.417	4024.815	4589.603	4320.565	1.100	1.105	1.097
365	4253.094	3858.014	4680.752	4236.563	1.079	1.084	1.083
366	4321.579	3998.181	4855.265	4288.974	1.092	1.097	1.101
367	4272.946	4124.101	4486.477	4252.394	1.083	1.088	1.088
368	4293.715	4092.885	4498.021	4265.317	1.086	1.091	1.094
369	4249.736	3981.313	4525.454	4283.755	1.091	1.096	1.082
370	4305.404	4162.972	4434.525	4294.384	1.094	1.098	1.097
371	4250.602	4018.121	4531.445	4258.441	1.085	1.089	1.083
372	4282.769	3867.937	4561.334	4340.560	1.105	1.110	1.091
373	4267.729	4083.104	4643.960	4245.686	1.081	1.086	1.087
374	4301.877	3943.779	4523.872	4352.125	1.108	1.113	1.096
375	4197.710	3792.484	4613.347	4226.568	1.076	1.081	1.069
376	4164.326	3971.484	4494.452	4136.514	1.054	1.058	1.061
377	4189.566	3928.380	4480.717	4260.334	1.085	1.090	1.067
378	4209.137	3922.795	4577.854	4167.270	1.061	1.066	1.072
379	4156.459	3928.577	4409.993	4139.920	1.054	1.059	1.059
380	4241.165	3955.975	4794.199	4184.575	1.066	1.070	1.080
381	4203.888	3887.201	4695.812	4109.012	1.047	1.051	1.071
382	4187.775	3937.294	4543.333	4160.583	1.060	1.064	1.067
383	4241.721	3934.156	4655.653	4250.436	1.083	1.087	1.080
384	4351.380	4084.472	4710.916	4329.676	1.103	1.107	1.108
385	4252.089	3962.182	4517.920	4279.440	1.090	1.094	1.083
386	4193.415	3927.120	4485.579	4204.107	1.071	1.075	1.068
387	4229.817	3899.178	4437.925	4247.989	1.082	1.086	1.077
388	4207.540	3648.718	4597.340	4312.546	1.098	1.103	1.072
389	4158.241	3696.420	4618.579	4142.964	1.055	1.060	1.059
390	4146.914	3877.703	4339.758	4196.280	1.069	1.073	1.056
391	4248.251	3790.406	4515.241	4261.545	1.085	1.090	1.082
392	4281.696	3858.128	4517.623	4317.270	1.100	1.104	1.090
393	4291.725	3847.420	4571.287	4300.393	1.095	1.100	1.093
394	4255.502	3763.280	4612.283	4234.792	1.079	1.083	1.084
395	4219.713	3672.210	4532.840	4267.422	1.087	1.091	1.075
396	4152.289	3566.956	4534.438	4156.852	1.059	1.063	1.058
397	4364.514	3743.113	4815.847	4431.262	1.129	1.133	1.112
398	4265.870	3751.021	4549.675	4332.985	1.104	1.108	1.086
399	4239.282	3762.280	4660.807	4215.459	1.074	1.078	1.080
400	4283.375	3862.388	4613.772	4293.987	1.094	1.098	1.091
401	4280.435	3834.760	4827.602	4309.185	1.097	1.102	1.090
402	4227.746	3826.326	4497.861	4224.215	1.076	1.080	1.077
403	4287.950	3872.497	4654.041	4300.596	1.095	1.100	1.092
404	4462.980	3972.329	5058.069	4366.792	1.112	1.117	1.137
405	4359.850	4106.152	4906.426	4277.936	1.090	1.094	1.110
406	4417.580	4262.039	4616.949	4389.054	1.118	1.123	1.125
407	4382.619	4084.780	4603.063	4424.552	1.127	1.132	1.116
408	4530.151	4077.070	4753.503	4567.162	1.163	1.168	1.154
409	4480.594	4229.416	4675.937	4491.580	1.144	1.149	1.141
410	4472.912	4103.683	4836.965	4504.052	1.147	1.152	1.139
411	4429.781	4210.728	4742.800	4375.756	1.114	1.119	1.128
412	4547.640	4190.009	4848.539	4620.239	1.177	1.182	1.158
413	4487.448	3987.504	4823.410	4505.817	1.148	1.152	1.143
414	4438.129	3910.295	4965.710	4426.788	1.127	1.132	1.130
415	4451.501	4039.772	5025.168	4449.289	1.133	1.138	1.134
416	4429.337	3949.685	4898.424	4362.566	1.111	1.116	1.128
417	4330.844	3968.869	4734.754	4268.978	1.087	1.092	1.103
418	4319.880	4086.582	4585.658	4340.135	1.105	1.110	1.100
419	4363.865	4037.392	4749.658	4406.817	1.122	1.127	1.111
420	4273.534	3973.254	4651.179	4256.942	1.084	1.089	1.088
421	4365.711	4065.433	4744.104	4330.582	1.103	1.108	1.112
422	4329.770	4053.180	5100.657	4200.086	1.070	1.074	1.103
423	4257.617	3863.929	4519.554	4329.102	1.103	1.107	1.084
424	4264.640	3870.398	4698.559	4266.508	1.087	1.091	1.086
425	4438.916	3964.363	4850.867	4496.353	1.145	1.150	1.131
426	4229.976	3759.543	4651.903	4185.151	1.066	1.070	1.077
427	4239.449	4071.782	4466.158	4126.912	1.051	1.055	1.080
428	4272.239	3743.216	4639.104	4239.421	1.080	1.084	1.088
429	4408.603	3868.811	4750.853	4389.523	1.118	1.123	1.123
430	4339.735	3863.728	4591.748	4341.529	1.106	1.110	1.105
431	4288.373	4071.067	4647.693	4245.376	1.081	1.086	1.092
432	4312.530	3864.859	4603.790	4408.249	1.123	1.127	1.098
433	4363.683	3913.290	4753.725	4328.388	1.102	1.107	1.111
434	4528.488	4008.993	4897.490	4636.873	1.181	1.186	1.153
435	4315.389	3696.122	4892.702	4293.968	1.094	1.098	1.099
436	4292.688	3940.126	4563.453	4380.759	1.116	1.120	1.093
437	4434.797	4039.048	4817.669	4434.846	1.129	1.134	1.129
438	4397.045	3841.914	4651.188	4475.515	1.140	1.145	1.120
439	4400.348	3846.916	4730.993	4578.837	1.166	1.171	1.121
440	4613.603	3889.386	5067.243	4604.000	1.173	1.177	1.175
441	4543.385	4108.246	4932.407	4547.849	1.158	1.163	1.157
442	4478.593	3989.223	4671.473	4535.945	1.155	1.160	1.141
443	4515.748	4014.282	4793.315	4588.074	1.169	1.173	1.150
444	4540.611	4256.337	4948.383	4479.827	1.141	1.146	1.156
445	4690.636	4241.540	5207.345	4709.226	1.199	1.204	1.195
446	4576.160	4031.364	5027.755	4626.770	1.178	1.183	1.165
447	4414.763	4062.064	4964.726	4283.458	1.091	1.096	1.124
448	4485.124	4149.252	4825.390	4420.492	1.126	1.131	1.142
449	4590.936	4107.884	4943.942	4655.399	1.186	1.191	1.169
450	4563.339	3981.201	5222.139	4683.333	1.193	1.198	1.162
451	4564.529	4056.045	4816.078	4627.565	1.179	1.184	1.163
452	4442.181	4148.582	4738.104	4416.738	1.125	1.130	1.131
453	4498.932	4250.006	4761.749	4500.271	1.146	1.151	1.146
454	4539.879	4143.234	5043.658	4503.583	1.147	1.152	1.156
455	4467.303	4206.554	4794.061	4450.158	1.133	1.138	1.138
456	4618.724	4139.558	4868.289	4687.093	1.194	1.199	1.176
457	4517.465	3907.098	4812.830	4530.225	1.154	1.159	1.151
458	4504.197	3677.407	4961.497	4533.812	1.155	1.160	1.147
459	4497.797	3960.759	4901.749	4426.325	1.127	1.132	1.146
460	4498.331	3906.384	5058.647	4426.571	1.127	1.132	1.146
461	4240.582	3613.505	4621.305	4282.312	1.091	1.095	1.080
462	4371.184	3533.604	4886.183	4381.251	1.116	1.121	1.113
463	4447.792	3924.471	4914.092	4456.290	1.135	1.140	1.133
464	4424.608	3972.713	4860.461	4402.523	1.121	1.126	1.127
465	4375.660	3732.437	5014.755	4358.201	1.110	1.115	1.114
466	4372.786	3806.188	5067.023	4387.252	1.117	1.122	1.114
467	4340.607	3842.179	4631.106	4359.631	1.110	1.115	1.105
468	4303.036	3821.377	4653.800	4375.838	1.114	1.119	1.096
469	4194.682	3684.757	4614.252	4305.056	1.096	1.101	1.068
470	4424.099	4076.910	4760.969	4393.967	1.119	1.124	1.127
471	4450.530	4146.757	4781.590	4455.527	1.135	1.140	1.133
472	4383.026	4082.350	4760.418	4370.842	1.113	1.118	1.116
473	4239.007	3958.353	4525.587	4235.413	1.079	1.083	1.080
474	4338.085	4106.417	4713.473	4269.181	1.087	1.092	1.105
475	4305.217	4039.943	4701.432	4315.058	1.099	1.104	1.096
476	4223.671	3679.997	4510.382	4299.788	1.095	1.100	1.076
477	4251.450	3679.425	4593.946	4352.912	1.109	1.113	1.083
478	4141.734	3625.143	4629.978	4158.235	1.059	1.063	1.055
479	4131.871	3644.581	4331.980	4178.150	1.064	1.069	1.052
480	4204.956	3934.796	4339.009	4246.530	1.082	1.086	1.071
481	4224.651	3816.531	4567.910	4175.309	1.063	1.068	1.076
482	4201.030	3893.407	4642.758	4195.522	1.069	1.073	1.070
483	4270.986	3811.378	4909.436	4299.388	1.095	1.100	1.088
484	4141.256	3865.694	4707.790	4067.616	1.036	1.040	1.055
485	4106.831	3772.421	4502.488	4125.483	1.051	1.055	1.046
486	4171.164	3986.729	4628.845	4134.960	1.053	1.058	1.062
487	4146.726	3846.155	4324.224	4158.890	1.059	1.064	1.056
488	4048.616	3857.461	4221.585	4025.496	1.025	1.030	1.031
489	4267.917	3906.941	4519.161	4396.007	1.120	1.124	1.087
490	4261.965	3897.814	4667.062	4225.996	1.076	1.081	1.085
491	4366.289	4014.270	4627.119	4367.659	1.112	1.117	1.112
492	4219.802	3903.898	4491.988	4223.884	1.076	1.080	1.075
493	4394.399	4037.946	4946.250	4322.521	1.101	1.106	1.119
494	4320.944	3798.042	4761.832	4295.035	1.094	1.098	1.100
495	4484.759	4141.865	4753.240	4547.717	1.158	1.163	1.142
496	4540.215	4129.610	4885.345	4625.360	1.178	1.183	1.156
497	4556.730	4306.818	4865.454	4501.946	1.147	1.151	1.161
498	4480.148	4268.874	4749.767	4451.137	1.134	1.138	1.141
499	4352.991	4143.438	4601.430	4309.377	1.098	1.102	1.109
500	4552.343	4367.486	4741.322	4536.286	1.155	1.160	1.159
501	4421.930	4322.885	4596.574	4392.044	1.119	1.123	1.126
502	4454.973	4245.979	4640.195	4436.219	1.130	1.135	1.135
503	4448.842	4340.321	4530.543	4466.570	1.138	1.142	1.133
504	4462.269	4210.045	4835.162	4498.337	1.146	1.150	1.136
505	4583.616	4045.432	4856.452	4607.812	1.174	1.178	1.167
506	4697.129	4219.915	5173.876	4647.319	1.184	1.189	1.196
507	4563.154	4080.607	4967.981	4597.041	1.171	1.176	1.162
508	4534.386	3910.233	4954.311	4563.648	1.162	1.167	1.155
509	4577.066	3842.456	4833.787	4678.868	1.192	1.197	1.166
510	4604.528	4038.378	4952.976	4646.901	1.183	1.188	1.173
511	4453.118	4170.388	4829.405	4514.332	1.150	1.155	1.134
512	4457.421	3944.138	4754.772	4510.136	1.149	1.153	1.135
513	4429.620	3868.331	5005.967	4409.297	1.123	1.128	1.128
514	4427.515	3938.276	4684.898	4486.031	1.143	1.147	1.128
515	4447.697	3975.109	4627.095	4462.461	1.137	1.141	1.133
516	4494.922	3975.589	4756.061	4564.627	1.163	1.167	1.145
517	4533.270	3948.309	4907.146	4630.725	1.179	1.184	1.155
518	4420.665	3699.837	4851.009	4476.839	1.140	1.145	1.126
519	4431.775	3810.500	4874.353	4477.874	1.140	1.145	1.129
520	4569.007	3873.787	5003.213	4702.820	1.198	1.203	1.164
521	4509.595	4069.050	4950.212	4435.659	1.130	1.134	1.149
522	4545.457	3917.405	5072.471	4582.924	1.167	1.172	1.158
523	4484.496	3822.652	4801.016	4512.226	1.149	1.154	1.142
524	4390.133	3776.727	4761.644	4471.417	1.139	1.144	1.118
525	4474.019	3876.136	4754.831	4492.891	1.144	1.149	1.139
526	4289.886	3953.506	4648.919	4309.447	1.098	1.102	1.093
527	4307.420	3946.696	4612.422	4316.485	1.099	1.104	1.097
528	4389.563	3961.127	4899.844	4418.411	1.125	1.130	1.118
529	4385.177	4131.381	4663.974	4368.791	1.113	1.117	1.117
530	4410.041	3912.962	4714.604	4526.161	1.153	1.158	1.123
531	4376.856	3854.708	4985.864	4453.101	1.134	1.139	1.115
532	4337.955	3933.709	4724.115	4367.956	1.112	1.117	1.105
533	4332.086	4024.429	4647.610	4317.894	1.100	1.104	1.103
534	4398.457	4119.117	4601.750	4434.113	1.129	1.134	1.120
535	4211.206	3877.160	4468.871	4277.682	1.089	1.094	1.073
536	4287.471	4068.542	4642.674	4248.672	1.082	1.087	1.092
537	4374.651	3923.202	4821.547	4384.578	1.117	1.121	1.114
538	4322.880	4067.692	4819.476	4265.942	1.086	1.091	1.101
539	4379.942	3985.147	4616.903	4433.198	1.129	1.134	1.116
540	4287.353	3853.491	4664.656	4287.521	1.092	1.097	1.092
541	4327.381	3802.978	4774.393	4346.211	1.107	1.112	1.102
542	4324.120	3821.051	4676.771	4397.687	1.120	1.125	1.101
543	4342.191	3861.975	4719.066	4413.510	1.124	1.129	1.106
544	4280.969	3689.928	4654.328	4312.898	1.098	1.103	1.090
545	4479.934	3944.136	4999.351	4614.443	1.175	1.180	1.141
546	4411.030	3885.207	4982.253	4433.610	1.129	1.134	1.123
547	4438.425	3660.229	5006.443	4510.762	1.149	1.154	1.130
548	4277.559	3732.792	4748.670	4283.226	1.091	1.095	1.089
549	4396.675	3924.876	4827.036	4441.361	1.131	1.136	1.120
550	4357.587	3545.536	4960.268	4488.049	1.143	1.148	1.110
551	4346.244	3499.023	4968.601	4386.938	1.117	1.122	1.107
552	4404.896	3587.390	4987.379	4479.755	1.141	1.146	1.122
553	4466.748	3624.260	5026.192	4629.600	1.179	1.184	1.138
554	4403.806	3792.691	4803.579	4538.569	1.156	1.161	1.122
555	4355.585	3742.198	4969.152	4330.394	1.103	1.108	1.109
556	4331.423	3770.966	4976.238	4303.734	1.096	1.101	1.103
557	4358.931	3945.817	4698.322	4369.434	1.113	1.118	1.110
558	4337.525	3792.292	4605.901	4400.028	1.121	1.125	1.105
559	4328.997	3717.390	4942.617	4251.523	1.083	1.087	1.103
560	4312.416	3824.940	4672.341	4319.844	1.100	1.105	1.098
561	4342.236	3837.656	4718.485	4387.884	1.118	1.122	1.106
562	4305.016	3763.714	4625.064	4309.936	1.098	1.102	1.096
563	4226.663	3565.045	4731.821	4235.410	1.079	1.083	1.076
564	4252.826	3793.864	4510.470	4310.278	1.098	1.102	1.083
565	4292.602	3817.258	4615.118	4320.947	1.100	1.105	1.093
566	4294.346	3896.128	4642.675	4269.513	1.087	1.092	1.094
567	4212.314	3954.083	4423.807	4238.851	1.080	1.084	1.073
568	4321.384	3982.552	4691.856	4298.648	1.095	1.099	1.101
569	4397.111	4065.537	4709.615	4448.001	1.133	1.138	1.120
570	4227.298	4010.145	4450.707	4229.362	1.077	1.082	1.077
571	4300.649	3915.913	5079.661	4266.472	1.087	1.091	1.095
572	4417.662	4005.956	4951.425	4498.946	1.146	1.151	1.125
573	4373.020	4012.627	4925.946	4311.697	1.098	1.103	1.114
574	4368.375	3942.357	4770.623	4363.406	1.111	1.116	1.113
575	4278.115	3895.386	4894.663	4137.523	1.054	1.058	1.090
576	4377.671	4008.426	4669.278	4373.989	1.114	1.119	1.115
577	4456.177	4006.179	4788.590	4479.930	1.141	1.146	1.135
578	4273.520	4053.251	4571.553	4286.336	1.092	1.096	1.088
579	4387.750	3999.314	4713.691	4409.277	1.123	1.128	1.117
580	4372.256	4119.703	4563.401	4395.940	1.120	1.124	1.114
581	4489.636	4303.153	4750.397	4490.655	1.144	1.149	1.143
582	4521.078	4369.828	4869.685	4486.128	1.143	1.147	1.151
583	4378.174	4194.526	4702.540	4377.463	1.115	1.120	1.115
584	4457.354	4178.570	4757.934	4463.984	1.137	1.142	1.135
585	4499.565	4301.030	4665.665	4527.166	1.153	1.158	1.146
586	4425.480	4204.421	4697.292	4404.290	1.122	1.126	1.127
587	4496.658	4246.707	4700.181	4497.815	1.146	1.150	1.145
588	4415.940	4091.198	4784.032	4435.224	1.130	1.134	1.125
589	4483.399	4280.456	4636.507	4504.229	1.147	1.152	1.142
590	4422.053	4057.128	4790.431	4430.240	1.128	1.133	1.126
591	4353.370	4051.188	4670.576	4342.189	1.106	1.111	1.109
592	4337.145	4028.534	4656.778	4313.885	1.099	1.103	1.105
593	4423.494	4154.619	4619.035	4412.784	1.124	1.129	1.127
594	4457.172	4198.959	4835.069	4436.827	1.130	1.135	1.135
595	4495.733	4330.784	4743.880	4467.876	1.138	1.143	1.145
596	4445.150	4044.762	5071.834	4384.517	1.117	1.121	1.132
597	4507.904	4140.722	4963.674	4480.930	1.141	1.146	1.148
598	4406.456	4085.863	4842.464	4371.206	1.113	1.118	1.122
599	4444.374	4131.374	4647.593	4468.782	1.138	1.143	1.132
600	4527.625	4138.754	4922.132	4517.729	1.151	1.155	1.153
601	4274.272	4043.305	4628.786	4287.561	1.092	1.097	1.089
602	4414.194	4227.837	4599.553	4412.754	1.124	1.129	1.124
603	4452.332	4291.044	4669.818	4448.870	1.133	1.138	1.134
604	4472.237	4297.927	4714.787	4460.973	1.136	1.141	1.139
605	4391.936	4181.003	4771.376	4283.553	1.091	1.096	1.119
606	4466.599	4259.267	4612.645	4487.992	1.143	1.148	1.138
607	4416.701	4294.280	4609.320	4378.220	1.115	1.120	1.125
608	4383.695	4301.072	4551.824	4356.794	1.110	1.114	1.116
609	4365.846	4167.075	4609.778	4372.189	1.114	1.118	1.112
610	4333.398	4219.174	4440.483	4336.540	1.104	1.109	1.104
611	4426.088	4226.965	4597.849	4434.256	1.129	1.134	1.127
612	4319.725	4047.177	4566.193	4297.668	1.095	1.099	1.100
613	4392.681	4054.061	4656.949	4374.483	1.114	1.119	1.119
614	4392.257	4136.300	4582.331	4382.417	1.116	1.121	1.119
615	4402.703	4149.691	4662.467	4409.911	1.123	1.128	1.121
616	4352.540	4118.176	4503.818	4383.532	1.116	1.121	1.109
617	4289.522	4109.623	4632.172	4274.929	1.089	1.093	1.092
618	4271.793	4055.129	4527.680	4251.930	1.083	1.087	1.088
619	4212.431	3974.902	4352.617	4233.469	1.078	1.083	1.073
620	4361.607	4194.488	4523.017	4348.711	1.108	1.112	1.111
621	4379.223	4150.553	4611.134	4394.199	1.119	1.124	1.115
622	4378.062	4174.395	4694.731	4350.198	1.108	1.113	1.115
623	4283.233	4025.862	4407.818	4310.918	1.098	1.103	1.091
624	4384.685	4174.983	4506.086	4417.443	1.125	1.130	1.117
625	4461.367	4176.746	4673.351	4484.660	1.142	1.147	1.136
626	4407.738	4268.818	4621.574	4405.932	1.122	1.127	1.123
627	4408.267	4171.028	4692.994	4404.059	1.122	1.126	1.123
628	4453.106	4164.975	4595.063	4509.434	1.148	1.153	1.134
629	4451.089	4261.280	4627.919	4471.817	1.139	1.144	1.134
630	4487.968	4166.863	4889.218	4465.921	1.137	1.142	1.143
631	4629.019	4229.556	4952.617	4636.043	1.181	1.186	1.179
632	4644.329	4386.346	5126.442	4637.723	1.181	1.186	1.183
633	4428.522	4327.321	4644.867	4411.569	1.124	1.128	1.128
634	4503.608	4282.539	4841.983	4540.045	1.156	1.161	1.147
635	4384.289	4064.030	4657.745	4411.923	1.124	1.128	1.117
636	4320.872	4117.408	4581.716	4306.619	1.097	1.101	1.100
637	4369.479	4240.117	4513.165	4379.845	1.115	1.120	1.113
638	4363.103	4117.361	4511.826	4349.288	1.108	1.112	1.111
639	4402.237	4149.498	4643.403	4441.499	1.131	1.136	1.121
640	4422.196	3973.302	4913.086	4539.472	1.156	1.161	1.126
641	4434.795	3924.301	4927.107	4391.007	1.118	1.123	1.129
642	4468.534	4271.764	4761.469	4438.086	1.130	1.135	1.138
643	4370.530	3995.033	4706.375	4422.650	1.126	1.131	1.113
644	4343.085	3962.594	4616.275	4301.964	1.096	1.100	1.106
645	4197.467	3912.900	4629.851	4166.536	1.061	1.066	1.069
646	4224.397	4042.073	4407.588	4229.052	1.077	1.082	1.076
647	4372.868	4047.306	4683.812	4414.487	1.124	1.129	1.114
648	4453.899	4064.319	4835.096	4442.825	1.132	1.136	1.134
649	4403.123	4115.987	4797.667	4430.963	1.128	1.133	1.121
650	4432.040	4003.450	4774.193	4370.287	1.113	1.118	1.129
651	4370.038	4020.889	4810.438	4324.214	1.101	1.106	1.113
652	4436.580	4007.289	4794.556	4446.319	1.132	1.137	1.130
653	4552.233	4100.283	4828.866	4597.844	1.171	1.176	1.159
654	4527.734	4042.112	4817.491	4612.814	1.175	1.180	1.153
655	4563.558	4236.088	4733.125	4624.812	1.178	1.183	1.162
656	4667.438	4218.528	4887.070	4699.217	1.197	1.202	1.189
657	4536.368	4236.978	4998.160	4474.291	1.140	1.144	1.155
658	4497.311	3964.969	4754.122	4543.018	1.157	1.162	1.145
659	4568.502	3957.527	4917.502	4549.307	1.159	1.164	1.164
660	4617.251	4174.468	5079.728	4630.599	1.179	1.184	1.176
661	4567.754	4149.529	5295.697	4488.473	1.143	1.148	1.163
662	4662.633	3982.058	5144.007	4718.749	1.202	1.207	1.188
663	4604.833	3962.459	5079.767	4718.345	1.202	1.207	1.173
664	4678.435	3868.744	5293.051	4718.785	1.202	1.207	1.192
665	4704.643	3885.947	5066.189	4772.136	1.215	1.220	1.198
666	4765.535	3985.090	5191.695	4808.923	1.225	1.230	1.214
667	4515.247	4056.786	5025.509	4469.670	1.138	1.143	1.150
668	4499.537	3729.576	5176.826	4722.471	1.203	1.208	1.146
669	4514.202	3676.564	4968.731	4632.105	1.180	1.185	1.150
670	4530.904	3875.749	5036.472	4636.104	1.181	1.186	1.154
671	4538.859	3842.255	5069.719	4717.984	1.202	1.207	1.156
672	4529.454	3765.083	5040.468	4686.248	1.194	1.199	1.154
673	4458.052	3690.588	4949.702	4680.451	1.192	1.197	1.135
674	4535.907	3768.986	5056.280	4737.224	1.206	1.212	1.155
675	4592.496	3738.314	5175.510	4698.953	1.197	1.202	1.170
676	4596.483	3643.765	5342.728	4493.177	1.144	1.149	1.171
677	4654.924	3751.191	5126.959	4769.876	1.215	1.220	1.186
678	4547.353	3763.198	5215.092	4592.885	1.170	1.175	1.158
679	4627.418	3782.449	5186.882	4735.976	1.206	1.211	1.179
680	4710.622	3928.115	5329.437	4880.618	1.243	1.248	1.200
681	4708.697	4037.751	5398.268	4792.218	1.221	1.226	1.199
682	4760.594	3819.916	5559.749	4845.262	1.234	1.239	1.212
683	4627.653	3670.917	5280.973	4718.824	1.202	1.207	1.179
684	4496.370	3692.185	4954.896	4600.134	1.172	1.177	1.145
685	4537.546	3802.634	5046.243	4730.197	1.205	1.210	1.156
686	4539.935	3735.788	5689.119	4542.718	1.157	1.162	1.156
687	4468.210	3725.743	5224.172	4505.234	1.147	1.152	1.138
688	4439.582	3685.380	4929.052	4547.592	1.158	1.163	1.131
689	4386.184	3654.887	4879.212	4398.331	1.120	1.125	1.117
690	4339.461	3710.277	4889.670	4460.226	1.136	1.141	1.105
691	4389.724	3666.430	4638.226	4480.993	1.141	1.146	1.118
692	4373.203	3953.879	4809.673	4396.458	1.120	1.124	1.114
693	4475.552	3885.857	5095.697	4507.237	1.148	1.153	1.140
694	4395.880	3730.869	4958.350	4335.238	1.104	1.109	1.120
695	4365.440	3748.034	5023.688	4372.935	1.114	1.118	1.112
696	4385.778	3468.957	5074.679	4372.504	1.114	1.118	1.117
697	4401.904	3543.196	4741.276	4581.375	1.167	1.172	1.121
698	4384.977	3775.012	4732.455	4467.190	1.138	1.143	1.117
699	4402.830	3911.549	4622.822	4486.843	1.143	1.148	1.121
700	4421.762	3848.265	4772.236	4545.523	1.158	1.163	1.126
701	4366.487	3911.135	4741.785	4379.869	1.115	1.120	1.112
702	4488.808	3697.416	5243.342	4581.543	1.167	1.172	1.143
703	4417.031	3691.085	4904.404	4432.078	1.129	1.134	1.125
704	4500.919	3818.724	4905.566	4589.310	1.169	1.174	1.146
705	4605.512	3829.713	5214.523	4648.347	1.184	1.189	1.173
706	4356.936	3639.106	4653.003	4548.738	1.158	1.163	1.110
707	4431.529	3597.644	4774.621	4663.130	1.188	1.193	1.129
708	4515.241	3735.639	5029.955	4631.705	1.180	1.185	1.150
709	4441.777	3677.582	4790.512	4577.642	1.166	1.171	1.131
710	4380.947	3774.778	4878.061	4449.871	1.133	1.138	1.116
711	4447.424	3689.970	5169.656	4547.728	1.158	1.163	1.133
712	4517.019	3693.978	4878.643	4696.005	1.196	1.201	1.150
713	4600.098	3890.016	4903.892	4726.285	1.204	1.209	1.172
714	4602.409	3956.302	5296.308	4602.916	1.172	1.177	1.172
715	4561.008	3945.579	5164.995	4646.600	1.183	1.188	1.162
716	4570.351	3913.300	4978.404	4704.380	1.198	1.203	1.164
717	4538.015	3841.422	4892.666	4638.476	1.181	1.186	1.156
718	4723.471	3824.806	5136.250	4847.127	1.234	1.240	1.203
719	4579.671	3946.381	4936.369	4656.478	1.186	1.191	1.166
720	4542.490	4123.367	4892.957	4553.237	1.160	1.165	1.157
721	4635.513	3796.498	5091.224	4829.020	1.230	1.235	1.181
722	4599.599	3767.824	4896.254	4739.971	1.207	1.212	1.171
723	4623.715	3885.936	5046.479	4749.932	1.210	1.215	1.178
724	4542.208	3954.523	4868.507	4629.822	1.179	1.184	1.157
725	4560.303	4100.344	4857.084	4610.600	1.174	1.179	1.161
726	4504.543	4096.342	4779.172	4491.568	1.144	1.149	1.147
727	4722.314	4224.454	5303.762	4679.366	1.192	1.197	1.203
728	4601.785	4157.349	4889.943	4635.233	1.181	1.185	1.172
729	4571.117	4281.989	4820.505	4567.822	1.163	1.168	1.164
730	4449.822	4252.971	4877.206	4316.646	1.099	1.104	1.133
731	4433.637	4216.876	4565.714	4431.560	1.129	1.133	1.129
732	4498.692	4203.675	4717.685	4545.284	1.158	1.162	1.146
733	4419.631	4087.794	4671.946	4360.749	1.111	1.115	1.126
734	4333.844	3928.063	4671.346	4289.437	1.092	1.097	1.104
735	4300.220	4040.395	4621.436	4307.588	1.097	1.102	1.095
736	4333.861	4082.106	4644.756	4327.514	1.102	1.107	1.104
737	4253.475	3871.528	4539.224	4293.245	1.093	1.098	1.083
738	4301.964	3742.929	4729.925	4260.497	1.085	1.090	1.096
739	4244.601	3705.493	4689.460	4233.073	1.078	1.083	1.081
740	4163.530	3838.013	4544.962	4181.632	1.065	1.069	1.060
741	4200.590	3852.522	4373.242	4235.526	1.079	1.083	1.070
742	4352.014	3805.660	4718.546	4374.986	1.114	1.119	1.108
743	4374.683	3696.604	4663.673	4460.248	1.136	1.141	1.114
744	4391.431	3713.336	4775.120	4438.965	1.131	1.135	1.118
745	4298.059	3835.933	4658.342	4332.253	1.103	1.108	1.095
746	4320.793	3877.753	4644.177	4379.342	1.115	1.120	1.100
747	4215.972	3710.252	4483.483	4253.104	1.083	1.088	1.074
748	4217.517	3549.877	4467.691	4275.727	1.089	1.094	1.074
749	4224.230	3831.264	4492.067	4295.109	1.094	1.098	1.076
750	4297.570	3772.039	4777.929	4268.771	1.087	1.092	1.095
751	4268.710	3874.594	4920.129	4282.618	1.091	1.095	1.087
752	4327.911	3874.270	4657.093	4413.288	1.124	1.129	1.102
753	4319.072	3908.497	4546.975	4372.257	1.114	1.118	1.100
754	4228.567	3786.335	4504.879	4287.789	1.092	1.097	1.077
755	4250.744	3767.312	4813.336	4260.895	1.085	1.090	1.083
756	4238.611	3698.396	4805.762	4203.524	1.071	1.075	1.080
757	4362.972	3662.079	5021.320	4351.667	1.108	1.113	1.111
758	4257.026	3593.150	4790.116	4387.011	1.117	1.122	1.084
759	4290.101	3811.621	4778.816	4265.773	1.086	1.091	1.093
760	4322.584	3497.930	4761.089	4535.733	1.155	1.160	1.101
761	4237.118	3554.837	4777.413	4302.277	1.096	1.100	1.079
762	4292.949	3610.508	4815.030	4300.019	1.095	1.100	1.093
763	4227.277	3491.727	4716.954	4294.262	1.094	1.098	1.077
764	4331.733	3605.328	4793.007	4499.711	1.146	1.151	1.103
765	4202.474	3562.959	4651.151	4289.415	1.092	1.097	1.070
766	4269.968	3767.632	4604.390	4321.993	1.101	1.105	1.087
767	4292.692	3904.575	4644.021	4331.560	1.103	1.108	1.093
768	4345.004	3926.282	4815.208	4323.791	1.101	1.106	1.107
769	4330.221	3836.442	4945.815	4393.262	1.119	1.124	1.103
770	4326.459	3816.217	4731.936	4410.755	1.123	1.128	1.102
771	4269.383	3750.087	4565.186	4306.024	1.097	1.101	1.087
772	4248.065	3806.478	4572.837	4323.945	1.101	1.106	1.082
773	4412.243	3817.833	4932.828	4468.075	1.138	1.143	1.124
774	4536.946	3775.557	4893.440	4685.068	1.193	1.198	1.155
775	4519.973	4021.000	4857.795	4661.045	1.187	1.192	1.151
776	4417.746	3902.969	4824.334	4513.973	1.150	1.154	1.125
777	4380.251	3752.099	5145.266	4412.089	1.124	1.128	1.116
778	4231.513	3624.760	4645.954	4305.675	1.097	1.101	1.078
779	4325.800	3787.217	4711.363	4450.453	1.133	1.138	1.102
780	4468.429	3757.953	5053.827	4634.525	1.180	1.185	1.138
781	4427.302	3719.598	4759.886	4537.194	1.156	1.160	1.128
782	4352.539	3609.009	4939.457	4437.301	1.130	1.135	1.109
783	4379.452	3675.395	4831.895	4481.146	1.141	1.146	1.115
784	4294.802	3816.083	4681.659	4372.957	1.114	1.118	1.094
785	4422.639	3898.886	4829.195	4463.395	1.137	1.142	1.126
786	4368.731	3670.523	4667.407	4482.399	1.142	1.146	1.113
787	4340.806	3839.526	4681.960	4370.678	1.113	1.118	1.106
788	4337.952	3859.220	4675.060	4380.593	1.116	1.120	1.105
789	4150.622	3816.465	4375.521	4180.396	1.065	1.069	1.057
790	4258.418	3997.628	4667.064	4234.478	1.078	1.083	1.085
791	4229.773	3849.279	4497.710	4233.006	1.078	1.083	1.077
792	4287.624	3974.038	4438.309	4315.538	1.099	1.104	1.092
793	4427.554	3965.359	4820.955	4408.561	1.123	1.128	1.128
794	4214.550	3912.739	4643.071	4230.558	1.077	1.082	1.073
795	4370.315	4089.210	4695.971	4395.572	1.119	1.124	1.113
796	4422.694	4248.291	4762.863	4409.613	1.123	1.128	1.126
797	4328.903	4077.871	4719.073	4278.329	1.090	1.094	1.103
798	4236.457	4003.874	4577.515	4191.455	1.068	1.072	1.079
799	4429.262	4126.717	4750.513	4367.853	1.112	1.117	1.128
800	4479.990	4107.708	4970.431	4437.017	1.130	1.135	1.141
801	4368.286	4215.081	4586.400	4319.207	1.100	1.105	1.113
802	4381.585	4118.354	4652.016	4342.757	1.106	1.111	1.116
803	4264.219	4119.542	4494.592	4269.072	1.087	1.092	1.086
804	4437.560	4243.455	4732.126	4451.135	1.134	1.138	1.130
805	4390.475	3957.725	4813.525	4404.098	1.122	1.126	1.118
806	4347.408	4273.850	4468.041	4329.978	1.103	1.107	1.107
807	4230.262	4007.353	4589.505	4202.508	1.070	1.075	1.077
808	4263.897	3678.684	4517.271	4330.494	1.103	1.108	1.086
809	4245.690	3900.534	4495.516	4253.760	1.083	1.088	1.081
810	4276.291	3956.354	4444.763	4279.337	1.090	1.094	1.089
811	4169.383	3922.432	4391.200	4213.062	1.073	1.078	1.062
812	4217.841	4080.946	4418.103	4177.700	1.064	1.068	1.074
813	4205.321	4039.876	4341.479	4193.453	1.068	1.072	1.071
814	4201.975	3885.016	4460.729	4209.104	1.072	1.076	1.070
815	4263.056	4009.490	4490.973	4275.028	1.089	1.093	1.086
816	4320.903	4067.520	4728.199	4341.349	1.106	1.110	1.100
817	4228.901	3981.191	4495.475	4203.292	1.071	1.075	1.077
818	4200.417	3852.210	4598.625	4169.902	1.062	1.066	1.070
819	4194.548	3930.006	4470.063	4235.493	1.079	1.083	1.068
820	4254.829	4003.993	4490.978	4291.556	1.093	1.098	1.084
821	4176.204	3881.901	4315.124	4230.925	1.078	1.082	1.064
822	4116.219	3956.996	4252.746	4163.606	1.060	1.065	1.048
823	4143.731	3926.606	4431.228	4133.482	1.053	1.057	1.055
824	4099.986	3832.418	4406.519	4143.605	1.055	1.060	1.044
825	4223.497	4013.641	4552.378	4174.481	1.063	1.068	1.076
826	4172.360	3948.457	4303.578	4200.525	1.070	1.074	1.063
827	4137.870	3912.313	4270.244	4193.346	1.068	1.072	1.054
828	4209.720	3894.867	4772.275	4139.876	1.054	1.059	1.072
829	4179.058	3928.613	4650.989	4099.716	1.044	1.049	1.064
830	4142.121	3805.950	4488.375	4142.894	1.055	1.060	1.055
831	4261.632	3975.421	4489.861	4320.499	1.100	1.105	1.085
832	4319.186	3909.510	4862.485	4270.372	1.088	1.092	1.100
833	4382.285	3908.776	4723.380	4347.683	1.107	1.112	1.116
834	4358.611	3784.673	5061.756	4308.454	1.097	1.102	1.110
835	4379.422	3891.643	4866.721	4438.740	1.130	1.135	1.115
836	4380.400	4047.763	4790.904	4356.490	1.110	1.114	1.116
837	4518.917	4152.005	5022.399	4484.581	1.142	1.147	1.151
838	4583.981	4013.586	5180.412	4576.619	1.166	1.170	1.167
839	4424.425	4154.040	4741.876	4456.154	1.135	1.140	1.127
840	4384.594	4056.855	4632.373	4402.122	1.121	1.126	1.117
841	4313.201	4108.477	4617.369	4299.087	1.095	1.100	1.099
842	4301.089	4146.654	4560.103	4269.551	1.087	1.092	1.095
843	4250.904	4026.436	4451.374	4272.107	1.088	1.093	1.083
844	4230.087	3809.583	4671.327	4264.354	1.086	1.091	1.077
845	4252.796	4095.091	4459.312	4246.029	1.081	1.086	1.083
846	4312.091	4121.995	4610.148	4254.349	1.084	1.088	1.098
847	4420.862	4097.319	4626.387	4445.580	1.132	1.137	1.126
848	4399.283	4202.793	4806.274	4363.458	1.111	1.116	1.120
849	4282.170	4020.987	4422.378	4325.945	1.102	1.106	1.091
850	4263.261	4116.763	4512.132	4221.498	1.075	1.080	1.086
851	4313.285	4118.981	4511.915	4280.482	1.090	1.095	1.099
852	4348.181	3861.727	4637.939	4324.229	1.101	1.106	1.107
853	4298.948	3928.298	4739.343	4282.541	1.091	1.095	1.095
854	4360.790	3960.941	4809.165	4271.423	1.088	1.092	1.111
855	4247.387	3933.745	4446.748	4270.364	1.088	1.092	1.082
856	4306.790	4060.959	4693.630	4299.171	1.095	1.100	1.097
857	4320.075	4197.104	4592.432	4289.506	1.092	1.097	1.100
858	4352.290	4097.453	4645.687	4320.443	1.100	1.105	1.108
859	4256.459	3867.345	4602.241	4251.250	1.083	1.087	1.084
860	4381.052	3976.577	4724.929	4417.771	1.125	1.130	1.116
861	4360.614	3908.363	4696.277	4337.711	1.105	1.109	1.111
862	4323.160	3930.671	4594.043	4377.490	1.115	1.120	1.101
863	4320.890	3920.637	4575.580	4313.392	1.099	1.103	1.100
864	4225.525	3657.843	4534.290	4286.982	1.092	1.096	1.076
865	4175.274	3697.455	4547.278	4235.175	1.079	1.083	1.063
866	4079.441	3724.083	4357.004	4135.348	1.053	1.058	1.039
867	4160.402	3797.732	4369.967	4168.552	1.062	1.066	1.060
868	4054.796	3776.048	4302.480	4095.745	1.043	1.048	1.033
869	4017.010	3671.264	4330.438	4146.406	1.056	1.060	1.023
870	3994.522	3530.353	4255.053	4070.227	1.037	1.041	1.017
871	4003.459	3649.269	4237.588	4068.951	1.036	1.041	1.020
872	4138.056	3791.874	4405.792	4222.166	1.075	1.080	1.054
873	4073.496	3702.657	4231.954	4152.402	1.058	1.062	1.037
874	4053.320	3779.477	4331.812	4049.155	1.031	1.036	1.032
875	3956.646	3643.781	4139.902	4024.287	1.025	1.029	1.008
876	3966.525	3593.708	4346.919	3980.793	1.014	1.018	1.010
877	3975.631	3853.934	4151.967	3981.211	1.014	1.018	1.013
878	3954.477	3835.391	4096.768	3956.932	1.008	1.012	1.007
879	4160.400	3982.687	4276.414	4177.142	1.064	1.068	1.060
880	4038.772	3834.677	4269.451	4041.017	1.029	1.034	1.029
881	4024.066	3765.537	4290.687	4024.006	1.025	1.029	1.025
882	4060.111	3857.245	4231.031	4089.601	1.042	1.046	1.034
883	4076.925	3912.086	4333.268	4035.768	1.028	1.032	1.038
884	3944.832	3720.258	4196.073	3930.211	1.001	1.005	1.005
885	4077.938	3828.688	4356.016	4080.302	1.039	1.044	1.039
886	4125.842	3933.357	4347.907	4125.620	1.051	1.055	1.051
887	4057.809	3833.386	4275.160	4079.772	1.039	1.043	1.033
888	4243.459	4124.354	4414.071	4239.049	1.080	1.084	1.081
889	4075.226	3873.446	4194.570	4096.933	1.043	1.048	1.038
890	4139.996	3955.232	4516.306	4101.764	1.045	1.049	1.054
891	4163.661	3851.622	4445.549	4235.955	1.079	1.083	1.060
892	4160.802	3784.729	4499.451	4156.019	1.058	1.063	1.060
893	4021.667	3725.901	4283.026	4067.588	1.036	1.040	1.024
894	4026.308	3793.070	4233.657	4063.829	1.035	1.039	1.025
895	4105.427	3713.809	4263.364	4142.238	1.055	1.059	1.046
896	4146.971	3808.059	4407.341	4219.575	1.075	1.079	1.056
897	4122.316	3694.813	4624.153	4158.926	1.059	1.064	1.050
898	4121.493	3909.347	4456.650	4050.201	1.032	1.036	1.050
899	4135.930	3907.550	4642.785	4076.956	1.038	1.043	1.053
900	4108.256	3800.957	4596.942	4077.531	1.038	1.043	1.046
901	4058.982	3651.771	4386.208	4112.459	1.047	1.052	1.034
902	4038.672	3592.592	4283.280	4057.450	1.033	1.038	1.029
903	4108.194	3626.953	4676.794	4101.758	1.045	1.049	1.046
904	4035.965	3654.257	4367.173	4054.805	1.033	1.037	1.028
905	3924.968	3603.025	4409.253	3854.233	0.982	0.986	1.000
906	4033.564	3718.043	4299.405	4101.457	1.045	1.049	1.027
907	4056.445	3734.276	4336.316	4039.709	1.029	1.033	1.033
908	4089.504	3695.365	4380.721	4129.527	1.052	1.056	1.042
909	4085.793	3726.879	4412.787	4068.707	1.036	1.041	1.041
910	4054.676	3926.396	4348.233	4000.155	1.019	1.023	1.033
911	4031.551	3919.428	4186.790	4042.678	1.030	1.034	1.027
912	3978.709	3685.648	4242.352	3980.413	1.014	1.018	1.013
913	4167.784	3966.317	4326.614	4168.906	1.062	1.066	1.061
914	4130.160	3928.477	4269.296	4154.066	1.058	1.062	1.052
915	4054.491	3884.379	4318.694	4031.347	1.027	1.031	1.033
916	4022.747	3772.017	4235.879	4011.323	1.022	1.026	1.025
917	3904.587	3693.319	4332.045	3881.937	0.989	0.993	0.994
918	3927.090	3599.160	4205.892	3972.320	1.012	1.016	1.000
919	3890.460	3714.880	4030.272	3894.098	0.992	0.996	0.991
920	4041.089	3792.351	4219.417	4076.814	1.038	1.043	1.029
921	3977.136	3798.142	4253.285	3938.685	1.003	1.007	1.013
922	3888.744	3661.349	4054.422	3875.871	0.987	0.991	0.990
923	3892.941	3737.016	4146.576	3868.341	0.985	0.989	0.991
924	3863.249	3707.632	3965.917	3861.681	0.984	0.988	0.984
925	3841.952	3629.526	4009.703	3826.456	0.975	0.979	0.978
926	3740.355	3556.886	3913.909	3740.816	0.953	0.957	0.953
927	3760.566	3577.990	3907.758	3782.281	0.963	0.967	0.958
928	3772.020	3686.544	4050.870	3739.045	0.952	0.956	0.961
929	3770.472	3634.919	3870.902	3767.346	0.959	0.964	0.960
930	3814.231	3655.356	3995.808	3758.903	0.957	0.961	0.971
931	3862.446	3544.292	4080.196	3857.345	0.982	0.987	0.984
932	3793.912	3685.099	3886.311	3812.922	0.971	0.975	0.966
933	3688.608	3587.934	3919.914	3647.875	0.929	0.933	0.939
934	3743.298	3601.812	3888.568	3738.124	0.952	0.956	0.953
935	3761.810	3677.433	3915.314	3718.888	0.947	0.951	0.958
936	3735.042	3485.269	3847.258	3755.828	0.957	0.961	0.951
937	3753.839	3579.919	3945.302	3725.344	0.949	0.953	0.956
938	3782.643	3561.875	3938.290	3816.536	0.972	0.976	0.963
939	3684.861	3559.724	3786.566	3670.396	0.935	0.939	0.938
940	3757.378	3520.037	3990.512	3803.881	0.969	0.973	0.957
941	3787.468	3632.293	3928.304	3783.617	0.964	0.968	0.965
942	3925.680	3613.302	4201.512	3913.730	0.997	1.001	1.000
943	3802.045	3604.735	3940.509	3828.391	0.975	0.979	0.968
944	3773.481	3596.621	3879.290	3801.384	0.968	0.972	0.961
945	3792.038	3626.035	4067.302	3750.267	0.955	0.959	0.966
946	3827.756	3702.040	4011.240	3813.779	0.971	0.975	0.975
947	3749.125	3440.855	3927.040	3756.317	0.957	0.961	0.955
948	3769.801	3597.052	4095.782	3754.198	0.956	0.960	0.960
949	3826.878	3687.893	3939.707	3856.819	0.982	0.986	0.975
950	3829.952	3703.638	4103.217	3806.560	0.969	0.974	0.975
951	3957.987	3792.254	4143.597	3948.190	1.006	1.010	1.008
952	3945.842	3597.002	4208.327	3902.939	0.994	0.998	1.005
953	3788.991	3612.297	3901.870	3802.641	0.968	0.973	0.965
954	3815.876	3634.781	3978.464	3797.521	0.967	0.971	0.972
955	3787.716	3656.699	3973.287	3788.190	0.965	0.969	0.965
956	3886.946	3676.333	3991.526	3891.392	0.991	0.995	0.990
957	3894.068	3789.018	3981.990	3917.748	0.998	1.002	0.992
958	3813.255	3561.405	3957.547	3837.159	0.977	0.981	0.971
959	3824.361	3659.391	3959.568	3849.584	0.980	0.985	0.974
960	3829.842	3592.400	4001.033	3828.380	0.975	0.979	0.975
961	3828.735	3628.563	4083.309	3770.161	0.960	0.964	0.975
962	3738.738	3585.547	3929.547	3740.200	0.953	0.957	0.952
963	3826.844	3706.451	3994.169	3810.129	0.970	0.974	0.975
964	3777.494	3685.613	3958.001	3752.815	0.956	0.960	0.962
965	3736.067	3649.172	3888.517	3713.220	0.946	0.950	0.952
966	3758.972	3582.519	3989.856	3750.206	0.955	0.959	0.957
967	3762.504	3528.711	3990.116	3768.294	0.960	0.964	0.958
968	3731.865	3617.433	3859.096	3714.233	0.946	0.950	0.950
969	3758.613	3537.844	4012.245	3751.257	0.955	0.959	0.957
970	3821.093	3600.580	4106.570	3836.694	0.977	0.981	0.973
971	3828.756	3657.516	3966.982	3845.934	0.980	0.984	0.975
972	3785.684	3653.185	4026.427	3777.023	0.962	0.966	0.964
973	3766.537	3624.192	3897.204	3777.513	0.962	0.966	0.959
974	3728.686	3587.911	3915.777	3736.212	0.952	0.956	0.950
975	3822.908	3668.885	4050.122	3780.107	0.963	0.967	0.974
976	3795.528	3585.564	3955.615	3795.938	0.967	0.971	0.967
977	3814.110	3654.139	4071.912	3780.533	0.963	0.967	0.971
978	3739.862	3651.506	3875.450	3734.479	0.951	0.955	0.952
979	3818.793	3677.795	3971.889	3791.796	0.966	0.970	0.973
980	3916.440	3689.543	4047.399	3963.415	1.009	1.014	0.997
981	3926.663	3833.433	4130.937	3923.127	0.999	1.003	1.000
982	3757.236	3590.978	3904.926	3741.927	0.953	0.957	0.957
983	3837.015	3633.070	4042.969	3826.131	0.974	0.979	0.977
984	3832.241	3561.342	4068.102	3830.469	0.976	0.980	0.976
985	3851.026	3720.471	4074.363	3845.917	0.979	0.984	0.981
986	3856.872	3678.325	4051.270	3861.733	0.984	0.988	0.982
987	3898.945	3722.270	3999.498	3910.513	0.996	1.000	0.993
988	3934.674	3819.391	4119.181	3898.859	0.993	0.997	1.002
989	3937.445	3643.667	4221.594	3946.043	1.005	1.009	1.003
990	3964.437	3766.412	4202.525	3972.558	1.012	1.016	1.010
991	3921.797	3710.295	4164.205	3891.547	0.991	0.995	0.999
992	3972.372	3756.419	4267.315	3945.144	1.005	1.009	1.012
993	4068.626	3874.165	4307.685	4012.051	1.022	1.026	1.036
994	3964.192	3844.304	4051.378	3984.368	1.015	1.019	1.010
995	3890.882	3655.514	4085.099	3904.258	0.994	0.999	0.991
996	3955.225	3770.146	4073.860	3959.869	1.009	1.013	1.007
997	4059.283	3879.036	4248.133	4036.605	1.028	1.032	1.034
998	3931.963	3729.578	4152.695	3925.826	1.000	1.004	1.001
999	3983.568	3702.943	4241.830	3965.696	1.010	1.014	1.015
1000	4075.443	3873.686	4253.128	4086.481	1.041	1.045	1.038
1001	4080.093	3879.609	4273.309	4066.444	1.036	1.040	1.039
1002	3978.587	3900.381	4042.869	3982.530	1.014	1.019	1.013
1003	3939.322	3784.903	4100.827	3937.069	1.003	1.007	1.003
1004	4041.085	3891.944	4153.314	4082.540	1.040	1.044	1.029
1005	4009.807	3765.521	4225.338	4037.985	1.028	1.033	1.021
1006	4064.488	3867.401	4247.033	4078.919	1.039	1.043	1.035
1007	3946.941	3768.592	4163.261	3936.947	1.003	1.007	1.005
1008	3923.669	3736.144	4137.254	3897.945	0.993	0.997	0.999
1009	3916.896	3623.731	4032.677	3961.788	1.009	1.013	0.998
1010	3889.717	3721.519	4078.218	3881.155	0.988	0.993	0.991
1011	3990.002	3832.352	4161.624	3984.173	1.015	1.019	1.016
1012	4031.860	3872.096	4271.022	4012.364	1.022	1.026	1.027
1013	4025.540	3886.757	4116.896	4033.503	1.027	1.032	1.025
1014	4047.666	3850.114	4241.893	4024.719	1.025	1.029	1.031
1015	3919.419	3738.503	4022.720	3914.104	0.997	1.001	0.998
1016	4021.940	3864.561	4405.667	3967.299	1.010	1.015	1.024
1017	4031.329	3873.613	4204.957	4049.035	1.031	1.036	1.027
1018	4070.125	3877.436	4295.294	4060.234	1.034	1.038	1.037
1019	3967.463	3855.270	4141.995	3959.180	1.008	1.013	1.010
1020	3943.532	3700.195	4288.175	3937.911	1.003	1.007	1.004
1021	3935.736	3681.425	4083.712	3958.142	1.008	1.012	1.002
1022	3952.975	3686.135	4261.786	3907.221	0.995	0.999	1.007
1023	4091.920	3774.230	4497.705	4088.695	1.041	1.046	1.042
1024	4060.078	3936.474	4350.408	4049.605	1.031	1.036	1.034
1025	4112.278	3760.801	4364.399	4122.159	1.050	1.054	1.047
1026	3958.093	3654.004	4348.300	3899.792	0.993	0.997	1.008
1027	3980.298	3793.056	4085.021	4010.001	1.021	1.026	1.014
1028	4063.843	3766.006	4349.009	4102.001	1.045	1.049	1.035
1029	3945.881	3739.656	4256.101	3876.730	0.987	0.991	1.005
1030	3946.986	3768.679	4126.340	4000.623	1.019	1.023	1.005
1031	3953.652	3755.557	4055.224	3984.873	1.015	1.019	1.007
1032	3908.180	3691.271	4216.787	3926.955	1.000	1.004	0.995
1033	3863.220	3643.413	4122.977	3863.290	0.984	0.988	0.984
1034	3797.848	3680.252	3942.042	3796.984	0.967	0.971	0.967
1035	3895.562	3671.977	4101.438	3911.531	0.996	1.000	0.992
1036	3988.834	3740.721	4406.832	3970.316	1.011	1.015	1.016
1037	3959.370	3755.417	4097.516	3965.969	1.010	1.014	1.008
1038	3982.783	3827.390	4149.299	3939.256	1.003	1.007	1.014
1039	3881.719	3721.061	4095.368	3872.053	0.986	0.990	0.989
1040	3910.787	3606.893	4113.493	3949.219	1.006	1.010	0.996
1041	3948.006	3741.198	4087.174	3951.253	1.006	1.011	1.005
1042	3916.568	3735.240	4197.242	3904.533	0.994	0.999	0.997
1043	4014.217	3681.179	4200.173	4006.512	1.020	1.025	1.022
1044	3972.674	3766.596	4146.123	4008.780	1.021	1.025	1.012
1045	3999.638	3723.610	4187.082	4005.966	1.020	1.025	1.019
1046	3939.447	3629.795	4474.141	3901.259	0.994	0.998	1.003
1047	3929.677	3553.792	4289.067	3857.686	0.982	0.987	1.001
1048	3960.197	3728.032	4133.400	3967.055	1.010	1.015	1.009
1049	3903.995	3772.305	4089.476	3906.911	0.995	0.999	0.994
1050	3938.649	3721.607	4191.071	3938.143	1.003	1.007	1.003
1051	3871.136	3718.281	4096.428	3876.523	0.987	0.991	0.986
1052	3927.858	3745.633	4152.312	3904.399	0.994	0.999	1.000
1053	3914.564	3761.202	4239.688	3854.129	0.982	0.986	0.997
1054	3899.115	3670.116	4196.266	3922.343	0.999	1.003	0.993
1055	3954.332	3627.267	4231.622	3938.814	1.003	1.007	1.007
1056	3947.255	3687.012	4244.914	3941.264	1.004	1.008	1.005
1057	3892.617	3635.609	4219.012	3866.365	0.985	0.989	0.991
1058	3888.037	3727.442	4100.949	3888.347	0.990	0.994	0.990
1059	3903.381	3671.142	4108.597	3897.828	0.993	0.997	0.994
1060	3877.207	3597.109	4064.821	3882.551	0.989	0.993	0.987
1061	3755.918	3426.868	3931.015	3821.950	0.973	0.977	0.957
1062	3806.579	3533.286	4018.960	3808.156	0.970	0.974	0.969
1063	3800.111	3626.663	4009.513	3817.800	0.972	0.976	0.968
1064	3814.325	3682.128	4013.496	3830.102	0.975	0.980	0.971
1065	3785.358	3510.578	3911.031	3817.329	0.972	0.976	0.964
1066	3847.778	3686.577	4045.371	3847.720	0.980	0.984	0.980
1067	3817.924	3624.919	4172.442	3760.662	0.958	0.962	0.972
1068	3877.362	3627.194	4110.564	3925.666	1.000	1.004	0.988
1069	3798.939	3478.000	4137.346	3810.194	0.970	0.974	0.968
1070	3834.666	3631.877	4304.240	3760.560	0.958	0.962	0.977
1071	3820.100	3650.742	4040.557	3792.307	0.966	0.970	0.973
1072	3850.958	3547.510	4103.003	3895.984	0.992	0.996	0.981
1073	3854.298	3551.376	4303.962	3847.637	0.980	0.984	0.982
1074	3827.436	3556.454	4088.871	3828.362	0.975	0.979	0.975
1075	3790.801	3457.993	4036.879	3773.611	0.961	0.965	0.965
1076	3904.322	3544.657	4169.787	3853.484	0.981	0.986	0.994
1077	3994.570	3666.368	4608.678	3887.412	0.990	0.994	1.017
1078	3907.546	3619.948	4263.152	3884.304	0.989	0.993	0.995
1079	3833.634	3604.238	4073.393	3836.221	0.977	0.981	0.976
1080	3905.954	3542.166	4267.470	3923.136	0.999	1.003	0.995
1081	3824.612	3535.456	4118.061	3868.190	0.985	0.989	0.974
1082	3803.374	3470.740	3942.962	3819.865	0.973	0.977	0.969
1083	3853.747	3576.560	4025.008	3891.864	0.991	0.995	0.981
1084	3902.703	3674.968	4175.842	3932.296	1.001	1.006	0.994
1085	3782.624	3665.275	3895.927	3796.729	0.967	0.971	0.963
1086	3972.201	3784.240	4153.538	3992.743	1.017	1.021	1.012
1087	4011.985	3802.238	4274.790	4002.560	1.019	1.024	1.022
1088	3955.169	3780.570	4321.068	3927.130	1.000	1.004	1.007
1089	3848.609	3730.977	4009.979	3824.864	0.974	0.978	0.980
1090	3861.009	3677.060	4216.209	3813.807	0.971	0.975	0.983
1091	3843.275	3557.508	4087.384	3850.578	0.981	0.985	0.979
1092	3839.793	3712.124	4004.649	3813.943	0.971	0.975	0.978
1093	3872.085	3785.002	4008.587	3844.117	0.979	0.983	0.986
1094	3844.423	3696.966	4042.178	3810.806	0.971	0.975	0.979
1095	3816.032	3611.225	3934.796	3852.285	0.981	0.985	0.972
1096	3881.483	3625.439	4061.217	3924.323	0.999	1.004	0.989
1097	3818.463	3659.566	4101.198	3801.351	0.968	0.972	0.973
1098	3902.586	3625.105	4042.999	3946.276	1.005	1.009	0.994
1099	3839.651	3542.130	4033.401	3856.836	0.982	0.986	0.978
1100	3895.863	3713.620	4074.271	3907.588	0.995	0.999	0.992
1101	3857.505	3674.697	4140.643	3833.614	0.976	0.980	0.982
1102	3861.673	3612.122	4056.523	3841.118	0.978	0.982	0.984
1103	3824.824	3644.546	4016.143	3793.368	0.966	0.970	0.974
1104	3794.432	3591.185	3927.222	3805.772	0.969	0.973	0.966
1105	3778.204	3520.524	3934.288	3796.375	0.967	0.971	0.962
1106	3832.259	3752.064	3918.705	3830.514	0.976	0.980	0.976
1107	3797.059	3653.466	4011.760	3788.434	0.965	0.969	0.967
1108	3779.891	3545.633	3997.312	3814.856	0.972	0.976	0.963
1109	3945.226	3654.324	4063.262	3959.551	1.008	1.013	1.005
1110	3879.616	3717.993	4021.250	3893.031	0.991	0.996	0.988
1111	3832.591	3653.024	3946.598	3852.575	0.981	0.985	0.976
1112	3805.962	3607.990	3995.127	3781.753	0.963	0.967	0.969
1113	3851.545	3714.837	4085.303	3798.250	0.967	0.971	0.981
1114	3765.068	3636.254	3896.592	3761.466	0.958	0.962	0.959
1115	3773.306	3576.922	3885.521	3784.024	0.964	0.968	0.961
1116	3796.315	3598.003	4090.710	3785.599	0.964	0.968	0.967
1117	3816.284	3733.904	3939.301	3804.395	0.969	0.973	0.972
1118	3795.580	3640.839	3887.083	3818.601	0.973	0.977	0.967
1119	3772.509	3578.052	3969.951	3771.154	0.960	0.964	0.961
1120	3802.642	3649.283	4029.760	3770.140	0.960	0.964	0.968
1121	3715.180	3573.956	3904.021	3699.032	0.942	0.946	0.946
1122	3722.924	3548.787	3944.808	3695.923	0.941	0.945	0.948
1123	3717.978	3535.872	4028.417	3678.708	0.937	0.941	0.947
1124	3647.659	3437.601	3758.090	3663.755	0.933	0.937	0.929
1125	3704.571	3545.471	3888.332	3689.403	0.940	0.944	0.943
1126	3765.216	3584.649	3940.698	3763.016	0.958	0.962	0.959
1127	3869.549	3620.462	4110.793	3889.919	0.991	0.995	0.986
1128	3758.186	3564.849	3890.294	3776.947	0.962	0.966	0.957
1129	3695.536	3599.489	3758.245	3711.020	0.945	0.949	0.941
1130	3762.704	3335.982	3996.858	3799.696	0.968	0.972	0.958
1131	3893.122	3601.661	4235.905	3928.741	1.001	1.005	0.992
1132	3897.431	3759.761	4171.418	3843.247	0.979	0.983	0.993
1133	3837.491	3672.586	4062.706	3819.797	0.973	0.977	0.977
1134	3821.195	3434.499	4101.366	3803.750	0.969	0.973	0.973
1135	3737.258	3558.122	4007.562	3707.029	0.944	0.948	0.952
1136	3702.535	3594.844	3850.594	3689.169	0.940	0.944	0.943
1137	3725.142	3509.031	3862.183	3739.271	0.952	0.956	0.949
1138	3715.222	3526.465	3825.063	3740.875	0.953	0.957	0.946
1139	3679.251	3480.611	3782.213	3700.728	0.943	0.946	0.937
1140	3694.907	3546.252	3929.815	3683.550	0.938	0.942	0.941
1141	3779.304	3622.344	4038.637	3758.702	0.957	0.961	0.963
1142	3775.314	3635.626	3888.150	3762.383	0.958	0.962	0.962
1143	3860.237	3683.860	3962.481	3888.874	0.990	0.995	0.983
1144	3847.786	3669.045	4015.629	3827.544	0.975	0.979	0.980
1145	3960.252	3708.678	4392.401	3901.655	0.994	0.998	1.009
1146	3875.525	3450.238	4210.438	3871.162	0.986	0.990	0.987
1147	3869.366	3538.785	4093.771	3898.871	0.993	0.997	0.985
1148	3873.364	3614.493	4181.397	3834.757	0.977	0.981	0.986
1149	3898.165	3678.951	4171.729	3896.136	0.992	0.996	0.993
1150	3810.007	3505.417	3944.205	3848.938	0.980	0.984	0.970
1151	3781.838	3612.503	3929.722	3785.211	0.964	0.968	0.963
1152	3850.984	3680.498	4116.320	3805.278	0.969	0.973	0.981
1153	3803.087	3591.126	4256.590	3746.877	0.954	0.958	0.969
1154	3779.067	3619.116	3995.143	3780.285	0.963	0.967	0.962
1155	3772.847	3533.192	3985.314	3765.939	0.959	0.963	0.961
1156	3797.845	3672.240	3998.520	3787.377	0.965	0.969	0.967
1157	3782.823	3536.251	4201.373	3778.917	0.962	0.966	0.963
1158	3848.599	3591.013	4044.901	3862.575	0.984	0.988	0.980
1159	4387.750	3999.314	4713.691	4409.277	1.123	1.128	1.117
1160	4387.750	3999.314	4713.691	4409.277	1.123	1.128	1.117
