 	Mean	Min	Max	Median	Max_to_bgmean	Median_to_bgmedian	Mean_to_bgmean
1	3440.256	3322.503	3618.985	3418.265	0.983	0.985	0.989
2	3466.760	3325.989	3645.847	3465.409	0.996	0.999	0.996
3	3471.242	3223.594	3675.460	3474.655	0.999	1.001	0.998
4	3499.983	3334.589	3849.635	3508.265	1.008	1.011	1.006
5	3439.297	3356.422	3554.173	3426.397	0.985	0.988	0.989
6	3437.693	3359.908	3604.734	3425.237	0.985	0.987	0.988
7	3453.194	3286.766	3686.119	3463.724	0.996	0.998	0.993
8	3449.466	3376.357	3535.924	3449.082	0.991	0.994	0.991
9	3454.854	3372.200	3603.537	3436.177	0.988	0.990	0.993
10	3466.033	3251.752	3573.672	3510.910	1.009	1.012	0.996
11	3480.550	3356.137	3610.992	3477.292	0.999	1.002	1.000
12	3385.376	3304.220	3476.340	3387.438	0.974	0.976	0.973
13	3346.270	3260.389	3441.083	3338.308	0.960	0.962	0.962
14	3456.496	3345.182	3744.405	3420.838	0.983	0.986	0.994
15	3421.758	3299.106	3555.165	3420.096	0.983	0.986	0.984
16	3405.604	3316.951	3479.291	3420.807	0.983	0.986	0.979
17	3450.993	3284.192	3562.556	3481.937	1.001	1.004	0.992
18	3458.750	3337.977	3592.586	3471.330	0.998	1.001	0.994
19	3453.799	3399.666	3561.973	3439.172	0.989	0.991	0.993
20	3397.531	3323.480	3459.364	3403.904	0.978	0.981	0.977
21	3437.751	3355.724	3562.496	3437.055	0.988	0.991	0.988
22	3464.779	3394.726	3701.035	3432.789	0.987	0.989	0.996
23	3407.869	3328.320	3498.727	3409.826	0.980	0.983	0.980
24	3428.787	3316.601	3517.350	3437.345	0.988	0.991	0.986
25	3473.167	3361.400	3554.812	3488.334	1.003	1.005	0.998
26	3454.794	3292.427	3645.032	3436.042	0.988	0.990	0.993
27	3467.621	3280.405	3645.754	3455.282	0.993	0.996	0.997
28	3443.365	3302.145	3582.896	3456.088	0.993	0.996	0.990
29	3486.302	3338.648	3694.462	3482.459	1.001	1.004	1.002
30	3413.469	3321.751	3487.997	3413.001	0.981	0.984	0.981
31	3425.691	3318.276	3570.280	3400.432	0.977	0.980	0.985
32	3435.202	3292.155	3588.520	3416.126	0.982	0.985	0.987
33	3442.833	3230.983	3543.648	3458.597	0.994	0.997	0.990
34	3437.080	3322.828	3575.458	3422.972	0.984	0.987	0.988
35	3473.585	3367.184	3621.788	3433.096	0.987	0.990	0.998
36	3463.532	3380.506	3583.121	3446.284	0.991	0.993	0.996
37	3431.808	3312.126	3548.718	3431.694	0.986	0.989	0.986
38	3440.025	3334.995	3636.073	3421.671	0.983	0.986	0.989
39	3392.607	3299.892	3465.149	3388.904	0.974	0.977	0.975
40	3372.586	3274.167	3509.040	3382.178	0.972	0.975	0.969
41	3379.402	3238.805	3488.021	3392.393	0.975	0.978	0.971
42	3383.639	3280.514	3611.712	3359.704	0.966	0.968	0.973
43	3376.287	3248.304	3507.242	3380.357	0.972	0.974	0.970
44	3407.798	3324.232	3503.708	3394.503	0.976	0.978	0.980
45	3463.439	3365.531	3608.365	3435.601	0.988	0.990	0.996
46	3483.777	3380.149	3555.582	3495.002	1.005	1.007	1.001
47	3419.381	3343.568	3511.465	3417.934	0.982	0.985	0.983
48	3444.015	3358.104	3535.258	3436.955	0.988	0.991	0.990
49	3450.691	3370.698	3546.675	3435.216	0.987	0.990	0.992
50	3444.204	3346.035	3517.414	3449.511	0.991	0.994	0.990
51	3409.831	3305.790	3549.375	3409.514	0.980	0.983	0.980
52	3442.997	3347.083	3621.451	3416.359	0.982	0.985	0.990
53	3445.627	3361.791	3530.292	3448.179	0.991	0.994	0.990
54	3380.051	3286.983	3483.490	3383.298	0.972	0.975	0.972
55	3367.476	3258.511	3505.126	3354.269	0.964	0.967	0.968
56	3392.868	3268.901	3525.873	3383.184	0.972	0.975	0.975
57	3421.826	3372.245	3523.388	3411.510	0.981	0.983	0.984
58	3421.472	3309.443	3576.401	3390.747	0.975	0.977	0.983
59	3455.175	3356.356	3554.420	3444.476	0.990	0.993	0.993
60	3426.141	3367.871	3515.326	3419.672	0.983	0.986	0.985
61	3459.581	3360.419	3575.429	3466.038	0.996	0.999	0.994
62	3433.057	3288.463	3542.008	3441.789	0.989	0.992	0.987
63	3422.286	3337.653	3490.795	3414.550	0.981	0.984	0.984
64	3509.460	3349.631	3615.150	3521.180	1.012	1.015	1.009
65	3468.645	3329.165	3641.134	3447.695	0.991	0.994	0.997
66	3494.100	3325.906	3597.040	3499.794	1.006	1.009	1.004
67	3478.264	3355.462	3696.718	3458.954	0.994	0.997	1.000
68	3467.879	3371.539	3566.339	3472.873	0.998	1.001	0.997
69	3479.958	3367.040	3656.349	3473.750	0.998	1.001	1.000
70	3530.246	3386.242	3626.484	3545.331	1.019	1.022	1.015
71	3463.012	3352.342	3567.002	3478.792	1.000	1.003	0.995
72	3397.356	3259.287	3486.027	3410.574	0.980	0.983	0.977
73	3474.407	3357.931	3629.642	3471.196	0.998	1.000	0.999
74	3461.395	3361.745	3557.702	3461.795	0.995	0.998	0.995
75	3457.152	3338.603	3597.805	3439.007	0.988	0.991	0.994
76	3521.519	3391.227	3762.292	3508.443	1.008	1.011	1.012
77	3514.271	3453.277	3581.883	3507.113	1.008	1.011	1.010
78	3479.947	3317.315	3602.462	3496.189	1.005	1.008	1.000
79	3497.118	3322.932	3610.338	3513.590	1.010	1.013	1.005
80	3514.893	3395.883	3639.089	3516.625	1.011	1.014	1.010
81	3501.099	3358.839	3619.246	3508.875	1.009	1.011	1.006
82	3475.269	3401.104	3632.646	3453.614	0.993	0.995	0.999
83	3495.337	3308.625	3610.302	3532.786	1.015	1.018	1.005
84	3483.898	3383.551	3634.398	3491.756	1.004	1.006	1.001
85	3460.616	3325.164	3645.361	3457.470	0.994	0.997	0.995
86	3522.766	3345.991	3743.547	3529.148	1.014	1.017	1.013
87	3596.953	3432.081	4104.179	3512.941	1.010	1.013	1.034
88	3541.524	3266.623	3867.499	3469.423	0.997	1.000	1.018
89	3515.844	3307.276	3709.830	3510.638	1.009	1.012	1.011
90	3472.089	3355.544	3572.274	3487.583	1.002	1.005	0.998
91	3535.749	3375.363	3774.169	3501.122	1.006	1.009	1.016
92	3547.117	3337.879	3853.158	3520.658	1.012	1.015	1.020
93	3536.530	3437.050	3767.054	3509.581	1.009	1.012	1.017
94	3558.115	3363.389	3734.812	3555.981	1.022	1.025	1.023
95	3566.875	3444.966	3705.595	3580.761	1.029	1.032	1.025
96	3552.078	3285.588	3720.301	3613.239	1.039	1.041	1.021
97	3589.463	3446.666	3778.457	3583.187	1.030	1.033	1.032
98	3580.227	3408.336	3754.688	3595.015	1.033	1.036	1.029
99	3532.445	3320.284	3685.894	3568.446	1.026	1.029	1.015
100	3623.098	3397.621	3906.694	3598.491	1.034	1.037	1.041
101	3578.928	3405.411	3741.036	3590.870	1.032	1.035	1.029
102	3557.178	3358.295	3741.971	3581.446	1.029	1.032	1.022
103	3498.325	3326.948	3636.244	3515.228	1.010	1.013	1.006
104	3530.794	3492.280	3589.671	3521.746	1.012	1.015	1.015
105	3587.387	3458.348	3775.265	3535.214	1.016	1.019	1.031
106	3649.559	3470.522	3822.404	3664.590	1.053	1.056	1.049
107	3575.315	3450.701	3831.571	3532.421	1.015	1.018	1.028
108	3574.901	3398.033	3693.481	3601.104	1.035	1.038	1.028
109	3702.048	3594.131	3791.523	3735.070	1.074	1.077	1.064
110	3662.877	3537.707	3774.610	3640.259	1.046	1.049	1.053
111	3661.264	3507.067	3902.455	3629.064	1.043	1.046	1.052
112	3580.542	3410.357	3770.232	3588.875	1.032	1.034	1.029
113	3521.133	3281.719	3696.969	3563.252	1.024	1.027	1.012
114	3572.434	3330.317	3868.424	3577.754	1.028	1.031	1.027
115	3616.708	3445.481	3957.258	3570.087	1.026	1.029	1.040
116	3587.381	3343.399	3684.241	3638.011	1.046	1.049	1.031
117	3537.821	3481.782	3643.476	3503.833	1.007	1.010	1.017
118	3582.985	3478.806	3714.428	3569.415	1.026	1.029	1.030
119	3589.803	3297.415	3797.759	3612.319	1.038	1.041	1.032
120	3641.216	3392.540	3752.313	3669.703	1.055	1.058	1.047
121	3658.880	3470.594	3800.781	3687.036	1.060	1.063	1.052
122	3592.274	3421.912	3778.565	3615.008	1.039	1.042	1.033
123	3611.474	3341.197	3849.070	3583.558	1.030	1.033	1.038
124	3614.144	3482.412	3769.421	3611.767	1.038	1.041	1.039
125	3580.956	3511.144	3701.883	3571.175	1.026	1.029	1.029
126	3607.122	3493.741	3813.275	3612.391	1.038	1.041	1.037
127	3606.273	3537.457	3665.125	3609.604	1.038	1.040	1.037
128	3556.088	3410.825	3670.672	3555.333	1.022	1.025	1.022
129	3541.636	3327.459	3687.335	3574.801	1.028	1.030	1.018
130	3558.012	3396.593	3679.695	3575.245	1.028	1.030	1.023
131	3473.874	3342.388	3641.391	3479.800	1.000	1.003	0.999
132	3458.814	3320.320	3624.396	3456.034	0.993	0.996	0.994
133	3504.792	3369.731	3723.537	3484.201	1.001	1.004	1.007
134	3481.578	3323.944	3639.360	3511.228	1.009	1.012	1.001
135	3542.545	3371.061	3695.173	3545.969	1.019	1.022	1.018
136	3536.070	3348.964	3653.354	3585.150	1.030	1.033	1.016
137	3499.307	3330.057	3766.616	3465.103	0.996	0.999	1.006
138	3484.903	3269.761	3657.902	3472.340	0.998	1.001	1.002
139	3548.445	3359.779	3759.631	3514.909	1.010	1.013	1.020
140	3627.407	3439.364	3815.068	3647.891	1.049	1.051	1.043
141	3585.079	3403.041	3890.042	3524.099	1.013	1.016	1.030
142	3523.691	3355.321	3700.220	3519.598	1.012	1.014	1.013
143	3530.323	3458.045	3644.041	3519.645	1.012	1.014	1.015
144	3539.293	3402.105	3690.722	3525.870	1.013	1.016	1.017
145	3544.000	3420.163	3695.486	3519.433	1.012	1.014	1.019
146	3516.181	3315.635	3746.496	3532.963	1.015	1.018	1.011
147	3608.517	3379.663	3750.037	3614.662	1.039	1.042	1.037
148	3544.412	3314.683	3673.451	3573.189	1.027	1.030	1.019
149	3540.195	3413.920	3670.551	3559.222	1.023	1.026	1.018
150	3535.434	3347.771	3633.388	3585.584	1.031	1.033	1.016
151	3517.777	3411.180	3661.300	3514.855	1.010	1.013	1.011
152	3538.361	3392.488	3650.623	3538.126	1.017	1.020	1.017
153	3574.109	3479.404	3780.560	3550.206	1.020	1.023	1.027
154	3569.079	3420.417	3773.918	3568.389	1.026	1.029	1.026
155	3534.046	3380.373	3682.152	3545.875	1.019	1.022	1.016
156	3578.172	3389.334	3819.169	3580.948	1.029	1.032	1.028
157	3589.294	3492.311	3738.875	3587.406	1.031	1.034	1.032
158	3576.535	3480.773	3634.664	3589.565	1.032	1.035	1.028
159	3641.216	3516.438	3789.669	3643.822	1.047	1.050	1.047
160	3583.507	3464.308	3749.436	3575.939	1.028	1.031	1.030
161	3579.974	3475.593	3629.004	3590.524	1.032	1.035	1.029
162	3543.085	3329.094	3760.106	3545.534	1.019	1.022	1.018
163	3548.355	3400.988	3695.933	3518.223	1.011	1.014	1.020
164	3566.760	3485.919	3659.269	3555.969	1.022	1.025	1.025
165	3537.914	3339.805	3647.028	3530.236	1.015	1.018	1.017
166	3639.561	3505.377	3762.059	3655.992	1.051	1.054	1.046
167	3609.561	3388.071	3762.772	3622.220	1.041	1.044	1.038
168	3624.286	3506.391	3809.596	3615.494	1.039	1.042	1.042
169	3683.136	3508.277	3929.159	3663.085	1.053	1.056	1.059
170	3650.985	3527.631	3789.281	3645.172	1.048	1.051	1.049
171	3542.883	3458.965	3676.354	3552.537	1.021	1.024	1.018
172	3554.306	3381.556	3698.721	3575.791	1.028	1.031	1.022
173	3595.920	3529.976	3679.182	3601.577	1.035	1.038	1.034
174	3594.719	3506.720	3750.293	3594.906	1.033	1.036	1.033
175	3576.804	3469.732	3682.517	3581.725	1.030	1.032	1.028
176	3627.350	3499.954	3776.470	3607.137	1.037	1.040	1.043
177	3608.880	3500.723	3734.450	3611.552	1.038	1.041	1.037
178	3606.209	3512.531	3781.466	3598.258	1.034	1.037	1.037
179	3649.347	3498.303	3768.914	3685.227	1.059	1.062	1.049
180	3601.714	3424.596	3788.173	3620.930	1.041	1.044	1.035
181	3627.586	3498.184	3744.140	3659.565	1.052	1.055	1.043
182	3602.398	3500.702	3699.874	3607.487	1.037	1.040	1.035
183	3655.506	3465.084	3858.103	3665.532	1.054	1.057	1.051
184	3619.844	3426.926	3736.791	3618.041	1.040	1.043	1.040
185	3658.977	3556.536	3856.715	3649.102	1.049	1.052	1.052
186	3652.860	3386.336	3843.828	3659.843	1.052	1.055	1.050
187	3572.894	3410.782	3752.387	3566.406	1.025	1.028	1.027
188	3601.258	3531.426	3703.164	3585.216	1.031	1.033	1.035
189	3613.730	3455.071	3765.462	3577.620	1.028	1.031	1.039
190	3609.015	3412.744	3754.841	3620.734	1.041	1.044	1.037
191	3640.632	3357.059	3847.998	3630.790	1.044	1.046	1.046
192	3592.532	3383.665	3903.124	3582.832	1.030	1.033	1.033
193	3536.054	3307.075	3683.224	3548.739	1.020	1.023	1.016
194	3578.603	3398.824	3788.072	3571.513	1.027	1.029	1.029
195	3566.772	3439.265	3684.001	3595.197	1.033	1.036	1.025
196	3622.339	3446.944	3882.582	3615.793	1.039	1.042	1.041
197	3577.401	3476.928	3743.642	3530.738	1.015	1.018	1.028
198	3551.816	3334.709	3717.964	3595.509	1.033	1.036	1.021
199	3561.740	3328.145	3824.633	3547.254	1.020	1.022	1.024
200	3511.189	3412.375	3662.504	3498.149	1.005	1.008	1.009
201	3579.885	3317.343	3888.320	3562.844	1.024	1.027	1.029
202	3507.675	3403.461	3633.376	3501.438	1.006	1.009	1.008
203	3573.357	3442.053	3737.191	3581.396	1.029	1.032	1.027
204	3646.976	3512.086	3825.581	3572.792	1.027	1.030	1.048
205	3647.958	3515.825	3917.889	3626.114	1.042	1.045	1.049
206	3629.698	3470.628	3842.783	3606.122	1.037	1.039	1.043
207	3623.504	3367.847	3769.086	3644.702	1.048	1.050	1.042
208	3568.107	3340.373	3835.007	3580.703	1.029	1.032	1.026
209	3549.554	3433.858	3727.528	3544.792	1.019	1.022	1.020
210	3595.918	3508.468	3771.542	3584.733	1.030	1.033	1.034
211	3582.374	3412.443	3692.504	3607.900	1.037	1.040	1.030
212	3542.847	3371.879	3674.307	3548.850	1.020	1.023	1.018
213	3528.456	3421.843	3632.346	3540.275	1.018	1.020	1.014
214	3528.384	3333.450	3896.881	3487.467	1.002	1.005	1.014
215	3580.743	3383.982	3791.677	3559.678	1.023	1.026	1.029
216	3598.919	3467.899	3854.031	3558.101	1.023	1.026	1.034
217	3595.424	3394.230	3771.257	3594.100	1.033	1.036	1.033
218	3592.732	3344.343	3837.812	3590.642	1.032	1.035	1.033
219	3560.538	3297.377	3642.476	3600.648	1.035	1.038	1.023
220	3600.260	3394.704	3789.055	3610.857	1.038	1.041	1.035
221	3636.491	3361.098	4036.208	3577.176	1.028	1.031	1.045
222	3589.357	3453.474	3645.011	3609.626	1.038	1.040	1.032
223	3579.044	3474.939	3640.431	3596.894	1.034	1.037	1.029
224	3621.540	3428.939	3821.111	3640.893	1.047	1.049	1.041
225	3585.754	3423.471	3936.999	3561.172	1.024	1.026	1.031
226	3616.142	3524.484	3777.417	3616.401	1.039	1.042	1.039
227	3675.104	3353.307	3875.455	3716.763	1.068	1.071	1.056
228	3607.106	3383.727	3781.479	3573.694	1.027	1.030	1.037
229	3546.472	3361.230	3674.106	3566.236	1.025	1.028	1.019
230	3586.413	3350.260	3788.875	3576.186	1.028	1.031	1.031
231	3574.912	3441.573	3683.530	3601.192	1.035	1.038	1.028
232	3568.436	3406.601	3705.384	3549.603	1.020	1.023	1.026
233	3529.467	3313.534	3688.896	3563.643	1.024	1.027	1.014
234	3562.064	3360.942	3710.937	3575.702	1.028	1.031	1.024
235	3602.153	3489.828	3787.679	3602.022	1.035	1.038	1.035
236	3688.143	3422.722	3873.559	3715.232	1.068	1.071	1.060
237	3672.649	3374.025	3892.309	3667.317	1.054	1.057	1.056
238	3652.004	3325.842	3891.662	3660.040	1.052	1.055	1.050
239	3628.849	3352.400	3794.502	3688.297	1.060	1.063	1.043
240	3597.663	3405.548	3736.337	3626.334	1.042	1.045	1.034
241	3560.576	3401.747	3734.877	3555.654	1.022	1.025	1.023
242	3624.478	3436.871	3747.026	3640.004	1.046	1.049	1.042
243	3582.991	3423.283	3697.090	3597.873	1.034	1.037	1.030
244	3590.536	3383.431	3769.391	3594.650	1.033	1.036	1.032
245	3588.598	3393.790	3668.461	3615.551	1.039	1.042	1.031
246	3623.505	3481.997	3752.680	3655.469	1.051	1.054	1.042
247	3691.480	3572.968	3934.128	3626.276	1.042	1.045	1.061
248	3643.903	3482.510	3829.393	3587.709	1.031	1.034	1.047
249	3573.432	3412.096	3741.123	3581.401	1.029	1.032	1.027
250	3648.388	3451.077	3745.169	3663.540	1.053	1.056	1.049
251	3666.251	3560.022	3740.729	3688.696	1.060	1.063	1.054
252	3663.127	3446.287	3908.111	3633.352	1.044	1.047	1.053
253	3646.633	3488.140	3819.829	3658.504	1.052	1.054	1.048
254	3682.881	3473.104	3927.177	3656.461	1.051	1.054	1.059
255	3588.481	3350.132	3767.127	3602.079	1.035	1.038	1.031
256	3596.685	3424.495	3839.434	3571.359	1.027	1.029	1.034
257	3629.716	3529.819	3878.367	3603.289	1.036	1.039	1.043
258	3636.342	3540.285	3782.848	3659.342	1.052	1.055	1.045
259	3629.548	3438.638	3975.521	3621.088	1.041	1.044	1.043
260	3585.035	3525.572	3690.702	3585.810	1.031	1.034	1.030
261	3619.516	3497.367	3779.443	3614.518	1.039	1.042	1.040
262	3616.357	3414.720	3835.687	3564.048	1.024	1.027	1.039
263	3551.984	3301.180	3781.575	3560.028	1.023	1.026	1.021
264	3609.989	3546.564	3715.477	3601.324	1.035	1.038	1.038
265	3547.635	3395.604	3709.576	3570.307	1.026	1.029	1.020
266	3529.213	3381.144	3606.811	3554.571	1.022	1.025	1.014
267	3608.592	3441.403	3760.018	3611.473	1.038	1.041	1.037
268	3673.675	3542.212	3795.799	3669.902	1.055	1.058	1.056
269	3644.715	3464.774	3803.939	3700.824	1.064	1.067	1.048
270	3680.876	3526.708	3800.938	3710.531	1.067	1.069	1.058
271	3644.426	3550.892	3823.567	3619.891	1.040	1.043	1.048
272	3670.672	3554.574	3831.596	3632.851	1.044	1.047	1.055
273	3626.993	3406.615	3891.608	3622.146	1.041	1.044	1.043
274	3603.259	3370.007	3861.495	3608.258	1.037	1.040	1.036
275	3662.875	3529.129	3798.635	3642.619	1.047	1.050	1.053
276	3589.148	3443.595	3752.163	3578.367	1.029	1.031	1.032
277	3559.324	3423.775	3669.886	3551.499	1.021	1.024	1.023
278	3566.669	3463.549	3692.459	3547.860	1.020	1.023	1.025
279	3625.369	3468.833	3777.594	3613.472	1.039	1.041	1.042
280	3592.233	3499.066	3790.764	3556.058	1.022	1.025	1.033
281	3577.437	3434.156	3784.075	3597.409	1.034	1.037	1.028
282	3605.166	3507.055	3825.754	3576.723	1.028	1.031	1.036
283	3585.774	3461.115	3680.681	3611.524	1.038	1.041	1.031
284	3592.239	3472.756	3835.253	3553.551	1.021	1.024	1.033
285	3629.203	3467.793	3796.289	3642.466	1.047	1.050	1.043
286	3571.113	3388.400	3764.304	3572.875	1.027	1.030	1.026
287	3530.427	3427.187	3650.410	3521.326	1.012	1.015	1.015
288	3586.124	3476.128	3649.509	3586.806	1.031	1.034	1.031
289	3631.979	3421.240	3829.625	3628.513	1.043	1.046	1.044
290	3599.714	3440.717	3828.917	3610.367	1.038	1.041	1.035
291	3617.232	3390.255	3812.962	3604.687	1.036	1.039	1.040
292	3565.051	3404.207	3868.970	3521.751	1.012	1.015	1.025
293	3603.732	3484.411	3756.829	3613.854	1.039	1.042	1.036
294	3598.394	3420.511	3764.402	3587.281	1.031	1.034	1.034
295	3629.129	3428.955	3780.554	3624.830	1.042	1.045	1.043
296	3605.289	3417.605	3910.889	3563.568	1.024	1.027	1.036
297	3607.157	3341.927	3866.755	3551.206	1.021	1.024	1.037
298	3615.200	3456.753	3884.068	3581.634	1.029	1.032	1.039
299	3569.595	3371.099	3803.516	3542.844	1.018	1.021	1.026
300	3522.866	3204.157	3772.165	3541.058	1.018	1.021	1.013
301	3520.575	3350.351	3719.856	3533.908	1.016	1.019	1.012
302	3574.209	3361.848	3847.317	3536.005	1.016	1.019	1.027
303	3581.229	3297.972	3986.534	3602.407	1.035	1.038	1.029
304	3630.813	3323.718	3950.583	3615.104	1.039	1.042	1.044
305	3619.811	3335.040	3853.257	3613.497	1.039	1.042	1.040
306	3596.864	3426.215	3794.652	3597.336	1.034	1.037	1.034
307	3619.827	3332.059	3827.714	3649.415	1.049	1.052	1.040
308	3670.230	3428.640	4010.784	3680.670	1.058	1.061	1.055
309	3641.933	3420.766	3822.712	3679.465	1.058	1.061	1.047
310	3587.228	3341.462	3814.610	3605.818	1.036	1.039	1.031
311	3571.590	3366.172	3756.918	3577.470	1.028	1.031	1.027
312	3591.425	3364.763	3813.661	3589.619	1.032	1.035	1.032
313	3640.420	3529.708	3890.227	3589.106	1.032	1.034	1.046
314	3605.371	3443.764	3742.395	3634.920	1.045	1.048	1.036
315	3566.010	3322.683	3735.349	3598.656	1.034	1.037	1.025
316	3553.093	3401.534	3631.948	3564.448	1.025	1.027	1.021
317	3596.670	3464.830	3781.295	3608.023	1.037	1.040	1.034
318	3590.574	3347.031	3867.391	3589.275	1.032	1.035	1.032
319	3616.899	3318.735	3808.910	3655.922	1.051	1.054	1.040
320	3624.256	3272.438	3785.505	3638.703	1.046	1.049	1.042
321	3592.912	3375.581	3734.207	3584.072	1.030	1.033	1.033
322	3634.833	3402.284	3900.642	3621.909	1.041	1.044	1.045
323	3661.294	3393.872	3897.960	3710.743	1.067	1.070	1.052
324	3570.804	3345.066	3843.319	3579.079	1.029	1.032	1.026
325	3541.131	3360.467	3714.026	3528.565	1.014	1.017	1.018
326	3595.444	3269.611	3797.951	3672.647	1.056	1.059	1.033
327	3473.304	3310.427	3714.087	3441.124	0.989	0.992	0.998
328	3453.733	3232.912	3643.329	3495.360	1.005	1.007	0.993
329	3505.276	3302.963	3674.549	3540.723	1.018	1.021	1.008
330	3528.573	3262.610	3687.668	3609.686	1.038	1.040	1.014
331	3492.211	3269.849	3692.282	3518.105	1.011	1.014	1.004
332	3468.616	3269.548	3638.215	3463.929	0.996	0.998	0.997
333	3555.880	3424.336	3823.055	3507.608	1.008	1.011	1.022
334	3514.109	3369.725	3691.500	3538.038	1.017	1.020	1.010
335	3460.051	3310.022	3621.307	3459.646	0.994	0.997	0.995
336	3455.930	3313.017	3707.817	3436.915	0.988	0.991	0.993
337	3504.293	3321.248	3733.361	3492.158	1.004	1.007	1.007
338	3412.215	3299.732	3590.225	3338.187	0.960	0.962	0.981
339	3470.825	3262.245	3711.573	3421.520	0.983	0.986	0.998
340	3466.707	3288.422	3665.229	3459.649	0.994	0.997	0.996
341	3415.475	3262.746	3613.441	3391.847	0.975	0.978	0.982
342	3462.387	3254.101	3701.332	3426.095	0.985	0.987	0.995
343	3487.991	3251.996	3664.027	3492.004	1.004	1.006	1.003
344	3492.567	3149.953	3801.555	3478.167	1.000	1.002	1.004
345	3541.712	3285.478	3762.169	3541.503	1.018	1.021	1.018
346	3466.464	3253.763	3662.147	3511.498	1.009	1.012	0.996
347	3570.895	3334.586	3975.449	3527.501	1.014	1.017	1.026
348	3520.828	3303.283	3695.251	3520.794	1.012	1.015	1.012
349	3512.437	3345.848	3683.781	3534.926	1.016	1.019	1.010
350	3470.124	3281.412	3709.988	3439.921	0.989	0.991	0.997
351	3501.039	3252.392	3740.752	3455.217	0.993	0.996	1.006
352	3501.031	3333.448	3766.607	3515.169	1.010	1.013	1.006
353	3550.188	3322.447	3709.514	3580.229	1.029	1.032	1.020
354	3534.605	3290.069	3750.668	3572.175	1.027	1.030	1.016
355	3478.610	3255.481	3756.877	3461.927	0.995	0.998	1.000
356	3511.311	3328.831	3689.037	3510.434	1.009	1.012	1.009
357	3526.116	3356.802	3701.534	3542.817	1.018	1.021	1.014
358	3523.207	3299.323	3778.772	3528.306	1.014	1.017	1.013
359	3569.182	3319.191	3963.800	3478.169	1.000	1.002	1.026
360	3514.671	3418.757	3667.846	3481.204	1.001	1.003	1.010
361	3541.057	3365.403	3768.620	3545.138	1.019	1.022	1.018
362	3509.719	3266.151	3833.192	3511.317	1.009	1.012	1.009
363	3596.636	3260.870	3884.985	3614.234	1.039	1.042	1.034
364	3660.891	3275.882	3936.365	3650.737	1.049	1.052	1.052
365	3649.498	3362.118	3920.831	3635.301	1.045	1.048	1.049
366	3633.573	3328.934	3832.719	3653.962	1.050	1.053	1.044
367	3588.751	3253.202	3893.924	3650.659	1.049	1.052	1.032
368	3567.360	3337.206	3737.879	3587.305	1.031	1.034	1.025
369	3619.700	3464.228	3838.135	3597.096	1.034	1.037	1.040
370	3639.014	3347.174	3890.602	3682.035	1.058	1.061	1.046
371	3627.381	3358.921	3908.290	3645.238	1.048	1.051	1.043
372	3629.913	3417.439	3844.367	3670.520	1.055	1.058	1.043
373	3602.045	3467.812	3800.042	3583.322	1.030	1.033	1.035
374	3656.095	3260.056	3873.040	3689.493	1.060	1.063	1.051
375	3605.919	3434.014	3869.391	3580.165	1.029	1.032	1.036
376	3646.888	3430.158	3916.389	3679.229	1.058	1.060	1.048
377	3645.772	3425.361	3885.926	3670.914	1.055	1.058	1.048
378	3624.744	3455.009	3746.742	3636.940	1.045	1.048	1.042
379	3617.605	3421.049	3741.788	3634.153	1.045	1.047	1.040
380	3685.927	3415.743	3828.874	3732.506	1.073	1.076	1.059
381	3704.061	3405.698	3939.230	3688.659	1.060	1.063	1.065
382	3674.792	3395.612	3849.587	3680.385	1.058	1.061	1.056
383	3647.969	3484.696	3896.520	3649.577	1.049	1.052	1.049
384	3669.661	3451.030	4061.622	3628.246	1.043	1.046	1.055
385	3654.912	3552.924	3803.023	3631.528	1.044	1.047	1.051
386	3683.804	3613.457	3905.722	3657.602	1.051	1.054	1.059
387	3654.322	3438.931	3811.129	3658.950	1.052	1.055	1.050
388	3631.840	3542.438	3708.599	3635.261	1.045	1.048	1.044
389	3574.918	3353.505	3689.356	3594.035	1.033	1.036	1.028
390	3672.456	3541.817	3806.110	3669.388	1.055	1.058	1.056
391	3679.711	3445.101	3889.766	3703.955	1.065	1.068	1.058
392	3645.702	3518.021	3856.139	3607.750	1.037	1.040	1.048
393	3677.156	3549.535	3856.486	3674.280	1.056	1.059	1.057
394	3635.031	3500.133	3717.771	3642.305	1.047	1.050	1.045
395	3667.117	3533.932	3830.738	3652.853	1.050	1.053	1.054
396	3621.523	3485.136	3821.788	3650.303	1.049	1.052	1.041
397	3602.327	3498.527	3886.083	3557.671	1.023	1.025	1.035
398	3560.657	3370.582	3733.827	3573.984	1.027	1.030	1.023
399	3626.037	3409.819	3748.594	3654.165	1.050	1.053	1.042
400	3551.352	3430.584	3709.483	3551.632	1.021	1.024	1.021
401	3589.443	3450.218	3759.878	3628.050	1.043	1.046	1.032
402	3666.607	3439.149	4059.619	3623.841	1.042	1.044	1.054
403	3691.021	3474.816	3955.739	3641.599	1.047	1.050	1.061
404	3631.071	3464.770	3767.142	3641.445	1.047	1.050	1.044
405	3574.798	3433.453	3796.725	3552.707	1.021	1.024	1.028
406	3682.864	3492.230	3844.900	3683.831	1.059	1.062	1.059
407	3741.525	3512.624	4112.036	3731.725	1.073	1.076	1.075
408	3682.538	3452.862	3867.535	3719.901	1.069	1.072	1.058
409	3648.643	3511.169	3827.728	3624.622	1.042	1.045	1.049
410	3583.570	3237.783	3844.012	3608.807	1.037	1.040	1.030
411	3555.548	3363.436	3710.350	3532.237	1.015	1.018	1.022
412	3662.993	3409.808	3915.083	3670.035	1.055	1.058	1.053
413	3630.544	3455.274	3836.399	3634.591	1.045	1.048	1.044
414	3759.822	3606.598	3992.996	3692.919	1.061	1.064	1.081
415	3603.504	3394.869	3826.752	3596.133	1.034	1.036	1.036
416	3647.577	3537.750	3789.504	3647.889	1.049	1.051	1.048
417	3599.923	3461.881	3651.076	3615.144	1.039	1.042	1.035
418	3614.075	3430.108	3772.054	3644.168	1.047	1.050	1.039
419	3609.576	3351.511	3810.727	3615.117	1.039	1.042	1.038
420	3586.817	3375.589	3713.389	3627.698	1.043	1.046	1.031
421	3576.479	3415.493	3728.401	3586.505	1.031	1.034	1.028
422	3585.526	3450.778	3812.690	3540.379	1.018	1.020	1.031
423	3656.469	3406.253	3906.513	3684.999	1.059	1.062	1.051
424	3536.260	3376.068	3699.277	3547.156	1.020	1.022	1.016
425	3614.191	3544.522	3844.756	3578.564	1.029	1.031	1.039
426	3642.649	3477.866	3874.001	3628.362	1.043	1.046	1.047
427	3612.644	3436.017	3816.673	3613.028	1.038	1.041	1.038
428	3640.398	3435.799	3782.482	3686.666	1.060	1.063	1.046
429	3653.921	3474.174	3791.970	3710.940	1.067	1.070	1.050
430	3634.126	3463.797	3763.194	3655.260	1.051	1.054	1.045
431	3552.726	3333.790	3644.202	3564.083	1.024	1.027	1.021
432	3566.180	3300.891	3749.278	3606.974	1.037	1.040	1.025
433	3526.824	3269.558	3764.439	3488.214	1.003	1.005	1.014
434	3601.555	3491.778	3784.294	3569.240	1.026	1.029	1.035
435	3557.774	3439.005	3656.930	3564.043	1.024	1.027	1.023
436	3609.757	3430.862	3739.247	3641.624	1.047	1.050	1.038
437	3669.738	3456.294	3877.959	3657.718	1.051	1.054	1.055
438	3637.046	3536.732	3752.562	3627.050	1.043	1.045	1.045
439	3636.218	3502.671	3763.217	3620.428	1.041	1.044	1.045
440	3661.585	3563.099	3767.744	3667.684	1.054	1.057	1.052
441	3602.978	3458.468	3794.713	3592.067	1.032	1.035	1.036
442	3631.012	3494.951	3769.223	3637.510	1.046	1.048	1.044
443	3616.611	3441.080	3829.578	3636.588	1.045	1.048	1.040
444	3558.087	3198.019	3771.664	3596.079	1.034	1.036	1.023
445	3625.372	3471.603	3914.656	3642.881	1.047	1.050	1.042
446	3623.001	3418.765	3801.915	3666.992	1.054	1.057	1.041
447	3598.781	3358.218	3744.514	3617.140	1.040	1.043	1.034
448	3565.721	3271.527	3694.506	3585.393	1.031	1.033	1.025
449	3579.680	3452.216	3679.260	3601.000	1.035	1.038	1.029
450	3653.916	3430.177	3967.710	3671.645	1.055	1.058	1.050
451	3644.865	3399.212	3912.105	3638.207	1.046	1.049	1.048
452	3667.117	3401.001	3892.476	3664.150	1.053	1.056	1.054
453	3578.512	3326.773	3848.228	3633.635	1.044	1.047	1.029
454	3597.965	3419.596	3825.554	3578.412	1.029	1.031	1.034
455	3528.408	3312.747	3640.624	3556.802	1.022	1.025	1.014
456	3598.155	3357.168	3756.462	3640.021	1.046	1.049	1.034
457	3602.143	3337.183	3942.460	3616.443	1.039	1.042	1.035
458	3568.062	3429.075	3722.723	3577.883	1.028	1.031	1.026
459	3569.106	3344.922	3761.561	3572.738	1.027	1.030	1.026
460	3611.371	3400.636	3759.534	3621.920	1.041	1.044	1.038
461	3572.552	3316.798	3785.543	3549.059	1.020	1.023	1.027
462	3646.214	3392.735	3850.101	3623.856	1.042	1.044	1.048
463	3607.081	3383.358	3856.549	3578.940	1.029	1.032	1.037
464	3582.957	3346.743	3700.132	3595.714	1.034	1.036	1.030
465	3532.152	3448.092	3643.371	3521.955	1.012	1.015	1.015
466	3569.124	3470.512	3650.859	3560.192	1.023	1.026	1.026
467	3657.204	3446.438	3791.921	3682.809	1.059	1.061	1.051
468	3610.841	3415.996	3795.149	3580.852	1.029	1.032	1.038
469	3636.681	3317.877	3865.938	3662.114	1.053	1.056	1.045
470	3581.962	3299.544	3731.754	3626.187	1.042	1.045	1.030
471	3574.812	3320.677	3793.581	3606.286	1.037	1.039	1.028
472	3646.473	3431.340	3866.595	3625.507	1.042	1.045	1.048
473	3685.558	3448.691	3907.121	3679.892	1.058	1.061	1.059
474	3655.778	3544.603	3747.560	3655.837	1.051	1.054	1.051
475	3642.795	3522.150	3775.524	3628.510	1.043	1.046	1.047
476	3679.689	3492.454	3831.737	3699.290	1.063	1.066	1.058
477	3617.824	3463.710	3729.428	3630.979	1.044	1.047	1.040
478	3649.887	3450.135	3766.942	3685.771	1.059	1.062	1.049
479	3718.796	3612.191	3836.540	3722.802	1.070	1.073	1.069
480	3655.981	3502.945	3769.499	3694.042	1.062	1.065	1.051
481	3673.156	3511.700	3766.676	3669.482	1.055	1.058	1.056
482	3628.435	3564.302	3707.553	3603.884	1.036	1.039	1.043
483	3644.754	3499.525	3875.705	3622.115	1.041	1.044	1.048
484	3635.672	3530.533	3737.933	3630.957	1.044	1.047	1.045
485	3674.854	3537.807	3818.967	3685.841	1.059	1.062	1.056
486	3683.504	3553.882	3837.110	3701.521	1.064	1.067	1.059
487	3738.922	3624.867	3846.076	3727.914	1.072	1.074	1.075
488	3761.069	3639.592	4021.834	3757.518	1.080	1.083	1.081
489	3731.954	3591.106	3882.506	3759.820	1.081	1.084	1.073
490	3733.358	3370.550	4004.346	3733.216	1.073	1.076	1.073
491	3785.741	3527.682	4068.181	3796.132	1.091	1.094	1.088
492	3704.704	3573.398	3904.633	3693.986	1.062	1.065	1.065
493	3803.143	3726.122	3985.416	3774.487	1.085	1.088	1.093
494	3804.502	3709.567	3969.369	3787.701	1.089	1.092	1.094
495	3703.569	3568.419	3875.676	3690.279	1.061	1.064	1.065
496	3658.782	3564.890	3758.611	3647.284	1.048	1.051	1.052
497	3679.746	3470.842	3836.970	3692.249	1.061	1.064	1.058
498	3634.353	3510.642	3756.927	3663.486	1.053	1.056	1.045
499	3682.300	3594.814	3826.296	3662.663	1.053	1.056	1.058
500	3661.066	3552.937	3752.730	3643.615	1.047	1.050	1.052
501	3680.077	3570.932	3809.648	3663.895	1.053	1.056	1.058
502	3661.741	3558.631	3773.295	3675.429	1.056	1.059	1.053
503	3644.400	3463.222	3803.822	3620.977	1.041	1.044	1.048
504	3645.605	3477.404	3890.818	3615.179	1.039	1.042	1.048
505	3586.750	3438.965	3735.539	3583.140	1.030	1.033	1.031
506	3646.172	3513.221	3767.407	3659.331	1.052	1.055	1.048
507	3612.721	3421.145	3848.955	3637.927	1.046	1.049	1.038
508	3571.278	3313.937	3821.344	3564.125	1.024	1.027	1.026
509	3574.734	3477.753	3669.401	3587.680	1.031	1.034	1.027
510	3663.285	3542.452	3865.260	3640.108	1.046	1.049	1.053
511	3637.166	3355.188	3821.257	3614.771	1.039	1.042	1.045
512	3646.296	3426.861	3830.075	3649.822	1.049	1.052	1.048
513	3693.038	3621.488	3794.647	3677.834	1.057	1.060	1.061
514	3659.726	3474.258	3752.223	3692.503	1.061	1.064	1.052
515	3645.877	3480.340	3737.774	3650.876	1.049	1.052	1.048
516	3671.201	3580.089	3824.022	3662.288	1.053	1.056	1.055
517	3615.341	3503.836	3686.698	3641.196	1.047	1.049	1.039
518	3604.210	3359.417	3714.489	3629.207	1.043	1.046	1.036
519	3593.196	3493.999	3696.143	3599.519	1.035	1.037	1.033
520	3609.209	3470.277	3757.749	3594.286	1.033	1.036	1.037
521	3598.177	3437.342	3754.184	3622.840	1.041	1.044	1.034
522	3685.833	3495.808	3822.752	3685.234	1.059	1.062	1.059
523	3684.666	3574.832	3822.101	3677.598	1.057	1.060	1.059
524	3677.269	3554.590	3899.832	3691.565	1.061	1.064	1.057
525	3636.691	3405.782	3889.004	3633.900	1.044	1.047	1.045
526	3662.251	3511.819	3775.886	3673.962	1.056	1.059	1.053
527	3712.967	3540.204	3904.485	3695.880	1.062	1.065	1.067
528	3682.856	3503.304	3861.579	3665.782	1.054	1.057	1.059
529	3622.861	3514.788	3731.624	3607.318	1.037	1.040	1.041
530	3674.658	3502.659	3840.272	3715.397	1.068	1.071	1.056
531	3609.402	3480.498	3767.632	3593.968	1.033	1.036	1.037
532	3570.584	3479.674	3704.977	3548.021	1.020	1.023	1.026
533	3627.823	3477.927	3820.811	3605.339	1.036	1.039	1.043
534	3673.606	3576.629	3783.247	3673.087	1.056	1.059	1.056
535	3600.713	3511.314	3731.868	3584.811	1.030	1.033	1.035
536	3603.999	3461.492	3709.327	3626.313	1.042	1.045	1.036
537	3562.473	3453.521	3715.459	3551.209	1.021	1.024	1.024
538	3566.533	3468.560	3679.848	3562.288	1.024	1.027	1.025
539	3524.689	3448.897	3628.295	3516.123	1.011	1.013	1.013
540	3580.488	3468.817	3682.849	3619.535	1.040	1.043	1.029
541	3582.909	3467.453	3671.271	3599.767	1.035	1.038	1.030
542	3555.801	3425.786	3703.095	3524.496	1.013	1.016	1.022
543	3549.686	3460.423	3641.825	3540.617	1.018	1.020	1.020
544	3517.112	3426.403	3607.405	3486.124	1.002	1.005	1.011
545	3556.088	3377.573	3735.218	3558.093	1.023	1.026	1.022
546	3538.636	3436.023	3682.805	3527.765	1.014	1.017	1.017
547	3590.864	3400.759	3745.160	3582.325	1.030	1.033	1.032
548	3620.287	3445.763	3813.859	3649.085	1.049	1.052	1.041
549	3530.364	3266.922	3654.302	3591.827	1.032	1.035	1.015
550	3540.383	3403.349	3699.556	3554.985	1.022	1.025	1.018
551	3626.141	3556.391	3705.078	3611.143	1.038	1.041	1.042
552	3641.561	3518.232	3787.527	3642.490	1.047	1.050	1.047
553	3609.452	3458.067	3757.497	3635.750	1.045	1.048	1.037
554	3607.749	3423.118	3905.469	3596.165	1.034	1.037	1.037
555	3667.929	3559.485	3808.710	3679.677	1.058	1.061	1.054
556	3681.169	3466.423	3802.059	3705.486	1.065	1.068	1.058
557	3640.700	3501.183	3885.962	3608.240	1.037	1.040	1.046
558	3599.691	3448.948	3679.745	3619.598	1.040	1.043	1.035
559	3598.640	3514.448	3727.677	3568.333	1.026	1.028	1.034
560	3565.209	3451.637	3749.529	3568.505	1.026	1.029	1.025
561	3550.173	3440.856	3695.700	3549.970	1.020	1.023	1.020
562	3570.405	3430.374	3783.125	3546.359	1.019	1.022	1.026
563	3595.119	3425.881	3771.240	3608.268	1.037	1.040	1.033
564	3597.020	3465.716	3746.103	3583.144	1.030	1.033	1.034
565	3599.530	3427.969	3827.290	3560.742	1.023	1.026	1.035
566	3589.476	3357.626	3933.777	3562.170	1.024	1.027	1.032
567	3537.088	3382.105	3685.033	3513.280	1.010	1.013	1.017
568	3540.136	3415.848	3704.781	3515.408	1.010	1.013	1.018
569	3602.693	3377.765	3745.942	3617.034	1.040	1.043	1.036
570	3607.765	3335.929	3707.249	3628.949	1.043	1.046	1.037
571	3625.878	3439.559	3908.387	3613.826	1.039	1.042	1.042
572	3561.645	3410.526	3735.779	3548.836	1.020	1.023	1.024
573	3672.380	3515.303	3946.300	3641.451	1.047	1.050	1.056
574	3668.162	3524.750	3836.235	3630.084	1.043	1.046	1.054
575	3573.892	3481.669	3673.345	3571.878	1.027	1.030	1.027
576	3579.976	3442.721	3743.039	3597.938	1.034	1.037	1.029
577	3683.511	3384.190	3840.983	3727.900	1.072	1.074	1.059
578	3621.497	3474.688	3752.547	3636.194	1.045	1.048	1.041
579	3586.274	3479.799	3705.680	3576.882	1.028	1.031	1.031
580	3691.518	3600.673	3836.331	3695.378	1.062	1.065	1.061
581	3594.693	3469.306	3727.031	3607.369	1.037	1.040	1.033
582	3578.727	3474.166	3674.009	3570.803	1.026	1.029	1.029
583	3525.669	3386.133	3678.306	3525.976	1.013	1.016	1.013
584	3554.936	3414.764	3750.286	3554.562	1.022	1.025	1.022
585	3579.583	3460.492	3704.881	3575.651	1.028	1.031	1.029
586	3581.799	3396.868	3702.224	3641.585	1.047	1.050	1.030
587	3601.014	3490.728	3685.342	3613.348	1.039	1.041	1.035
588	3625.069	3506.670	3776.674	3595.216	1.033	1.036	1.042
589	3587.985	3429.692	3731.848	3572.367	1.027	1.030	1.031
590	3572.664	3444.371	3759.541	3517.864	1.011	1.014	1.027
591	3672.680	3494.232	3846.865	3643.694	1.047	1.050	1.056
592	3731.102	3543.399	3871.234	3723.293	1.070	1.073	1.072
593	3625.248	3522.013	3811.015	3594.748	1.033	1.036	1.042
594	3633.846	3462.925	3794.574	3664.478	1.053	1.056	1.044
595	3651.253	3399.873	3965.515	3639.355	1.046	1.049	1.049
596	3605.603	3405.157	3785.510	3628.356	1.043	1.046	1.036
597	3551.026	3414.685	3689.575	3555.773	1.022	1.025	1.021
598	3639.660	3408.626	3802.060	3672.209	1.056	1.058	1.046
599	3631.782	3455.820	3978.483	3576.819	1.028	1.031	1.044
600	3551.286	3404.558	3698.283	3580.239	1.029	1.032	1.021
601	3589.081	3425.302	3716.314	3591.254	1.032	1.035	1.032
602	3693.442	3564.510	3963.940	3643.071	1.047	1.050	1.062
603	3784.527	3604.128	4167.152	3775.898	1.085	1.088	1.088
604	3794.436	3454.787	4022.994	3826.187	1.100	1.103	1.091
605	3740.749	3513.299	3997.513	3707.615	1.066	1.069	1.075
606	3665.713	3478.430	3835.928	3668.395	1.054	1.057	1.054
607	3648.013	3514.405	3854.453	3630.973	1.044	1.047	1.049
608	3737.487	3552.884	3978.974	3734.778	1.073	1.076	1.074
609	3707.117	3416.526	3894.984	3730.373	1.072	1.075	1.066
610	3706.156	3465.917	3921.401	3679.905	1.058	1.061	1.065
611	3748.957	3616.537	3890.570	3746.297	1.077	1.080	1.078
612	3728.445	3637.367	3858.400	3714.244	1.068	1.071	1.072
613	3692.015	3350.951	4019.396	3720.615	1.069	1.072	1.061
614	3772.486	3565.928	4022.469	3724.225	1.070	1.073	1.084
615	3670.261	3502.630	3830.842	3657.826	1.051	1.054	1.055
616	3682.178	3569.025	3789.393	3681.040	1.058	1.061	1.058
617	3781.821	3542.560	4388.018	3696.127	1.062	1.065	1.087
618	3773.073	3682.125	3854.395	3776.916	1.086	1.089	1.085
619	3703.859	3524.794	3775.115	3731.731	1.073	1.076	1.065
620	3758.189	3554.609	3926.432	3730.800	1.072	1.075	1.080
621	3724.038	3517.233	3989.934	3710.024	1.066	1.069	1.070
622	3740.983	3491.167	4135.333	3729.721	1.072	1.075	1.075
623	3757.217	3438.576	4343.585	3702.453	1.064	1.067	1.080
624	3695.871	3401.185	3876.667	3746.827	1.077	1.080	1.062
625	3660.693	3498.719	3887.417	3642.593	1.047	1.050	1.052
626	3712.293	3503.705	4000.861	3703.863	1.065	1.068	1.067
627	3768.595	3460.049	4004.395	3786.414	1.088	1.091	1.083
628	3792.779	3544.886	4037.635	3799.338	1.092	1.095	1.090
629	3772.304	3589.894	3972.548	3738.235	1.074	1.077	1.084
630	3731.231	3538.057	3981.978	3726.375	1.071	1.074	1.072
631	3714.669	3515.125	3826.553	3717.491	1.069	1.071	1.068
632	3751.725	3599.016	4027.287	3720.476	1.069	1.072	1.078
633	3667.000	3545.806	3854.089	3673.271	1.056	1.059	1.054
634	3652.679	3471.586	3846.790	3660.346	1.052	1.055	1.050
635	3713.099	3497.554	3840.704	3730.499	1.072	1.075	1.067
636	3748.318	3469.870	3904.574	3773.170	1.085	1.088	1.077
637	3757.252	3524.409	3935.140	3762.367	1.081	1.084	1.080
638	3764.257	3621.582	3967.136	3760.621	1.081	1.084	1.082
639	3755.972	3556.972	3899.207	3765.134	1.082	1.085	1.080
640	3740.223	3609.380	3910.942	3750.516	1.078	1.081	1.075
641	3794.789	3684.779	3926.357	3767.771	1.083	1.086	1.091
642	3868.006	3763.389	4002.917	3868.971	1.112	1.115	1.112
643	3751.760	3554.573	3870.220	3783.738	1.088	1.091	1.078
644	3661.082	3572.530	3781.880	3637.126	1.045	1.048	1.052
645	3750.229	3528.260	4010.783	3741.804	1.076	1.078	1.078
646	3714.246	3575.390	3829.929	3720.211	1.069	1.072	1.068
647	3744.764	3566.916	4101.898	3721.579	1.070	1.073	1.076
648	3689.326	3585.839	3857.358	3670.736	1.055	1.058	1.060
649	3683.501	3626.880	3727.946	3679.116	1.057	1.060	1.059
650	3646.065	3486.203	3833.781	3643.430	1.047	1.050	1.048
651	3693.692	3542.927	3859.031	3684.979	1.059	1.062	1.062
652	3648.057	3525.284	3830.488	3647.623	1.048	1.051	1.049
653	3675.701	3510.027	3784.182	3687.755	1.060	1.063	1.057
654	3676.293	3484.871	3849.724	3689.852	1.061	1.064	1.057
655	3724.027	3568.559	3938.245	3701.329	1.064	1.067	1.070
656	3643.609	3595.535	3749.563	3628.787	1.043	1.046	1.047
657	3661.107	3479.194	3922.064	3663.107	1.053	1.056	1.052
658	3643.079	3528.473	3838.562	3601.464	1.035	1.038	1.047
659	3752.080	3570.461	3983.415	3701.588	1.064	1.067	1.078
660	3639.875	3386.620	3880.174	3675.372	1.056	1.059	1.046
661	3663.223	3510.150	3867.404	3636.004	1.045	1.048	1.053
662	3686.752	3482.562	4140.167	3665.533	1.054	1.057	1.060
663	3693.861	3556.270	3901.567	3691.662	1.061	1.064	1.062
664	3699.833	3543.502	3876.396	3711.455	1.067	1.070	1.063
665	3792.220	3533.542	4067.564	3761.813	1.081	1.084	1.090
666	3682.343	3537.423	3989.343	3661.276	1.052	1.055	1.058
667	3697.178	3574.470	3887.380	3682.295	1.058	1.061	1.063
668	3683.319	3527.001	3930.346	3687.046	1.060	1.063	1.059
669	3730.524	3526.865	3992.549	3680.901	1.058	1.061	1.072
670	3695.006	3521.448	3808.791	3711.592	1.067	1.070	1.062
671	3689.033	3561.937	4030.811	3656.991	1.051	1.054	1.060
672	3616.724	3540.642	3723.752	3617.911	1.040	1.043	1.040
673	3574.314	3470.525	3704.253	3563.777	1.024	1.027	1.027
674	3630.264	3544.888	3733.989	3631.522	1.044	1.047	1.043
675	3634.564	3437.938	3751.111	3689.394	1.060	1.063	1.045
676	3604.720	3376.631	3899.615	3601.363	1.035	1.038	1.036
677	3572.908	3409.190	3747.403	3540.683	1.018	1.021	1.027
678	3640.750	3410.162	3785.898	3687.568	1.060	1.063	1.046
679	3633.791	3494.880	3839.744	3587.749	1.031	1.034	1.044
680	3604.045	3371.664	3763.527	3644.379	1.048	1.050	1.036
681	3653.762	3423.403	3947.378	3622.532	1.041	1.044	1.050
682	3709.651	3409.549	3954.950	3698.787	1.063	1.066	1.066
683	3699.945	3558.464	3917.466	3662.472	1.053	1.056	1.063
684	3733.988	3540.084	3967.268	3715.672	1.068	1.071	1.073
685	3616.885	3326.776	3808.730	3661.680	1.052	1.055	1.040
686	3572.741	3499.730	3710.691	3549.228	1.020	1.023	1.027
687	3605.598	3414.312	3786.902	3594.869	1.033	1.036	1.036
688	3610.147	3486.842	3698.317	3601.981	1.035	1.038	1.038
689	3686.066	3456.415	3862.569	3700.173	1.064	1.066	1.059
690	3657.664	3337.597	3852.090	3681.018	1.058	1.061	1.051
691	3611.823	3344.611	3865.922	3606.458	1.037	1.039	1.038
692	3594.312	3404.242	3710.801	3631.775	1.044	1.047	1.033
693	3614.925	3402.911	3963.528	3571.983	1.027	1.030	1.039
694	3650.613	3363.145	3901.737	3675.137	1.056	1.059	1.049
695	3672.212	3427.303	4130.911	3614.716	1.039	1.042	1.056
696	3606.251	3300.619	4034.622	3607.307	1.037	1.040	1.037
697	3576.896	3136.817	3817.568	3628.099	1.043	1.046	1.028
698	3668.934	3402.065	3948.652	3720.346	1.069	1.072	1.055
699	3742.200	3404.506	3935.755	3738.576	1.075	1.078	1.076
700	3649.539	3406.896	3857.750	3664.802	1.053	1.056	1.049
701	3675.215	3407.797	4012.321	3660.936	1.052	1.055	1.056
702	3677.670	3436.212	3986.688	3663.008	1.053	1.056	1.057
703	3641.064	3404.043	3948.999	3614.396	1.039	1.042	1.047
704	3561.330	3206.251	3764.538	3589.507	1.032	1.035	1.024
705	3573.444	3357.988	3908.882	3551.440	1.021	1.024	1.027
706	3609.340	3327.188	3901.368	3634.365	1.045	1.048	1.037
707	3579.704	3385.192	3811.615	3597.574	1.034	1.037	1.029
708	3549.816	3367.669	3662.447	3553.504	1.021	1.024	1.020
709	3644.360	3403.013	3826.938	3656.290	1.051	1.054	1.048
710	3649.104	3435.249	3966.887	3638.069	1.046	1.049	1.049
711	3677.762	3380.479	3819.729	3691.533	1.061	1.064	1.057
712	3654.204	3331.482	3919.646	3678.164	1.057	1.060	1.050
713	3678.871	3386.869	3855.661	3709.563	1.066	1.069	1.057
714	3683.939	3343.761	3980.457	3740.954	1.075	1.078	1.059
715	3573.067	3353.019	3747.999	3590.561	1.032	1.035	1.027
716	3598.744	3377.315	3811.318	3582.313	1.030	1.033	1.034
717	3626.085	3394.604	4004.147	3581.538	1.029	1.032	1.042
718	3676.850	3467.772	4007.522	3649.106	1.049	1.052	1.057
719	3770.026	3531.807	4064.463	3760.781	1.081	1.084	1.084
720	3689.492	3427.435	4014.815	3727.989	1.072	1.075	1.060
721	3625.659	3441.697	3884.352	3632.390	1.044	1.047	1.042
722	3661.478	3450.171	3900.884	3649.492	1.049	1.052	1.052
723	3609.418	3253.197	3972.531	3617.686	1.040	1.043	1.037
724	3623.596	3279.697	3907.304	3599.318	1.035	1.037	1.042
725	3600.118	3383.719	3798.122	3586.821	1.031	1.034	1.035
726	3533.717	3295.782	3700.160	3545.259	1.019	1.022	1.016
727	3594.890	3277.276	3850.197	3652.625	1.050	1.053	1.033
728	3643.097	3341.042	3960.113	3598.188	1.034	1.037	1.047
729	3591.928	3433.541	3760.222	3583.376	1.030	1.033	1.032
730	3644.545	3416.834	3935.408	3625.503	1.042	1.045	1.048
731	3614.429	3467.661	3754.300	3644.542	1.048	1.050	1.039
732	3526.275	3335.594	3698.778	3551.779	1.021	1.024	1.014
733	3515.233	3298.980	3723.408	3506.285	1.008	1.011	1.010
734	3653.920	3360.605	3920.353	3666.209	1.054	1.057	1.050
735	3612.438	3413.047	3772.683	3613.281	1.039	1.041	1.038
736	3599.805	3339.659	3742.321	3639.360	1.046	1.049	1.035
737	3632.258	3357.518	3938.411	3561.607	1.024	1.027	1.044
738	3569.429	3272.785	3835.360	3542.298	1.018	1.021	1.026
739	3527.058	3337.808	3772.385	3514.586	1.010	1.013	1.014
740	3503.075	3327.478	3775.953	3419.713	0.983	0.986	1.007
741	3457.871	3282.992	3623.852	3471.668	0.998	1.001	0.994
742	3498.479	3282.247	3734.161	3505.459	1.008	1.010	1.006
743	3512.211	3265.249	3766.158	3487.972	1.003	1.005	1.010
744	3536.005	3296.006	3861.967	3529.039	1.014	1.017	1.016
745	3527.181	3325.042	3710.923	3549.120	1.020	1.023	1.014
746	3514.336	3353.603	3820.879	3476.806	0.999	1.002	1.010
747	3474.358	3313.689	3717.547	3442.024	0.989	0.992	0.999
748	3472.651	3292.914	3592.705	3508.612	1.008	1.011	0.998
749	3513.432	3198.239	3631.066	3529.088	1.014	1.017	1.010
750	3515.341	3359.057	3670.079	3523.322	1.013	1.016	1.010
751	3504.732	3293.531	3710.070	3521.443	1.012	1.015	1.007
752	3483.275	3354.728	3692.413	3455.555	0.993	0.996	1.001
753	3476.742	3225.560	3784.801	3467.639	0.997	0.999	0.999
754	3549.171	3349.272	3799.109	3541.648	1.018	1.021	1.020
755	3508.682	3346.094	3697.283	3505.835	1.008	1.010	1.009
756	3550.500	3377.144	3674.231	3583.657	1.030	1.033	1.021
757	3523.754	3346.884	3695.891	3565.340	1.025	1.028	1.013
758	3534.280	3377.885	3726.905	3545.746	1.019	1.022	1.016
759	3586.712	3417.415	3784.952	3592.401	1.033	1.035	1.031
760	3536.930	3277.556	3690.294	3571.975	1.027	1.030	1.017
761	3467.387	3237.871	3725.448	3485.871	1.002	1.005	0.997
762	3527.069	3244.413	3873.784	3546.593	1.019	1.022	1.014
763	3525.976	3307.816	3721.674	3561.012	1.024	1.026	1.013
764	3578.168	3450.095	3767.707	3555.990	1.022	1.025	1.028
765	3498.894	3322.854	3652.198	3503.179	1.007	1.010	1.006
766	3487.545	3362.891	3621.786	3495.270	1.005	1.007	1.002
767	3495.410	3298.187	3883.043	3389.860	0.974	0.977	1.005
768	3496.318	3385.606	3624.243	3483.211	1.001	1.004	1.005
769	3471.555	3238.911	3656.119	3492.940	1.004	1.007	0.998
770	3511.647	3359.390	3712.255	3493.356	1.004	1.007	1.009
771	3509.802	3333.199	3668.543	3526.427	1.014	1.016	1.009
772	3419.724	3302.082	3545.828	3401.823	0.978	0.980	0.983
773	3468.418	3282.480	3628.571	3501.959	1.007	1.009	0.997
774	3485.342	3329.094	3674.875	3472.666	0.998	1.001	1.002
775	3498.650	3312.159	3813.670	3513.646	1.010	1.013	1.006
776	3454.965	3342.762	3605.069	3450.386	0.992	0.994	0.993
777	3524.769	3277.113	3816.087	3528.092	1.014	1.017	1.013
778	3507.043	3338.832	3595.708	3539.310	1.017	1.020	1.008
779	3636.618	3378.084	3843.649	3642.960	1.047	1.050	1.045
780	3578.980	3411.839	3821.062	3554.787	1.022	1.025	1.029
781	3536.671	3352.404	3780.108	3545.750	1.019	1.022	1.017
782	3502.683	3361.383	3595.175	3514.288	1.010	1.013	1.007
783	3538.837	3405.923	3695.290	3529.744	1.015	1.017	1.017
784	3608.260	3517.711	3660.917	3617.014	1.040	1.043	1.037
785	3637.229	3428.087	3804.512	3641.235	1.047	1.049	1.045
786	3591.513	3267.452	4033.924	3600.228	1.035	1.038	1.032
787	3502.933	3259.951	3666.548	3524.575	1.013	1.016	1.007
788	3434.443	3273.414	3505.870	3476.436	0.999	1.002	0.987
789	3562.469	3467.060	3667.010	3554.256	1.022	1.024	1.024
790	3596.130	3452.589	3819.117	3581.580	1.029	1.032	1.034
791	3617.041	3331.226	3817.283	3645.202	1.048	1.051	1.040
792	3591.541	3458.031	3744.014	3588.223	1.031	1.034	1.032
793	3635.048	3498.290	3780.292	3633.940	1.045	1.047	1.045
794	3640.902	3297.159	3900.390	3659.119	1.052	1.055	1.047
795	3625.902	3485.933	3818.517	3627.948	1.043	1.046	1.042
796	3598.720	3547.747	3743.293	3570.795	1.026	1.029	1.034
797	3578.542	3455.219	3760.089	3561.042	1.024	1.026	1.029
798	3652.770	3496.772	3839.194	3623.304	1.041	1.044	1.050
799	3712.571	3579.361	3886.181	3714.554	1.068	1.071	1.067
800	3706.842	3594.640	3836.552	3690.693	1.061	1.064	1.065
801	3663.826	3523.205	3770.471	3662.331	1.053	1.056	1.053
802	3603.716	3332.296	3760.275	3610.994	1.038	1.041	1.036
803	3596.568	3484.518	3719.080	3584.095	1.030	1.033	1.034
804	3630.139	3518.600	3814.849	3615.226	1.039	1.042	1.043
805	3707.253	3574.958	4038.862	3699.711	1.063	1.066	1.066
806	3622.824	3420.245	3775.839	3628.115	1.043	1.046	1.041
807	3637.115	3467.323	3837.878	3633.641	1.044	1.047	1.045
808	3660.484	3439.734	3970.549	3628.781	1.043	1.046	1.052
809	3618.578	3437.293	3853.504	3628.403	1.043	1.046	1.040
810	3629.604	3395.146	3839.209	3650.166	1.049	1.052	1.043
811	3578.610	3345.864	3834.177	3577.854	1.028	1.031	1.029
812	3707.467	3501.903	3976.661	3724.573	1.071	1.074	1.066
813	3674.491	3456.326	3826.681	3699.536	1.063	1.066	1.056
814	3674.292	3402.091	3928.096	3681.125	1.058	1.061	1.056
815	3586.784	3406.631	3769.983	3566.256	1.025	1.028	1.031
816	3632.673	3452.084	3705.951	3654.795	1.051	1.053	1.044
817	3650.382	3539.803	3788.209	3670.998	1.055	1.058	1.049
818	3655.110	3534.652	3850.306	3619.392	1.040	1.043	1.051
819	3615.762	3388.104	3793.697	3661.542	1.052	1.055	1.039
820	3565.930	3460.352	3745.370	3526.382	1.014	1.016	1.025
821	3612.297	3478.519	3806.353	3630.650	1.044	1.046	1.038
822	3687.624	3505.405	3934.991	3669.438	1.055	1.058	1.060
823	3640.789	3385.797	3966.212	3602.589	1.035	1.038	1.046
824	3578.600	3382.950	3796.831	3585.072	1.030	1.033	1.029
825	3664.174	3535.473	3774.606	3668.149	1.054	1.057	1.053
826	3577.095	3401.527	3806.403	3523.659	1.013	1.016	1.028
827	3593.036	3451.685	3727.459	3595.265	1.033	1.036	1.033
828	3543.409	3318.849	3666.275	3550.816	1.021	1.023	1.018
829	3559.306	3344.319	3727.954	3554.624	1.022	1.025	1.023
830	3590.848	3431.656	3762.719	3585.625	1.031	1.033	1.032
831	3593.451	3440.160	3802.988	3580.096	1.029	1.032	1.033
832	3643.250	3517.214	3857.364	3634.768	1.045	1.048	1.047
833	3543.618	3428.627	3714.121	3525.344	1.013	1.016	1.019
834	3508.677	3320.639	3681.438	3545.235	1.019	1.022	1.009
835	3537.841	3370.104	3810.444	3495.440	1.005	1.007	1.017
836	3547.565	3436.438	3689.222	3532.902	1.015	1.018	1.020
837	3564.140	3460.594	3636.959	3557.246	1.022	1.025	1.024
838	3510.949	3353.142	3702.118	3462.537	0.995	0.998	1.009
839	3519.323	3350.478	3759.550	3530.041	1.015	1.017	1.012
840	3554.615	3454.442	3675.269	3555.689	1.022	1.025	1.022
841	3534.913	3456.069	3626.965	3537.522	1.017	1.020	1.016
842	3521.156	3350.836	3711.954	3521.766	1.012	1.015	1.012
843	3555.430	3349.001	3790.638	3552.110	1.021	1.024	1.022
844	3524.526	3379.676	3636.589	3538.091	1.017	1.020	1.013
845	3597.310	3496.439	3723.565	3604.011	1.036	1.039	1.034
846	3537.003	3383.458	3632.141	3542.100	1.018	1.021	1.017
847	3601.644	3503.568	3713.971	3607.563	1.037	1.040	1.035
848	3538.512	3360.827	3728.196	3546.800	1.019	1.022	1.017
849	3552.248	3386.037	3675.589	3538.043	1.017	1.020	1.021
850	3588.950	3447.476	3749.302	3609.513	1.037	1.040	1.032
851	3576.488	3408.811	3721.996	3579.785	1.029	1.032	1.028
852	3513.909	3438.279	3633.143	3506.611	1.008	1.011	1.010
853	3606.736	3445.387	3740.479	3641.230	1.047	1.049	1.037
854	3531.359	3379.941	3663.812	3529.461	1.014	1.017	1.015
855	3504.960	3397.024	3596.998	3495.066	1.005	1.007	1.007
856	3506.599	3406.898	3657.295	3503.607	1.007	1.010	1.008
857	3503.061	3395.709	3710.912	3477.627	1.000	1.002	1.007
858	3512.971	3385.064	3686.627	3502.397	1.007	1.009	1.010
859	3606.215	3466.057	3828.167	3584.103	1.030	1.033	1.037
860	3598.784	3451.898	3717.957	3615.600	1.039	1.042	1.034
861	3531.891	3350.633	3659.602	3538.022	1.017	1.020	1.015
862	3457.245	3341.013	3599.814	3465.031	0.996	0.999	0.994
863	3512.013	3388.689	3653.813	3500.443	1.006	1.009	1.009
864	3489.124	3340.667	3621.732	3477.493	1.000	1.002	1.003
865	3544.167	3411.475	3794.221	3530.229	1.015	1.018	1.019
866	3591.499	3448.198	3771.066	3598.574	1.034	1.037	1.032
867	3562.049	3398.308	3723.304	3586.448	1.031	1.034	1.024
868	3593.587	3537.438	3711.982	3589.575	1.032	1.035	1.033
869	3587.577	3493.788	3715.320	3562.007	1.024	1.027	1.031
870	3569.114	3397.976	3786.653	3579.933	1.029	1.032	1.026
871	3512.847	3385.594	3607.165	3502.952	1.007	1.010	1.010
872	3519.609	3308.547	3695.956	3514.010	1.010	1.013	1.012
873	3589.757	3437.032	3719.707	3619.850	1.040	1.043	1.032
874	3589.142	3382.944	3743.250	3584.260	1.030	1.033	1.032
875	3539.956	3406.470	3670.078	3559.379	1.023	1.026	1.017
876	3526.230	3382.610	3753.162	3486.958	1.002	1.005	1.014
877	3503.346	3362.369	3636.406	3494.962	1.005	1.007	1.007
878	3503.801	3350.388	3616.148	3519.457	1.012	1.014	1.007
879	3549.082	3428.103	3675.542	3561.910	1.024	1.027	1.020
880	3616.733	3501.406	3769.218	3626.837	1.042	1.045	1.040
881	3664.147	3545.141	3772.397	3677.976	1.057	1.060	1.053
882	3634.714	3530.799	3759.891	3641.829	1.047	1.050	1.045
883	3553.038	3384.867	3680.577	3561.302	1.024	1.026	1.021
884	3499.784	3385.525	3653.587	3498.466	1.006	1.008	1.006
885	3502.115	3397.565	3736.821	3475.010	0.999	1.002	1.007
886	3499.312	3392.534	3567.617	3506.027	1.008	1.011	1.006
887	3493.119	3395.905	3560.910	3504.070	1.007	1.010	1.004
888	3541.259	3416.286	3652.293	3561.836	1.024	1.027	1.018
889	3529.924	3410.688	3661.648	3548.498	1.020	1.023	1.015
890	3547.771	3372.698	3661.843	3584.746	1.030	1.033	1.020
891	3498.975	3364.647	3589.532	3500.010	1.006	1.009	1.006
892	3538.478	3287.039	3707.560	3538.343	1.017	1.020	1.017
893	3480.906	3330.997	3550.693	3497.096	1.005	1.008	1.001
894	3479.543	3390.396	3629.762	3474.109	0.999	1.001	1.000
895	3524.367	3378.618	3699.406	3510.321	1.009	1.012	1.013
896	3446.456	3293.320	3576.035	3464.665	0.996	0.999	0.991
897	3475.363	3372.247	3633.401	3481.883	1.001	1.004	0.999
898	3544.956	3357.619	3757.137	3524.574	1.013	1.016	1.019
899	3579.284	3380.610	3800.603	3588.631	1.031	1.034	1.029
900	3527.175	3275.225	3747.938	3525.797	1.013	1.016	1.014
901	3552.502	3394.344	3692.358	3546.386	1.019	1.022	1.021
902	3517.089	3371.467	3617.849	3536.220	1.016	1.019	1.011
903	3518.682	3429.357	3616.744	3507.334	1.008	1.011	1.011
904	3559.621	3465.750	3694.841	3545.322	1.019	1.022	1.023
905	3544.765	3416.464	3650.842	3557.940	1.023	1.025	1.019
906	3585.868	3479.412	3863.409	3554.801	1.022	1.025	1.031
907	3610.862	3477.702	3765.058	3623.708	1.042	1.044	1.038
908	3561.191	3378.416	3821.607	3554.241	1.022	1.024	1.024
909	3580.786	3357.985	3774.231	3590.732	1.032	1.035	1.029
910	3550.254	3438.344	3658.193	3549.594	1.020	1.023	1.020
911	3475.676	3292.909	3643.751	3477.254	0.999	1.002	0.999
912	3525.938	3427.650	3795.681	3504.318	1.007	1.010	1.013
913	3543.641	3398.964	3676.308	3526.853	1.014	1.017	1.019
914	3464.759	3269.780	3613.377	3470.380	0.997	1.000	0.996
915	3483.735	3368.908	3622.126	3449.059	0.991	0.994	1.001
916	3536.981	3318.015	3767.057	3526.293	1.014	1.016	1.017
917	3510.362	3348.208	3707.373	3516.923	1.011	1.014	1.009
918	3505.673	3315.782	3610.121	3506.128	1.008	1.011	1.008
919	3530.660	3325.786	3660.359	3546.557	1.019	1.022	1.015
920	3545.754	3425.691	3689.683	3543.331	1.018	1.021	1.019
921	3571.284	3481.342	3783.477	3558.937	1.023	1.026	1.027
922	3540.439	3366.560	3646.510	3544.426	1.019	1.022	1.018
923	3519.388	3356.084	3700.030	3468.929	0.997	1.000	1.012
924	3512.789	3265.691	3702.986	3517.265	1.011	1.014	1.010
925	3480.800	3356.060	3552.596	3503.915	1.007	1.010	1.000
926	3522.745	3395.446	3771.248	3532.544	1.015	1.018	1.013
927	3489.157	3328.963	3687.624	3491.726	1.004	1.006	1.003
928	3422.866	3324.497	3538.817	3413.305	0.981	0.984	0.984
929	3489.788	3310.439	3650.023	3507.275	1.008	1.011	1.003
930	3518.456	3360.632	3689.085	3501.181	1.006	1.009	1.011
931	3465.787	3298.861	3558.727	3506.606	1.008	1.011	0.996
932	3424.821	3284.651	3522.005	3407.497	0.979	0.982	0.984
933	3438.611	3326.756	3554.176	3434.225	0.987	0.990	0.988
934	3488.799	3429.537	3556.015	3490.128	1.003	1.006	1.003
935	3494.992	3335.513	3590.756	3501.127	1.006	1.009	1.005
936	3521.296	3452.549	3661.097	3497.154	1.005	1.008	1.012
937	3487.823	3349.643	3667.168	3465.662	0.996	0.999	1.003
938	3452.780	3361.459	3551.426	3447.227	0.991	0.994	0.992
939	3429.084	3305.931	3648.582	3406.712	0.979	0.982	0.986
940	3472.220	3322.902	3569.590	3491.732	1.004	1.006	0.998
941	3473.001	3338.866	3627.998	3473.216	0.998	1.001	0.998
942	3495.288	3353.633	3575.899	3502.620	1.007	1.010	1.005
943	3508.921	3415.512	3645.795	3504.212	1.007	1.010	1.009
944	3467.255	3352.449	3639.900	3470.075	0.997	1.000	0.997
945	3447.528	3306.159	3652.887	3420.854	0.983	0.986	0.991
946	3443.999	3299.423	3545.615	3458.112	0.994	0.997	0.990
947	3446.124	3333.039	3596.586	3458.218	0.994	0.997	0.991
948	3442.560	3255.411	3763.154	3410.499	0.980	0.983	0.990
949	3655.778	3544.603	3747.560	3655.837	1.051	1.054	1.051
950	3655.778	3544.603	3747.560	3655.837	1.051	1.054	1.051
