 	Mean	Min	Max	Median	Max_to_bgmean	Median_to_bgmedian	Mean_to_bgmean
1	3749.088	3633.537	3806.961	3777.036	0.895	0.899	0.888
2	3716.871	3590.304	4008.609	3660.673	0.867	0.872	0.881
3	3797.146	3645.977	3921.167	3815.969	0.904	0.909	0.900
4	3758.243	3623.746	3858.234	3773.198	0.894	0.898	0.891
5	3799.276	3548.440	4094.182	3783.801	0.897	0.901	0.900
6	3769.035	3556.052	3981.692	3752.564	0.889	0.893	0.893
7	3697.226	3565.528	3804.258	3712.919	0.880	0.884	0.876
8	3687.072	3574.923	3865.897	3686.693	0.874	0.878	0.874
9	3692.866	3456.530	4036.344	3709.014	0.879	0.883	0.875
10	3656.427	3452.675	4018.469	3632.169	0.861	0.865	0.866
11	3698.156	3504.019	3966.579	3671.096	0.870	0.874	0.876
12	3711.739	3559.510	3868.470	3708.294	0.879	0.883	0.880
13	3730.922	3593.081	3910.840	3729.796	0.884	0.888	0.884
14	3779.770	3556.945	3967.832	3773.433	0.894	0.898	0.896
15	3770.356	3679.349	3808.842	3780.411	0.896	0.900	0.893
16	3770.063	3534.827	3961.431	3749.608	0.889	0.893	0.893
17	3774.107	3615.535	4139.856	3738.657	0.886	0.890	0.894
18	3722.855	3552.303	3890.832	3705.901	0.878	0.882	0.882
19	3706.462	3564.307	3865.394	3703.998	0.878	0.882	0.878
20	3721.475	3538.692	3899.605	3751.900	0.889	0.893	0.882
21	3766.486	3544.279	4087.640	3698.008	0.876	0.880	0.893
22	3732.337	3653.574	3802.410	3739.214	0.886	0.890	0.884
23	3690.111	3565.080	3807.353	3697.156	0.876	0.880	0.874
24	3719.942	3537.916	3865.617	3763.387	0.892	0.896	0.881
25	3730.998	3551.307	3883.411	3719.062	0.881	0.885	0.884
26	3679.297	3532.800	3801.619	3686.882	0.874	0.878	0.872
27	3713.756	3581.449	3834.864	3717.537	0.881	0.885	0.880
28	3776.004	3583.444	4141.221	3735.146	0.885	0.889	0.895
29	3778.854	3661.316	4003.015	3757.020	0.890	0.895	0.895
30	3788.418	3683.909	3888.940	3788.027	0.898	0.902	0.898
31	3701.675	3471.950	3895.078	3700.325	0.877	0.881	0.877
32	3707.660	3564.399	3832.732	3708.429	0.879	0.883	0.879
33	3724.152	3521.342	3975.891	3695.345	0.876	0.880	0.882
34	3768.643	3498.212	4189.382	3751.021	0.889	0.893	0.893
35	3761.277	3474.776	4009.902	3783.365	0.897	0.901	0.891
36	3735.178	3626.888	3882.548	3717.497	0.881	0.885	0.885
37	3746.981	3665.200	3827.443	3727.399	0.883	0.887	0.888
38	3700.975	3507.362	3917.806	3738.682	0.886	0.890	0.877
39	3718.077	3581.001	3941.755	3672.540	0.870	0.874	0.881
40	3711.061	3600.969	3841.813	3725.370	0.883	0.887	0.879
41	3779.091	3656.906	3907.843	3775.116	0.895	0.899	0.895
42	3719.700	3588.104	3867.898	3700.817	0.877	0.881	0.881
43	3706.156	3595.008	4077.823	3668.148	0.869	0.873	0.878
44	3647.955	3497.781	3791.418	3618.637	0.857	0.862	0.864
45	3609.641	3444.347	3774.165	3610.798	0.856	0.860	0.855
46	3670.491	3433.407	3796.104	3744.990	0.887	0.892	0.870
47	3679.217	3460.403	3888.771	3683.622	0.873	0.877	0.872
48	3662.554	3469.478	3878.613	3619.766	0.858	0.862	0.868
49	3594.619	3481.093	3772.770	3552.196	0.842	0.846	0.852
50	3569.225	3424.051	3686.780	3566.396	0.845	0.849	0.846
51	3577.534	3437.447	3681.772	3594.810	0.852	0.856	0.848
52	3562.753	3440.356	3684.795	3564.828	0.845	0.849	0.844
53	3586.699	3448.973	3645.731	3615.744	0.857	0.861	0.850
54	3634.641	3486.983	3777.560	3622.646	0.858	0.863	0.861
55	3535.768	3434.966	3611.796	3527.248	0.836	0.840	0.838
56	3590.656	3421.405	3735.741	3554.946	0.842	0.846	0.851
57	3541.946	3452.397	3656.698	3556.685	0.843	0.847	0.839
58	3530.426	3424.908	3721.872	3514.654	0.833	0.837	0.837
59	3584.792	3430.132	3725.530	3601.766	0.853	0.858	0.849
60	3580.311	3423.030	3669.110	3593.931	0.852	0.856	0.848
61	3599.739	3452.439	3884.217	3557.367	0.843	0.847	0.853
62	3625.552	3412.085	3841.164	3625.839	0.859	0.863	0.859
63	3568.290	3383.674	3710.770	3589.068	0.850	0.855	0.846
64	3560.877	3352.848	3775.092	3571.008	0.846	0.850	0.844
65	3633.626	3458.100	3941.099	3609.708	0.855	0.859	0.861
66	3636.587	3502.151	3823.685	3617.627	0.857	0.861	0.862
67	3602.729	3388.438	3819.701	3566.292	0.845	0.849	0.854
68	3564.565	3453.044	3756.612	3552.429	0.842	0.846	0.845
69	3647.219	3480.160	3923.412	3605.650	0.854	0.858	0.864
70	3693.194	3487.410	3946.008	3694.200	0.875	0.880	0.875
71	3598.808	3406.083	3940.963	3536.792	0.838	0.842	0.853
72	3549.005	3342.091	3672.784	3573.760	0.847	0.851	0.841
73	3601.550	3383.173	3931.234	3569.018	0.846	0.850	0.853
74	3602.809	3312.442	3845.440	3600.414	0.853	0.857	0.854
75	3582.456	3284.457	3813.100	3571.522	0.846	0.850	0.849
76	3589.290	3440.631	3819.331	3586.175	0.850	0.854	0.851
77	3631.409	3257.957	3866.101	3643.641	0.863	0.868	0.860
78	3654.227	3324.991	4005.273	3634.945	0.861	0.865	0.866
79	3581.814	3477.353	3774.114	3569.626	0.846	0.850	0.849
80	3579.570	3381.618	3871.241	3558.542	0.843	0.847	0.848
81	3537.773	3344.516	3734.348	3496.111	0.828	0.832	0.838
82	3477.716	3311.286	3727.295	3440.527	0.815	0.819	0.824
83	3443.761	3262.553	3680.548	3409.032	0.808	0.812	0.816
84	3503.084	3302.001	3756.432	3482.991	0.825	0.829	0.830
85	3509.204	3319.613	3753.413	3508.117	0.831	0.835	0.832
86	3497.820	3381.931	3633.751	3487.862	0.826	0.830	0.829
87	3533.711	3375.644	3862.242	3492.429	0.828	0.832	0.837
88	3546.002	3377.708	3810.964	3497.006	0.829	0.833	0.840
89	3506.161	3373.272	3797.122	3450.060	0.818	0.821	0.831
90	3501.138	3377.928	3587.242	3516.144	0.833	0.837	0.830
91	3488.092	3157.133	3688.405	3494.252	0.828	0.832	0.827
92	3449.371	3277.994	3711.721	3446.196	0.817	0.821	0.817
93	3377.505	3253.333	3522.649	3369.159	0.798	0.802	0.800
94	3417.134	3286.328	3499.815	3401.685	0.806	0.810	0.810
95	3397.727	3229.023	3521.260	3399.160	0.805	0.809	0.805
96	3438.055	3248.016	3581.853	3461.483	0.820	0.824	0.815
97	3487.993	3348.709	3697.935	3447.578	0.817	0.821	0.827
98	3421.715	3262.492	3578.704	3407.787	0.808	0.811	0.811
99	3427.000	3280.920	3607.465	3399.666	0.806	0.809	0.812
100	3484.194	3331.546	3630.649	3494.260	0.828	0.832	0.826
101	3482.241	3297.506	3741.537	3461.346	0.820	0.824	0.825
102	3499.864	3371.079	3773.388	3447.238	0.817	0.821	0.829
103	3472.751	3337.010	3620.799	3467.008	0.822	0.825	0.823
104	3479.453	3359.399	3771.979	3439.700	0.815	0.819	0.824
105	3515.724	3335.670	3651.469	3517.942	0.834	0.838	0.833
106	3517.641	3315.206	3672.887	3543.741	0.840	0.844	0.834
107	3495.270	3360.442	3595.936	3523.684	0.835	0.839	0.828
108	3496.722	3373.324	3719.231	3471.316	0.823	0.827	0.829
109	3504.391	3376.990	3911.636	3450.539	0.818	0.822	0.830
110	3445.936	3255.564	3731.950	3433.313	0.814	0.817	0.817
111	3554.156	3318.538	3837.851	3495.886	0.828	0.832	0.842
112	3492.798	3430.886	3594.308	3455.588	0.819	0.823	0.828
113	3594.282	3459.030	3802.961	3569.243	0.846	0.850	0.852
114	3603.077	3335.245	3836.325	3586.311	0.850	0.854	0.854
115	3560.006	3319.376	3743.176	3553.865	0.842	0.846	0.844
116	3560.690	3406.615	3688.066	3566.082	0.845	0.849	0.844
117	3596.367	3257.085	3772.193	3666.632	0.869	0.873	0.852
118	3650.793	3409.354	3968.779	3591.643	0.851	0.855	0.865
119	3621.666	3374.546	3985.404	3593.225	0.851	0.856	0.858
120	3627.820	3428.298	3898.740	3587.829	0.850	0.854	0.860
121	3631.426	3467.859	3815.441	3627.472	0.860	0.864	0.860
122	3643.351	3376.448	3981.293	3671.087	0.870	0.874	0.863
123	3617.194	3288.059	3945.974	3632.689	0.861	0.865	0.857
124	3646.911	3261.768	4125.856	3701.920	0.877	0.881	0.864
125	3641.002	3221.908	4275.869	3589.562	0.851	0.855	0.863
126	3657.820	3288.751	4237.118	3585.793	0.850	0.854	0.867
127	3618.814	3419.197	3916.777	3581.040	0.849	0.853	0.858
128	3565.720	3369.285	3797.178	3579.153	0.848	0.852	0.845
129	3587.424	3323.348	3996.392	3468.262	0.822	0.826	0.850
130	3654.089	3342.879	4098.594	3589.204	0.850	0.855	0.866
131	3624.381	3351.109	4081.763	3612.334	0.856	0.860	0.859
132	3472.652	3301.584	3772.260	3424.555	0.811	0.815	0.823
133	3482.329	3314.697	3904.592	3424.480	0.811	0.815	0.825
134	3530.552	3369.818	3915.256	3477.833	0.824	0.828	0.837
135	3552.549	3379.539	3860.081	3494.415	0.828	0.832	0.842
136	3549.767	3398.131	3895.442	3474.299	0.823	0.827	0.841
137	3550.844	3344.558	3890.182	3549.850	0.841	0.845	0.841
138	3627.838	3362.893	4051.188	3627.587	0.860	0.864	0.860
139	3595.303	3329.175	4082.887	3589.102	0.850	0.855	0.852
140	3514.278	3347.799	3820.436	3483.729	0.825	0.829	0.833
141	3545.444	3332.123	3892.089	3458.480	0.820	0.823	0.840
142	3546.155	3404.049	3747.876	3529.493	0.836	0.840	0.840
143	3600.355	3420.388	3924.399	3594.087	0.852	0.856	0.853
144	3584.815	3391.630	3968.297	3525.719	0.835	0.839	0.849
145	3613.754	3395.637	4004.184	3567.444	0.845	0.849	0.856
146	3693.329	3360.752	4439.708	3569.739	0.846	0.850	0.875
147	3729.368	3406.263	4109.294	3776.145	0.895	0.899	0.884
148	3780.003	3467.336	4468.153	3679.923	0.872	0.876	0.896
149	3785.172	3479.332	4362.831	3717.775	0.881	0.885	0.897
150	3786.611	3400.430	4242.870	3880.172	0.919	0.924	0.897
151	3790.799	3490.558	4204.295	3824.535	0.906	0.911	0.898
152	3835.435	3498.230	4293.298	3758.211	0.891	0.895	0.909
153	3833.590	3492.185	4148.554	3840.381	0.910	0.914	0.908
154	3845.040	3475.163	4324.737	3776.881	0.895	0.899	0.911
155	3826.620	3217.655	4229.472	3802.309	0.901	0.905	0.907
156	3800.907	3502.102	4220.917	3721.669	0.882	0.886	0.901
157	3827.818	3592.266	4047.490	3832.492	0.908	0.912	0.907
158	3929.268	3533.486	4236.215	3938.625	0.933	0.938	0.931
159	3881.069	3649.862	4104.397	3870.339	0.917	0.922	0.920
160	3928.191	3677.173	4197.338	3880.707	0.920	0.924	0.931
161	3864.086	3597.432	4088.798	3876.619	0.919	0.923	0.916
162	3895.936	3549.422	4148.252	3924.216	0.930	0.934	0.923
163	3950.020	3833.431	4063.843	3928.838	0.931	0.935	0.936
164	3899.634	3718.491	4242.533	3875.054	0.918	0.923	0.924
165	3951.562	3786.197	4286.139	3897.915	0.924	0.928	0.936
166	3959.559	3541.604	4433.277	3954.538	0.937	0.942	0.938
167	3833.482	3611.107	4050.150	3845.095	0.911	0.915	0.908
168	3875.754	3706.651	4145.202	3810.789	0.903	0.907	0.918
169	3828.251	3576.808	3962.671	3859.453	0.915	0.919	0.907
170	3871.729	3669.140	4146.177	3861.161	0.915	0.919	0.917
171	3920.405	3701.461	4372.667	3843.798	0.911	0.915	0.929
172	3955.562	3665.426	4373.348	3886.412	0.921	0.925	0.937
173	3957.144	3689.306	4291.675	3943.045	0.934	0.939	0.938
174	3966.878	3670.608	4500.254	3894.551	0.923	0.927	0.940
175	3945.155	3620.628	4635.982	3886.500	0.921	0.925	0.935
176	3933.913	3497.075	4455.960	3924.299	0.930	0.934	0.932
177	3918.123	3577.516	4244.929	3945.451	0.935	0.939	0.928
178	4032.002	3701.272	4356.730	3930.166	0.931	0.936	0.955
179	3959.561	3779.733	4260.737	3910.955	0.927	0.931	0.938
180	4119.215	3938.378	4266.725	4135.528	0.980	0.985	0.976
181	4097.673	3803.094	4292.531	4141.493	0.981	0.986	0.971
182	4024.982	3693.793	4289.193	4003.175	0.949	0.953	0.954
183	4099.718	3739.072	4293.786	4120.796	0.976	0.981	0.971
184	4268.768	4009.219	4575.016	4277.105	1.013	1.018	1.012
185	4366.421	3779.270	4615.115	4445.643	1.053	1.058	1.035
186	4303.939	3646.965	4590.334	4442.666	1.053	1.058	1.020
187	4378.846	3901.342	4830.516	4465.344	1.058	1.063	1.038
188	4266.379	3881.581	4508.385	4330.897	1.026	1.031	1.011
189	4387.706	4006.756	4674.146	4451.718	1.055	1.060	1.040
190	4444.163	3975.080	4922.622	4468.194	1.059	1.064	1.053
191	4346.404	3795.634	4773.922	4401.262	1.043	1.048	1.030
192	4272.265	3850.117	4739.090	4354.272	1.032	1.037	1.012
193	4289.562	3886.379	4801.485	4248.185	1.007	1.011	1.016
194	4318.217	3848.812	4883.771	4209.472	0.997	1.002	1.023
195	4249.292	3852.901	4609.979	4353.700	1.032	1.037	1.007
196	4340.979	3949.382	4889.950	4274.620	1.013	1.018	1.029
197	4221.417	3832.794	4514.588	4261.986	1.010	1.015	1.000
198	4046.694	3763.146	4384.927	4054.551	0.961	0.965	0.959
199	4188.588	3520.048	4650.928	4296.376	1.018	1.023	0.993
200	4359.083	3821.102	5113.337	4236.180	1.004	1.009	1.033
201	4239.409	3788.903	4749.090	4263.445	1.010	1.015	1.005
202	4273.366	3718.988	4656.497	4383.003	1.039	1.044	1.013
203	4297.962	3630.417	4718.888	4396.848	1.042	1.047	1.018
204	4292.549	3594.817	4883.053	4336.565	1.028	1.033	1.017
205	4318.702	3715.520	5043.704	4295.090	1.018	1.023	1.023
206	4424.183	3780.925	4979.576	4356.849	1.032	1.037	1.048
207	4383.638	3832.109	4859.741	4377.228	1.037	1.042	1.039
208	4231.620	3612.427	4655.974	4280.986	1.014	1.019	1.003
209	4328.469	3627.419	4882.884	4484.265	1.063	1.068	1.026
210	4364.978	3705.594	4848.331	4393.386	1.041	1.046	1.034
211	4392.524	3745.301	4843.258	4518.419	1.071	1.076	1.041
212	4306.118	3594.774	4850.287	4509.020	1.068	1.074	1.020
213	4351.297	3483.866	4997.416	4411.553	1.045	1.050	1.031
214	4356.534	3743.472	4961.329	4509.792	1.069	1.074	1.032
215	4346.730	3722.659	4743.497	4461.915	1.057	1.062	1.030
216	4445.035	3907.655	4952.024	4482.165	1.062	1.067	1.053
217	4520.522	3757.739	5096.442	4555.219	1.079	1.085	1.071
218	4695.338	3863.616	5648.275	4868.977	1.154	1.159	1.113
219	4659.182	3768.304	5367.899	4792.210	1.136	1.141	1.104
220	4591.554	3595.379	5481.216	4808.646	1.139	1.145	1.088
221	4609.337	3665.976	5514.074	4621.825	1.095	1.100	1.092
222	4685.381	3751.401	5241.529	4854.185	1.150	1.156	1.110
223	4690.619	3862.693	5157.819	4888.408	1.158	1.164	1.111
224	4679.920	3815.246	5366.438	4788.671	1.135	1.140	1.109
225	4682.130	3647.979	5315.720	4773.175	1.131	1.136	1.109
226	4514.851	3786.625	5126.218	4595.475	1.089	1.094	1.070
227	4568.922	3699.604	5249.652	4661.094	1.104	1.110	1.083
228	4689.630	3711.740	5243.735	4828.050	1.144	1.150	1.111
229	4811.749	4190.391	5321.950	4956.048	1.174	1.180	1.140
230	4820.710	3943.870	5506.178	4743.326	1.124	1.129	1.142
231	4742.479	4010.276	5313.311	4840.497	1.147	1.152	1.124
232	4661.013	3991.461	5383.751	4716.662	1.118	1.123	1.104
233	4706.621	3760.911	5360.713	4811.660	1.140	1.146	1.115
234	4722.101	4040.770	5365.502	4775.097	1.131	1.137	1.119
235	4673.377	4016.196	5092.815	4889.453	1.159	1.164	1.107
236	4689.853	3737.690	5542.881	4760.357	1.128	1.133	1.111
237	4716.610	4120.429	5465.887	4593.822	1.089	1.094	1.118
238	4595.280	4011.930	5109.156	4676.289	1.108	1.113	1.089
239	4489.626	3832.823	4890.229	4610.335	1.092	1.098	1.064
240	4435.671	3492.711	5084.197	4493.938	1.065	1.070	1.051
241	4595.365	3720.269	5257.240	4696.768	1.113	1.118	1.089
242	4489.650	3790.567	5129.538	4748.176	1.125	1.131	1.064
243	4484.096	3835.081	4961.769	4582.268	1.086	1.091	1.063
244	4309.810	3737.510	4647.754	4406.216	1.044	1.049	1.021
245	4367.196	3743.573	4775.837	4483.154	1.062	1.067	1.035
246	4458.252	3924.300	4918.117	4568.623	1.083	1.088	1.056
247	4300.769	3806.981	4764.299	4444.331	1.053	1.058	1.019
248	4316.227	3797.786	4749.805	4463.055	1.058	1.063	1.023
249	4322.555	3788.831	4612.710	4477.699	1.061	1.066	1.024
250	4294.603	3661.456	4849.260	4261.469	1.010	1.015	1.018
251	4352.263	3701.145	4896.676	4325.325	1.025	1.030	1.031
252	4350.440	3673.915	4899.453	4429.613	1.050	1.055	1.031
253	4450.553	3719.733	5014.595	4628.563	1.097	1.102	1.055
254	4428.177	3640.344	4924.841	4573.550	1.084	1.089	1.049
255	4492.727	3723.081	4992.676	4556.006	1.080	1.085	1.065
256	4361.054	3795.779	4914.755	4377.515	1.037	1.042	1.033
257	4328.774	3952.791	4652.642	4411.940	1.045	1.050	1.026
258	4390.264	3836.283	4819.858	4479.195	1.061	1.066	1.040
259	4688.764	3905.829	5121.004	4913.150	1.164	1.170	1.111
260	4510.286	3918.870	4861.765	4574.760	1.084	1.089	1.069
261	4454.360	3766.193	5109.812	4405.471	1.044	1.049	1.055
262	4494.508	3627.114	5264.612	4468.611	1.059	1.064	1.065
263	4518.315	3697.207	5003.918	4542.248	1.076	1.081	1.071
264	4675.991	3814.175	5643.516	4644.211	1.100	1.106	1.108
265	4679.508	3697.105	5464.521	4780.510	1.133	1.138	1.109
266	4698.960	3625.302	5403.830	4910.083	1.163	1.169	1.113
267	4800.275	3702.052	5572.090	5080.105	1.204	1.210	1.137
268	4797.470	3697.286	5347.552	4873.805	1.155	1.160	1.137
269	4936.433	3851.720	5519.594	5056.506	1.198	1.204	1.170
270	5033.782	4093.260	5952.060	5018.533	1.189	1.195	1.193
271	5108.472	4076.095	5825.555	5293.682	1.254	1.260	1.210
272	5037.464	3956.594	5817.563	5162.462	1.223	1.229	1.194
273	4958.780	4088.025	5666.890	5073.288	1.202	1.208	1.175
274	4873.946	3959.589	5253.591	4979.981	1.180	1.186	1.155
275	4928.123	4133.765	5560.362	4984.820	1.181	1.187	1.168
276	4917.780	4209.943	5649.140	4945.337	1.172	1.177	1.165
277	4852.951	4102.362	5422.958	4947.463	1.172	1.178	1.150
278	5009.787	4118.449	5973.684	5191.550	1.230	1.236	1.187
279	4978.047	4029.666	5576.933	5096.214	1.208	1.213	1.180
280	4863.818	3900.668	5344.604	5095.781	1.207	1.213	1.153
281	4960.163	3860.928	5606.995	5225.913	1.238	1.244	1.175
282	4966.597	4067.443	5802.087	5169.021	1.225	1.231	1.177
283	4976.740	4283.031	5652.279	5182.571	1.228	1.234	1.179
284	5063.001	3866.880	5663.992	5409.324	1.282	1.288	1.200
285	4872.140	4000.146	5637.583	4990.784	1.183	1.188	1.154
286	4799.986	4032.869	5503.583	4968.513	1.177	1.183	1.137
287	4680.196	4005.107	5464.253	4822.840	1.143	1.148	1.109
288	4740.518	4035.484	5357.781	4734.747	1.122	1.127	1.123
289	4615.148	3653.890	5241.656	4613.804	1.093	1.099	1.094
290	4638.386	3760.420	5463.668	4606.074	1.091	1.097	1.099
291	4497.374	3710.250	5257.288	4515.032	1.070	1.075	1.066
292	4697.677	3733.376	5189.452	4915.965	1.165	1.170	1.113
293	4668.489	3686.948	5375.596	4703.558	1.115	1.120	1.106
294	4745.320	3715.553	5577.189	4822.641	1.143	1.148	1.124
295	4668.166	3679.674	5285.857	4687.379	1.111	1.116	1.106
296	4720.282	4102.310	5242.340	4819.693	1.142	1.148	1.119
297	4891.189	3932.760	5487.161	5113.633	1.212	1.218	1.159
298	4840.164	4090.736	5610.069	5003.396	1.186	1.191	1.147
299	4769.388	3900.693	5479.160	4918.511	1.165	1.171	1.130
300	4736.693	4146.796	5314.605	4810.081	1.140	1.145	1.122
301	4604.931	4280.473	4891.497	4551.662	1.079	1.084	1.091
302	4542.845	4185.891	4798.650	4650.614	1.102	1.107	1.076
303	4453.474	4031.288	4706.753	4503.784	1.067	1.072	1.055
304	4551.049	3905.614	5067.194	4635.480	1.098	1.104	1.078
305	4572.505	3909.826	5002.487	4749.720	1.125	1.131	1.083
306	4648.140	3998.025	5079.057	4763.617	1.129	1.134	1.101
307	4885.914	4050.477	5389.832	4958.688	1.175	1.181	1.158
308	4794.053	4056.205	5198.101	4944.725	1.172	1.177	1.136
309	4842.162	4309.698	5461.890	4836.624	1.146	1.152	1.147
310	4890.520	4319.249	5419.937	4887.385	1.158	1.164	1.159
311	4960.390	4013.315	5621.527	4982.940	1.181	1.186	1.175
312	5105.002	4183.572	5960.697	5110.644	1.211	1.217	1.210
313	5130.417	4350.970	5913.186	5134.690	1.217	1.223	1.216
314	5152.362	4232.645	5703.337	5267.856	1.248	1.254	1.221
315	5120.166	4477.483	5745.052	5157.699	1.222	1.228	1.213
316	5094.805	4680.048	5478.446	5021.669	1.190	1.196	1.207
317	4976.718	4689.464	5313.245	4927.842	1.168	1.173	1.179
318	5017.667	4737.129	5244.493	5057.810	1.198	1.204	1.189
319	4849.072	4458.272	5323.575	4721.964	1.119	1.124	1.149
320	4909.480	4739.987	5152.659	4898.089	1.161	1.166	1.163
321	4974.831	4641.571	5245.671	5002.738	1.185	1.191	1.179
322	4930.975	4493.941	5399.794	4918.137	1.165	1.171	1.168
323	5082.483	4557.947	5561.277	5148.263	1.220	1.226	1.204
324	5057.727	4605.046	5290.963	5129.180	1.215	1.221	1.198
325	5120.659	4655.626	5803.469	5074.646	1.202	1.208	1.213
326	4937.161	4501.975	5438.856	4883.520	1.157	1.163	1.170
327	5020.618	4508.960	5532.854	5110.608	1.211	1.217	1.190
328	5105.824	4429.954	5765.417	5216.129	1.236	1.242	1.210
329	5052.290	4597.813	5446.115	5001.571	1.185	1.191	1.197
330	5058.609	4815.627	5358.043	5058.634	1.199	1.204	1.199
331	5082.817	4529.009	5585.693	5064.357	1.200	1.206	1.204
332	4976.501	4683.539	5257.000	4959.122	1.175	1.181	1.179
333	5134.109	4272.440	5950.967	5138.832	1.218	1.224	1.217
334	5063.822	4543.328	5612.488	5203.969	1.233	1.239	1.200
335	5244.904	4511.872	6085.639	5185.702	1.229	1.235	1.243
336	4996.723	4216.882	5489.277	5012.277	1.188	1.193	1.184
337	5078.049	4229.208	5622.773	5180.925	1.228	1.234	1.203
338	5200.348	4333.786	5735.602	5206.884	1.234	1.240	1.232
339	5290.620	4161.556	6097.714	5213.898	1.235	1.241	1.254
340	5204.460	3953.951	6094.167	5473.334	1.297	1.303	1.233
341	5169.912	4057.400	6033.849	5265.914	1.248	1.254	1.225
342	5017.037	4232.141	5626.336	5036.380	1.193	1.199	1.189
343	5215.280	4233.563	6141.960	5326.075	1.262	1.268	1.236
344	5258.948	4168.142	6061.705	5376.094	1.274	1.280	1.246
345	4947.752	3849.293	5945.984	5014.357	1.188	1.194	1.172
346	4959.830	3870.877	6033.073	5118.688	1.213	1.219	1.175
347	4854.674	3941.272	5485.001	5011.207	1.187	1.193	1.150
348	4844.333	3814.197	5525.509	5029.411	1.192	1.197	1.148
349	4914.752	3882.019	5712.392	5125.694	1.215	1.220	1.165
350	4927.662	3934.746	5742.437	5046.318	1.196	1.202	1.168
351	4910.426	3782.045	5772.545	5114.656	1.212	1.218	1.164
352	4981.871	3902.812	6009.480	5046.861	1.196	1.202	1.180
353	4788.492	3855.977	5627.548	4804.494	1.138	1.144	1.135
354	4748.004	3835.528	5495.386	4868.711	1.154	1.159	1.125
355	4776.495	3919.627	5667.933	4866.472	1.153	1.159	1.132
356	4732.308	3626.684	5590.976	4769.707	1.130	1.136	1.121
357	4561.309	3535.022	5502.965	4519.930	1.071	1.076	1.081
358	4530.989	3548.329	5386.559	4773.695	1.131	1.137	1.074
359	4716.829	3623.682	6226.533	4767.950	1.130	1.135	1.118
360	4625.628	3514.378	5918.273	4597.249	1.089	1.095	1.096
361	4678.796	3511.346	5857.840	4662.263	1.105	1.110	1.109
362	4621.105	3514.418	6130.602	4546.208	1.077	1.082	1.095
363	4635.566	3835.992	5938.709	4502.834	1.067	1.072	1.098
364	4607.657	3610.696	5541.229	4593.012	1.088	1.094	1.092
365	4374.258	3490.737	5218.798	4385.571	1.039	1.044	1.037
366	4499.397	3622.347	5422.946	4415.521	1.046	1.051	1.066
367	4480.266	3486.211	5692.647	4377.060	1.037	1.042	1.062
368	4486.533	3568.176	5730.707	4297.949	1.018	1.023	1.063
369	4650.364	3437.326	5917.693	4653.915	1.103	1.108	1.102
370	4648.350	3411.338	6241.058	4693.235	1.112	1.117	1.101
371	4618.895	3412.666	5508.174	4846.557	1.148	1.154	1.094
372	4614.819	3645.812	5525.074	4812.303	1.140	1.146	1.094
373	4539.441	3586.472	5570.045	4603.033	1.091	1.096	1.076
374	4704.015	3690.066	5785.237	4897.243	1.160	1.166	1.115
375	4691.879	3694.206	5420.187	4935.464	1.170	1.175	1.112
376	4658.894	3761.516	5381.358	4832.355	1.145	1.151	1.104
377	4790.494	3856.196	5921.962	4927.489	1.168	1.173	1.135
378	4610.805	3626.201	5467.293	4930.393	1.168	1.174	1.093
379	4617.582	3645.378	5506.971	4795.428	1.136	1.142	1.094
380	4584.710	3525.469	5918.062	4597.344	1.089	1.095	1.086
381	4571.524	3689.017	5472.961	4643.603	1.100	1.106	1.083
382	4508.718	3699.492	5276.303	4719.711	1.118	1.124	1.068
383	4444.949	3771.711	5036.293	4623.986	1.096	1.101	1.053
384	4382.480	3587.445	4956.300	4572.897	1.084	1.089	1.038
385	4291.476	3618.051	4827.940	4328.263	1.026	1.031	1.017
386	4412.718	3549.121	5083.371	4427.031	1.049	1.054	1.046
387	4382.682	3511.142	5111.665	4454.390	1.056	1.061	1.039
388	4289.469	3571.213	5038.148	4308.865	1.021	1.026	1.016
389	4371.009	3739.147	5075.612	4490.719	1.064	1.069	1.036
390	4268.856	3475.295	4841.969	4467.979	1.059	1.064	1.012
391	4431.068	3529.111	5514.453	4617.562	1.094	1.099	1.050
392	4492.124	3544.850	5157.064	4697.236	1.113	1.118	1.064
393	4293.190	3462.694	4935.538	4489.752	1.064	1.069	1.017
394	4349.061	3472.719	5051.020	4451.904	1.055	1.060	1.031
395	4392.279	3781.108	4897.013	4582.262	1.086	1.091	1.041
396	4250.107	3567.376	4854.168	4337.452	1.028	1.033	1.007
397	4242.404	3455.173	4768.884	4387.825	1.040	1.045	1.005
398	4332.238	3587.364	4957.632	4463.867	1.058	1.063	1.027
399	4513.422	3492.547	5167.407	4557.515	1.080	1.085	1.069
400	4533.385	3467.395	5193.145	4712.397	1.117	1.122	1.074
401	4547.705	3651.484	5169.263	4795.805	1.136	1.142	1.078
402	4538.169	3688.923	5131.062	4811.528	1.140	1.146	1.075
403	4572.630	3810.673	5046.112	4669.463	1.106	1.112	1.084
404	4589.500	4036.933	4983.773	4679.872	1.109	1.114	1.088
405	4665.698	3691.273	5280.398	4723.772	1.119	1.125	1.106
406	4656.247	3727.534	5231.500	4820.793	1.142	1.148	1.103
407	4730.150	3873.009	5089.600	4811.516	1.140	1.146	1.121
408	4836.849	3820.063	5428.746	4942.200	1.171	1.177	1.146
409	4891.235	4145.760	5436.380	5049.222	1.196	1.202	1.159
410	4808.112	4336.355	5116.018	4865.462	1.153	1.158	1.139
411	4816.118	4265.894	5072.635	4866.957	1.153	1.159	1.141
412	4717.258	4302.938	4944.393	4803.460	1.138	1.144	1.118
413	4779.516	4248.492	5294.892	4684.238	1.110	1.115	1.133
414	4738.925	4271.096	5328.656	4729.731	1.121	1.126	1.123
415	4696.509	4464.993	4946.612	4735.180	1.122	1.127	1.113
416	4583.364	4312.375	4864.504	4613.733	1.093	1.099	1.086
417	4560.480	4248.915	5043.320	4555.009	1.079	1.085	1.081
418	4525.457	4191.959	4986.543	4424.972	1.049	1.054	1.072
419	4568.361	4309.888	5202.481	4422.182	1.048	1.053	1.083
420	4432.203	4345.868	4735.527	4405.958	1.044	1.049	1.050
421	4533.520	4324.360	4907.870	4527.479	1.073	1.078	1.074
422	4536.994	4310.375	4960.564	4523.061	1.072	1.077	1.075
423	4472.497	4235.581	4891.855	4428.648	1.049	1.054	1.060
424	4593.100	4375.351	5019.189	4515.379	1.070	1.075	1.088
425	4622.861	4362.424	5091.081	4553.195	1.079	1.084	1.095
426	4657.575	4317.836	4883.151	4670.932	1.107	1.112	1.104
427	4716.581	4403.350	4960.048	4764.789	1.129	1.134	1.118
428	4729.069	4358.724	5115.220	4689.250	1.111	1.116	1.121
429	4692.485	4316.703	5029.975	4681.982	1.109	1.115	1.112
430	4619.251	4182.391	4904.462	4678.557	1.109	1.114	1.095
431	4601.801	4099.160	5243.308	4610.758	1.093	1.098	1.090
432	4553.983	4180.089	5045.059	4573.256	1.084	1.089	1.079
433	4490.516	4024.569	4962.695	4523.062	1.072	1.077	1.064
434	4552.651	4172.733	4820.731	4493.887	1.065	1.070	1.079
435	4542.940	4087.797	4880.937	4538.935	1.076	1.081	1.076
436	4590.835	4319.622	4931.316	4534.953	1.075	1.080	1.088
437	4496.326	4201.791	4832.775	4453.962	1.055	1.060	1.065
438	4548.800	4331.430	4782.396	4517.546	1.070	1.076	1.078
439	4549.368	4402.079	4716.831	4540.538	1.076	1.081	1.078
440	4736.157	4507.000	4967.581	4738.099	1.123	1.128	1.122
441	4665.488	4311.695	5025.195	4644.238	1.100	1.106	1.106
442	4395.583	3926.746	4791.122	4485.677	1.063	1.068	1.042
443	4655.478	4113.366	4939.940	4708.005	1.116	1.121	1.103
444	4596.309	4205.295	4878.343	4561.938	1.081	1.086	1.089
445	4532.244	4254.594	4842.409	4604.923	1.091	1.096	1.074
446	4505.358	4226.836	4937.418	4486.716	1.063	1.068	1.068
447	4458.754	3945.443	4930.523	4526.655	1.073	1.078	1.057
448	4482.471	4148.852	4773.250	4504.710	1.067	1.073	1.062
449	4491.915	4219.326	4933.430	4492.843	1.065	1.070	1.064
450	4612.222	4192.152	4943.067	4576.639	1.084	1.090	1.093
451	4792.065	4563.025	5049.491	4770.499	1.130	1.136	1.136
452	4681.934	4521.262	4891.912	4680.982	1.109	1.115	1.109
453	4726.840	4545.125	5058.732	4680.354	1.109	1.114	1.120
454	4859.111	4719.713	5061.172	4827.123	1.144	1.149	1.151
455	4770.263	4537.918	4983.747	4772.637	1.131	1.136	1.130
456	4735.857	4573.651	4930.692	4709.788	1.116	1.121	1.122
457	4728.369	4480.101	4862.155	4750.086	1.126	1.131	1.120
458	4661.982	4498.803	4795.493	4673.272	1.107	1.113	1.105
459	4766.295	4336.654	5085.918	4751.514	1.126	1.131	1.129
460	4594.038	4330.298	4804.214	4603.836	1.091	1.096	1.089
461	4711.447	4306.968	5063.383	4772.061	1.131	1.136	1.116
462	4659.606	4377.390	4933.572	4689.443	1.111	1.117	1.104
463	4764.340	4368.813	5068.599	4809.935	1.140	1.145	1.129
464	4642.085	4366.739	4883.093	4736.298	1.122	1.128	1.100
465	4603.472	4412.803	4841.506	4574.517	1.084	1.089	1.091
466	4588.910	4311.540	4858.193	4565.275	1.082	1.087	1.087
467	4535.937	4098.121	4836.089	4613.304	1.093	1.098	1.075
468	4593.059	4316.095	4956.283	4649.446	1.102	1.107	1.088
469	4610.112	4335.408	4926.561	4594.980	1.089	1.094	1.092
470	4394.501	4116.667	4713.884	4419.744	1.047	1.052	1.041
471	4351.085	3955.490	4661.014	4382.042	1.038	1.043	1.031
472	4523.141	4308.817	4762.818	4529.590	1.073	1.078	1.072
473	4440.056	4059.084	4872.845	4394.389	1.041	1.046	1.052
474	4506.725	4257.668	4825.748	4437.870	1.052	1.057	1.068
475	4470.070	4216.880	4873.341	4428.261	1.049	1.054	1.059
476	4511.037	4411.902	4694.714	4473.109	1.060	1.065	1.069
477	4588.757	4402.256	4697.346	4632.088	1.098	1.103	1.087
478	4470.244	4169.116	4665.982	4523.017	1.072	1.077	1.059
479	4396.553	4163.122	4670.022	4391.305	1.041	1.046	1.042
480	4470.931	4054.912	4780.549	4532.341	1.074	1.079	1.059
481	4411.118	4042.781	4854.321	4365.982	1.035	1.040	1.045
482	4518.603	4053.272	5055.645	4567.714	1.082	1.088	1.071
483	4495.768	4244.655	4918.926	4461.494	1.057	1.062	1.065
484	4394.392	3971.133	4553.825	4472.453	1.060	1.065	1.041
485	4390.347	4021.389	4745.194	4444.645	1.053	1.058	1.040
486	4503.788	4067.432	4678.568	4601.994	1.090	1.096	1.067
487	4495.939	4151.499	5107.191	4428.569	1.049	1.054	1.065
488	4449.292	4259.815	4714.077	4457.544	1.056	1.061	1.054
489	4370.087	4239.793	4585.980	4355.426	1.032	1.037	1.036
490	4435.437	4083.070	4645.769	4465.725	1.058	1.063	1.051
491	4612.301	4192.358	4880.837	4621.592	1.095	1.100	1.093
492	4665.322	4198.357	5164.008	4667.142	1.106	1.111	1.105
493	4608.668	4115.813	5237.181	4540.728	1.076	1.081	1.092
494	4568.255	4339.700	4879.732	4581.574	1.086	1.091	1.082
495	4617.464	4232.796	4973.328	4631.452	1.097	1.103	1.094
496	4574.605	4198.697	4937.038	4612.650	1.093	1.098	1.084
497	4432.836	4197.075	4738.884	4375.310	1.037	1.042	1.050
498	4409.983	4146.417	4645.303	4447.593	1.054	1.059	1.045
499	4422.992	4230.475	4610.927	4408.300	1.045	1.050	1.048
500	4331.211	4109.206	4626.469	4298.268	1.019	1.023	1.026
501	4448.143	4145.125	4828.952	4456.355	1.056	1.061	1.054
502	4588.722	4187.996	5018.496	4602.971	1.091	1.096	1.087
503	4577.310	4307.775	5103.085	4540.732	1.076	1.081	1.085
504	4529.032	4181.672	4864.750	4567.710	1.082	1.088	1.073
505	4560.602	4286.275	4899.715	4528.630	1.073	1.078	1.081
506	4524.367	4348.192	4744.680	4521.630	1.071	1.077	1.072
507	4431.620	4259.364	4567.811	4429.827	1.050	1.055	1.050
508	4453.096	4136.593	4605.164	4471.960	1.060	1.065	1.055
509	4388.055	4147.390	4537.818	4393.475	1.041	1.046	1.040
510	4541.318	4241.046	4894.036	4514.398	1.070	1.075	1.076
511	4426.597	4126.871	4931.732	4382.213	1.038	1.043	1.049
512	4322.494	4034.873	4587.094	4311.534	1.022	1.027	1.024
513	4310.572	4006.145	4949.918	4241.872	1.005	1.010	1.021
514	4462.742	4182.469	4889.455	4436.087	1.051	1.056	1.057
515	4406.349	4115.185	4869.402	4411.541	1.045	1.050	1.044
516	4370.269	4033.044	4655.573	4378.788	1.038	1.043	1.036
517	4482.479	4351.993	4670.550	4475.257	1.060	1.066	1.062
518	4524.622	4306.903	4707.886	4556.504	1.080	1.085	1.072
519	4509.603	4295.351	4818.080	4491.266	1.064	1.069	1.069
520	4533.355	4329.363	4798.710	4550.481	1.078	1.083	1.074
521	4469.573	4234.619	4777.240	4477.304	1.061	1.066	1.059
522	4441.700	4062.201	4871.511	4432.227	1.050	1.055	1.052
523	4373.896	4080.036	4874.283	4340.132	1.028	1.033	1.036
524	4367.488	4176.483	4652.556	4326.225	1.025	1.030	1.035
525	4468.321	4253.441	4755.860	4489.718	1.064	1.069	1.059
526	4421.803	4053.968	5007.187	4380.999	1.038	1.043	1.048
527	4351.875	3847.661	5042.909	4337.712	1.028	1.033	1.031
528	4367.414	3980.654	4816.828	4322.214	1.024	1.029	1.035
529	4358.195	3865.561	4709.256	4431.006	1.050	1.055	1.033
530	4319.291	3933.954	4680.880	4295.446	1.018	1.023	1.023
531	4434.287	4082.162	4891.149	4392.283	1.041	1.046	1.051
532	4527.960	4273.322	4773.072	4599.301	1.090	1.095	1.073
533	4410.828	3958.962	4702.036	4418.409	1.047	1.052	1.045
534	4421.141	4214.861	4655.174	4431.614	1.050	1.055	1.048
535	4418.373	4132.681	4671.349	4450.171	1.055	1.060	1.047
536	4268.826	4012.973	4600.175	4266.516	1.011	1.016	1.012
537	4267.116	3999.243	4746.046	4239.730	1.005	1.009	1.011
538	4198.628	3912.036	4450.444	4262.259	1.010	1.015	0.995
539	4337.843	4083.021	4582.813	4296.563	1.018	1.023	1.028
540	4159.569	3765.448	4492.609	4189.305	0.993	0.997	0.986
541	4235.095	3894.350	4457.513	4241.646	1.005	1.010	1.004
542	4121.619	3822.860	4448.430	4114.721	0.975	0.980	0.977
543	4229.900	3686.461	4556.937	4261.145	1.010	1.015	1.002
544	4269.445	3991.369	4496.951	4272.131	1.012	1.017	1.012
545	4318.542	3887.660	4559.987	4353.217	1.032	1.036	1.023
546	4425.980	4024.265	4795.434	4419.284	1.047	1.052	1.049
547	4405.432	4119.099	4685.338	4373.564	1.036	1.041	1.044
548	4423.761	4209.649	4908.026	4382.382	1.038	1.043	1.048
549	4500.219	4209.506	4766.870	4494.145	1.065	1.070	1.066
550	4529.433	4413.093	4745.502	4527.917	1.073	1.078	1.073
551	4584.113	4368.060	4864.418	4563.365	1.081	1.087	1.086
552	4479.522	4292.493	4820.409	4392.019	1.041	1.046	1.061
553	4610.890	4414.228	4940.298	4537.845	1.075	1.080	1.093
554	4523.872	4036.531	4913.450	4539.763	1.076	1.081	1.072
555	4682.232	4417.067	5003.077	4690.216	1.111	1.117	1.109
556	4607.456	4288.172	4917.728	4544.872	1.077	1.082	1.092
557	4547.843	4359.670	4707.202	4535.742	1.075	1.080	1.078
558	4580.163	4293.236	4780.375	4598.002	1.090	1.095	1.085
559	4597.211	4340.875	4789.536	4589.325	1.087	1.093	1.089
560	4593.232	4131.834	5050.522	4634.118	1.098	1.103	1.088
561	4605.424	4396.279	5162.193	4508.629	1.068	1.073	1.091
562	4499.664	4276.802	4701.797	4507.679	1.068	1.073	1.066
563	4508.234	4225.229	4754.824	4501.142	1.067	1.072	1.068
564	4518.955	4193.499	4957.167	4510.053	1.069	1.074	1.071
565	4705.421	4456.226	4999.128	4650.980	1.102	1.107	1.115
566	4669.132	4470.438	4955.323	4681.676	1.109	1.115	1.106
567	4583.060	4143.286	4886.628	4640.131	1.100	1.105	1.086
568	4512.699	4012.775	4794.841	4550.012	1.078	1.083	1.069
569	4483.096	4007.009	4820.816	4478.893	1.061	1.066	1.062
570	4400.085	4011.639	4762.561	4488.251	1.064	1.069	1.043
571	4411.647	3950.188	5085.148	4402.644	1.043	1.048	1.045
572	4229.632	3861.337	4897.113	4187.670	0.992	0.997	1.002
573	4239.082	3878.162	4555.783	4211.848	0.998	1.003	1.004
574	4246.868	3821.266	4574.425	4353.374	1.032	1.037	1.006
575	4288.776	3950.335	4667.016	4261.474	1.010	1.015	1.016
576	4389.340	3900.795	4860.500	4390.844	1.040	1.045	1.040
577	4224.277	3903.436	4676.489	4147.988	0.983	0.988	1.001
578	4215.803	3876.906	4494.176	4286.927	1.016	1.021	0.999
579	4192.234	3747.531	4656.184	4108.321	0.974	0.978	0.993
580	4289.238	3938.110	4676.459	4300.228	1.019	1.024	1.016
581	4173.367	3808.373	4618.987	4210.031	0.998	1.002	0.989
582	4235.474	3848.306	4841.558	4194.649	0.994	0.999	1.004
583	4308.938	3998.913	4936.515	4212.066	0.998	1.003	1.021
584	4323.854	3874.284	4887.733	4279.685	1.014	1.019	1.025
585	4322.523	3888.785	4789.472	4247.701	1.007	1.011	1.024
586	4263.615	3961.631	4462.929	4268.090	1.011	1.016	1.010
587	4317.521	4082.879	4868.544	4261.962	1.010	1.015	1.023
588	4260.420	3733.972	4743.872	4231.905	1.003	1.008	1.010
589	4316.857	3715.460	4857.227	4244.196	1.006	1.011	1.023
590	4289.202	3727.027	4841.028	4223.496	1.001	1.006	1.016
591	4333.604	3701.112	4711.046	4388.900	1.040	1.045	1.027
592	4391.114	3846.756	4719.778	4424.336	1.048	1.053	1.041
593	4387.957	3973.222	4715.005	4460.562	1.057	1.062	1.040
594	4480.378	4180.146	4928.831	4511.385	1.069	1.074	1.062
595	4422.458	4010.074	4900.324	4388.729	1.040	1.045	1.048
596	4456.295	4118.003	4773.327	4491.122	1.064	1.069	1.056
597	4365.613	3955.350	4763.783	4313.244	1.022	1.027	1.034
598	4518.548	4303.500	4706.220	4544.168	1.077	1.082	1.071
599	4527.508	4242.328	4880.451	4497.754	1.066	1.071	1.073
600	4493.727	4195.524	4921.495	4437.592	1.052	1.057	1.065
601	4563.043	4181.678	5186.421	4527.555	1.073	1.078	1.081
602	4524.423	4095.538	4965.954	4535.950	1.075	1.080	1.072
603	4479.310	4213.203	4975.940	4419.827	1.047	1.052	1.061
604	4529.299	4250.625	4915.924	4478.051	1.061	1.066	1.073
605	4439.817	4130.154	5006.907	4405.801	1.044	1.049	1.052
606	4527.475	4192.810	4886.589	4471.096	1.059	1.065	1.073
607	4546.430	4144.223	4867.840	4508.433	1.068	1.073	1.077
608	4547.002	4244.899	4990.552	4542.649	1.076	1.082	1.077
609	4590.422	4255.023	4947.422	4523.517	1.072	1.077	1.088
610	4608.909	4269.963	5193.545	4536.736	1.075	1.080	1.092
611	4497.515	3901.354	4773.441	4604.102	1.091	1.096	1.066
612	4562.460	4042.938	4988.218	4591.770	1.088	1.093	1.081
613	4498.634	4341.857	4629.517	4517.837	1.071	1.076	1.066
614	4492.597	4227.374	4723.111	4501.689	1.067	1.072	1.065
615	4438.475	3949.055	4637.803	4441.271	1.052	1.057	1.052
616	4498.024	4264.150	4669.380	4520.231	1.071	1.076	1.066
617	4448.892	4265.647	4737.233	4428.917	1.049	1.055	1.054
618	4397.049	4267.564	4626.171	4377.233	1.037	1.042	1.042
619	4352.708	4184.814	4564.657	4360.943	1.033	1.038	1.031
620	4408.612	4134.668	4760.366	4401.417	1.043	1.048	1.045
621	4408.325	4125.330	4559.011	4452.058	1.055	1.060	1.045
622	4449.423	4160.124	4800.551	4492.159	1.064	1.070	1.054
623	4415.455	4123.066	4714.661	4453.946	1.055	1.060	1.046
624	4352.061	4139.380	4581.054	4379.012	1.038	1.043	1.031
625	4374.693	4186.423	4596.684	4394.016	1.041	1.046	1.037
626	4354.945	3827.432	4659.636	4404.875	1.044	1.049	1.032
627	4392.521	4108.068	4724.557	4371.438	1.036	1.041	1.041
628	4363.010	4243.487	4543.359	4329.536	1.026	1.031	1.034
629	4347.458	3977.833	4593.702	4375.066	1.037	1.042	1.030
630	4288.359	4134.766	4499.903	4296.227	1.018	1.023	1.016
631	4320.850	4249.750	4391.828	4324.683	1.025	1.030	1.024
632	4376.442	3994.333	4614.746	4388.084	1.040	1.045	1.037
633	4291.888	4132.226	4431.356	4241.082	1.005	1.010	1.017
634	4217.658	3985.586	4492.242	4250.602	1.007	1.012	0.999
635	4302.133	4027.149	4560.759	4303.860	1.020	1.025	1.019
636	4246.154	4002.851	4390.586	4290.458	1.017	1.022	1.006
637	4188.145	4048.807	4334.834	4178.539	0.990	0.995	0.992
638	4154.344	4007.388	4299.170	4152.956	0.984	0.989	0.984
639	4175.730	3903.915	4543.857	4155.499	0.985	0.989	0.989
640	4116.179	3841.612	4590.074	4097.915	0.971	0.976	0.975
641	4203.984	3892.303	4454.614	4222.370	1.001	1.005	0.996
642	4131.908	3930.700	4430.411	4097.777	0.971	0.976	0.979
643	4179.333	3812.029	4482.013	4175.156	0.989	0.994	0.990
644	4226.679	3885.479	4758.363	4162.354	0.986	0.991	1.002
645	4193.556	3717.795	4540.137	4166.229	0.987	0.992	0.994
646	4225.241	3981.957	4543.889	4198.062	0.995	1.000	1.001
647	4220.956	3796.074	4672.279	4216.339	0.999	1.004	1.000
648	4231.574	3788.195	4630.937	4259.562	1.009	1.014	1.003
649	4245.999	3986.990	4676.093	4236.439	1.004	1.009	1.006
650	4338.520	4062.382	4610.243	4334.846	1.027	1.032	1.028
651	4403.048	4053.942	5010.735	4345.363	1.030	1.035	1.043
652	4369.809	3959.019	4854.500	4445.197	1.053	1.058	1.035
653	4450.185	3881.620	4989.017	4416.615	1.047	1.052	1.055
654	4402.016	3925.156	5112.845	4375.238	1.037	1.042	1.043
655	4357.028	3974.732	4861.730	4267.378	1.011	1.016	1.032
656	4284.359	3901.765	4525.241	4340.556	1.029	1.033	1.015
657	4280.206	3797.276	4709.727	4344.080	1.029	1.034	1.014
658	4314.110	4059.194	4568.401	4309.455	1.021	1.026	1.022
659	4259.562	3804.944	4585.244	4319.612	1.024	1.028	1.009
660	4297.927	3778.345	4653.408	4339.328	1.028	1.033	1.018
661	4363.145	4100.787	4682.147	4332.090	1.027	1.031	1.034
662	4223.088	3830.880	4404.565	4246.813	1.006	1.011	1.001
663	4426.809	4157.248	4815.394	4371.659	1.036	1.041	1.049
664	4343.690	3998.962	4667.093	4362.626	1.034	1.039	1.029
665	4411.276	3874.861	4792.567	4388.491	1.040	1.045	1.045
666	4324.076	4035.498	4760.511	4316.521	1.023	1.028	1.025
667	4339.009	3878.317	4828.866	4314.716	1.022	1.027	1.028
668	4367.268	3963.756	4622.363	4378.280	1.037	1.042	1.035
669	4542.970	3943.046	4944.119	4636.346	1.099	1.104	1.076
670	4644.725	3982.792	5035.559	4721.157	1.119	1.124	1.101
671	4492.570	4081.770	4771.289	4554.595	1.079	1.084	1.065
672	4491.922	4051.963	4769.963	4601.977	1.090	1.096	1.064
673	4646.783	4172.048	4972.288	4715.056	1.117	1.123	1.101
674	4598.184	4199.189	5192.905	4588.684	1.087	1.093	1.090
675	4451.160	3963.586	4741.277	4542.119	1.076	1.081	1.055
676	4502.545	4030.488	4730.413	4533.597	1.074	1.079	1.067
677	4461.478	4020.573	4722.559	4516.426	1.070	1.075	1.057
678	4660.127	4269.426	5081.029	4688.556	1.111	1.116	1.104
679	4637.103	4320.856	4818.797	4697.128	1.113	1.118	1.099
680	4570.084	4229.381	4836.511	4625.318	1.096	1.101	1.083
681	4607.745	4196.201	5210.543	4608.515	1.092	1.097	1.092
682	4601.032	3963.781	5118.342	4690.982	1.112	1.117	1.090
683	4499.638	3975.425	4760.240	4515.708	1.070	1.075	1.066
684	4519.114	4215.653	4854.960	4419.909	1.047	1.052	1.071
685	4542.144	4061.363	4851.433	4628.981	1.097	1.102	1.076
686	4526.578	4329.317	4885.074	4466.382	1.058	1.063	1.073
687	4548.020	4314.276	4816.044	4542.679	1.076	1.082	1.078
688	4621.980	4332.224	4870.502	4634.165	1.098	1.103	1.095
689	4797.713	4450.289	5151.385	4755.895	1.127	1.132	1.137
690	4748.112	4264.828	5378.862	4674.103	1.108	1.113	1.125
691	4609.442	4373.609	4882.268	4610.931	1.093	1.098	1.092
692	4655.588	4417.046	4908.687	4646.693	1.101	1.106	1.103
693	4748.805	4240.385	5464.823	4633.125	1.098	1.103	1.125
694	4624.096	4371.403	5121.968	4558.008	1.080	1.085	1.096
695	4705.794	4544.100	4994.137	4679.435	1.109	1.114	1.115
696	4670.820	4387.622	5097.612	4646.375	1.101	1.106	1.107
697	4679.203	4169.361	5094.870	4719.490	1.118	1.124	1.109
698	4703.356	4326.234	5058.202	4751.028	1.126	1.131	1.115
699	4608.538	4372.486	4909.670	4555.434	1.079	1.085	1.092
700	4495.740	4166.918	4797.506	4492.248	1.064	1.070	1.065
701	4594.299	4334.226	4815.424	4607.455	1.092	1.097	1.089
702	4721.168	4313.150	5073.896	4717.725	1.118	1.123	1.119
703	4669.025	4413.181	4930.391	4658.377	1.104	1.109	1.106
704	4680.655	4474.232	5086.024	4655.890	1.103	1.109	1.109
705	4766.037	4551.567	4963.390	4741.261	1.123	1.129	1.129
706	4624.397	4412.926	4876.248	4591.501	1.088	1.093	1.096
707	4652.256	4394.742	4958.565	4662.258	1.105	1.110	1.102
708	4620.848	4405.516	4904.414	4659.803	1.104	1.109	1.095
709	4655.807	4252.569	5120.727	4550.589	1.078	1.083	1.103
710	4683.585	4346.365	5045.962	4705.432	1.115	1.120	1.110
711	4678.057	4451.062	4846.442	4681.416	1.109	1.115	1.109
712	4690.978	4471.897	4960.404	4667.346	1.106	1.111	1.112
713	4747.092	4521.701	4887.468	4771.230	1.131	1.136	1.125
714	4762.655	4614.816	4984.391	4737.543	1.123	1.128	1.129
715	4817.786	4418.287	5148.776	4887.507	1.158	1.164	1.142
716	4941.796	4474.407	5440.746	5000.471	1.185	1.191	1.171
717	4912.760	4347.475	5367.490	4912.057	1.164	1.170	1.164
718	4945.987	4130.121	5465.093	5096.752	1.208	1.214	1.172
719	4738.575	4070.757	5375.660	4774.033	1.131	1.137	1.123
720	4897.261	4266.095	5362.291	4887.428	1.158	1.164	1.160
721	4775.064	4133.822	5180.055	4820.230	1.142	1.148	1.131
722	4582.418	3868.090	5267.579	4648.968	1.102	1.107	1.086
723	4582.730	3689.008	5188.375	4589.087	1.087	1.093	1.086
724	4623.497	3877.258	5215.522	4777.352	1.132	1.137	1.096
725	4590.159	3803.006	5116.646	4777.760	1.132	1.138	1.088
726	4657.296	3943.681	5022.633	4733.833	1.122	1.127	1.104
727	4445.716	3810.526	4992.758	4459.119	1.057	1.062	1.053
728	4556.360	3739.385	5060.632	4680.479	1.109	1.114	1.080
729	4576.220	3623.736	5117.510	4826.231	1.144	1.149	1.084
730	4353.234	3610.960	4935.021	4600.670	1.090	1.095	1.032
731	4420.035	3685.896	5050.167	4483.775	1.062	1.068	1.047
732	4412.775	3567.090	5121.543	4511.107	1.069	1.074	1.046
733	4414.614	3403.824	5378.125	4540.993	1.076	1.081	1.046
734	4428.235	3208.592	5358.905	4595.669	1.089	1.094	1.049
735	4312.283	3313.930	4845.745	4577.781	1.085	1.090	1.022
736	4293.697	3346.339	4935.822	4537.023	1.075	1.080	1.017
737	4346.815	3371.436	5223.178	4539.300	1.076	1.081	1.030
738	4313.649	3568.068	4947.128	4431.181	1.050	1.055	1.022
739	4396.705	3527.516	5173.453	4440.284	1.052	1.057	1.042
740	4440.397	3408.335	5207.847	4612.209	1.093	1.098	1.052
741	4502.404	3549.355	5528.575	4516.534	1.070	1.075	1.067
742	4507.898	3605.843	5208.136	4518.686	1.071	1.076	1.068
743	4298.397	3531.292	4925.767	4297.891	1.018	1.023	1.019
744	4341.385	3544.685	5244.458	4309.615	1.021	1.026	1.029
745	4357.236	3451.082	5150.936	4464.302	1.058	1.063	1.032
746	4434.439	3562.290	5156.986	4571.276	1.083	1.088	1.051
747	4405.808	3586.581	5135.616	4615.748	1.094	1.099	1.044
748	4378.666	3552.033	4857.097	4469.868	1.059	1.064	1.038
749	4394.130	3596.239	4877.394	4578.457	1.085	1.090	1.041
750	4459.056	3695.248	4906.149	4576.898	1.085	1.090	1.057
751	4517.778	3683.977	5055.509	4629.079	1.097	1.102	1.071
752	4469.777	3573.048	5175.694	4809.604	1.140	1.145	1.059
753	4537.640	3613.416	5068.358	4680.183	1.109	1.114	1.075
754	4486.709	3641.441	4847.938	4626.181	1.096	1.101	1.063
755	4543.414	3724.075	4997.701	4682.504	1.110	1.115	1.077
756	4471.403	3692.642	4982.593	4630.426	1.097	1.102	1.060
757	4442.294	3622.604	5193.304	4455.256	1.056	1.061	1.053
758	4506.172	3786.968	4901.611	4600.259	1.090	1.095	1.068
759	4612.794	3731.259	5381.652	4659.957	1.104	1.110	1.093
760	4600.058	3717.017	5149.624	4744.946	1.124	1.130	1.090
761	4503.369	3777.813	4849.503	4620.045	1.095	1.100	1.067
762	4405.317	3835.302	4775.808	4544.201	1.077	1.082	1.044
763	4469.929	3842.554	4857.208	4510.896	1.069	1.074	1.059
764	4463.283	3755.810	4926.889	4547.581	1.078	1.083	1.058
765	4420.573	3695.066	5140.122	4524.891	1.072	1.077	1.047
766	4397.322	3603.895	4856.685	4490.975	1.064	1.069	1.042
767	4443.274	3821.454	5056.243	4496.549	1.065	1.071	1.053
768	4471.741	3969.142	5248.746	4433.407	1.051	1.056	1.060
769	4579.755	3746.608	5045.011	4681.093	1.109	1.115	1.085
770	4536.172	4028.236	5001.971	4511.569	1.069	1.074	1.075
771	4500.575	4000.203	4996.182	4445.709	1.053	1.059	1.066
772	4551.718	3788.205	5040.614	4667.295	1.106	1.111	1.079
773	4430.590	3906.757	4887.795	4441.798	1.053	1.058	1.050
774	4461.039	3948.895	5019.728	4501.037	1.067	1.072	1.057
775	4344.612	3739.846	4650.301	4519.135	1.071	1.076	1.029
776	4274.730	3799.695	4795.101	4274.109	1.013	1.018	1.013
777	4311.859	3805.451	4860.646	4379.810	1.038	1.043	1.022
778	4163.644	3700.511	4518.956	4253.925	1.008	1.013	0.987
779	4085.154	3519.314	4682.301	4066.151	0.964	0.968	0.968
780	4198.757	3655.151	4889.447	4149.007	0.983	0.988	0.995
781	4251.356	3783.320	5213.004	4227.277	1.002	1.006	1.007
782	4174.934	3764.793	4593.999	4235.458	1.004	1.008	0.989
783	4126.502	3633.950	4491.616	4173.549	0.989	0.994	0.978
784	4268.487	3631.726	4903.607	4292.136	1.017	1.022	1.011
785	4079.223	3611.779	4629.456	4042.999	0.958	0.963	0.967
786	4088.662	3651.437	4702.007	4063.662	0.963	0.968	0.969
787	4188.193	3620.553	4955.190	4083.591	0.968	0.972	0.992
788	4048.889	3634.884	4618.709	4039.353	0.957	0.962	0.959
789	4104.054	3525.854	4676.926	4223.700	1.001	1.006	0.972
790	4106.653	3565.100	4667.438	4084.995	0.968	0.973	0.973
791	4030.922	3669.124	4411.885	4020.462	0.953	0.957	0.955
792	4033.105	3609.841	4398.229	4033.667	0.956	0.960	0.956
793	4093.277	3596.761	4670.081	4157.389	0.985	0.990	0.970
794	4081.622	3591.571	4699.045	4063.667	0.963	0.968	0.967
795	4192.220	3528.782	4718.973	4179.263	0.990	0.995	0.993
796	4100.228	3425.336	4712.930	4002.446	0.948	0.953	0.972
797	3998.381	3376.322	4547.248	4040.911	0.958	0.962	0.947
798	4127.204	3403.179	4760.705	4164.759	0.987	0.992	0.978
799	4083.653	3489.858	4843.688	4159.461	0.986	0.990	0.968
800	4137.394	3339.556	4725.688	4116.197	0.975	0.980	0.980
801	4070.308	3470.113	4664.519	3956.293	0.937	0.942	0.964
802	4078.953	3356.310	4737.285	4050.562	0.960	0.964	0.967
803	4046.435	3483.448	4590.913	4048.196	0.959	0.964	0.959
804	4042.748	3487.297	4598.758	4038.463	0.957	0.962	0.958
805	4033.886	3453.525	4543.931	4091.889	0.970	0.974	0.956
806	3999.140	3433.574	4548.273	4014.131	0.951	0.956	0.948
807	4134.817	3452.737	4735.310	4028.049	0.954	0.959	0.980
808	4089.470	3401.742	4830.007	3989.739	0.945	0.950	0.969
809	4048.686	3583.983	4553.152	4084.256	0.968	0.972	0.959
810	4075.321	3451.780	4663.094	4089.469	0.969	0.974	0.966
811	4023.141	3491.405	4582.901	4123.126	0.977	0.982	0.953
812	4026.672	3490.234	4623.588	4040.263	0.957	0.962	0.954
813	4013.607	3488.050	4439.794	4112.083	0.974	0.979	0.951
814	3912.649	3439.678	4217.159	3968.501	0.940	0.945	0.927
815	3887.017	3448.753	4145.239	3995.869	0.947	0.951	0.921
816	3863.066	3452.372	4222.162	3863.584	0.916	0.920	0.915
817	3951.327	3417.588	4418.228	4080.562	0.967	0.972	0.936
818	3865.381	3382.110	4275.891	3904.136	0.925	0.930	0.916
819	3762.032	3391.816	4168.736	3768.574	0.893	0.897	0.891
820	3717.579	3295.443	4311.860	3687.675	0.874	0.878	0.881
821	3778.500	3340.252	4266.387	3732.518	0.884	0.889	0.895
822	3730.663	3355.955	4267.901	3635.541	0.861	0.866	0.884
823	3832.627	3449.718	4353.372	3751.694	0.889	0.893	0.908
824	3889.433	3427.533	4397.811	3842.557	0.911	0.915	0.922
825	3827.329	3248.767	4437.677	3789.580	0.898	0.902	0.907
826	3706.220	3266.379	4143.805	3737.863	0.886	0.890	0.878
827	3723.682	3351.132	4129.889	3735.024	0.885	0.889	0.882
828	3703.850	3402.658	3996.776	3748.839	0.888	0.893	0.878
829	3756.664	3277.596	4193.608	3766.801	0.893	0.897	0.890
830	3759.307	3313.919	4233.556	3764.118	0.892	0.896	0.891
831	3773.554	3307.083	4241.927	3818.185	0.905	0.909	0.894
832	3659.181	3313.334	3983.483	3682.991	0.873	0.877	0.867
833	3650.929	3342.241	4120.185	3614.735	0.857	0.861	0.865
834	3680.093	3358.359	4008.691	3681.742	0.872	0.877	0.872
835	3708.615	3323.000	4251.061	3739.125	0.886	0.890	0.879
836	3764.331	3493.149	4395.078	3662.229	0.868	0.872	0.892
837	3769.270	3476.143	4196.643	3727.065	0.883	0.887	0.893
838	3779.594	3362.590	4204.329	3750.200	0.889	0.893	0.896
839	3675.239	3356.918	3957.256	3653.003	0.866	0.870	0.871
840	3635.396	3404.994	4046.035	3566.744	0.845	0.849	0.861
841	3655.246	3304.214	4095.058	3639.008	0.862	0.866	0.866
842	3642.623	3322.253	3956.269	3648.289	0.864	0.869	0.863
843	3695.710	3433.100	3965.842	3673.512	0.870	0.875	0.876
844	3717.428	3379.680	4080.235	3696.352	0.876	0.880	0.881
845	3720.713	3366.823	4152.753	3758.449	0.891	0.895	0.882
846	3685.187	3448.965	4217.567	3639.134	0.862	0.866	0.873
847	3661.025	3477.181	4113.899	3621.368	0.858	0.862	0.868
848	3724.374	3446.847	4044.295	3719.714	0.881	0.886	0.883
849	3700.651	3465.683	3882.471	3698.052	0.876	0.880	0.877
850	3656.292	3308.264	3954.508	3706.189	0.878	0.882	0.866
851	3661.082	3355.623	3945.247	3679.542	0.872	0.876	0.868
852	3698.576	3394.671	4034.078	3749.499	0.888	0.893	0.876
853	3669.055	3351.381	4002.986	3632.924	0.861	0.865	0.869
854	3773.291	3447.473	4102.526	3747.369	0.888	0.892	0.894
855	3760.237	3502.824	4073.273	3773.729	0.894	0.899	0.891
856	3788.749	3610.901	3948.710	3808.811	0.903	0.907	0.898
857	3810.516	3502.171	4036.927	3835.766	0.909	0.913	0.903
858	3870.184	3596.141	4107.026	3905.624	0.925	0.930	0.917
859	3799.146	3604.515	4077.932	3767.629	0.893	0.897	0.900
860	3790.592	3437.954	4020.632	3882.982	0.920	0.925	0.898
861	3751.832	3372.792	4317.100	3715.216	0.880	0.885	0.889
862	3710.149	3388.492	3923.955	3737.673	0.886	0.890	0.879
863	3643.261	3388.255	3826.574	3632.221	0.861	0.865	0.863
864	3640.058	3314.183	3857.099	3675.726	0.871	0.875	0.863
865	3593.072	3380.333	3747.826	3608.191	0.855	0.859	0.851
866	3545.711	3328.116	3770.391	3530.381	0.837	0.841	0.840
867	3547.252	3363.616	3740.338	3542.409	0.839	0.843	0.841
868	3579.159	3408.647	3745.481	3580.638	0.848	0.853	0.848
869	3627.690	3324.906	3790.777	3631.614	0.861	0.865	0.860
870	3589.105	3324.499	3752.763	3627.872	0.860	0.864	0.850
871	3491.873	3294.876	3702.670	3502.995	0.830	0.834	0.827
872	3482.765	3306.109	3691.256	3461.120	0.820	0.824	0.825
873	3491.675	3306.419	3682.270	3508.744	0.831	0.835	0.827
874	3510.093	3292.491	3770.207	3498.393	0.829	0.833	0.832
875	3528.657	3370.353	3775.985	3514.805	0.833	0.837	0.836
876	3583.087	3346.886	3765.753	3624.238	0.859	0.863	0.849
877	3524.359	3421.486	3608.949	3520.828	0.834	0.838	0.835
878	3470.178	3396.590	3707.658	3439.515	0.815	0.819	0.822
879	3475.781	3331.737	3622.059	3499.419	0.829	0.833	0.824
880	3496.606	3286.422	3772.833	3467.979	0.822	0.826	0.829
881	3544.162	3391.726	3696.430	3564.285	0.845	0.849	0.840
882	3535.290	3428.513	3718.180	3500.046	0.829	0.833	0.838
883	3564.037	3356.709	3682.024	3627.389	0.860	0.864	0.845
884	3549.299	3374.527	3842.265	3565.881	0.845	0.849	0.841
885	3549.540	3324.796	3798.980	3559.129	0.843	0.847	0.841
886	3505.780	3330.231	3721.776	3529.150	0.836	0.840	0.831
887	3530.328	3378.643	3638.687	3538.741	0.839	0.843	0.837
888	3600.234	3326.718	3764.567	3605.081	0.854	0.858	0.853
889	3576.022	3427.910	3695.671	3598.528	0.853	0.857	0.847
890	3609.395	3319.599	3874.972	3562.466	0.844	0.848	0.855
891	3591.985	3397.721	3747.739	3606.854	0.855	0.859	0.851
892	3585.266	3341.316	3760.349	3628.323	0.860	0.864	0.850
893	3541.388	3208.629	3759.732	3548.407	0.841	0.845	0.839
894	3534.826	3263.406	3751.260	3564.259	0.845	0.849	0.838
895	3580.567	3328.897	3977.396	3568.531	0.846	0.850	0.848
896	3657.752	3448.304	3905.173	3632.300	0.861	0.865	0.867
897	3624.094	3403.625	3948.354	3581.950	0.849	0.853	0.859
898	3630.535	3392.960	3908.621	3639.026	0.862	0.866	0.860
899	3672.064	3250.826	3956.473	3727.502	0.883	0.888	0.870
900	3612.369	3278.418	3940.523	3596.014	0.852	0.856	0.856
901	3567.755	3340.887	3911.615	3557.157	0.843	0.847	0.845
902	3570.706	3320.132	3814.409	3567.518	0.845	0.849	0.846
903	3582.647	3253.059	3767.361	3583.827	0.849	0.853	0.849
904	3631.844	3368.094	3811.522	3616.405	0.857	0.861	0.861
905	3610.034	3388.935	3692.066	3616.988	0.857	0.861	0.855
906	3594.056	3381.737	3858.464	3568.678	0.846	0.850	0.852
907	3534.672	3385.802	3731.587	3502.027	0.830	0.834	0.838
908	3512.044	3302.525	3795.299	3502.411	0.830	0.834	0.832
909	3556.845	3300.796	3929.500	3498.854	0.829	0.833	0.843
910	3579.950	3391.881	3929.693	3546.828	0.840	0.844	0.848
911	3566.572	3375.790	3878.374	3542.056	0.839	0.843	0.845
912	3511.903	3368.588	3729.074	3513.087	0.832	0.836	0.832
913	3490.973	3340.996	3657.052	3486.513	0.826	0.830	0.827
914	3536.264	3384.310	3686.386	3552.685	0.842	0.846	0.838
915	3537.355	3405.640	3694.810	3505.108	0.831	0.835	0.838
916	3529.392	3366.162	3676.720	3535.401	0.838	0.842	0.836
917	3493.773	3386.453	3636.259	3489.623	0.827	0.831	0.828
918	3452.918	3308.275	3607.160	3469.042	0.822	0.826	0.818
919	3512.514	3303.438	3755.770	3476.735	0.824	0.828	0.832
920	3518.022	3345.136	3675.390	3499.579	0.829	0.833	0.834
921	3505.737	3346.237	3611.263	3527.392	0.836	0.840	0.831
922	3550.643	3375.843	3715.956	3562.451	0.844	0.848	0.841
923	3550.146	3200.660	3868.230	3547.163	0.841	0.845	0.841
924	3573.954	3205.136	3857.264	3578.263	0.848	0.852	0.847
925	3574.719	3307.449	3802.973	3547.756	0.841	0.845	0.847
926	3541.271	3362.869	3778.289	3540.982	0.839	0.843	0.839
927	3600.153	3434.417	3780.305	3597.430	0.852	0.857	0.853
928	3630.776	3428.514	3828.836	3589.069	0.850	0.855	0.860
929	3605.814	3430.892	3915.110	3534.462	0.838	0.842	0.854
930	3701.055	3456.079	3887.228	3767.441	0.893	0.897	0.877
931	3580.627	3427.051	3813.981	3547.732	0.841	0.845	0.848
932	3565.613	3330.612	3737.494	3598.835	0.853	0.857	0.845
933	3647.156	3461.874	3879.987	3636.905	0.862	0.866	0.864
934	3584.859	3446.548	3768.802	3567.345	0.845	0.849	0.849
935	3747.619	3542.219	4121.181	3677.959	0.872	0.876	0.888
936	3653.775	3539.708	3777.513	3638.602	0.862	0.866	0.866
937	3573.827	3394.219	3833.894	3552.707	0.842	0.846	0.847
938	3552.009	3432.336	3668.500	3538.168	0.838	0.842	0.842
939	3629.747	3388.539	3803.077	3638.319	0.862	0.866	0.860
940	3635.665	3406.083	3933.879	3627.679	0.860	0.864	0.862
941	3668.341	3393.623	3872.545	3648.392	0.865	0.869	0.869
942	3575.909	3453.073	3737.526	3557.429	0.843	0.847	0.847
943	3631.094	3400.930	3844.699	3638.328	0.862	0.866	0.860
944	3620.609	3420.529	3814.594	3648.061	0.864	0.869	0.858
945	3600.773	3380.587	3831.926	3621.322	0.858	0.862	0.853
946	3592.338	3403.673	3796.840	3644.653	0.864	0.868	0.851
947	3524.797	3434.446	3609.392	3511.698	0.832	0.836	0.835
948	3547.046	3353.259	3679.224	3590.877	0.851	0.855	0.841
949	3591.907	3317.097	3893.870	3569.547	0.846	0.850	0.851
950	3588.787	3328.791	3975.540	3640.208	0.863	0.867	0.850
951	3602.798	3345.262	3815.356	3662.738	0.868	0.872	0.854
952	3574.549	3407.376	3932.198	3541.433	0.839	0.843	0.847
953	3668.052	3510.077	3784.837	3682.612	0.873	0.877	0.869
954	3615.184	3507.161	3834.877	3608.181	0.855	0.859	0.857
955	3687.207	3462.112	3882.769	3688.467	0.874	0.878	0.874
956	3708.958	3412.591	3892.287	3757.938	0.890	0.895	0.879
957	3664.984	3394.880	3813.231	3741.563	0.887	0.891	0.868
958	3644.984	3438.026	3807.007	3642.657	0.863	0.867	0.864
959	3664.579	3455.889	3899.480	3641.622	0.863	0.867	0.868
960	3651.194	3415.202	3944.137	3643.990	0.863	0.868	0.865
961	3724.313	3264.332	4003.047	3750.460	0.889	0.893	0.883
962	3634.368	3393.558	3799.398	3620.521	0.858	0.862	0.861
963	3660.216	3463.198	3823.599	3659.938	0.867	0.871	0.867
964	3679.476	3440.905	3862.255	3683.379	0.873	0.877	0.872
965	3738.537	3484.033	3985.632	3770.784	0.894	0.898	0.886
966	3739.942	3559.536	3940.984	3758.470	0.891	0.895	0.886
967	3727.928	3590.855	3888.245	3704.209	0.878	0.882	0.883
968	3750.590	3434.805	3943.924	3791.444	0.898	0.903	0.889
969	3679.273	3498.912	3829.776	3668.002	0.869	0.873	0.872
970	3675.952	3538.778	3781.221	3687.680	0.874	0.878	0.871
971	3677.945	3535.502	3927.661	3665.145	0.868	0.873	0.872
972	3704.409	3432.716	4007.307	3727.675	0.883	0.888	0.878
973	3682.779	3520.637	3826.888	3696.612	0.876	0.880	0.873
974	3692.890	3534.350	3954.984	3625.121	0.859	0.863	0.875
975	3725.292	3457.689	3902.006	3739.811	0.886	0.890	0.883
976	3697.648	3535.432	3809.190	3714.233	0.880	0.884	0.876
977	3642.631	3497.950	3952.548	3608.090	0.855	0.859	0.863
978	3666.087	3461.712	3942.097	3640.514	0.863	0.867	0.869
979	3606.720	3532.049	3754.895	3581.691	0.849	0.853	0.855
980	3597.592	3449.244	3824.293	3617.533	0.857	0.861	0.852
981	3655.359	3561.798	3778.856	3654.020	0.866	0.870	0.866
982	3686.647	3503.585	4008.428	3679.794	0.872	0.876	0.874
983	3741.941	3525.264	3878.874	3748.134	0.888	0.892	0.887
984	3670.272	3406.179	3886.340	3707.734	0.879	0.883	0.870
985	3631.897	3318.368	3981.519	3670.841	0.870	0.874	0.861
986	3587.158	3427.795	3684.997	3597.465	0.852	0.857	0.850
987	3686.639	3554.711	3818.405	3682.461	0.873	0.877	0.874
988	3688.818	3424.793	3876.781	3703.357	0.878	0.882	0.874
989	3705.480	3547.324	3789.643	3719.967	0.881	0.886	0.878
990	3677.838	3509.350	3903.214	3668.026	0.869	0.873	0.871
991	3642.296	3457.869	3884.243	3595.339	0.852	0.856	0.863
992	3670.099	3466.336	3866.381	3671.474	0.870	0.874	0.870
993	3628.088	3460.733	3851.146	3595.940	0.852	0.856	0.860
994	3685.007	3513.057	3845.391	3660.498	0.867	0.872	0.873
995	3714.007	3597.752	3870.510	3708.334	0.879	0.883	0.880
996	4409.983	4146.417	4645.303	4447.593	1.054	1.059	1.045
997	4409.983	4146.417	4645.303	4447.593	1.054	1.059	1.045
