 	Mean	Min	Max	Median	Max_to_bgmean	Median_to_bgmedian	Mean_to_bgmean
1	3948.581	3769.445	4170.991	3919.628	1.245	1.242	1.254
2	3964.069	3766.524	4163.423	3946.864	1.254	1.250	1.259
3	3926.494	3637.795	4153.651	3946.612	1.254	1.250	1.247
4	3964.802	3863.365	4077.692	3960.878	1.258	1.255	1.259
5	4038.090	3784.206	4190.804	4064.182	1.291	1.288	1.283
6	3929.050	3643.141	4054.560	4011.816	1.274	1.271	1.248
7	4000.154	3796.202	4349.914	4023.614	1.278	1.275	1.271
8	3955.103	3767.192	4286.140	3943.500	1.253	1.249	1.256
9	3992.111	3805.260	4243.456	4017.512	1.276	1.273	1.268
10	3849.314	3614.475	4191.103	3824.992	1.215	1.212	1.223
11	3844.158	3669.786	4104.630	3830.817	1.217	1.214	1.221
12	3895.388	3665.780	4076.111	3890.084	1.236	1.232	1.237
13	3877.784	3803.233	3964.298	3873.838	1.230	1.227	1.232
14	3996.619	3834.198	4136.327	3969.470	1.261	1.258	1.269
15	3965.884	3763.497	4313.420	3958.774	1.257	1.254	1.260
16	3983.065	3737.971	4210.490	3970.870	1.261	1.258	1.265
17	3954.327	3694.246	4236.383	3926.333	1.247	1.244	1.256
18	3884.523	3650.928	4094.346	3919.149	1.245	1.242	1.234
19	3899.232	3807.597	4090.900	3855.548	1.225	1.221	1.239
20	3895.698	3705.309	4089.061	3862.142	1.227	1.224	1.237
21	3898.072	3726.683	4108.694	3898.535	1.238	1.235	1.238
22	3908.072	3714.165	4116.479	3918.352	1.245	1.241	1.241
23	3926.354	3751.559	4113.660	3913.426	1.243	1.240	1.247
24	3917.446	3785.033	4064.075	3919.713	1.245	1.242	1.244
25	3945.249	3868.288	4176.959	3910.145	1.242	1.239	1.253
26	3948.004	3780.768	4123.661	3949.948	1.255	1.251	1.254
27	3941.312	3748.717	4101.583	3954.139	1.256	1.253	1.252
28	3951.473	3769.224	4240.925	3912.083	1.243	1.239	1.255
29	3952.437	3665.055	4318.554	3974.870	1.263	1.259	1.255
30	3907.678	3584.681	4283.371	3866.721	1.228	1.225	1.241
31	3979.641	3776.619	4419.539	3928.287	1.248	1.245	1.264
32	3900.767	3676.102	4062.674	3941.240	1.252	1.249	1.239
33	3921.502	3779.924	4198.006	3903.333	1.240	1.237	1.246
34	3879.820	3759.340	3967.151	3894.594	1.237	1.234	1.232
35	3951.955	3654.247	4094.387	4014.355	1.275	1.272	1.255
36	3997.804	3776.246	4219.625	4001.312	1.271	1.268	1.270
37	3883.178	3638.063	4108.202	3929.395	1.248	1.245	1.233
38	3763.358	3477.612	3993.238	3810.124	1.210	1.207	1.195
39	3832.122	3593.965	4056.194	3837.891	1.219	1.216	1.217
40	3824.223	3543.722	4108.398	3864.417	1.228	1.224	1.215
41	3822.997	3653.273	4019.270	3792.202	1.205	1.201	1.214
42	3796.363	3645.345	3971.203	3790.855	1.204	1.201	1.206
43	3790.507	3645.021	4048.979	3730.537	1.185	1.182	1.204
44	3819.919	3701.357	3932.731	3801.591	1.208	1.204	1.213
45	3840.629	3695.866	3991.249	3845.633	1.222	1.218	1.220
46	3907.330	3787.832	4223.107	3858.905	1.226	1.223	1.241
47	3898.337	3851.860	4002.126	3886.031	1.234	1.231	1.238
48	3826.717	3659.254	4105.043	3800.482	1.207	1.204	1.216
49	3799.085	3510.422	3997.522	3818.245	1.213	1.210	1.207
50	3888.284	3707.952	4037.407	3865.725	1.228	1.225	1.235
51	3788.077	3597.265	3897.423	3819.636	1.213	1.210	1.203
52	3869.468	3724.421	4038.694	3857.557	1.225	1.222	1.229
53	3953.057	3724.497	4095.477	3987.583	1.267	1.263	1.256
54	3899.062	3690.757	4071.846	3923.485	1.246	1.243	1.239
55	3837.415	3648.986	4054.935	3870.781	1.230	1.226	1.219
56	3838.226	3678.418	4059.249	3829.027	1.216	1.213	1.219
57	3816.639	3682.240	3975.679	3810.306	1.210	1.207	1.212
58	3821.327	3620.507	3985.222	3839.014	1.219	1.216	1.214
59	3877.006	3672.240	4107.561	3856.429	1.225	1.222	1.231
60	3871.397	3683.754	4031.161	3889.437	1.235	1.232	1.230
61	3820.494	3727.229	3960.927	3810.521	1.210	1.207	1.214
62	3829.787	3622.540	3926.990	3858.116	1.225	1.222	1.217
63	3797.589	3668.492	3933.198	3827.329	1.216	1.213	1.206
64	3820.114	3725.562	3942.549	3821.948	1.214	1.211	1.213
65	3772.740	3582.975	3959.392	3766.761	1.196	1.193	1.198
66	3804.736	3561.906	3988.825	3852.991	1.224	1.221	1.209
67	3861.524	3631.325	4092.041	3851.863	1.224	1.220	1.227
68	3863.664	3660.971	4071.388	3841.793	1.220	1.217	1.227
69	3832.393	3670.278	4168.470	3823.380	1.214	1.211	1.217
70	3879.623	3718.989	4039.770	3859.018	1.226	1.223	1.232
71	3915.528	3781.221	4074.979	3923.816	1.246	1.243	1.244
72	3786.678	3638.290	3976.977	3765.970	1.196	1.193	1.203
73	3857.913	3400.781	4164.189	3873.931	1.231	1.227	1.225
74	3846.801	3540.481	4186.742	3803.533	1.208	1.205	1.222
75	3883.700	3720.277	4002.667	3878.041	1.232	1.229	1.234
76	3815.018	3676.309	3977.728	3797.939	1.206	1.203	1.212
77	3870.381	3638.901	3963.758	3888.408	1.235	1.232	1.229
78	3776.070	3609.410	3990.325	3737.104	1.187	1.184	1.199
79	3838.129	3654.946	4010.995	3825.682	1.215	1.212	1.219
80	3793.633	3601.760	3985.190	3815.832	1.212	1.209	1.205
81	3839.528	3661.213	4052.384	3842.746	1.221	1.217	1.220
82	3815.772	3588.079	4017.021	3832.514	1.217	1.214	1.212
83	3792.626	3647.303	4011.033	3782.023	1.201	1.198	1.205
84	3767.447	3655.629	3886.762	3759.580	1.194	1.191	1.197
85	3736.764	3595.683	3973.550	3697.627	1.175	1.171	1.187
86	3833.128	3671.564	4091.275	3811.132	1.211	1.207	1.218
87	3947.599	3742.116	4232.688	3966.067	1.260	1.256	1.254
88	3802.379	3583.145	4156.981	3785.720	1.203	1.199	1.208
89	3853.039	3670.682	4105.444	3821.394	1.214	1.211	1.224
90	3834.897	3690.510	4046.474	3827.885	1.216	1.213	1.218
91	3879.655	3691.048	4012.365	3888.204	1.235	1.232	1.232
92	3746.241	3528.222	3892.441	3748.610	1.191	1.188	1.190
93	3862.814	3676.639	4169.756	3833.114	1.218	1.214	1.227
94	3913.213	3574.060	4152.987	3916.466	1.244	1.241	1.243
95	3963.186	3714.327	4188.203	3967.957	1.260	1.257	1.259
96	3981.571	3721.039	4214.610	3981.934	1.265	1.262	1.265
97	3949.519	3815.046	4110.204	3923.188	1.246	1.243	1.255
98	4000.275	3788.443	4206.257	4024.975	1.279	1.275	1.271
99	3938.725	3791.151	4122.337	3948.634	1.254	1.251	1.251
100	3948.692	3794.514	4201.435	3937.505	1.251	1.247	1.254
101	3821.962	3702.408	3954.823	3839.128	1.219	1.216	1.214
102	3851.852	3699.223	3954.779	3853.528	1.224	1.221	1.224
103	3898.224	3664.123	4276.028	3825.890	1.215	1.212	1.238
104	3864.965	3695.784	4052.246	3880.263	1.233	1.229	1.228
105	3895.523	3723.270	4084.303	3889.476	1.235	1.232	1.237
106	3884.965	3661.720	4197.243	3880.176	1.233	1.229	1.234
107	3951.265	3711.927	4201.328	3977.245	1.263	1.260	1.255
108	3926.010	3689.997	4128.729	3900.230	1.239	1.236	1.247
109	3998.056	3720.987	4374.787	3989.283	1.267	1.264	1.270
110	3985.354	3738.438	4263.881	3989.926	1.267	1.264	1.266
111	3974.819	3703.880	4272.348	4001.367	1.271	1.268	1.263
112	3938.213	3749.051	4227.607	3940.213	1.252	1.248	1.251
113	3952.947	3824.942	4099.860	3951.206	1.255	1.252	1.256
114	3920.690	3645.252	4211.409	3965.832	1.260	1.256	1.245
115	3936.931	3762.068	4271.203	3878.956	1.232	1.229	1.251
116	3986.058	3585.447	4472.849	3968.770	1.261	1.257	1.266
117	3960.425	3798.584	4145.166	3953.325	1.256	1.252	1.258
118	3999.772	3655.912	4254.517	4025.918	1.279	1.275	1.270
119	3949.432	3782.365	4149.612	3950.039	1.255	1.251	1.255
120	3974.929	3763.181	4313.097	3957.432	1.257	1.254	1.263
121	4015.035	3803.423	4264.777	3950.655	1.255	1.252	1.275
122	4004.062	3710.684	4263.970	3975.277	1.263	1.259	1.272
123	3977.522	3814.055	4141.557	3964.290	1.259	1.256	1.263
124	3871.768	3714.397	4040.743	3860.869	1.226	1.223	1.230
125	3849.012	3606.975	4030.081	3886.226	1.234	1.231	1.223
126	3877.707	3681.336	4146.072	3851.838	1.224	1.220	1.232
127	3849.536	3701.987	4098.738	3813.625	1.211	1.208	1.223
128	3917.279	3751.030	4092.529	3902.735	1.240	1.236	1.244
129	3976.073	3733.239	4144.792	3979.496	1.264	1.261	1.263
130	3957.891	3762.818	4298.014	3966.638	1.260	1.257	1.257
131	3956.009	3727.014	4113.992	3972.716	1.262	1.259	1.257
132	3980.825	3746.663	4341.207	3928.738	1.248	1.245	1.264
133	3899.354	3626.467	4262.663	3918.872	1.245	1.242	1.239
134	3938.019	3743.577	4097.371	3955.460	1.256	1.253	1.251
135	3883.995	3762.255	4083.479	3833.022	1.218	1.214	1.234
136	3806.995	3606.039	4052.073	3785.195	1.202	1.199	1.209
137	3891.122	3727.142	4035.771	3874.585	1.231	1.227	1.236
138	3811.147	3602.516	3925.967	3830.642	1.217	1.214	1.211
139	3877.716	3685.966	4080.551	3879.546	1.232	1.229	1.232
140	3983.899	3789.300	4292.233	3984.168	1.266	1.262	1.265
141	4002.595	3740.361	4475.850	3989.787	1.267	1.264	1.271
142	3942.561	3789.237	4155.888	3924.835	1.247	1.243	1.252
143	3956.361	3720.703	4098.640	3994.586	1.269	1.266	1.257
144	3941.445	3673.327	4161.497	3980.853	1.264	1.261	1.252
145	4039.402	3611.415	4398.878	4068.143	1.292	1.289	1.283
146	4092.001	3909.835	4242.695	4106.191	1.304	1.301	1.300
147	4082.733	3927.437	4294.077	4084.182	1.297	1.294	1.297
148	4008.101	3776.159	4357.590	3946.442	1.254	1.250	1.273
149	4073.249	3833.237	4268.110	4084.756	1.297	1.294	1.294
150	4059.389	3865.227	4343.552	3993.386	1.268	1.265	1.289
151	4122.238	3920.549	4309.946	4135.854	1.314	1.310	1.309
152	4055.582	3767.719	4290.932	4045.504	1.285	1.282	1.288
153	4105.057	3879.222	4329.772	4122.434	1.309	1.306	1.304
154	4147.475	3968.456	4312.024	4125.819	1.311	1.307	1.317
155	4232.390	4100.628	4517.991	4187.245	1.330	1.327	1.344
156	4210.351	4029.735	4489.472	4193.214	1.332	1.328	1.337
157	4208.855	4089.170	4422.895	4180.694	1.328	1.324	1.337
158	4158.386	3928.106	4561.345	4147.198	1.317	1.314	1.321
159	4273.403	4080.960	4489.647	4242.248	1.348	1.344	1.357
160	4328.863	4179.941	4468.806	4344.697	1.380	1.376	1.375
161	4301.129	4038.438	4683.473	4282.097	1.360	1.357	1.366
162	4216.412	4032.580	4443.863	4194.399	1.332	1.329	1.339
163	4134.007	3833.524	4279.967	4205.285	1.336	1.332	1.313
164	4157.727	4046.708	4271.570	4156.182	1.320	1.317	1.321
165	4111.076	3934.720	4414.421	4095.156	1.301	1.297	1.306
166	4141.444	4044.066	4317.691	4104.986	1.304	1.300	1.315
167	4154.538	4016.095	4379.043	4092.905	1.300	1.297	1.320
168	4124.717	3886.622	4354.777	4124.244	1.310	1.307	1.310
169	4243.571	3977.826	4530.117	4219.072	1.340	1.337	1.348
170	4168.404	3912.989	4437.199	4170.327	1.325	1.321	1.324
171	4044.908	3802.505	4314.745	4036.302	1.282	1.279	1.285
172	4129.239	4009.209	4254.377	4134.010	1.313	1.310	1.312
173	4230.293	4057.410	4359.202	4232.706	1.344	1.341	1.344
174	4279.236	4147.503	4378.835	4299.026	1.366	1.362	1.359
175	4291.292	4032.412	4531.339	4249.604	1.350	1.346	1.363
176	4234.364	4013.531	4489.893	4196.642	1.333	1.330	1.345
177	4206.124	4007.616	4441.439	4193.523	1.332	1.329	1.336
178	4149.399	3688.961	4438.295	4158.827	1.321	1.318	1.318
179	4179.318	3855.844	4365.341	4230.161	1.344	1.340	1.328
180	4190.287	3947.671	4527.660	4155.464	1.320	1.316	1.331
181	4240.308	3994.030	4700.923	4169.447	1.324	1.321	1.347
182	4226.802	4095.640	4335.498	4236.641	1.346	1.342	1.343
183	4170.009	3902.097	4541.687	4180.570	1.328	1.324	1.325
184	4175.972	3908.680	4646.655	4108.765	1.305	1.302	1.326
185	4095.025	3828.147	4268.769	4125.936	1.311	1.307	1.301
186	4202.547	4008.142	4378.987	4164.303	1.323	1.319	1.335
187	4232.601	3982.813	4541.887	4227.667	1.343	1.339	1.344
188	4288.737	4102.839	4509.569	4234.729	1.345	1.342	1.362
189	4215.658	3946.944	4449.901	4160.741	1.322	1.318	1.339
190	4210.819	3960.178	4600.990	4154.858	1.320	1.316	1.338
191	4277.821	4052.533	4497.306	4232.037	1.344	1.341	1.359
192	4358.538	4158.875	4823.279	4292.211	1.363	1.360	1.384
193	4463.756	4215.696	4643.017	4431.321	1.408	1.404	1.418
194	4585.622	4401.710	4737.812	4621.197	1.468	1.464	1.457
195	4490.577	4172.133	4624.598	4509.369	1.432	1.429	1.426
196	4530.771	4284.308	4799.030	4540.438	1.442	1.438	1.439
197	4591.448	4395.103	4867.849	4537.708	1.441	1.438	1.458
198	4499.783	4294.045	4613.460	4536.676	1.441	1.437	1.429
199	4578.635	4280.077	4798.452	4623.372	1.469	1.465	1.454
200	4523.383	4215.548	4761.013	4548.351	1.445	1.441	1.437
201	4459.230	4236.376	4837.841	4415.408	1.403	1.399	1.416
202	4441.666	4132.113	4770.510	4421.653	1.405	1.401	1.411
203	4426.941	4166.472	4562.868	4474.893	1.421	1.418	1.406
204	4649.412	4284.936	4995.198	4694.221	1.491	1.487	1.477
205	4826.999	4576.668	5161.009	4862.138	1.544	1.540	1.533
206	4697.239	4271.438	5353.226	4522.614	1.437	1.433	1.492
207	4717.855	4235.760	5022.259	4752.074	1.509	1.505	1.499
208	4758.603	4580.307	4954.916	4750.785	1.509	1.505	1.512
209	4641.844	4470.980	4785.008	4627.469	1.470	1.466	1.474
210	4609.892	4416.685	4771.444	4576.759	1.454	1.450	1.464
211	4658.485	4472.147	4915.926	4623.819	1.469	1.465	1.480
212	4625.644	4316.265	4931.525	4587.539	1.457	1.453	1.469
213	4611.628	4306.510	4891.969	4609.010	1.464	1.460	1.465
214	4652.701	4378.676	5027.889	4565.086	1.450	1.446	1.478
215	4632.738	4208.664	5110.849	4619.862	1.467	1.464	1.472
216	4571.335	4212.117	5046.182	4501.864	1.430	1.426	1.452
217	4728.608	4480.384	5012.520	4684.932	1.488	1.484	1.502
218	4718.116	4342.558	4851.885	4783.719	1.520	1.516	1.499
219	4648.761	4460.164	4877.466	4614.733	1.466	1.462	1.477
220	4527.878	4007.180	5033.948	4538.416	1.442	1.438	1.438
221	4526.039	4102.959	4892.154	4533.908	1.440	1.436	1.438
222	4659.510	4181.875	4972.545	4685.456	1.488	1.484	1.480
223	4706.172	4368.011	5110.350	4768.422	1.515	1.511	1.495
224	4637.705	4352.759	4961.261	4664.247	1.482	1.478	1.473
225	4652.363	4352.021	4850.086	4669.010	1.483	1.479	1.478
226	4789.461	4373.052	5245.543	4765.373	1.514	1.510	1.521
227	4829.466	4318.446	5164.223	4874.093	1.548	1.544	1.534
228	4764.621	4370.090	5036.266	4867.537	1.546	1.542	1.513
229	4729.811	4464.867	5163.958	4670.683	1.484	1.480	1.502
230	4840.462	4597.649	5224.206	4747.221	1.508	1.504	1.538
231	4787.931	4533.947	5183.766	4733.292	1.503	1.500	1.521
232	4775.774	4450.603	5363.549	4743.998	1.507	1.503	1.517
233	4678.867	4446.267	4929.437	4659.652	1.480	1.476	1.486
234	4706.743	4260.735	5073.911	4663.314	1.481	1.477	1.495
235	4575.318	4211.890	4878.850	4560.926	1.449	1.445	1.453
236	4613.774	4417.537	4820.763	4585.723	1.457	1.453	1.466
237	4713.609	4412.911	4974.402	4740.998	1.506	1.502	1.497
238	4779.558	4444.033	5122.396	4800.766	1.525	1.521	1.518
239	4796.728	4537.407	5018.990	4798.336	1.524	1.520	1.524
240	4735.612	4533.481	4937.060	4735.874	1.504	1.500	1.504
241	4889.121	4612.391	5221.179	4833.878	1.535	1.531	1.553
242	4979.485	4669.428	5231.648	5002.637	1.589	1.585	1.582
243	4944.847	4578.058	5333.681	4926.415	1.565	1.561	1.571
244	4917.693	4717.913	5116.542	4939.347	1.569	1.565	1.562
245	4941.383	4664.674	5135.316	4963.116	1.576	1.572	1.570
246	4792.292	4579.491	5066.468	4754.368	1.510	1.506	1.522
247	4941.607	4730.667	5170.726	4959.033	1.575	1.571	1.570
248	5015.147	4703.414	5510.163	5026.125	1.597	1.592	1.593
249	4926.071	4416.243	5341.790	4863.308	1.545	1.541	1.565
250	5014.811	4669.261	5887.396	4968.850	1.578	1.574	1.593
251	5042.062	4745.710	5426.622	4985.226	1.584	1.579	1.602
252	5039.017	4693.984	5370.586	5040.101	1.601	1.597	1.601
253	4915.345	4758.381	5144.924	4893.843	1.554	1.550	1.561
254	4792.166	4607.858	4930.982	4826.064	1.533	1.529	1.522
255	4881.197	4646.108	4998.284	4914.938	1.561	1.557	1.550
256	4963.287	4537.327	5290.412	4961.632	1.576	1.572	1.577
257	4819.927	4451.744	5230.792	4822.925	1.532	1.528	1.531
258	4762.678	4415.631	5111.597	4665.419	1.482	1.478	1.513
259	4868.435	4585.262	5290.496	4822.198	1.532	1.528	1.546
260	4875.188	4599.986	5177.045	4867.422	1.546	1.542	1.549
261	4772.859	4472.378	5235.514	4755.979	1.511	1.507	1.516
262	4666.112	4493.908	4781.565	4698.639	1.492	1.489	1.482
263	4416.314	4266.797	4574.892	4453.262	1.415	1.411	1.403
264	4363.049	4140.764	4766.318	4321.705	1.373	1.369	1.386
265	4535.150	4184.545	5208.236	4461.508	1.417	1.413	1.441
266	4547.633	4249.144	4890.312	4517.354	1.435	1.431	1.445
267	4642.009	4477.972	4857.801	4606.309	1.463	1.459	1.474
268	4674.301	4407.022	5027.174	4699.817	1.493	1.489	1.485
269	4647.133	4260.769	5016.594	4672.580	1.484	1.480	1.476
270	4721.134	4297.378	5235.677	4646.651	1.476	1.472	1.500
271	4764.762	4353.671	4998.208	4818.334	1.531	1.526	1.513
272	4757.592	4408.622	5096.643	4786.282	1.520	1.516	1.511
273	4906.543	4655.671	5327.497	4881.359	1.551	1.546	1.559
274	4748.626	4480.717	4983.294	4779.741	1.518	1.514	1.508
275	4762.220	4380.805	5260.222	4757.811	1.511	1.507	1.513
276	4703.858	4297.139	5178.480	4675.451	1.485	1.481	1.494
277	4778.144	4429.701	5133.085	4780.521	1.518	1.515	1.518
278	4643.895	4280.424	4942.761	4731.071	1.503	1.499	1.475
279	4841.350	4679.511	5094.822	4840.931	1.538	1.534	1.538
280	4639.076	4168.562	5047.209	4682.493	1.487	1.483	1.474
281	4653.654	4518.088	4941.907	4626.167	1.469	1.466	1.478
282	4553.659	4263.642	4830.842	4562.085	1.449	1.445	1.446
283	4446.608	4348.533	4602.102	4420.165	1.404	1.400	1.412
284	4452.660	4142.349	4668.783	4463.961	1.418	1.414	1.414
285	4647.689	4368.356	4826.610	4684.375	1.488	1.484	1.476
286	4746.314	4364.158	5291.781	4763.471	1.513	1.509	1.508
287	4682.848	4323.999	4977.433	4680.233	1.487	1.483	1.487
288	4518.202	4175.847	4686.118	4534.415	1.440	1.437	1.435
289	4646.383	4247.834	4934.100	4644.500	1.475	1.471	1.476
290	4694.076	4264.743	4956.868	4717.991	1.499	1.495	1.491
291	4737.049	4385.540	5009.104	4700.283	1.493	1.489	1.505
292	4627.282	4377.418	4893.739	4640.160	1.474	1.470	1.470
293	4616.743	4332.301	4808.409	4644.230	1.475	1.471	1.466
294	4593.125	4345.000	5054.726	4574.479	1.453	1.449	1.459
295	4569.776	4264.765	4955.463	4560.381	1.449	1.445	1.452
296	4677.219	4384.609	5007.317	4714.595	1.498	1.494	1.486
297	4745.038	4115.195	5099.350	4802.523	1.525	1.521	1.507
298	4788.666	4371.339	5131.766	4773.531	1.516	1.512	1.521
299	4790.820	4584.659	5463.040	4724.511	1.501	1.497	1.522
300	4694.259	4303.367	5059.062	4708.184	1.496	1.492	1.491
301	4784.188	4351.730	5046.302	4816.307	1.530	1.526	1.520
302	4808.875	4283.803	5097.024	4845.215	1.539	1.535	1.527
303	4761.993	4209.255	5358.340	4792.796	1.522	1.518	1.513
304	4673.888	4276.159	5166.350	4676.991	1.486	1.482	1.485
305	4463.989	4144.594	4789.810	4451.844	1.414	1.410	1.418
306	4447.866	4096.359	5059.093	4425.849	1.406	1.402	1.413
307	4498.626	4155.911	4852.995	4533.081	1.440	1.436	1.429
308	4522.558	4245.030	4792.102	4576.327	1.454	1.450	1.437
309	4610.232	4211.463	5089.816	4546.204	1.444	1.440	1.464
310	4453.496	3949.910	4799.987	4528.030	1.438	1.435	1.415
311	4417.304	4039.011	4919.372	4300.451	1.366	1.362	1.403
312	4509.115	3944.047	5118.127	4521.558	1.436	1.432	1.432
313	4532.297	4032.050	5034.235	4567.595	1.451	1.447	1.440
314	4584.996	4105.467	4825.651	4609.860	1.464	1.460	1.456
315	4494.338	3708.837	4960.349	4577.760	1.454	1.450	1.428
316	4446.910	3790.073	4870.646	4531.642	1.439	1.436	1.413
317	4468.065	4100.861	4935.245	4419.358	1.404	1.400	1.419
318	4583.262	4044.072	5019.069	4699.762	1.493	1.489	1.456
319	4571.619	3943.286	4988.157	4649.584	1.477	1.473	1.452
320	4516.297	3872.194	5051.275	4514.751	1.434	1.430	1.435
321	4580.878	3958.140	5175.505	4519.688	1.436	1.432	1.455
322	4531.548	4069.598	5033.420	4573.853	1.453	1.449	1.439
323	4602.794	4000.283	5227.396	4623.122	1.468	1.465	1.462
324	4499.717	4023.507	5045.789	4439.565	1.410	1.406	1.429
325	4417.451	3906.945	4792.972	4392.738	1.395	1.392	1.403
326	4335.972	3666.907	4742.117	4300.533	1.366	1.362	1.377
327	4412.928	3891.588	4872.383	4341.189	1.379	1.375	1.402
328	4389.361	3717.362	4939.847	4337.501	1.378	1.374	1.394
329	4433.641	3700.076	4848.337	4522.595	1.437	1.433	1.408
330	4600.422	4112.406	5094.374	4591.217	1.458	1.455	1.461
331	4580.510	3861.007	5012.055	4693.184	1.491	1.487	1.455
332	4541.318	3681.991	5032.916	4590.395	1.458	1.454	1.443
333	4577.979	3728.079	5162.172	4700.655	1.493	1.489	1.454
334	4513.266	3714.391	4974.306	4534.054	1.440	1.436	1.434
335	4546.006	3715.173	5194.943	4586.438	1.457	1.453	1.444
336	4699.000	3663.247	5182.770	4805.377	1.526	1.522	1.493
337	4639.823	3753.780	5412.093	4708.371	1.496	1.492	1.474
338	4740.280	3809.956	5429.660	4753.490	1.510	1.506	1.506
339	4730.073	3904.548	5416.461	4937.888	1.568	1.564	1.502
340	4748.411	3688.490	5461.976	4816.506	1.530	1.526	1.508
341	4726.600	3693.677	5249.537	4907.738	1.559	1.555	1.501
342	4703.421	3899.442	5239.203	4736.242	1.504	1.500	1.494
343	4716.535	3822.456	5307.755	4790.796	1.522	1.518	1.498
344	4676.456	3872.062	5179.536	4807.316	1.527	1.523	1.485
345	4692.538	3820.694	5281.022	4783.131	1.519	1.515	1.491
346	4721.423	3907.826	5194.989	4852.540	1.541	1.537	1.500
347	4789.075	3823.582	5325.666	4911.455	1.560	1.556	1.521
348	4782.941	3967.578	5535.760	4901.055	1.557	1.553	1.519
349	4748.778	3999.189	5176.123	4848.890	1.540	1.536	1.508
350	4746.616	3996.254	5287.101	4912.633	1.560	1.556	1.508
351	4701.449	4067.468	5136.734	4770.354	1.515	1.511	1.493
352	4871.595	3984.119	5555.217	4902.422	1.557	1.553	1.547
353	4809.812	3832.091	5352.535	4972.980	1.580	1.575	1.528
354	4989.110	3998.443	5792.304	5107.688	1.622	1.618	1.585
355	5061.098	4130.951	5718.023	5250.915	1.668	1.664	1.608
356	5042.521	4228.517	5532.632	5225.903	1.660	1.656	1.602
357	5110.416	4365.979	5583.588	5161.977	1.640	1.635	1.623
358	4871.651	4228.536	5312.493	4991.154	1.585	1.581	1.547
359	5074.030	4217.465	5764.151	5053.559	1.605	1.601	1.612
360	4987.817	4286.742	5612.326	5056.308	1.606	1.602	1.584
361	5066.649	4315.714	5581.839	5045.461	1.603	1.598	1.609
362	5217.302	4476.867	5810.217	5190.051	1.649	1.644	1.657
363	4987.138	4129.042	5666.651	4964.428	1.577	1.573	1.584
364	5100.541	4156.549	5594.191	5091.069	1.617	1.613	1.620
365	4999.594	4119.422	5465.687	5172.795	1.643	1.639	1.588
366	5020.457	4290.767	5485.001	5147.954	1.635	1.631	1.595
367	5121.306	4528.256	5455.278	5126.721	1.628	1.624	1.627
368	5091.807	4013.607	5629.260	5254.201	1.669	1.665	1.617
369	5210.741	4091.581	5829.785	5263.899	1.672	1.668	1.655
370	5142.389	4290.161	5806.939	5156.942	1.638	1.634	1.633
371	5093.661	4056.831	5822.917	5143.265	1.634	1.629	1.618
372	5062.540	4105.628	5591.450	5220.065	1.658	1.654	1.608
373	5060.816	4185.192	5693.335	5183.841	1.647	1.642	1.608
374	5117.919	4298.700	5654.101	5182.197	1.646	1.642	1.626
375	4895.333	4154.884	5354.597	4923.646	1.564	1.560	1.555
376	4968.396	4349.844	5337.604	5036.214	1.600	1.596	1.578
377	4852.769	4364.559	5238.958	4881.197	1.550	1.546	1.541
378	4865.570	4206.836	5232.582	4954.861	1.574	1.570	1.546
379	5018.245	4548.571	5461.996	4979.503	1.582	1.578	1.594
380	5125.823	4441.749	5626.964	5142.354	1.633	1.629	1.628
381	5161.345	4484.017	5559.914	5264.525	1.672	1.668	1.639
382	5190.963	4603.636	5566.365	5247.065	1.667	1.662	1.649
383	5037.647	4654.659	5324.053	5133.800	1.631	1.626	1.600
384	5108.735	4746.356	5307.719	5152.677	1.637	1.632	1.623
385	5159.394	4728.518	5523.656	5150.754	1.636	1.632	1.639
386	5037.710	4514.483	5636.949	4986.427	1.584	1.580	1.600
387	4971.550	4647.332	5388.832	4947.785	1.572	1.567	1.579
388	5321.008	4624.588	6515.329	5288.504	1.680	1.675	1.690
389	5280.913	4822.187	5967.800	5204.851	1.653	1.649	1.677
390	5160.816	4386.434	5710.511	5175.719	1.644	1.640	1.639
391	5118.757	4711.684	5437.108	5155.881	1.638	1.633	1.626
392	5353.188	4903.544	5857.610	5302.984	1.684	1.680	1.700
393	5193.491	4737.007	5603.430	5155.831	1.638	1.633	1.650
394	5222.754	4932.346	5594.559	5204.550	1.653	1.649	1.659
395	5052.566	4577.945	5435.366	5036.280	1.600	1.596	1.605
396	5021.911	4578.073	5304.237	5092.426	1.618	1.613	1.595
397	5105.475	4525.588	5499.309	5091.960	1.617	1.613	1.622
398	5045.587	4418.147	5556.083	4925.271	1.564	1.560	1.603
399	4987.764	4225.286	5461.195	5013.506	1.592	1.588	1.584
400	5066.691	4412.375	5468.633	5184.586	1.647	1.643	1.609
401	4990.942	4283.448	5517.201	5127.478	1.629	1.624	1.585
402	5000.402	4265.935	5420.589	5077.179	1.613	1.608	1.588
403	5142.309	4430.699	5535.106	5138.638	1.632	1.628	1.633
404	4972.223	4286.488	5380.851	5049.089	1.604	1.600	1.579
405	5087.188	4702.293	5299.322	5167.785	1.642	1.637	1.616
406	5013.205	4224.741	5810.180	5012.689	1.592	1.588	1.592
407	5041.519	4379.821	5439.551	5091.804	1.617	1.613	1.601
408	5083.521	4465.901	5482.823	5128.279	1.629	1.625	1.615
409	5187.198	4387.636	6053.430	5222.537	1.659	1.655	1.648
410	5091.235	4471.107	5683.998	5136.561	1.632	1.627	1.617
411	4998.733	4546.026	5492.470	4924.542	1.564	1.560	1.588
412	4783.325	3905.833	5258.134	4801.754	1.525	1.521	1.519
413	4658.467	4179.622	4903.032	4693.569	1.491	1.487	1.480
414	4948.917	4503.352	5393.437	4941.695	1.570	1.566	1.572
415	5038.977	4778.400	5291.625	5047.351	1.603	1.599	1.601
416	4969.239	4267.577	5563.295	4946.051	1.571	1.567	1.578
417	5083.316	4372.340	5655.037	5045.857	1.603	1.599	1.615
418	5208.541	4505.042	5881.794	5051.167	1.604	1.600	1.654
419	5203.685	4542.879	5576.060	5308.319	1.686	1.682	1.653
420	5058.916	4542.283	5471.366	5169.247	1.642	1.638	1.607
421	4996.239	4212.687	5665.995	5138.345	1.632	1.628	1.587
422	5069.929	4408.001	5562.013	5148.070	1.635	1.631	1.610
423	4870.300	4218.277	5366.584	4939.428	1.569	1.565	1.547
424	4836.040	4304.954	5481.558	4860.833	1.544	1.540	1.536
425	4810.225	3973.295	5471.560	4946.258	1.571	1.567	1.528
426	4853.749	3940.794	5320.327	4972.748	1.580	1.575	1.542
427	4831.174	4022.583	5294.014	4984.067	1.583	1.579	1.535
428	4826.882	3894.017	5441.124	4882.467	1.551	1.547	1.533
429	4802.347	4076.391	5245.521	4937.397	1.568	1.564	1.525
430	4791.963	3933.901	5778.184	4815.022	1.529	1.525	1.522
431	4871.074	3858.148	5308.926	4998.619	1.588	1.584	1.547
432	4934.082	4306.791	5184.317	5063.290	1.608	1.604	1.567
433	4885.470	4091.108	5460.746	4911.782	1.560	1.556	1.552
434	4886.089	4151.753	5282.328	5021.838	1.595	1.591	1.552
435	4945.907	4296.739	5249.590	5116.039	1.625	1.621	1.571
436	4975.124	4248.403	5325.238	5119.214	1.626	1.622	1.580
437	4967.391	4396.647	5326.324	5006.758	1.590	1.586	1.578
438	4977.793	4557.271	5374.334	4911.322	1.560	1.556	1.581
439	4883.488	4536.219	5379.794	4851.085	1.541	1.537	1.551
440	4889.293	4176.460	5798.041	4803.978	1.526	1.522	1.553
441	4979.340	4496.988	5338.778	4961.856	1.576	1.572	1.582
442	4971.386	4552.541	5438.717	4892.879	1.554	1.550	1.579
443	5100.356	4413.091	5804.609	5056.594	1.606	1.602	1.620
444	4870.354	4593.577	5174.425	4859.626	1.544	1.540	1.547
445	5000.755	4676.073	5310.003	4965.491	1.577	1.573	1.588
446	5043.458	4587.469	5329.750	5080.216	1.614	1.609	1.602
447	5036.382	4648.062	5243.837	5041.451	1.601	1.597	1.600
448	5066.115	4764.317	5369.032	5050.122	1.604	1.600	1.609
449	4954.061	4537.671	5238.336	4996.072	1.587	1.583	1.574
450	5036.918	4654.023	5544.665	5038.685	1.600	1.596	1.600
451	5023.267	4595.081	5543.486	4951.832	1.573	1.569	1.596
452	5080.075	4502.668	5432.388	5199.420	1.652	1.647	1.614
453	4941.511	4447.873	5491.325	4879.377	1.550	1.546	1.570
454	4987.068	4627.162	5193.546	5007.268	1.591	1.586	1.584
455	4779.565	4331.658	5157.988	4792.434	1.522	1.518	1.518
456	4844.356	4329.444	5214.552	4852.512	1.541	1.537	1.539
457	4833.331	4035.698	5201.568	4858.375	1.543	1.539	1.535
458	4942.571	4364.915	5257.180	4991.182	1.585	1.581	1.570
459	5049.136	4162.039	5716.839	5039.951	1.601	1.597	1.604
460	4831.942	3930.772	5173.487	5009.234	1.591	1.587	1.535
461	4805.111	4314.759	5126.545	4888.818	1.553	1.549	1.526
462	4861.948	4502.470	5061.341	4865.705	1.546	1.541	1.544
463	5107.606	4577.985	5744.056	5165.685	1.641	1.637	1.622
464	4932.274	4398.151	5357.521	4877.658	1.549	1.545	1.567
465	4721.850	4265.382	5098.696	4733.676	1.504	1.500	1.500
466	4858.689	4299.695	5162.208	4892.698	1.554	1.550	1.543
467	4960.026	4394.808	5561.426	5008.327	1.591	1.587	1.576
468	5009.704	4548.981	5693.524	4967.739	1.578	1.574	1.591
469	5108.394	4559.101	5831.012	5129.515	1.629	1.625	1.623
470	5158.748	4779.413	5894.434	5040.258	1.601	1.597	1.639
471	5154.306	4767.206	5758.737	5064.027	1.609	1.604	1.637
472	5103.691	4688.169	5591.314	5138.064	1.632	1.628	1.621
473	5296.065	4857.482	5812.917	5175.982	1.644	1.640	1.682
474	5317.360	4728.000	5873.529	5339.185	1.696	1.691	1.689
475	5217.526	4844.581	5593.595	5194.085	1.650	1.646	1.657
476	5331.933	4974.658	5810.909	5213.594	1.656	1.652	1.694
477	5265.282	4763.074	5501.895	5317.765	1.689	1.685	1.672
478	5317.837	4974.178	5512.273	5350.923	1.700	1.695	1.689
479	5517.956	5090.158	6308.961	5432.404	1.726	1.721	1.753
480	5280.438	4983.961	5457.875	5307.963	1.686	1.682	1.677
481	5485.667	5162.125	5949.915	5374.471	1.707	1.703	1.742
482	5413.911	5074.936	5787.877	5417.028	1.721	1.716	1.720
483	5254.552	5009.050	5690.156	5197.763	1.651	1.647	1.669
484	5117.581	4615.875	5420.075	5214.607	1.656	1.652	1.626
485	5057.922	4443.050	5437.586	5051.249	1.604	1.600	1.607
486	5189.766	4772.016	5725.605	5175.107	1.644	1.640	1.648
487	5106.458	4810.845	5541.595	5001.438	1.589	1.584	1.622
488	5077.648	4776.315	5446.040	5105.442	1.622	1.617	1.613
489	5044.935	4726.482	5567.014	5005.844	1.590	1.586	1.602
490	5113.463	4655.095	5941.464	4973.992	1.580	1.576	1.624
491	5021.355	4516.671	5712.855	4945.223	1.571	1.567	1.595
492	5238.156	4698.639	5673.271	5286.208	1.679	1.675	1.664
493	4917.025	4653.334	5159.365	4895.775	1.555	1.551	1.562
494	4917.164	4591.475	5257.401	4877.537	1.549	1.545	1.562
495	4949.257	4658.877	5285.847	4925.351	1.564	1.560	1.572
496	4813.766	4513.636	5106.053	4825.661	1.533	1.529	1.529
497	5093.208	4768.546	5633.502	5018.159	1.594	1.590	1.618
498	5026.299	4633.746	5472.163	4971.485	1.579	1.575	1.597
499	5104.597	4309.431	5540.364	5161.049	1.639	1.635	1.621
500	5072.122	4287.316	5453.182	5201.229	1.652	1.648	1.611
501	5350.508	4346.213	5794.260	5414.154	1.720	1.715	1.700
502	5461.529	4584.872	6214.091	5592.223	1.776	1.772	1.735
503	5485.561	4209.190	6367.638	5568.171	1.769	1.764	1.742
504	5302.847	4408.523	5806.922	5487.407	1.743	1.738	1.684
505	5303.796	4637.887	5624.449	5424.800	1.723	1.719	1.685
506	5310.594	4765.475	5767.822	5299.989	1.683	1.679	1.687
507	5220.499	4805.681	5677.714	5210.717	1.655	1.651	1.658
508	5412.984	4599.938	5852.950	5394.394	1.713	1.709	1.719
509	5264.323	4968.159	5884.365	5225.052	1.660	1.655	1.672
510	5112.600	4686.018	5728.725	5080.057	1.614	1.609	1.624
511	5266.944	4781.276	5951.500	5183.657	1.647	1.642	1.673
512	5081.865	4647.890	5421.583	5119.318	1.626	1.622	1.614
513	5131.809	4524.496	5546.201	5168.728	1.642	1.637	1.630
514	5219.566	4752.410	5898.391	5070.912	1.611	1.606	1.658
515	5207.057	4944.747	5597.395	5169.028	1.642	1.638	1.654
516	5270.369	4767.253	5828.382	5267.635	1.673	1.669	1.674
517	5298.767	4922.803	5916.034	5213.156	1.656	1.652	1.683
518	5181.602	4625.514	5588.856	5193.778	1.650	1.645	1.646
519	5369.437	4515.543	5998.850	5451.105	1.731	1.727	1.706
520	5222.485	4819.909	5563.857	5266.120	1.673	1.668	1.659
521	5101.292	4553.602	5694.595	4991.627	1.586	1.581	1.620
522	5126.743	4809.913	5530.537	5062.174	1.608	1.604	1.628
523	5252.636	4843.981	5841.356	5229.056	1.661	1.657	1.668
524	5403.414	4924.469	6027.779	5374.240	1.707	1.703	1.716
525	5289.839	5034.560	5747.224	5126.208	1.628	1.624	1.680
526	5411.261	5030.168	6033.706	5381.339	1.709	1.705	1.719
527	5511.576	5017.907	6156.891	5538.012	1.759	1.754	1.751
528	5423.296	5097.885	5674.917	5480.496	1.741	1.736	1.723
529	5379.470	5086.255	5692.231	5415.091	1.720	1.716	1.709
530	5320.327	4999.505	5739.426	5317.768	1.689	1.685	1.690
531	5090.662	4418.842	5514.884	5151.516	1.636	1.632	1.617
532	5350.146	4879.286	5868.353	5338.298	1.696	1.691	1.699
533	5147.716	4916.335	5518.710	5079.325	1.613	1.609	1.635
534	5313.399	4965.884	5817.483	5246.819	1.667	1.662	1.688
535	5326.047	5000.464	5808.057	5266.980	1.673	1.669	1.692
536	5362.533	5079.267	5780.210	5348.447	1.699	1.694	1.703
537	5192.906	4881.856	5615.680	5134.708	1.631	1.627	1.649
538	5415.113	5097.397	5858.174	5402.609	1.716	1.712	1.720
539	5691.650	5115.130	6280.670	5743.332	1.824	1.820	1.808
540	5689.894	5125.209	6127.541	5731.870	1.821	1.816	1.807
541	5505.676	5181.119	5811.557	5498.903	1.747	1.742	1.749
542	5397.301	5092.417	5647.021	5442.961	1.729	1.724	1.714
543	5282.444	4987.302	5692.238	5313.853	1.688	1.683	1.678
544	5241.182	4826.744	5536.353	5213.506	1.656	1.652	1.665
545	5234.138	5013.516	5417.651	5233.440	1.662	1.658	1.663
546	5286.799	4929.464	5646.083	5291.393	1.681	1.676	1.679
547	5367.085	5079.114	5637.771	5371.162	1.706	1.702	1.705
548	5385.283	4931.609	5733.539	5371.469	1.706	1.702	1.711
549	5363.969	4964.991	5866.517	5393.413	1.713	1.709	1.704
550	5395.446	5031.323	6202.495	5262.417	1.672	1.667	1.714
551	5416.600	5089.519	5746.507	5362.080	1.703	1.699	1.721
552	5474.610	4936.211	5809.415	5562.915	1.767	1.762	1.739
553	5570.136	5309.852	5836.650	5581.908	1.773	1.768	1.769
554	5457.625	4920.456	5777.285	5479.793	1.741	1.736	1.734
555	5414.893	5198.688	5698.744	5380.808	1.709	1.705	1.720
556	5339.904	5110.112	5578.103	5324.072	1.691	1.687	1.696
557	5513.114	5166.375	5918.568	5486.689	1.743	1.738	1.751
558	5341.540	4694.417	5737.575	5369.847	1.706	1.701	1.697
559	5288.352	4684.914	5824.228	5343.325	1.697	1.693	1.680
560	5157.331	4738.527	5573.589	5120.583	1.627	1.622	1.638
561	5381.180	5030.986	5777.483	5349.832	1.699	1.695	1.709
562	5366.162	4752.579	5865.620	5399.407	1.715	1.711	1.705
563	5334.780	4914.431	5683.726	5352.151	1.700	1.696	1.695
564	5220.401	5120.931	5427.034	5163.708	1.640	1.636	1.658
565	5219.125	4937.051	5437.273	5236.430	1.663	1.659	1.658
566	5317.042	4668.101	5851.764	5457.812	1.734	1.729	1.689
567	5114.715	4866.225	5355.589	5122.076	1.627	1.623	1.625
568	5182.192	4984.902	5381.849	5188.222	1.648	1.644	1.646
569	5385.792	4832.586	5795.137	5435.725	1.727	1.722	1.711
570	5509.636	5199.003	5861.690	5510.595	1.750	1.746	1.750
571	5716.443	5392.419	5960.706	5692.231	1.808	1.803	1.816
572	5638.442	5284.379	5969.223	5653.383	1.796	1.791	1.791
573	5485.986	4714.741	5853.056	5505.172	1.749	1.744	1.743
574	5442.209	5118.462	5768.205	5394.140	1.713	1.709	1.729
575	5414.985	4981.003	5736.091	5396.937	1.714	1.710	1.720
576	5348.271	5012.970	5738.514	5319.231	1.690	1.685	1.699
577	5513.526	5195.235	6047.080	5467.255	1.737	1.732	1.751
578	5501.665	5175.324	5763.920	5568.586	1.769	1.764	1.748
579	5578.568	5189.881	6018.725	5513.553	1.751	1.747	1.772
580	5877.393	5263.466	6593.391	5888.567	1.870	1.866	1.867
581	5736.356	5283.820	6035.937	5767.337	1.832	1.827	1.822
582	5831.965	5490.201	6289.154	5863.168	1.862	1.857	1.852
583	5804.229	5317.565	6279.463	5848.603	1.858	1.853	1.844
584	5710.113	5204.716	6348.724	5619.730	1.785	1.780	1.814
585	5512.486	5129.902	5885.111	5513.617	1.751	1.747	1.751
586	5562.149	4971.831	5877.999	5555.876	1.765	1.760	1.767
587	5565.353	5026.586	6288.481	5441.589	1.728	1.724	1.768
588	5509.829	5079.252	5883.145	5540.021	1.760	1.755	1.750
589	5432.602	5250.061	5571.079	5442.584	1.729	1.724	1.726
590	5510.478	5198.303	5955.507	5499.664	1.747	1.742	1.750
591	5596.623	5180.506	5983.601	5591.777	1.776	1.772	1.778
592	5343.372	4852.886	5735.840	5414.047	1.720	1.715	1.697
593	5262.561	5040.444	5424.212	5245.750	1.666	1.662	1.672
594	5443.359	5181.023	5834.090	5484.062	1.742	1.737	1.729
595	5370.828	4910.137	5776.767	5423.960	1.723	1.718	1.706
596	5327.412	4772.589	5910.632	5277.354	1.676	1.672	1.692
597	5349.227	5166.174	5802.393	5294.813	1.682	1.677	1.699
598	5399.287	5054.283	5746.378	5384.826	1.710	1.706	1.715
599	5180.829	4871.772	5506.507	5125.224	1.628	1.624	1.646
600	5278.717	4956.286	5603.955	5233.516	1.662	1.658	1.677
601	5126.299	4808.906	5393.103	5195.727	1.650	1.646	1.628
602	5148.540	4667.710	5422.955	5198.552	1.651	1.647	1.635
603	5103.842	4500.575	5596.103	5097.372	1.619	1.615	1.621
604	5199.167	4550.655	5847.821	5178.515	1.645	1.641	1.651
605	5141.057	4672.594	5484.147	5179.347	1.645	1.641	1.633
606	5046.833	4397.677	5323.463	5144.210	1.634	1.630	1.603
607	4984.642	4487.190	5483.314	4987.617	1.584	1.580	1.583
608	4989.540	4516.549	5567.636	5066.653	1.609	1.605	1.585
609	4988.858	4112.958	5353.875	5172.771	1.643	1.639	1.585
610	5048.172	4434.340	5657.477	5044.822	1.602	1.598	1.604
611	4974.828	4561.361	5346.649	4991.777	1.586	1.581	1.580
612	5017.482	4575.907	5391.653	5035.082	1.599	1.595	1.594
613	4930.571	4385.379	5325.811	4902.494	1.557	1.553	1.566
614	5006.526	4401.523	5411.226	5132.335	1.630	1.626	1.590
615	4959.826	4308.769	5439.137	5076.999	1.613	1.608	1.575
616	4901.153	4385.661	5474.106	4904.407	1.558	1.554	1.557
617	4794.011	4208.484	5298.893	4860.972	1.544	1.540	1.523
618	4826.252	3940.720	5443.549	4861.769	1.544	1.540	1.533
619	5004.420	4368.351	5362.093	5103.032	1.621	1.617	1.590
620	4946.209	4263.798	5435.872	4972.125	1.579	1.575	1.571
621	4923.715	4198.641	5416.822	5017.616	1.594	1.590	1.564
622	4854.032	3994.546	5425.220	4879.688	1.550	1.546	1.542
623	5134.020	4391.347	5461.045	5354.454	1.701	1.696	1.631
624	4936.314	4012.191	5552.368	5034.770	1.599	1.595	1.568
625	4972.530	4143.351	5599.482	4877.919	1.549	1.545	1.579
626	4980.738	3967.776	5818.168	5095.592	1.619	1.614	1.582
627	4988.797	3772.138	5791.972	5225.902	1.660	1.656	1.585
628	4976.945	3881.407	6113.354	5130.690	1.630	1.625	1.581
629	4939.968	3901.460	5681.691	5161.445	1.639	1.635	1.569
630	5064.810	4094.644	6018.782	4956.563	1.574	1.570	1.609
631	4939.688	3927.015	5789.004	4894.421	1.555	1.551	1.569
632	4890.510	3698.068	5539.931	5165.638	1.641	1.637	1.553
633	4802.766	3830.770	5484.990	4914.332	1.561	1.557	1.526
634	4730.048	4023.052	5299.257	4813.068	1.529	1.525	1.502
635	4846.123	3849.845	5265.230	4993.981	1.586	1.582	1.539
636	4910.191	3771.514	5739.419	5072.699	1.611	1.607	1.560
637	4875.386	3694.762	5411.050	5159.193	1.639	1.634	1.549
638	4893.188	3818.348	5564.833	5080.906	1.614	1.610	1.554
639	4866.968	4113.904	5397.973	4993.334	1.586	1.582	1.546
640	4895.228	3869.229	5415.821	5167.517	1.641	1.637	1.555
641	5108.781	3810.530	5807.623	5347.597	1.699	1.694	1.623
642	5102.226	4185.848	5582.034	5220.851	1.658	1.654	1.621
643	5015.647	4377.761	5327.811	5151.202	1.636	1.632	1.593
644	5114.198	4558.501	5616.160	4992.367	1.586	1.582	1.624
645	5193.971	4497.507	5619.917	5257.934	1.670	1.666	1.650
646	5138.389	4575.544	5627.405	5142.177	1.633	1.629	1.632
647	5089.154	4480.768	5858.468	5012.805	1.592	1.588	1.617
648	5007.628	4680.564	5281.355	5049.707	1.604	1.600	1.591
649	4990.145	4569.209	5323.273	5042.391	1.602	1.597	1.585
650	4918.635	4365.511	5598.484	4881.108	1.550	1.546	1.562
651	4957.266	4259.861	5364.952	4997.905	1.588	1.583	1.575
652	4871.510	4238.329	5475.125	4798.848	1.524	1.520	1.547
653	4892.499	4107.015	5660.082	5067.356	1.610	1.605	1.554
654	5042.652	4389.987	5729.670	5055.549	1.606	1.602	1.602
655	5098.911	4349.835	5905.649	5240.549	1.665	1.660	1.620
656	5175.391	4457.957	5712.398	5247.408	1.667	1.662	1.644
657	5217.306	4426.326	5830.662	5297.437	1.683	1.678	1.657
658	5049.115	4243.783	5807.294	5031.093	1.598	1.594	1.604
659	4978.194	4390.561	5603.100	4934.948	1.568	1.563	1.581
660	5101.247	4463.317	5376.967	5206.314	1.654	1.649	1.620
661	5010.971	4170.500	5565.443	5086.572	1.616	1.611	1.592
662	4999.270	4454.121	5485.971	4969.844	1.579	1.574	1.588
663	4983.458	4308.754	5353.768	5088.463	1.616	1.612	1.583
664	4906.706	4401.547	5476.831	4911.265	1.560	1.556	1.559
665	4917.379	4378.968	5328.944	4903.310	1.557	1.553	1.562
666	5111.776	4392.015	5726.924	5040.403	1.601	1.597	1.624
667	4944.528	3945.582	5629.121	5031.240	1.598	1.594	1.571
668	4980.347	4194.048	5502.587	4963.261	1.577	1.572	1.582
669	5052.577	4340.602	5469.191	5187.899	1.648	1.644	1.605
670	4994.283	4452.452	5329.219	5065.241	1.609	1.605	1.586
671	5019.656	4541.481	5554.058	5053.575	1.605	1.601	1.594
672	4887.609	4465.534	5463.290	4947.792	1.572	1.567	1.553
673	4915.808	4247.802	5224.154	4985.807	1.584	1.580	1.561
674	5050.872	4424.467	5650.611	5014.457	1.593	1.589	1.604
675	4997.272	4630.778	5319.271	5034.490	1.599	1.595	1.587
676	4932.911	4462.681	5327.706	4922.209	1.563	1.559	1.567
677	5042.586	4487.435	5909.263	4980.565	1.582	1.578	1.602
678	4939.827	4277.678	5720.545	4883.493	1.551	1.547	1.569
679	4942.727	4538.936	5172.766	5014.475	1.593	1.589	1.570
680	5149.020	4866.628	5593.597	5138.857	1.632	1.628	1.636
681	5175.523	4747.489	5479.456	5172.663	1.643	1.639	1.644
682	5051.345	4643.117	5377.986	5025.844	1.596	1.592	1.605
683	5063.400	4492.094	5654.236	5056.790	1.606	1.602	1.608
684	5067.687	4695.090	5372.689	5083.910	1.615	1.611	1.610
685	5018.455	4741.082	5480.979	5004.504	1.590	1.585	1.594
686	5061.684	4831.793	5414.134	5068.183	1.610	1.606	1.608
687	5070.908	4629.236	5385.509	5096.352	1.619	1.615	1.611
688	5081.175	4624.641	5431.810	5076.127	1.612	1.608	1.614
689	5076.117	4872.387	5206.673	5090.122	1.617	1.613	1.612
690	5074.197	4618.896	5432.839	5101.492	1.620	1.616	1.612
691	4956.888	4479.984	5601.475	4888.164	1.553	1.549	1.575
692	5054.917	4606.405	5335.945	5096.244	1.619	1.615	1.606
693	5154.656	4898.350	5319.788	5178.996	1.645	1.641	1.637
694	5108.918	4664.015	5572.806	5082.892	1.615	1.610	1.623
695	5130.912	4782.346	5587.766	5132.486	1.630	1.626	1.630
696	4993.402	4405.247	5656.981	5020.694	1.595	1.591	1.586
697	5008.288	4689.009	5253.442	5068.680	1.610	1.606	1.591
698	5104.626	4795.011	5441.413	5017.619	1.594	1.590	1.621
699	4958.162	4650.631	5378.386	4936.090	1.568	1.564	1.575
700	4993.261	4581.320	5345.790	5071.435	1.611	1.607	1.586
701	5009.347	4677.346	5417.471	5017.211	1.594	1.589	1.591
702	4916.931	4553.640	5501.871	4899.877	1.556	1.552	1.562
703	4883.416	4254.856	5242.527	4887.736	1.553	1.548	1.551
704	4930.247	4508.805	5323.222	4885.944	1.552	1.548	1.566
705	5035.163	4615.755	5416.231	5094.387	1.618	1.614	1.599
706	4931.423	4293.035	5328.503	5009.623	1.591	1.587	1.566
707	4934.688	4499.801	5390.228	4985.292	1.584	1.579	1.567
708	5002.638	4695.048	5282.592	5032.825	1.599	1.594	1.589
709	4896.267	4637.445	5204.613	4857.266	1.543	1.539	1.555
710	4887.219	4435.172	5288.556	4917.218	1.562	1.558	1.552
711	4981.029	4612.147	5546.662	4933.136	1.567	1.563	1.582
712	4988.347	4556.234	5862.527	4883.119	1.551	1.547	1.585
713	4976.086	4665.052	5311.587	5010.521	1.592	1.587	1.581
714	4971.927	4602.118	5223.445	5017.193	1.594	1.589	1.579
715	4932.798	4240.065	5526.872	5098.246	1.619	1.615	1.567
716	4891.192	4314.984	5343.084	5063.639	1.608	1.604	1.554
717	4913.636	4507.371	5423.194	4937.448	1.568	1.564	1.561
718	4946.910	4287.267	5682.099	4975.195	1.580	1.576	1.571
719	4932.218	4465.902	5310.666	5024.479	1.596	1.592	1.567
720	4895.515	4526.973	5119.631	4927.826	1.565	1.561	1.555
721	4783.451	4546.442	5214.204	4712.411	1.497	1.493	1.519
722	4598.151	4277.480	4900.300	4606.708	1.463	1.459	1.461
723	4699.675	4336.468	5020.317	4712.039	1.497	1.493	1.493
724	4836.709	4205.065	5350.893	4917.369	1.562	1.558	1.536
725	4879.310	4329.256	5266.408	4916.117	1.562	1.557	1.550
726	4707.658	4222.452	5082.852	4652.630	1.478	1.474	1.495
727	4711.135	4439.743	5069.640	4716.695	1.498	1.494	1.496
728	4690.562	4318.821	5043.987	4710.895	1.496	1.492	1.490
729	4830.334	4478.961	5200.327	4845.457	1.539	1.535	1.534
730	5019.909	4629.283	5623.916	4967.230	1.578	1.574	1.595
731	4923.834	4313.070	5636.029	4861.603	1.544	1.540	1.564
732	5089.511	4577.523	5677.188	5120.206	1.626	1.622	1.617
733	5019.372	4104.531	6014.337	5012.647	1.592	1.588	1.594
734	5025.771	4580.032	5538.829	5099.294	1.620	1.615	1.596
735	5052.180	4745.347	5491.177	4984.080	1.583	1.579	1.605
736	5032.338	4625.703	5276.493	5073.965	1.612	1.607	1.598
737	5003.005	4338.914	5287.821	5181.095	1.646	1.641	1.589
738	5151.207	4588.894	5624.333	5182.427	1.646	1.642	1.636
739	5067.968	4542.366	5542.718	5074.316	1.612	1.608	1.610
740	4927.209	4753.584	5181.494	4939.899	1.569	1.565	1.565
741	4880.737	4523.467	5151.987	4912.903	1.561	1.556	1.550
742	4966.756	4663.685	5218.402	4978.957	1.582	1.577	1.578
743	4917.603	4494.287	5452.921	4898.659	1.556	1.552	1.562
744	4843.576	4226.812	5175.534	4860.677	1.544	1.540	1.539
745	4944.242	4541.771	5218.549	4931.942	1.567	1.562	1.570
746	4979.858	4587.075	5338.311	4935.396	1.568	1.564	1.582
747	4994.471	4816.359	5162.519	5035.981	1.600	1.595	1.586
748	4925.272	4735.896	5166.258	4904.155	1.558	1.554	1.564
749	4812.192	4358.437	5101.959	4858.769	1.543	1.539	1.529
750	5023.351	4201.475	5753.278	4964.735	1.577	1.573	1.596
751	4802.373	4283.438	5077.632	4849.178	1.540	1.536	1.525
752	4738.666	4535.551	5149.338	4659.076	1.480	1.476	1.505
753	4639.682	3965.670	5221.281	4873.534	1.548	1.544	1.474
754	4604.824	3986.407	5012.949	4718.140	1.499	1.495	1.463
755	4630.025	3925.960	5118.500	4517.844	1.435	1.431	1.471
756	4704.477	4197.367	5182.239	4677.007	1.486	1.482	1.494
757	4675.680	4126.624	5033.277	4716.940	1.498	1.494	1.485
758	4713.055	4207.895	5183.211	4804.116	1.526	1.522	1.497
759	4699.658	4053.790	5234.574	4802.074	1.525	1.521	1.493
760	4595.644	3969.532	5229.153	4625.506	1.469	1.465	1.460
761	4736.909	4028.894	5402.144	4771.638	1.516	1.512	1.505
762	4690.409	3873.191	5393.045	4851.745	1.541	1.537	1.490
763	4607.247	3812.670	5504.184	4621.042	1.468	1.464	1.463
764	4566.306	4113.001	5232.237	4443.311	1.411	1.408	1.450
765	4532.960	3904.079	4998.407	4549.859	1.445	1.441	1.440
766	4584.242	3870.468	5075.886	4627.179	1.470	1.466	1.456
767	4531.009	3883.790	4949.245	4616.127	1.466	1.462	1.439
768	4543.808	4031.072	4937.064	4539.391	1.442	1.438	1.443
769	4448.341	3883.540	4803.458	4481.594	1.424	1.420	1.413
770	4581.178	3649.985	5056.129	4630.579	1.471	1.467	1.455
771	4511.928	3772.976	5010.222	4552.169	1.446	1.442	1.433
772	4613.366	3800.127	5072.130	4767.806	1.514	1.510	1.465
773	4589.328	3977.338	5202.932	4610.225	1.464	1.461	1.458
774	4538.650	4119.412	4989.378	4565.165	1.450	1.446	1.442
775	4564.381	4004.099	4931.194	4604.560	1.463	1.459	1.450
776	4582.021	4024.242	4843.061	4654.685	1.479	1.475	1.455
777	4497.202	3970.104	4791.512	4645.438	1.476	1.472	1.428
778	4536.552	4137.825	4809.184	4549.560	1.445	1.441	1.441
779	4637.474	4142.599	5135.958	4677.844	1.486	1.482	1.473
780	4758.108	4323.816	5160.664	4881.708	1.551	1.547	1.511
781	4715.346	4253.481	5002.477	4751.340	1.509	1.505	1.498
782	4595.001	4094.008	4872.210	4645.326	1.476	1.472	1.460
783	4690.810	4077.316	4996.904	4742.116	1.506	1.502	1.490
784	4689.615	4289.896	5108.406	4603.132	1.462	1.458	1.490
785	4573.789	4266.357	4880.926	4600.692	1.461	1.458	1.453
786	4516.346	4225.892	4753.615	4571.586	1.452	1.448	1.435
787	4647.678	4060.551	5002.435	4690.810	1.490	1.486	1.476
788	4572.957	4184.197	4836.422	4621.921	1.468	1.464	1.453
789	4600.349	4273.548	4966.351	4587.638	1.457	1.453	1.461
790	4652.234	4256.482	4982.259	4633.839	1.472	1.468	1.478
791	4708.629	4195.411	4916.865	4761.641	1.512	1.509	1.496
792	4693.551	4038.430	5274.716	4748.113	1.508	1.504	1.491
793	4546.173	4153.901	4841.866	4584.773	1.456	1.452	1.444
794	4652.184	3995.106	5083.477	4633.822	1.472	1.468	1.478
795	4652.784	4118.532	5043.007	4689.621	1.490	1.486	1.478
796	4701.617	4163.125	5193.051	4689.893	1.490	1.486	1.493
797	4759.775	3908.490	5332.165	4901.586	1.557	1.553	1.512
798	4745.561	3853.249	5325.127	4815.791	1.530	1.526	1.507
799	4687.901	3890.456	5352.545	4702.442	1.494	1.490	1.489
800	4628.255	3958.469	5095.250	4668.650	1.483	1.479	1.470
801	4645.539	3889.900	5447.924	4717.978	1.499	1.495	1.476
802	4493.990	3692.006	4780.536	4733.808	1.504	1.500	1.427
803	4572.354	3793.755	5137.621	4556.558	1.447	1.444	1.452
804	4466.947	3610.626	4936.630	4559.463	1.448	1.444	1.419
805	4450.659	3526.465	4819.562	4595.735	1.460	1.456	1.414
806	4569.475	3713.640	5060.124	4631.163	1.471	1.467	1.451
807	4584.598	3824.167	4998.965	4730.318	1.503	1.499	1.456
808	4584.332	3962.584	4973.415	4820.865	1.531	1.527	1.456
809	4606.401	4037.451	5149.372	4735.836	1.504	1.500	1.463
810	4770.619	4078.074	5399.989	4875.257	1.549	1.545	1.515
811	4515.610	4060.403	5030.388	4547.204	1.444	1.441	1.434
812	4461.570	4014.244	4978.870	4420.389	1.404	1.400	1.417
813	4599.686	3581.559	5213.467	4681.813	1.487	1.483	1.461
814	4790.015	3911.784	5485.522	4872.223	1.548	1.544	1.522
815	4741.566	3935.473	5059.773	4965.072	1.577	1.573	1.506
816	4489.785	3898.449	4866.071	4561.562	1.449	1.445	1.426
817	4448.585	3899.707	4837.343	4447.733	1.413	1.409	1.413
818	4531.897	3939.507	4947.885	4701.436	1.493	1.489	1.440
819	4572.457	3847.550	5133.306	4608.162	1.464	1.460	1.452
820	4699.819	3890.727	5619.134	4772.012	1.516	1.512	1.493
821	4559.629	3860.280	5146.638	4648.200	1.476	1.473	1.448
822	4684.338	3792.754	5241.291	4728.349	1.502	1.498	1.488
823	4591.263	4032.235	4958.773	4607.467	1.464	1.460	1.458
824	4753.399	4015.018	5305.524	4780.271	1.518	1.514	1.510
825	4476.952	3923.383	4934.190	4492.328	1.427	1.423	1.422
826	4490.580	3866.169	4829.680	4589.878	1.458	1.454	1.426
827	4567.410	4022.262	4945.606	4642.259	1.475	1.471	1.451
828	4690.987	4218.515	4961.297	4765.212	1.514	1.510	1.490
829	4477.256	4329.038	4674.941	4447.781	1.413	1.409	1.422
830	4531.844	4191.620	4837.776	4583.400	1.456	1.452	1.440
831	4424.070	4007.497	4807.714	4376.321	1.390	1.386	1.405
832	4438.816	3960.039	4779.047	4486.604	1.425	1.421	1.410
833	4448.400	4101.966	4654.541	4483.663	1.424	1.420	1.413
834	4545.546	4377.592	4756.313	4514.359	1.434	1.430	1.444
835	4508.543	4248.235	4644.312	4547.789	1.445	1.441	1.432
836	4323.723	4153.184	4607.907	4326.712	1.374	1.371	1.373
837	4345.281	3894.451	4761.672	4293.684	1.364	1.360	1.380
838	4352.073	4176.645	4566.666	4334.742	1.377	1.373	1.382
839	4235.970	3893.095	4486.901	4224.913	1.342	1.338	1.346
840	4168.139	3871.702	4354.505	4235.037	1.345	1.342	1.324
841	4187.789	3870.702	4491.743	4229.210	1.343	1.340	1.330
842	4236.885	4008.233	4552.619	4222.310	1.341	1.338	1.346
843	4178.918	4012.288	4585.925	4166.952	1.324	1.320	1.327
844	4261.098	3958.321	4616.990	4210.444	1.337	1.334	1.354
845	4204.656	3976.132	4538.591	4167.955	1.324	1.320	1.336
846	4220.935	4064.893	4484.923	4169.147	1.324	1.321	1.341
847	4110.199	3840.889	4427.063	4068.976	1.292	1.289	1.306
848	4194.782	3786.335	4561.767	4168.983	1.324	1.321	1.332
849	4201.583	4074.174	4391.461	4217.634	1.340	1.336	1.335
850	4221.954	3705.761	4503.031	4241.756	1.347	1.344	1.341
851	4187.075	3879.928	4454.071	4245.783	1.349	1.345	1.330
852	4144.120	3788.530	4371.784	4153.106	1.319	1.316	1.316
853	4082.866	3899.023	4198.542	4118.620	1.308	1.305	1.297
854	4081.833	3963.714	4291.634	4079.918	1.296	1.293	1.297
855	4102.845	3891.551	4442.049	4066.767	1.292	1.288	1.303
856	4095.663	3932.903	4296.176	4068.198	1.292	1.289	1.301
857	4097.927	3793.838	4342.894	4120.530	1.309	1.305	1.302
858	4104.168	3788.064	4480.058	4055.305	1.288	1.285	1.304
859	4072.481	3788.823	4237.788	4115.260	1.307	1.304	1.294
860	4068.645	3753.568	4271.825	4107.109	1.305	1.301	1.292
861	4144.380	3901.285	4393.168	4198.193	1.334	1.330	1.316
862	4086.768	3791.374	4347.390	4081.766	1.297	1.293	1.298
863	4072.095	3840.108	4220.416	4079.168	1.296	1.292	1.293
864	3999.219	3680.383	4377.890	3976.468	1.263	1.260	1.270
865	4090.711	3847.816	4464.962	4069.859	1.293	1.289	1.299
866	4110.275	3913.381	4305.387	4113.387	1.307	1.303	1.306
867	3987.248	3738.412	4204.626	4065.846	1.291	1.288	1.267
868	3976.272	3777.781	4256.555	3941.695	1.252	1.249	1.263
869	3912.008	3715.797	4046.141	3942.121	1.252	1.249	1.243
870	3975.652	3845.617	4125.434	3970.579	1.261	1.258	1.263
871	4016.527	3814.896	4295.744	4012.798	1.275	1.271	1.276
872	3916.796	3810.731	4162.554	3890.484	1.236	1.233	1.244
873	3954.153	3707.322	4115.843	3935.562	1.250	1.247	1.256
874	3983.225	3826.318	4245.013	3996.957	1.270	1.266	1.265
875	3959.327	3817.974	4142.972	3938.354	1.251	1.248	1.258
876	4006.419	3770.990	4197.431	4001.671	1.271	1.268	1.273
877	3987.280	3760.518	4256.810	3980.709	1.264	1.261	1.267
878	4069.088	3869.936	4299.799	4034.687	1.282	1.278	1.293
879	3956.100	3737.249	4122.458	4010.928	1.274	1.271	1.257
880	3967.083	3790.100	4118.284	3958.836	1.257	1.254	1.260
881	3953.961	3803.652	4193.814	3904.944	1.240	1.237	1.256
882	4016.491	3822.387	4192.738	4028.506	1.280	1.276	1.276
883	3896.727	3739.213	4102.502	3884.227	1.234	1.231	1.238
884	3979.428	3843.932	4308.542	3935.478	1.250	1.247	1.264
885	3976.071	3739.630	4328.898	3956.179	1.257	1.253	1.263
886	3959.309	3789.179	4275.204	3891.599	1.236	1.233	1.258
887	3894.700	3683.166	4114.404	3860.470	1.226	1.223	1.237
888	3962.074	3721.065	4219.679	3975.772	1.263	1.260	1.259
889	4030.465	3871.217	4211.985	4031.749	1.281	1.277	1.280
890	3930.140	3738.295	4121.562	3972.952	1.262	1.259	1.248
891	3897.633	3592.905	4057.551	3913.378	1.243	1.240	1.238
892	3861.210	3729.350	4051.401	3832.752	1.217	1.214	1.226
893	3841.006	3640.243	4049.738	3830.714	1.217	1.214	1.220
894	3982.144	3804.258	4171.481	3950.399	1.255	1.252	1.265
895	3954.527	3873.290	4090.853	3956.031	1.257	1.253	1.256
896	3971.033	3759.038	4224.914	3967.401	1.260	1.257	1.261
897	3953.255	3732.314	4156.258	3945.524	1.253	1.250	1.256
898	3971.903	3756.152	4206.873	3997.312	1.270	1.266	1.262
899	3868.714	3732.705	3989.550	3859.860	1.226	1.223	1.229
900	3831.873	3749.074	3968.581	3841.110	1.220	1.217	1.217
901	3930.094	3726.900	4351.040	3874.004	1.231	1.227	1.248
902	3892.724	3741.321	4004.610	3886.451	1.234	1.231	1.236
903	3889.611	3723.179	4217.729	3851.064	1.223	1.220	1.236
904	3854.596	3773.629	3969.974	3850.179	1.223	1.220	1.224
905	3833.228	3750.785	3903.043	3828.945	1.216	1.213	1.218
906	3817.160	3538.076	4041.993	3846.615	1.222	1.219	1.212
907	3853.359	3688.140	3970.860	3868.052	1.229	1.225	1.224
908	3913.856	3720.669	4085.557	3897.234	1.238	1.235	1.243
909	3924.674	3724.090	4129.206	3893.927	1.237	1.234	1.247
910	3910.100	3795.565	4081.880	3905.053	1.240	1.237	1.242
911	3976.310	3682.938	4146.200	3997.125	1.270	1.266	1.263
912	3924.441	3835.157	4110.351	3917.035	1.244	1.241	1.247
913	3999.260	3802.636	4187.249	4026.044	1.279	1.275	1.270
914	3890.403	3698.578	4077.942	3885.162	1.234	1.231	1.236
915	4028.159	3834.696	4242.245	4055.371	1.288	1.285	1.280
916	3973.550	3761.987	4213.142	3959.656	1.258	1.254	1.262
917	3897.926	3776.308	4035.603	3907.522	1.241	1.238	1.238
918	3966.974	3764.589	4184.640	3950.152	1.255	1.251	1.260
919	3978.677	3904.621	4118.824	3968.124	1.260	1.257	1.264
920	4093.523	3900.499	4315.355	4044.359	1.285	1.281	1.300
921	3997.574	3740.839	4186.396	4007.160	1.273	1.269	1.270
922	3882.812	3651.404	4164.779	3875.604	1.231	1.228	1.233
923	3892.055	3798.533	3987.440	3883.767	1.234	1.230	1.236
924	3968.185	3756.960	4159.280	4002.457	1.271	1.268	1.260
925	4028.625	3854.563	4214.167	4052.218	1.287	1.284	1.280
926	4096.995	3944.411	4244.251	4071.903	1.293	1.290	1.301
927	4078.041	3865.432	4319.305	4068.351	1.292	1.289	1.295
928	4009.317	3886.305	4161.283	3985.170	1.266	1.263	1.274
929	4006.013	3880.485	4175.387	3985.842	1.266	1.263	1.272
930	3997.769	3822.656	4263.765	3958.931	1.258	1.254	1.270
931	4022.329	3882.472	4303.120	4001.287	1.271	1.268	1.278
932	4001.543	3791.540	4187.350	4001.854	1.271	1.268	1.271
933	4017.438	3789.665	4601.458	3922.467	1.246	1.243	1.276
934	4034.502	3734.816	4293.353	4049.526	1.286	1.283	1.282
935	3984.766	3755.139	4259.481	3992.225	1.268	1.265	1.266
936	3897.615	3667.031	4135.664	3905.850	1.241	1.237	1.238
937	3922.613	3680.289	4165.278	3952.468	1.255	1.252	1.246
938	3975.876	3870.406	4203.604	3936.218	1.250	1.247	1.263
939	4042.746	3919.225	4272.726	4039.763	1.283	1.280	1.284
940	3973.866	3674.321	4150.784	3988.546	1.267	1.264	1.262
941	3905.451	3684.196	4210.185	3898.335	1.238	1.235	1.241
942	3926.238	3731.693	4240.913	3921.580	1.246	1.242	1.247
943	3960.559	3564.289	4173.335	3986.854	1.266	1.263	1.258
944	3991.802	3853.057	4126.448	4017.516	1.276	1.273	1.268
945	4004.613	3832.877	4214.782	4003.746	1.272	1.268	1.272
946	3950.513	3738.011	4119.501	3946.749	1.254	1.250	1.255
947	4103.584	3823.837	4433.567	4109.383	1.305	1.302	1.303
948	3948.536	3779.189	4219.345	3928.050	1.248	1.244	1.254
949	4038.399	3689.526	4328.692	4017.937	1.276	1.273	1.283
950	4022.110	3791.497	4213.872	4032.275	1.281	1.277	1.278
951	3935.126	3719.333	4221.312	3982.485	1.265	1.262	1.250
952	3881.574	3648.529	3996.628	3942.378	1.252	1.249	1.233
953	3965.529	3577.830	4180.705	3992.861	1.268	1.265	1.260
954	4009.519	3676.394	4317.928	4025.436	1.279	1.275	1.274
955	4022.517	3868.061	4181.562	4030.406	1.280	1.277	1.278
956	3870.597	3706.192	4044.913	3845.680	1.222	1.218	1.229
957	3836.249	3696.239	4027.261	3853.778	1.224	1.221	1.219
958	3965.615	3866.848	4267.416	3906.119	1.241	1.237	1.260
959	3953.868	3816.690	4110.967	3946.780	1.254	1.250	1.256
960	3975.723	3821.898	4180.596	3943.499	1.253	1.249	1.263
961	3974.553	3857.233	4137.127	3961.135	1.258	1.255	1.262
962	3952.033	3647.172	4165.500	3986.305	1.266	1.263	1.255
963	3948.000	3788.461	4149.770	3926.493	1.247	1.244	1.254
964	4119.038	3907.749	4428.758	4083.726	1.297	1.294	1.308
965	4124.678	3891.399	4248.951	4139.695	1.315	1.311	1.310
966	4098.829	3906.250	4291.921	4112.401	1.306	1.303	1.302
967	4042.137	3915.013	4193.413	4049.759	1.286	1.283	1.284
968	3999.090	3753.602	4187.478	4015.938	1.276	1.272	1.270
969	3900.909	3676.907	4131.975	3907.659	1.241	1.238	1.239
970	3932.743	3751.826	4226.455	3890.970	1.236	1.233	1.249
971	3993.736	3813.427	4130.043	4013.335	1.275	1.271	1.269
972	3891.410	3757.937	4011.365	3906.799	1.241	1.238	1.236
973	3945.928	3844.461	4052.486	3942.953	1.252	1.249	1.253
974	3973.730	3878.413	4137.435	3960.312	1.258	1.255	1.262
975	3965.620	3816.202	4173.192	3920.231	1.245	1.242	1.260
976	4020.307	3815.235	4306.349	4023.180	1.278	1.275	1.277
977	3979.285	3805.232	4181.609	3927.688	1.248	1.244	1.264
978	3933.208	3834.532	4019.654	3940.231	1.252	1.248	1.249
979	3913.225	3666.988	4145.408	3880.860	1.233	1.229	1.243
980	3936.716	3721.193	4175.635	3916.146	1.244	1.241	1.250
981	3940.976	3733.912	4048.266	3975.722	1.263	1.260	1.252
982	3953.303	3834.075	4237.606	3916.539	1.244	1.241	1.256
983	4013.275	3843.595	4159.332	4001.603	1.271	1.268	1.275
984	3901.811	3776.199	4055.283	3887.719	1.235	1.232	1.239
985	3899.430	3799.318	4015.875	3928.917	1.248	1.245	1.239
986	3935.281	3757.250	4155.159	3964.698	1.259	1.256	1.250
987	3930.654	3658.668	4358.727	3919.092	1.245	1.242	1.249
988	3945.013	3674.323	4271.664	3925.766	1.247	1.244	1.253
989	3839.349	3705.681	3985.396	3821.199	1.214	1.211	1.220
990	3857.776	3669.482	4137.988	3893.658	1.237	1.234	1.225
991	3827.756	3578.612	4107.585	3860.358	1.226	1.223	1.216
992	3953.749	3728.167	4235.193	3942.899	1.252	1.249	1.256
993	3925.027	3621.212	4269.548	3930.829	1.249	1.245	1.247
994	3867.959	3618.131	4278.860	3867.866	1.229	1.225	1.229
995	3844.468	3559.777	4034.964	3883.454	1.234	1.230	1.221
996	3900.879	3737.181	4044.140	3912.139	1.243	1.239	1.239
997	3845.769	3627.583	4003.809	3856.843	1.225	1.222	1.222
998	3877.101	3620.314	4194.259	3837.776	1.219	1.216	1.232
999	3859.998	3663.477	4027.758	3866.561	1.228	1.225	1.226
1000	3970.996	3798.506	4109.492	3974.490	1.262	1.259	1.261
1001	3921.805	3669.887	4172.229	3927.277	1.247	1.244	1.246
1002	3799.880	3641.793	3948.427	3803.612	1.208	1.205	1.207
1003	3870.218	3620.143	4114.494	3869.625	1.229	1.226	1.229
1004	3922.585	3763.889	4098.018	3918.531	1.245	1.241	1.246
1005	4006.095	3669.953	4578.747	3939.716	1.251	1.248	1.273
1006	3836.482	3633.719	4085.575	3792.227	1.205	1.201	1.219
1007	3902.344	3679.946	4170.069	3880.940	1.233	1.230	1.240
1008	4015.483	3828.965	4217.883	4003.100	1.272	1.268	1.275
1009	4014.296	3758.310	4243.413	4009.965	1.274	1.270	1.275
1010	3929.970	3810.414	4015.508	3943.482	1.253	1.249	1.248
1011	3896.093	3744.587	4100.187	3883.686	1.234	1.230	1.238
1012	3968.588	3809.975	4126.685	3995.687	1.269	1.266	1.261
1013	3978.840	3828.280	4181.791	3970.069	1.261	1.258	1.264
1014	4010.152	3675.351	4303.345	4053.787	1.288	1.284	1.274
1015	3946.614	3844.493	4038.199	3951.310	1.255	1.252	1.254
1016	3940.162	3815.668	4067.897	3941.108	1.252	1.249	1.252
1017	3870.604	3713.493	3991.978	3888.497	1.235	1.232	1.229
1018	3814.917	3617.658	4014.129	3834.063	1.218	1.215	1.212
1019	4003.547	3669.955	4332.694	3983.727	1.265	1.262	1.272
1020	3997.907	3811.517	4269.831	3987.258	1.267	1.263	1.270
1021	3944.932	3615.843	4179.698	3979.499	1.264	1.261	1.253
1022	4008.538	3858.847	4184.683	4016.046	1.276	1.272	1.273
1023	4027.325	3884.557	4202.570	4048.250	1.286	1.283	1.279
1024	3954.258	3660.658	4244.316	3954.756	1.256	1.253	1.256
1025	3950.095	3865.949	4059.324	3937.964	1.251	1.248	1.255
1026	3920.202	3669.329	4156.244	3929.852	1.248	1.245	1.245
1027	3983.008	3581.265	4315.085	3981.023	1.265	1.261	1.265
1028	4056.071	3872.658	4239.454	4045.489	1.285	1.282	1.288
1029	4124.364	3863.293	4284.161	4169.151	1.324	1.321	1.310
1030	4002.700	3802.626	4136.762	3996.151	1.269	1.266	1.271
1031	3995.474	3720.359	4197.223	3992.745	1.268	1.265	1.269
1032	4048.279	3889.386	4312.807	4033.588	1.281	1.278	1.286
1033	4153.099	3867.681	4350.025	4219.965	1.340	1.337	1.319
1034	4141.998	3865.535	4564.821	4101.259	1.303	1.299	1.316
1035	4151.183	3967.546	4391.667	4142.406	1.316	1.312	1.319
1036	4097.234	3854.612	4354.169	4064.348	1.291	1.288	1.301
1037	4181.873	3976.691	4332.673	4203.520	1.335	1.332	1.328
1038	4068.090	3967.844	4123.577	4074.152	1.294	1.291	1.292
1039	4046.179	3776.347	4309.913	3995.128	1.269	1.266	1.285
1040	4006.015	3820.894	4245.692	3945.622	1.253	1.250	1.272
1041	4011.552	3828.590	4282.785	4028.739	1.280	1.276	1.274
1042	4071.375	3876.624	4258.027	4124.978	1.310	1.307	1.293
1043	4043.808	3883.709	4286.292	4016.040	1.276	1.272	1.284
1044	4097.651	3886.005	4358.214	4117.556	1.308	1.304	1.302
1045	4014.493	3726.096	4268.135	4057.403	1.289	1.285	1.275
1046	4204.594	3989.296	4385.351	4208.258	1.337	1.333	1.336
1047	4101.848	3889.629	4281.088	4128.352	1.311	1.308	1.303
1048	4038.442	3871.808	4403.644	4029.191	1.280	1.276	1.283
1049	4034.874	3842.212	4245.522	4024.414	1.278	1.275	1.282
1050	4036.079	3818.750	4229.380	4046.548	1.285	1.282	1.282
1051	3985.874	3807.109	4338.253	3944.769	1.253	1.250	1.266
1052	4011.433	3869.370	4199.644	3976.089	1.263	1.260	1.274
1053	3996.367	3772.379	4237.467	4022.414	1.278	1.274	1.269
1054	4024.714	3561.857	4238.496	4085.748	1.298	1.294	1.278
1055	3995.393	3737.999	4206.105	4032.816	1.281	1.278	1.269
1056	4081.694	3751.022	4300.332	4100.025	1.302	1.299	1.297
1057	4163.572	3918.927	4504.391	4168.041	1.324	1.320	1.323
1058	3969.907	3846.372	4215.904	3937.808	1.251	1.248	1.261
1059	3951.152	3790.305	4120.437	3956.419	1.257	1.253	1.255
1060	4044.923	3949.990	4161.094	4050.984	1.287	1.283	1.285
1061	3966.151	3818.382	4121.336	3963.897	1.259	1.256	1.260
1062	4047.663	3971.993	4147.548	4036.519	1.282	1.279	1.286
1063	4058.214	3894.206	4475.397	4016.733	1.276	1.273	1.289
1064	4151.948	3973.958	4406.715	4116.691	1.308	1.304	1.319
1065	4058.539	3915.946	4253.233	4050.726	1.287	1.283	1.289
