 	Mean	Min	Max	Median	Max_to_bgmean	Median_to_bgmedian	Mean_to_bgmean
1	3492.205	3298.051	3691.661	3451.973	1.082	1.071	1.095
2	3448.847	3241.056	3603.119	3520.583	1.103	1.093	1.081
3	3420.711	3269.287	3552.873	3440.531	1.078	1.068	1.072
4	3524.965	3316.536	3720.414	3547.700	1.112	1.101	1.105
5	3521.770	3334.437	3739.796	3502.550	1.098	1.087	1.104
6	3481.707	3334.756	3647.286	3508.050	1.099	1.089	1.091
7	3535.963	3365.812	3794.688	3536.962	1.109	1.098	1.108
8	3515.789	3407.909	3675.179	3480.656	1.091	1.080	1.102
9	3561.524	3338.987	3816.868	3533.363	1.107	1.097	1.116
10	3615.261	3340.647	3988.521	3571.250	1.119	1.108	1.133
11	3575.513	3341.003	3771.239	3576.035	1.121	1.110	1.121
12	3517.836	3311.443	3667.817	3582.485	1.123	1.112	1.103
13	3573.351	3322.008	3874.470	3632.135	1.138	1.127	1.120
14	3518.741	3307.624	3701.481	3547.903	1.112	1.101	1.103
15	3563.134	3300.961	3756.866	3570.412	1.119	1.108	1.117
16	3600.748	3380.993	3893.911	3601.092	1.129	1.118	1.129
17	3665.765	3289.795	4103.241	3631.889	1.138	1.127	1.149
18	3625.509	3324.176	3953.322	3641.973	1.141	1.130	1.136
19	3557.524	3386.672	3748.788	3566.967	1.118	1.107	1.115
20	3579.903	3352.494	3758.349	3603.848	1.130	1.119	1.122
21	3666.236	3410.719	3851.698	3734.386	1.170	1.159	1.149
22	3557.812	3323.444	3757.635	3556.816	1.115	1.104	1.115
23	3578.062	3408.450	3745.780	3552.424	1.113	1.103	1.121
24	3588.440	3380.231	3880.251	3524.704	1.105	1.094	1.125
25	3623.244	3425.535	3887.410	3578.841	1.122	1.111	1.136
26	3601.339	3378.694	3737.245	3682.933	1.154	1.143	1.129
27	3517.265	3354.426	3696.018	3505.438	1.099	1.088	1.102
28	3598.694	3409.426	3756.433	3577.017	1.121	1.110	1.128
29	3561.391	3399.665	3724.367	3565.167	1.117	1.107	1.116
30	3567.540	3416.989	3774.085	3560.837	1.116	1.105	1.118
31	3543.246	3391.531	3692.324	3552.538	1.113	1.103	1.111
32	3602.725	3411.310	3816.959	3566.584	1.118	1.107	1.129
33	3619.005	3258.677	3994.543	3637.416	1.140	1.129	1.134
34	3590.249	3259.029	3809.979	3585.743	1.124	1.113	1.125
35	3557.616	3291.787	3794.698	3567.257	1.118	1.107	1.115
36	3599.212	3360.617	3826.448	3630.668	1.138	1.127	1.128
37	3604.050	3463.378	3799.849	3602.561	1.129	1.118	1.130
38	3640.678	3380.132	3905.083	3671.342	1.151	1.139	1.141
39	3637.027	3426.307	3911.693	3638.864	1.140	1.129	1.140
40	3677.445	3399.646	3918.659	3686.870	1.156	1.144	1.153
41	3621.854	3412.622	3804.476	3651.184	1.144	1.133	1.135
42	3652.475	3376.562	3766.517	3689.897	1.156	1.145	1.145
43	3683.257	3365.527	4192.961	3615.433	1.133	1.122	1.154
44	3623.417	3381.958	4003.537	3585.724	1.124	1.113	1.136
45	3667.253	3464.160	3897.516	3669.245	1.150	1.139	1.149
46	3637.678	3552.181	3789.423	3610.949	1.132	1.121	1.140
47	3653.909	3450.702	3815.351	3648.732	1.144	1.132	1.145
48	3621.935	3452.400	3842.296	3601.400	1.129	1.118	1.135
49	3703.627	3358.667	4046.275	3662.173	1.148	1.137	1.161
50	3666.483	3481.679	3931.540	3684.023	1.155	1.143	1.149
51	3656.639	3437.510	3788.594	3662.235	1.148	1.137	1.146
52	3675.123	3553.743	3873.717	3657.303	1.146	1.135	1.152
53	3648.976	3484.846	3925.696	3616.852	1.134	1.123	1.144
54	3689.111	3476.236	3834.039	3705.282	1.161	1.150	1.156
55	3706.372	3602.237	3870.457	3679.131	1.153	1.142	1.162
56	3674.018	3480.844	3810.663	3686.910	1.156	1.144	1.152
57	3689.374	3504.685	3775.398	3715.938	1.165	1.153	1.156
58	3654.333	3548.469	3797.270	3637.111	1.140	1.129	1.145
59	3605.407	3330.839	3829.801	3607.505	1.131	1.120	1.130
60	3638.451	3441.437	3769.328	3674.917	1.152	1.141	1.140
61	3639.624	3479.392	3786.032	3620.829	1.135	1.124	1.141
62	3585.374	3512.374	3691.391	3581.469	1.123	1.112	1.124
63	3662.551	3479.992	3851.211	3668.793	1.150	1.139	1.148
64	3670.176	3466.286	3902.135	3678.392	1.153	1.142	1.150
65	3654.737	3503.898	3810.176	3655.460	1.146	1.135	1.145
66	3647.724	3476.282	3889.319	3641.713	1.141	1.130	1.143
67	3715.472	3410.712	3844.578	3774.393	1.183	1.171	1.165
68	3768.273	3538.565	3894.173	3803.990	1.192	1.181	1.181
69	3648.612	3361.233	3943.844	3632.825	1.139	1.128	1.144
70	3608.464	3416.786	3936.613	3589.670	1.125	1.114	1.131
71	3694.406	3511.915	3823.543	3739.077	1.172	1.160	1.158
72	3732.164	3530.093	3904.693	3748.601	1.175	1.163	1.170
73	3715.295	3490.586	3924.164	3718.929	1.166	1.154	1.164
74	3701.166	3398.859	3890.465	3718.219	1.165	1.154	1.160
75	3652.175	3497.786	3850.565	3656.878	1.146	1.135	1.145
76	3649.103	3552.095	3755.208	3652.182	1.145	1.134	1.144
77	3698.826	3552.917	3752.944	3713.208	1.164	1.152	1.159
78	3776.885	3610.070	4104.868	3761.257	1.179	1.167	1.184
79	3667.941	3537.384	3796.721	3697.185	1.159	1.147	1.150
80	3638.733	3460.558	3817.502	3650.163	1.144	1.133	1.140
81	3734.487	3550.093	3874.410	3734.590	1.170	1.159	1.170
82	3734.963	3460.370	3897.160	3758.419	1.178	1.166	1.171
83	3673.497	3447.367	3820.853	3691.287	1.157	1.146	1.151
84	3712.215	3524.279	3935.194	3710.860	1.163	1.152	1.163
85	3664.706	3603.618	3824.668	3650.738	1.144	1.133	1.149
86	3598.140	3487.241	3695.972	3603.795	1.130	1.118	1.128
87	3578.169	3444.375	3784.459	3568.116	1.118	1.107	1.121
88	3645.477	3369.057	3759.979	3696.018	1.158	1.147	1.143
89	3599.245	3386.446	3775.037	3618.942	1.134	1.123	1.128
90	3560.279	3404.704	3758.333	3579.652	1.122	1.111	1.116
91	3595.676	3466.863	3775.324	3582.693	1.123	1.112	1.127
92	3693.031	3384.336	3942.438	3675.918	1.152	1.141	1.157
93	3663.655	3397.621	3880.796	3670.159	1.150	1.139	1.148
94	3632.167	3468.161	3735.742	3649.550	1.144	1.133	1.138
95	3703.323	3577.488	3806.682	3715.609	1.165	1.153	1.161
96	3635.514	3453.318	3808.718	3631.830	1.138	1.127	1.139
97	3621.590	3351.076	3950.406	3550.583	1.113	1.102	1.135
98	3628.150	3409.440	3918.820	3648.817	1.144	1.132	1.137
99	3616.108	3495.827	3742.928	3569.193	1.119	1.108	1.133
100	3684.807	3446.669	3858.423	3683.580	1.155	1.143	1.155
101	3632.781	3477.137	3747.111	3642.517	1.142	1.131	1.139
102	3605.033	3385.295	3760.847	3634.834	1.139	1.128	1.130
103	3677.575	3403.254	3773.010	3705.413	1.161	1.150	1.153
104	3684.008	3459.118	3927.031	3704.270	1.161	1.150	1.155
105	3580.239	3393.143	3757.103	3568.695	1.119	1.108	1.122
106	3589.199	3410.046	3690.220	3621.256	1.135	1.124	1.125
107	3572.257	3377.476	3656.662	3597.490	1.128	1.117	1.120
108	3632.340	3412.313	3870.728	3648.007	1.143	1.132	1.138
109	3733.498	3490.604	3966.795	3725.451	1.168	1.156	1.170
110	3641.512	3392.236	3842.719	3650.684	1.144	1.133	1.141
111	3662.468	3418.258	3803.549	3700.868	1.160	1.149	1.148
112	3629.247	3387.082	3809.120	3642.668	1.142	1.131	1.137
113	3672.457	3473.352	3844.902	3703.466	1.161	1.149	1.151
114	3749.934	3575.097	3946.365	3763.449	1.180	1.168	1.175
115	3729.936	3589.673	3828.553	3759.250	1.178	1.167	1.169
116	3662.426	3494.911	3862.132	3665.688	1.149	1.138	1.148
117	3605.026	3386.655	3797.512	3637.802	1.140	1.129	1.130
118	3602.787	3330.127	3730.304	3659.119	1.147	1.136	1.129
119	3650.091	3351.031	3886.062	3657.214	1.146	1.135	1.144
120	3628.049	3486.830	3921.969	3647.299	1.143	1.132	1.137
121	3649.363	3375.610	3802.271	3746.466	1.174	1.163	1.144
122	3672.885	3403.964	3818.542	3744.465	1.174	1.162	1.151
123	3704.345	3473.652	3851.571	3724.644	1.167	1.156	1.161
124	3619.083	3335.408	3972.599	3591.111	1.126	1.115	1.134
125	3643.086	3338.044	3937.660	3663.587	1.148	1.137	1.142
126	3604.098	3422.142	3854.638	3583.192	1.123	1.112	1.130
127	3605.783	3465.658	3745.249	3602.838	1.129	1.118	1.130
128	3644.342	3456.380	3837.265	3660.359	1.147	1.136	1.142
129	3647.534	3417.146	3920.357	3563.067	1.117	1.106	1.143
130	3663.104	3359.240	3904.695	3661.333	1.148	1.136	1.148
131	3597.711	3330.518	3739.649	3617.461	1.134	1.123	1.128
132	3536.262	3407.632	3711.411	3517.636	1.102	1.092	1.108
133	3620.701	3491.646	3716.342	3638.842	1.140	1.129	1.135
134	3641.285	3492.765	3865.864	3623.131	1.136	1.124	1.141
135	3703.229	3481.324	3996.953	3698.891	1.159	1.148	1.161
136	3639.087	3455.192	3831.340	3605.669	1.130	1.119	1.141
137	3677.004	3308.084	3985.050	3710.750	1.163	1.152	1.152
138	3747.986	3530.302	4202.865	3684.737	1.155	1.144	1.175
139	3667.956	3525.063	3887.996	3651.122	1.144	1.133	1.150
140	3707.889	3411.802	3863.433	3746.343	1.174	1.163	1.162
141	3645.296	3456.202	3975.697	3639.783	1.141	1.130	1.143
142	3621.794	3511.043	3702.435	3637.516	1.140	1.129	1.135
143	3683.088	3598.896	3805.515	3674.805	1.152	1.141	1.154
144	3719.097	3593.117	3856.088	3729.458	1.169	1.157	1.166
145	3629.612	3378.214	3855.601	3691.739	1.157	1.146	1.138
146	3724.853	3411.736	3912.864	3714.523	1.164	1.153	1.167
147	3775.024	3383.577	3952.524	3802.516	1.192	1.180	1.183
148	3721.907	3434.192	3890.997	3796.485	1.190	1.178	1.167
149	3693.371	3576.168	3879.827	3705.353	1.161	1.150	1.158
150	3627.271	3485.415	3714.006	3628.699	1.137	1.126	1.137
151	3648.207	3459.655	3801.487	3660.583	1.147	1.136	1.143
152	3718.482	3556.212	3912.350	3735.246	1.171	1.159	1.165
153	3691.432	3448.342	3888.281	3713.770	1.164	1.153	1.157
154	3742.943	3455.372	4088.963	3742.751	1.173	1.162	1.173
155	3760.902	3453.171	3924.416	3815.757	1.196	1.184	1.179
156	3726.084	3576.471	3984.987	3688.619	1.156	1.145	1.168
157	3718.653	3564.576	3828.132	3728.777	1.169	1.157	1.166
158	3762.810	3445.447	3935.734	3810.469	1.194	1.183	1.179
159	3806.900	3516.135	4044.790	3827.780	1.200	1.188	1.193
160	3739.737	3460.073	3991.336	3754.021	1.177	1.165	1.172
161	3798.277	3494.924	4125.871	3799.641	1.191	1.179	1.190
162	3770.535	3401.067	4061.140	3864.973	1.211	1.200	1.182
163	3790.882	3403.713	4082.440	3860.900	1.210	1.198	1.188
164	3797.013	3393.945	4064.912	3848.318	1.206	1.194	1.190
165	3792.129	3617.332	4008.522	3783.926	1.186	1.174	1.189
166	3779.977	3486.449	4022.276	3809.124	1.194	1.182	1.185
167	3745.634	3308.255	4107.381	3747.449	1.175	1.163	1.174
168	3805.199	3378.768	4440.561	3758.258	1.178	1.166	1.193
169	3770.688	3519.635	4081.228	3795.001	1.189	1.178	1.182
170	3787.303	3562.680	3937.152	3792.585	1.189	1.177	1.187
171	3855.189	3629.412	4069.470	3864.239	1.211	1.199	1.208
172	3813.498	3502.613	4061.865	3813.721	1.195	1.184	1.195
173	3799.597	3605.990	4144.997	3732.122	1.170	1.158	1.191
174	3932.644	3692.478	4334.645	3851.561	1.207	1.195	1.233
175	3976.270	3828.012	4168.498	3935.962	1.234	1.222	1.246
176	3879.334	3700.572	4015.189	3895.502	1.221	1.209	1.216
177	3908.426	3761.223	4035.986	3932.609	1.233	1.221	1.225
178	3852.974	3661.500	3931.240	3883.260	1.217	1.205	1.208
179	3937.382	3726.040	4211.479	3940.332	1.235	1.223	1.234
180	3962.665	3736.677	4152.851	3996.767	1.253	1.240	1.242
181	3885.489	3693.725	4086.163	3877.514	1.215	1.203	1.218
182	4058.459	3885.573	4442.241	4026.252	1.262	1.250	1.272
183	3946.561	3836.455	4077.443	3936.543	1.234	1.222	1.237
184	3919.577	3793.206	4013.804	3930.296	1.232	1.220	1.228
185	3845.059	3632.771	4114.782	3890.478	1.219	1.207	1.205
186	3955.823	3763.082	4120.400	3987.670	1.250	1.238	1.240
187	3993.334	3721.465	4118.991	4010.957	1.257	1.245	1.252
188	3893.374	3678.358	4060.877	3936.097	1.234	1.222	1.220
189	3925.264	3578.797	4161.953	3999.807	1.254	1.241	1.230
190	3871.584	3678.225	4091.346	3864.039	1.211	1.199	1.213
191	3941.489	3637.091	4231.076	3930.104	1.232	1.220	1.235
192	3998.091	3842.108	4206.188	3955.038	1.240	1.228	1.253
193	3966.876	3782.446	4204.739	3915.238	1.227	1.215	1.243
194	3898.111	3541.352	4243.496	3925.774	1.230	1.218	1.222
195	3933.775	3516.011	4266.075	3965.721	1.243	1.231	1.233
196	3945.340	3715.893	4232.167	3909.521	1.225	1.213	1.237
197	4008.561	3735.359	4200.469	4018.423	1.259	1.247	1.256
198	4066.011	3783.364	4227.053	4106.432	1.287	1.274	1.274
199	4108.747	3936.936	4283.188	4106.186	1.287	1.274	1.288
200	4139.095	3874.438	4319.625	4092.983	1.283	1.270	1.297
201	4100.747	3647.726	4448.406	4052.770	1.270	1.258	1.285
202	4109.236	3952.919	4467.470	4045.018	1.268	1.255	1.288
203	4037.076	3684.152	4314.652	4055.819	1.271	1.259	1.265
204	4057.886	3665.822	4459.140	4014.362	1.258	1.246	1.272
205	4013.925	3769.023	4268.300	4024.383	1.261	1.249	1.258
206	4028.366	3879.029	4279.285	3999.467	1.254	1.241	1.263
207	4060.670	3752.180	4591.291	3995.571	1.252	1.240	1.273
208	4067.261	3881.688	4251.487	4094.493	1.283	1.271	1.275
209	4059.527	3984.381	4200.770	4028.204	1.263	1.250	1.272
210	4001.125	3616.339	4369.361	4057.234	1.272	1.259	1.254
211	4049.987	3908.063	4359.135	3978.343	1.247	1.235	1.269
212	4011.141	3777.511	4209.570	4007.304	1.256	1.244	1.257
213	4035.042	3758.760	4450.664	4038.894	1.266	1.254	1.265
214	4164.771	3784.736	4732.886	4142.218	1.298	1.286	1.305
215	4115.673	3819.366	4383.129	4103.324	1.286	1.274	1.290
216	3986.198	3755.308	4470.405	3895.984	1.221	1.209	1.249
217	4055.669	3767.184	4532.448	3954.707	1.239	1.227	1.271
218	4083.214	3771.400	4505.346	4051.589	1.270	1.257	1.280
219	4000.396	3571.575	4224.340	3995.610	1.252	1.240	1.254
220	3923.276	3740.654	4077.492	3945.676	1.237	1.225	1.230
221	3954.287	3684.402	4357.039	3870.480	1.213	1.201	1.239
222	3886.193	3578.825	4181.422	3809.990	1.194	1.182	1.218
223	3960.543	3577.771	4256.064	4008.842	1.256	1.244	1.241
224	4033.278	3744.179	4225.609	4101.712	1.286	1.273	1.264
225	3997.891	3692.035	4447.527	3969.698	1.244	1.232	1.253
226	3962.108	3725.725	4269.060	3957.859	1.240	1.228	1.242
227	3949.264	3581.552	4164.580	3965.681	1.243	1.231	1.238
228	4002.495	3794.536	4317.608	4005.333	1.255	1.243	1.254
229	3942.633	3684.638	4243.971	3970.144	1.244	1.232	1.236
230	4040.117	3642.347	4388.427	3998.308	1.253	1.241	1.266
231	4148.696	3565.452	4439.203	4205.569	1.318	1.305	1.300
232	4089.677	3674.033	4372.959	4097.539	1.284	1.272	1.282
233	4144.223	3875.301	4611.177	4175.861	1.309	1.296	1.299
234	4149.678	3817.098	4364.274	4156.436	1.303	1.290	1.301
235	4009.455	3781.555	4288.289	3982.132	1.248	1.236	1.257
236	4093.049	3759.666	4459.485	4065.103	1.274	1.262	1.283
237	4177.717	3869.623	4398.558	4157.085	1.303	1.290	1.309
238	4065.892	3807.537	4211.394	4103.941	1.286	1.274	1.274
239	4201.792	3989.542	4478.350	4202.484	1.317	1.304	1.317
240	4176.420	3994.373	4449.524	4165.720	1.306	1.293	1.309
241	4120.133	3965.239	4288.831	4106.360	1.287	1.274	1.291
242	4110.857	3861.639	4304.454	4104.881	1.287	1.274	1.288
243	4141.763	3837.112	4609.984	4153.702	1.302	1.289	1.298
244	4145.086	3924.442	4375.023	4135.688	1.296	1.284	1.299
245	4157.932	3923.869	4386.969	4159.430	1.304	1.291	1.303
246	4070.997	3861.094	4237.978	4061.322	1.273	1.260	1.276
247	4087.988	3816.212	4386.811	4035.134	1.265	1.252	1.281
248	4156.167	4058.396	4376.813	4105.661	1.287	1.274	1.303
249	4157.723	3760.582	4566.224	4123.064	1.292	1.280	1.303
250	4055.286	3802.041	4520.044	4022.005	1.261	1.248	1.271
251	4110.418	3843.750	4476.724	4063.260	1.274	1.261	1.288
252	4056.305	3790.030	4330.324	4012.661	1.258	1.245	1.271
253	4089.863	3855.869	4435.995	4050.120	1.269	1.257	1.282
254	4073.041	3817.353	4340.034	4011.050	1.257	1.245	1.277
255	4140.044	3850.501	4435.533	4103.805	1.286	1.274	1.298
256	4191.932	3904.051	4535.358	4184.442	1.311	1.299	1.314
257	4273.651	3787.567	4615.147	4369.885	1.370	1.356	1.339
258	4215.157	3837.862	4489.908	4268.158	1.338	1.325	1.321
259	4271.873	3846.475	4582.627	4321.523	1.354	1.341	1.339
260	4199.499	3833.527	4620.033	4207.335	1.319	1.306	1.316
261	4345.763	4013.917	4567.923	4327.850	1.356	1.343	1.362
262	4436.202	4072.077	4766.334	4470.238	1.401	1.387	1.390
263	4387.450	3894.007	4795.895	4463.794	1.399	1.385	1.375
264	4480.988	4074.772	5007.050	4503.592	1.412	1.398	1.404
265	4501.705	3998.845	5029.512	4581.703	1.436	1.422	1.411
266	4465.720	4219.049	4660.390	4471.850	1.402	1.388	1.400
267	4355.451	3999.113	4837.363	4344.348	1.362	1.348	1.365
268	4378.387	3834.908	4806.911	4443.003	1.393	1.379	1.372
269	4408.724	3859.639	4790.963	4520.167	1.417	1.403	1.382
270	4407.190	3955.910	4925.562	4297.015	1.347	1.334	1.381
271	4357.097	4004.966	4779.853	4405.979	1.381	1.367	1.366
272	4457.382	4077.389	5002.651	4452.749	1.396	1.382	1.397
273	4381.713	3873.032	4761.850	4388.315	1.375	1.362	1.373
274	4319.448	3942.617	4746.750	4274.462	1.340	1.327	1.354
275	4285.568	4037.723	4582.731	4289.111	1.344	1.331	1.343
276	4390.939	4140.583	4607.865	4481.789	1.405	1.391	1.376
277	4388.771	4145.461	4632.593	4352.500	1.364	1.351	1.376
278	4394.475	4104.872	4742.447	4249.807	1.332	1.319	1.377
279	4434.901	4120.340	4778.422	4318.396	1.353	1.340	1.390
280	4559.528	4256.917	4958.925	4534.270	1.421	1.407	1.429
281	4732.005	4231.429	5172.098	4694.341	1.471	1.457	1.483
282	4644.286	4191.121	4975.296	4757.074	1.491	1.476	1.456
283	4608.510	4168.814	5178.684	4626.062	1.450	1.436	1.444
284	4470.406	4161.700	4719.771	4549.763	1.426	1.412	1.401
285	4575.425	4010.984	5079.389	4565.980	1.431	1.417	1.434
286	4348.586	3858.576	4646.945	4446.887	1.394	1.380	1.363
287	4338.841	4054.783	4617.471	4357.700	1.366	1.352	1.360
288	4398.744	3849.986	4718.214	4430.764	1.389	1.375	1.379
289	4258.364	3777.143	4641.103	4288.602	1.344	1.331	1.335
290	4337.472	4057.774	4514.699	4384.749	1.374	1.361	1.359
291	4266.258	3785.656	4644.841	4297.192	1.347	1.334	1.337
292	4426.736	3939.475	4912.479	4456.192	1.397	1.383	1.387
293	4418.803	3930.118	4897.464	4463.010	1.399	1.385	1.385
294	4415.366	3944.401	4868.040	4383.580	1.374	1.361	1.384
295	4446.704	3896.308	4736.358	4504.378	1.412	1.398	1.394
296	4588.746	3794.537	5150.433	4693.620	1.471	1.457	1.438
297	4589.757	3914.197	5007.684	4690.188	1.470	1.456	1.439
298	4607.113	4248.760	4881.716	4652.727	1.458	1.444	1.444
299	4667.192	4365.952	5282.179	4607.057	1.444	1.430	1.463
300	4630.269	4197.118	5200.365	4481.024	1.404	1.391	1.451
301	4685.468	4370.316	5037.307	4669.383	1.463	1.449	1.469
302	4771.510	4440.116	5069.290	4840.671	1.517	1.502	1.495
303	4716.137	4392.040	5415.021	4626.454	1.450	1.436	1.478
304	4793.296	4125.207	5293.097	4747.581	1.488	1.473	1.502
305	4673.124	4001.996	5055.658	4734.413	1.484	1.469	1.465
306	4823.982	4174.850	5387.493	4826.013	1.513	1.498	1.512
307	4771.691	4441.136	5132.244	4715.271	1.478	1.463	1.496
308	4750.626	4348.173	5287.464	4633.220	1.452	1.438	1.489
309	4645.115	4254.503	4862.180	4696.205	1.472	1.458	1.456
310	4665.882	4242.878	5049.933	4611.464	1.445	1.431	1.462
311	4498.155	3897.487	5036.104	4633.979	1.452	1.438	1.410
312	4541.074	4027.702	4995.175	4504.430	1.412	1.398	1.423
313	4598.112	4003.719	4946.719	4629.813	1.451	1.437	1.441
314	4641.495	4017.132	5031.862	4705.274	1.475	1.460	1.455
315	4648.736	4042.392	4980.724	4721.879	1.480	1.466	1.457
316	4505.569	4010.203	4846.316	4458.436	1.397	1.384	1.412
317	4597.818	4025.693	4933.987	4658.334	1.460	1.446	1.441
318	4581.285	3999.963	4999.680	4651.240	1.458	1.444	1.436
319	4547.198	3854.998	4897.606	4650.266	1.457	1.443	1.425
320	4709.916	4114.973	5282.592	4732.059	1.483	1.469	1.476
321	4604.587	4038.984	5123.370	4604.437	1.443	1.429	1.443
322	4586.655	3960.392	5116.616	4583.935	1.437	1.423	1.438
323	4559.568	4034.059	4981.449	4666.719	1.463	1.448	1.429
324	4543.720	3958.838	4892.283	4652.915	1.458	1.444	1.424
325	4496.504	4083.305	4769.293	4481.149	1.404	1.391	1.409
326	4771.115	3933.649	5623.586	4852.542	1.521	1.506	1.495
327	4697.810	4049.098	5060.034	4787.847	1.501	1.486	1.472
328	4534.114	4016.879	4849.505	4574.326	1.434	1.420	1.421
329	4563.982	3949.449	5154.340	4590.173	1.439	1.425	1.430
330	4683.114	4298.608	5079.255	4681.057	1.467	1.453	1.468
331	4640.083	4284.325	4790.362	4696.008	1.472	1.457	1.454
332	4622.200	4417.738	5006.826	4611.140	1.445	1.431	1.449
333	4735.413	4395.416	5051.263	4701.080	1.473	1.459	1.484
334	4695.359	4447.760	4961.825	4655.009	1.459	1.445	1.472
335	4662.000	4420.034	4926.838	4676.182	1.466	1.451	1.461
336	4665.416	4480.906	4788.904	4690.232	1.470	1.456	1.462
337	4784.882	4411.048	5160.984	4771.861	1.496	1.481	1.500
338	4640.700	4448.332	4958.217	4569.741	1.432	1.418	1.454
339	4595.316	4332.231	4790.804	4601.445	1.442	1.428	1.440
340	4708.690	4362.204	5017.222	4667.778	1.463	1.449	1.476
341	4672.089	4256.963	5108.540	4676.372	1.466	1.451	1.464
342	4659.142	4379.279	4979.545	4645.241	1.456	1.442	1.460
343	4573.158	4120.549	4809.017	4626.613	1.450	1.436	1.433
344	4521.215	4228.474	4884.529	4491.947	1.408	1.394	1.417
345	4465.759	4046.087	4744.928	4565.742	1.431	1.417	1.400
346	4536.490	4133.579	4774.708	4642.161	1.455	1.441	1.422
347	4577.952	4281.824	4936.563	4601.154	1.442	1.428	1.435
348	4638.520	4378.015	4943.007	4616.061	1.447	1.433	1.454
349	4503.948	4320.456	4692.140	4461.677	1.398	1.385	1.412
350	4471.512	4153.395	5094.214	4483.278	1.405	1.391	1.401
351	4507.575	4248.069	4737.777	4516.384	1.416	1.402	1.413
352	4662.855	4216.905	5186.090	4602.816	1.443	1.429	1.461
353	4606.379	4236.822	4976.181	4620.935	1.448	1.434	1.444
354	4584.829	4247.818	5137.438	4530.101	1.420	1.406	1.437
355	4513.720	4336.496	4707.872	4550.320	1.426	1.412	1.415
356	4563.514	4179.486	5144.580	4493.249	1.408	1.395	1.430
357	4482.483	3998.978	4977.771	4413.879	1.383	1.370	1.405
358	4480.725	4226.107	5082.002	4436.195	1.390	1.377	1.404
359	4569.011	4235.211	4956.399	4527.388	1.419	1.405	1.432
360	4551.658	4362.333	4668.354	4592.415	1.439	1.425	1.427
361	4638.422	4281.590	5079.288	4643.893	1.455	1.441	1.454
362	4600.556	4200.343	5055.739	4603.385	1.443	1.429	1.442
363	4626.804	4232.601	4948.132	4586.915	1.438	1.424	1.450
364	4593.958	4218.469	4782.442	4634.704	1.453	1.438	1.440
365	4821.878	4362.563	5426.087	4819.074	1.510	1.496	1.511
366	4821.951	4166.494	5283.462	4856.813	1.522	1.507	1.511
367	4750.681	4239.913	5169.893	4732.275	1.483	1.469	1.489
368	4710.362	4225.611	4937.335	4743.153	1.487	1.472	1.476
369	4705.922	4247.885	5005.117	4740.301	1.486	1.471	1.475
370	4725.115	4113.607	5164.046	4700.828	1.473	1.459	1.481
371	4712.987	4112.385	5143.746	4794.598	1.503	1.488	1.477
372	4769.725	4073.647	5201.403	4951.841	1.552	1.537	1.495
373	4933.188	3898.805	5508.372	5051.079	1.583	1.568	1.546
374	4858.424	3946.707	5417.275	4987.307	1.563	1.548	1.523
375	4820.761	4072.483	5230.320	4947.243	1.551	1.535	1.511
376	4824.677	4077.923	5372.559	4869.441	1.526	1.511	1.512
377	4736.916	4164.168	5175.305	4837.755	1.516	1.501	1.485
378	4701.986	4034.469	5179.294	4742.961	1.487	1.472	1.474
379	4710.307	3775.671	5262.409	4946.901	1.550	1.535	1.476
380	4656.435	4033.019	5018.487	4821.432	1.511	1.496	1.459
381	4805.183	3853.552	5465.903	4921.450	1.542	1.527	1.506
382	4807.319	3786.289	5584.743	4946.475	1.550	1.535	1.507
383	4673.418	3831.177	5211.007	4817.980	1.510	1.495	1.465
384	4608.911	3778.894	5078.402	4642.395	1.455	1.441	1.445
385	4523.560	3800.247	5158.820	4597.135	1.441	1.427	1.418
386	4508.311	3871.310	5154.733	4494.178	1.409	1.395	1.413
387	4550.273	3910.412	5006.584	4635.617	1.453	1.439	1.426
388	4521.378	3909.839	5376.071	4531.416	1.420	1.406	1.417
389	4551.312	3823.084	4969.288	4668.143	1.463	1.449	1.426
390	4534.004	3990.946	4914.021	4634.615	1.453	1.438	1.421
391	4553.512	4153.509	5025.176	4586.902	1.438	1.424	1.427
392	4562.670	4038.176	4856.742	4563.366	1.430	1.416	1.430
393	4587.594	3826.555	4926.113	4707.242	1.475	1.461	1.438
394	4550.146	4000.302	5023.006	4597.875	1.441	1.427	1.426
395	4513.708	3697.553	4935.193	4590.452	1.439	1.425	1.415
396	4502.684	4102.478	4941.803	4528.187	1.419	1.405	1.411
397	4633.095	4189.500	5027.219	4660.039	1.461	1.446	1.452
398	4619.205	4181.260	4925.896	4742.441	1.486	1.472	1.448
399	4645.557	4261.992	4977.637	4693.399	1.471	1.457	1.456
400	4587.734	4207.862	5188.690	4439.944	1.392	1.378	1.438
401	4533.085	4115.107	4794.107	4674.432	1.465	1.451	1.421
402	4713.212	4286.144	4916.483	4775.040	1.497	1.482	1.477
403	4702.235	4184.547	5124.950	4815.924	1.509	1.495	1.474
404	4807.006	4050.832	5314.115	4857.510	1.522	1.508	1.507
405	4732.137	4090.681	5312.294	4791.690	1.502	1.487	1.483
406	4694.062	4242.405	5122.373	4638.703	1.454	1.440	1.471
407	4656.054	4038.213	5027.760	4758.936	1.492	1.477	1.459
408	4692.858	4058.354	5116.707	4716.834	1.478	1.464	1.471
409	4805.055	4042.398	5591.415	4798.491	1.504	1.489	1.506
410	4658.810	4101.173	5056.136	4656.685	1.460	1.445	1.460
411	4633.942	4075.785	4992.335	4698.035	1.472	1.458	1.452
412	4665.839	4208.264	5028.101	4725.602	1.481	1.467	1.462
413	4723.262	4132.217	5162.749	4810.466	1.508	1.493	1.480
414	4654.795	4197.912	5027.723	4653.036	1.458	1.444	1.459
415	4615.453	4146.806	5174.161	4628.211	1.451	1.436	1.447
416	4523.327	4022.133	5168.869	4458.891	1.398	1.384	1.418
417	4477.577	3860.899	4783.968	4619.669	1.448	1.434	1.403
418	4645.205	4010.896	5145.185	4775.596	1.497	1.482	1.456
419	4638.030	3932.947	5145.794	4738.272	1.485	1.471	1.454
420	4549.197	4053.595	4862.111	4610.699	1.445	1.431	1.426
421	4645.182	3869.951	5002.488	4760.171	1.492	1.477	1.456
422	4732.259	3997.651	5367.274	4761.418	1.492	1.478	1.483
423	4640.530	4230.801	4973.862	4646.398	1.456	1.442	1.454
424	4696.103	4157.895	5044.301	4726.532	1.481	1.467	1.472
425	4770.418	4306.518	5138.291	4763.410	1.493	1.478	1.495
426	4801.960	4348.875	5304.952	4814.832	1.509	1.494	1.505
427	4786.010	4322.647	5054.806	4862.936	1.524	1.509	1.500
428	4692.230	4377.860	5104.601	4680.278	1.467	1.453	1.471
429	4627.851	4216.503	5003.276	4565.287	1.431	1.417	1.450
430	4640.501	4271.663	5082.276	4576.336	1.434	1.420	1.454
431	4617.252	4332.152	4914.103	4601.323	1.442	1.428	1.447
432	4596.068	4269.026	5463.708	4499.246	1.410	1.396	1.441
433	4557.281	4016.441	4885.731	4559.714	1.429	1.415	1.428
434	4608.107	4244.784	4940.241	4618.029	1.447	1.433	1.444
435	4593.189	4361.385	4947.661	4578.635	1.435	1.421	1.440
436	4571.572	4228.092	5026.325	4561.909	1.430	1.416	1.433
437	4563.401	4316.436	5034.230	4512.217	1.414	1.400	1.430
438	4741.777	4467.975	5095.201	4718.935	1.479	1.465	1.486
439	4628.883	4487.590	4811.646	4606.702	1.444	1.430	1.451
440	4609.816	4401.748	4810.518	4632.837	1.452	1.438	1.445
441	4675.493	4181.196	5215.007	4706.089	1.475	1.461	1.465
442	4739.465	4442.819	5296.937	4686.269	1.469	1.454	1.485
443	4681.720	4273.366	4987.693	4756.800	1.491	1.476	1.467
444	4743.332	4282.946	5012.404	4775.771	1.497	1.482	1.487
445	4545.571	3876.200	5045.101	4525.483	1.418	1.405	1.425
446	4715.169	3972.611	5096.948	4802.220	1.505	1.490	1.478
447	4755.412	4368.060	5083.820	4777.668	1.497	1.483	1.490
448	4621.963	4249.611	4955.646	4625.571	1.450	1.436	1.449
449	4473.122	3842.291	4751.459	4521.221	1.417	1.403	1.402
450	4618.347	4350.994	4982.372	4598.119	1.441	1.427	1.447
451	4684.994	4302.331	4932.645	4699.146	1.473	1.458	1.468
452	4630.918	3983.662	4996.542	4718.485	1.479	1.464	1.451
453	4611.215	4209.140	5008.270	4667.424	1.463	1.449	1.445
454	4638.732	4151.816	4969.704	4667.180	1.463	1.449	1.454
455	4715.955	4238.596	5133.766	4787.656	1.501	1.486	1.478
456	4657.209	3839.727	5290.729	4727.285	1.482	1.467	1.460
457	4747.798	4449.156	5189.183	4751.542	1.489	1.475	1.488
458	4864.478	4335.336	5397.639	4800.810	1.505	1.490	1.525
459	4723.244	4079.643	5183.177	4737.565	1.485	1.470	1.480
460	4700.956	4184.016	5069.739	4648.326	1.457	1.443	1.473
461	4862.936	4213.771	5229.847	4941.753	1.549	1.534	1.524
462	5007.400	4245.878	5509.056	5038.560	1.579	1.564	1.569
463	5060.971	4626.611	5549.047	5052.409	1.584	1.568	1.586
464	5063.993	4486.187	5632.128	5083.137	1.593	1.578	1.587
465	5053.731	4492.080	5305.613	5071.023	1.589	1.574	1.584
466	4937.946	4475.816	5360.097	4947.618	1.551	1.536	1.548
467	4979.899	4464.128	5384.679	4979.202	1.561	1.545	1.561
468	4987.579	4491.099	5340.841	5006.001	1.569	1.554	1.563
469	4969.332	4649.266	5248.421	5007.233	1.569	1.554	1.557
470	4983.436	4455.065	5396.469	4993.933	1.565	1.550	1.562
471	4967.638	4492.982	5482.938	4952.357	1.552	1.537	1.557
472	4866.414	4441.104	5300.471	4903.714	1.537	1.522	1.525
473	4864.210	4560.363	5152.839	4859.991	1.523	1.508	1.525
474	4968.321	4559.220	5246.628	4998.017	1.566	1.551	1.557
475	4938.121	4502.172	5205.243	5010.854	1.571	1.555	1.548
476	4935.490	4675.891	5294.836	4929.159	1.545	1.530	1.547
477	5117.205	4652.310	5648.865	5111.669	1.602	1.586	1.604
478	5141.838	4710.485	5659.496	5217.915	1.635	1.619	1.612
479	5113.586	4700.366	5503.508	5016.093	1.572	1.557	1.603
480	5144.654	4566.430	5581.021	5204.370	1.631	1.615	1.612
481	5106.327	4572.828	5490.351	5195.333	1.628	1.612	1.600
482	5021.474	4680.716	5387.811	5087.336	1.594	1.579	1.574
483	5024.619	4613.649	5610.044	5008.649	1.570	1.555	1.575
484	5027.600	4539.711	5464.562	5154.582	1.616	1.600	1.576
485	5002.479	4481.845	5364.562	5048.062	1.582	1.567	1.568
486	4958.359	4696.682	5224.790	4942.024	1.549	1.534	1.554
487	4893.070	4594.717	5125.880	4902.116	1.536	1.521	1.534
488	4884.281	4676.435	5104.457	4860.547	1.523	1.509	1.531
489	4747.317	4487.075	5110.538	4677.059	1.466	1.452	1.488
490	4761.912	4477.361	5250.188	4720.838	1.480	1.465	1.492
491	4861.645	4399.746	5223.231	4811.068	1.508	1.493	1.524
492	4736.222	4302.841	5204.650	4711.000	1.477	1.462	1.484
493	4794.787	4233.511	5136.291	4808.552	1.507	1.492	1.503
494	4702.188	4298.439	5234.459	4711.110	1.477	1.462	1.474
495	4763.052	4425.937	5005.939	4760.221	1.492	1.477	1.493
496	4594.079	4162.490	4864.253	4619.608	1.448	1.434	1.440
497	4504.720	4155.129	5038.445	4506.665	1.412	1.399	1.412
498	4579.906	4415.793	4717.526	4570.255	1.432	1.418	1.435
499	4623.368	4303.471	4861.146	4608.397	1.444	1.430	1.449
500	4527.435	4248.786	4737.055	4589.692	1.439	1.424	1.419
501	4448.002	4216.071	4755.393	4455.976	1.397	1.383	1.394
502	4500.045	4181.654	4881.820	4528.385	1.419	1.405	1.410
503	4671.847	4379.746	5360.182	4608.940	1.445	1.430	1.464
504	4732.963	4342.187	5198.407	4690.754	1.470	1.456	1.483
505	4655.523	4300.792	4920.509	4654.062	1.459	1.444	1.459
506	4708.421	4530.417	4973.266	4721.294	1.480	1.465	1.476
507	4697.437	4336.671	5178.816	4697.966	1.472	1.458	1.472
508	4620.386	4357.581	4883.538	4628.571	1.451	1.437	1.448
509	4710.917	4388.510	5114.674	4698.209	1.473	1.458	1.476
510	4653.145	4256.810	4966.980	4693.661	1.471	1.457	1.458
511	4611.357	4359.005	5105.796	4560.988	1.430	1.416	1.445
512	4498.912	4141.133	4781.606	4508.457	1.413	1.399	1.410
513	4559.999	4215.973	4758.804	4620.362	1.448	1.434	1.429
514	4634.266	4291.581	4857.855	4677.588	1.466	1.452	1.452
515	4557.869	4117.091	5012.691	4529.443	1.420	1.406	1.429
516	4649.779	4254.610	5288.373	4517.243	1.416	1.402	1.457
517	4784.709	4279.729	5296.667	4763.267	1.493	1.478	1.500
518	4626.447	4280.451	5036.097	4657.570	1.460	1.446	1.450
519	4680.956	4432.150	5009.487	4647.969	1.457	1.443	1.467
520	4610.953	4294.995	4887.483	4681.858	1.467	1.453	1.445
521	4592.762	4165.968	4954.082	4615.229	1.447	1.432	1.439
522	4544.887	4204.137	4999.781	4538.674	1.423	1.409	1.424
523	4631.921	4228.472	4955.268	4696.760	1.472	1.458	1.452
524	4590.302	4067.310	5058.241	4658.935	1.460	1.446	1.439
525	4464.905	4220.508	4714.081	4404.023	1.380	1.367	1.399
526	4362.297	4129.450	4697.619	4351.197	1.364	1.350	1.367
527	4547.140	4273.087	4801.583	4501.466	1.411	1.397	1.425
528	4509.568	4207.886	4844.773	4504.518	1.412	1.398	1.413
529	4548.997	4217.927	5013.317	4582.912	1.436	1.422	1.426
530	4523.072	4120.517	4892.377	4518.503	1.416	1.402	1.418
531	4639.387	4210.135	4960.115	4651.264	1.458	1.444	1.454
532	4515.282	4161.498	4865.776	4508.742	1.413	1.399	1.415
533	4447.786	4078.342	4812.245	4486.930	1.406	1.393	1.394
534	4632.025	4055.163	5047.325	4593.249	1.440	1.426	1.452
535	4480.120	3857.765	4884.610	4495.627	1.409	1.395	1.404
536	4478.298	3916.599	4852.951	4574.577	1.434	1.420	1.404
537	4436.694	3826.219	4873.498	4527.276	1.419	1.405	1.391
538	4427.110	3898.328	4892.720	4456.204	1.397	1.383	1.388
539	4485.223	3979.032	4727.242	4515.838	1.415	1.402	1.406
540	4476.402	4090.537	4784.738	4502.070	1.411	1.397	1.403
541	4529.494	4117.753	5011.263	4567.877	1.432	1.418	1.420
542	4485.895	4187.114	5030.404	4428.183	1.388	1.374	1.406
543	4521.845	3982.632	4961.635	4521.228	1.417	1.403	1.417
544	4627.230	4172.349	5047.009	4680.055	1.467	1.453	1.450
545	4618.907	4095.731	4932.425	4616.219	1.447	1.433	1.448
546	4509.028	4185.265	4736.630	4588.283	1.438	1.424	1.413
547	4566.369	4193.539	4685.898	4615.153	1.446	1.432	1.431
548	4528.622	4031.372	4945.353	4532.314	1.421	1.407	1.419
549	4561.568	4249.244	4884.392	4553.446	1.427	1.413	1.430
550	4591.673	4082.227	4968.276	4605.105	1.443	1.429	1.439
551	4608.120	4280.901	4867.757	4659.831	1.460	1.446	1.444
552	4611.745	4406.935	4863.785	4607.769	1.444	1.430	1.445
553	4694.056	4494.492	4926.148	4699.241	1.473	1.458	1.471
554	4603.637	4075.283	4911.532	4686.853	1.469	1.455	1.443
555	4621.111	4409.398	4842.827	4605.878	1.444	1.430	1.448
556	4589.939	4284.679	4789.001	4621.301	1.448	1.434	1.439
557	4634.687	4354.763	4822.149	4627.423	1.450	1.436	1.453
558	4644.419	4358.221	4833.195	4685.230	1.468	1.454	1.456
559	4613.263	4123.354	5144.440	4597.672	1.441	1.427	1.446
560	4574.497	4148.498	4790.263	4649.656	1.457	1.443	1.434
561	4519.550	4115.152	4872.000	4575.595	1.434	1.420	1.417
562	4513.852	4039.363	4799.384	4588.118	1.438	1.424	1.415
563	4538.782	4148.697	4848.858	4542.146	1.424	1.410	1.423
564	4470.898	4017.692	4966.194	4405.798	1.381	1.367	1.401
565	4478.682	3972.467	4894.164	4589.149	1.438	1.424	1.404
566	4438.772	3862.700	4811.334	4482.728	1.405	1.391	1.391
567	4465.489	3839.706	4829.061	4516.347	1.416	1.402	1.400
568	4409.796	4028.296	4848.659	4430.397	1.389	1.375	1.382
569	4404.626	3848.822	4813.812	4528.589	1.419	1.406	1.381
570	4455.477	3746.375	4740.537	4546.235	1.425	1.411	1.396
571	4495.384	3775.750	4999.481	4537.931	1.422	1.408	1.409
572	4350.275	3788.569	4803.662	4387.373	1.375	1.362	1.363
573	4376.020	3668.687	4837.255	4462.440	1.399	1.385	1.372
574	4206.219	3610.595	4543.146	4285.072	1.343	1.330	1.318
575	4180.164	3869.353	4431.832	4242.770	1.330	1.317	1.310
576	4188.509	3746.400	4705.088	4231.731	1.326	1.313	1.313
577	4262.053	3593.065	4737.676	4536.404	1.422	1.408	1.336
578	4211.886	3531.538	4604.858	4399.961	1.379	1.366	1.320
579	4195.354	3744.362	4565.053	4279.709	1.341	1.328	1.315
580	4244.399	3779.979	4808.790	4268.964	1.338	1.325	1.330
581	4216.962	3754.096	4620.380	4333.247	1.358	1.345	1.322
582	4346.479	4025.607	4671.981	4304.883	1.349	1.336	1.362
583	4392.216	3847.207	4862.833	4406.011	1.381	1.367	1.377
584	4429.393	3911.776	4697.449	4447.818	1.394	1.380	1.388
585	4203.098	3880.389	4634.866	4144.841	1.299	1.286	1.317
586	4333.916	3747.982	4635.273	4392.077	1.377	1.363	1.358
587	4350.221	3811.062	4663.952	4393.989	1.377	1.364	1.363
588	4392.142	3906.200	4809.672	4449.863	1.395	1.381	1.377
589	4465.815	4107.665	4962.517	4485.096	1.406	1.392	1.400
590	4320.281	4103.176	4504.912	4298.968	1.347	1.334	1.354
591	4217.622	3948.337	4541.320	4243.188	1.330	1.317	1.322
592	4280.512	3974.227	4659.750	4267.564	1.338	1.325	1.342
593	4301.744	3904.544	4642.983	4325.002	1.356	1.342	1.348
594	4276.476	3956.634	4677.496	4245.938	1.331	1.318	1.340
595	4243.935	3981.426	4553.085	4217.918	1.322	1.309	1.330
596	4330.244	4129.786	4482.125	4366.933	1.369	1.355	1.357
597	4429.706	4271.027	4569.494	4458.826	1.397	1.384	1.388
598	4330.919	4134.684	4709.039	4281.788	1.342	1.329	1.357
599	4207.142	3886.652	4496.720	4190.367	1.313	1.301	1.319
600	4193.718	4039.454	4394.543	4180.015	1.310	1.297	1.314
601	4201.864	4014.461	4371.786	4180.042	1.310	1.297	1.317
602	4142.653	3706.000	4573.510	4129.325	1.294	1.282	1.298
603	4191.754	3899.335	4597.170	4112.228	1.289	1.276	1.314
604	4294.341	4065.915	4588.378	4248.454	1.332	1.319	1.346
605	4421.357	4143.416	4814.608	4380.976	1.373	1.360	1.386
606	4236.301	4021.416	4509.579	4239.739	1.329	1.316	1.328
607	4259.692	4057.358	4499.525	4241.976	1.330	1.317	1.335
608	4123.497	3932.605	4367.664	4099.889	1.285	1.272	1.292
609	4164.517	3855.783	4324.774	4199.828	1.316	1.303	1.305
610	4300.543	4049.385	4467.172	4302.064	1.348	1.335	1.348
611	4413.901	4143.545	4662.711	4414.747	1.384	1.370	1.383
612	4368.292	4073.173	4686.348	4437.058	1.391	1.377	1.369
613	4391.306	4121.730	4694.343	4365.409	1.368	1.355	1.376
614	4338.236	4163.302	4594.255	4332.801	1.358	1.345	1.360
615	4392.401	3991.155	4833.696	4364.374	1.368	1.355	1.377
616	4401.878	4108.642	4846.626	4313.000	1.352	1.339	1.380
617	4236.762	3971.362	4532.280	4203.614	1.317	1.305	1.328
618	4322.113	4127.467	4544.250	4284.251	1.343	1.330	1.355
619	4419.400	3892.312	4857.494	4466.933	1.400	1.386	1.385
620	4280.490	3804.602	4734.410	4247.450	1.331	1.318	1.342
621	4299.179	3944.601	4663.847	4225.345	1.324	1.311	1.347
622	4258.970	3978.437	4573.992	4267.157	1.337	1.324	1.335
623	4264.380	3934.418	4647.667	4269.223	1.338	1.325	1.337
624	4284.674	4010.518	4537.356	4289.351	1.344	1.331	1.343
625	4343.385	4034.225	4688.447	4252.324	1.333	1.320	1.361
626	4299.124	3868.672	4732.743	4294.603	1.346	1.333	1.347
627	4309.092	4016.347	4582.005	4294.518	1.346	1.333	1.351
628	4327.252	4036.863	4821.175	4299.623	1.348	1.334	1.356
629	4377.917	4065.850	4789.947	4383.824	1.374	1.361	1.372
630	4457.547	4044.378	4956.284	4423.545	1.386	1.373	1.397
631	4518.858	4051.251	4849.639	4557.141	1.428	1.414	1.416
632	4338.770	3920.300	4739.742	4294.577	1.346	1.333	1.360
633	4304.283	4106.828	4591.450	4260.388	1.335	1.322	1.349
634	4435.134	4133.234	4706.870	4459.651	1.398	1.384	1.390
635	4318.340	4022.603	4669.112	4300.597	1.348	1.335	1.353
636	4335.044	3914.465	4575.234	4373.569	1.371	1.357	1.359
637	4369.070	3876.414	4667.538	4366.404	1.369	1.355	1.369
638	4174.304	3953.163	4555.767	4146.070	1.299	1.287	1.308
639	4143.435	3851.126	4398.273	4179.325	1.310	1.297	1.299
640	4229.245	3735.859	4576.426	4372.913	1.371	1.357	1.326
641	4206.575	3606.908	4740.598	4273.639	1.339	1.326	1.318
642	4252.333	4094.787	4415.763	4258.714	1.335	1.322	1.333
643	4186.558	3894.231	4437.481	4155.881	1.303	1.290	1.312
644	4275.430	4020.533	4461.400	4288.895	1.344	1.331	1.340
645	4239.328	3966.636	4417.462	4278.704	1.341	1.328	1.329
646	4247.274	3857.098	4546.339	4290.656	1.345	1.332	1.331
647	4284.856	3937.223	4481.282	4388.715	1.376	1.362	1.343
648	4190.963	3909.697	4498.246	4131.034	1.295	1.282	1.314
649	4199.507	3810.587	4582.072	4176.141	1.309	1.296	1.316
650	4148.448	3868.315	4427.053	4182.554	1.311	1.298	1.300
651	4257.536	3939.081	4704.771	4241.285	1.329	1.316	1.334
652	4087.035	3830.301	4259.833	4099.017	1.285	1.272	1.281
653	4009.096	3841.100	4202.947	3991.102	1.251	1.239	1.257
654	4039.656	3668.085	4269.252	4058.058	1.272	1.259	1.266
655	4054.943	3959.593	4152.069	4065.867	1.274	1.262	1.271
656	4165.515	3969.808	4549.558	4137.365	1.297	1.284	1.306
657	4090.814	3813.181	4380.052	4029.889	1.263	1.251	1.282
658	4122.087	3818.440	4471.470	4093.919	1.283	1.271	1.292
659	4085.624	3829.199	4311.635	4122.856	1.292	1.280	1.281
660	4056.685	3871.421	4250.262	4056.216	1.271	1.259	1.271
661	3977.363	3822.135	4136.865	4001.440	1.254	1.242	1.247
662	4032.370	3670.195	4441.204	3994.250	1.252	1.240	1.264
663	3949.624	3658.454	4143.078	3973.987	1.246	1.233	1.238
664	4053.306	3853.672	4292.258	4058.692	1.272	1.260	1.270
665	3967.712	3676.394	4156.600	4011.290	1.257	1.245	1.244
666	3993.517	3674.240	4365.492	3991.303	1.251	1.239	1.252
667	3852.836	3647.484	4065.023	3886.464	1.218	1.206	1.208
668	3890.632	3591.100	4131.859	3857.500	1.209	1.197	1.219
669	3886.558	3552.099	4211.996	3925.588	1.230	1.218	1.218
670	3896.772	3436.988	4205.291	3973.402	1.245	1.233	1.221
671	3835.388	3476.505	4198.184	3843.235	1.205	1.193	1.202
672	3952.936	3693.541	4205.475	3938.119	1.234	1.222	1.239
673	3866.892	3506.708	4146.094	3939.154	1.235	1.223	1.212
674	3859.633	3562.738	4041.057	3885.786	1.218	1.206	1.210
675	3830.393	3579.197	4155.561	3799.212	1.191	1.179	1.201
676	3851.276	3544.541	4189.792	3839.909	1.204	1.192	1.207
677	3922.354	3667.806	4257.958	3870.177	1.213	1.201	1.229
678	3901.271	3628.981	4188.744	3867.039	1.212	1.200	1.223
679	3852.151	3697.806	3999.456	3834.419	1.202	1.190	1.207
680	3924.278	3728.053	4124.667	3962.064	1.242	1.230	1.230
681	3888.985	3669.250	4113.583	3932.439	1.233	1.220	1.219
682	3811.278	3600.174	3952.790	3802.935	1.192	1.180	1.195
683	3879.048	3488.229	4177.156	3886.535	1.218	1.206	1.216
684	3906.240	3524.365	4245.700	3932.632	1.233	1.221	1.224
685	3836.820	3554.509	4192.895	3820.807	1.198	1.186	1.203
686	3907.089	3682.692	4314.407	3892.319	1.220	1.208	1.225
687	3957.335	3736.260	4183.254	3958.998	1.241	1.229	1.240
688	3827.166	3677.016	4162.477	3781.463	1.185	1.174	1.200
689	3853.284	3728.276	4053.698	3839.619	1.203	1.192	1.208
690	3814.318	3612.485	4010.443	3811.074	1.194	1.183	1.195
691	3786.312	3663.242	3949.466	3774.426	1.183	1.171	1.187
692	3871.062	3595.849	4168.181	3883.946	1.217	1.205	1.213
693	3837.997	3369.504	4169.673	3881.192	1.216	1.205	1.203
694	3849.212	3523.755	4202.021	3802.009	1.192	1.180	1.206
695	4000.220	3807.357	4253.280	3979.336	1.247	1.235	1.254
696	3737.047	3555.555	3945.315	3723.348	1.167	1.156	1.171
697	3827.317	3569.879	4085.628	3818.567	1.197	1.185	1.200
698	3910.647	3583.696	4317.540	3910.652	1.226	1.214	1.226
699	3806.690	3392.866	3920.467	3892.472	1.220	1.208	1.193
700	3811.347	3570.630	4043.505	3808.495	1.194	1.182	1.195
701	3731.414	3585.783	3925.233	3726.696	1.168	1.157	1.170
702	3726.001	3567.842	3828.680	3752.083	1.176	1.165	1.168
703	3668.613	3571.254	3793.230	3666.536	1.149	1.138	1.150
704	3733.487	3648.919	3851.967	3707.903	1.162	1.151	1.170
705	3725.556	3615.651	3828.588	3748.514	1.175	1.163	1.168
706	3770.550	3677.743	3891.831	3753.572	1.176	1.165	1.182
707	3750.412	3598.726	4023.386	3709.454	1.163	1.151	1.175
708	3677.440	3527.419	3825.346	3671.743	1.151	1.140	1.153
709	3756.717	3619.665	3940.370	3747.148	1.174	1.163	1.177
710	3745.379	3566.221	3895.551	3741.978	1.173	1.161	1.174
711	3830.915	3588.405	4148.821	3812.399	1.195	1.183	1.201
712	3743.891	3570.383	3925.390	3719.449	1.166	1.154	1.173
713	3736.026	3664.071	3815.015	3714.171	1.164	1.153	1.171
714	3758.800	3612.232	3912.539	3761.088	1.179	1.167	1.178
715	3742.168	3560.847	3942.313	3706.854	1.162	1.150	1.173
716	3755.344	3600.895	3936.341	3744.823	1.174	1.162	1.177
717	3811.907	3720.571	4002.589	3800.042	1.191	1.179	1.195
718	3736.413	3637.615	3833.147	3736.624	1.171	1.160	1.171
719	3725.200	3503.406	3920.521	3744.858	1.174	1.162	1.168
720	3793.862	3637.302	3976.181	3792.032	1.189	1.177	1.189
721	3824.728	3663.081	3968.385	3829.942	1.200	1.189	1.199
722	3708.996	3547.535	4017.121	3649.277	1.144	1.133	1.162
723	3672.297	3481.850	3845.466	3670.180	1.150	1.139	1.151
724	3705.991	3593.926	3847.004	3684.910	1.155	1.144	1.162
725	3656.374	3514.441	3905.477	3640.830	1.141	1.130	1.146
726	3714.168	3523.505	3852.388	3736.875	1.171	1.160	1.164
727	3731.596	3610.968	3868.058	3729.600	1.169	1.158	1.170
728	3744.020	3537.735	3931.056	3755.908	1.177	1.166	1.173
729	3703.622	3475.531	4027.256	3683.991	1.155	1.143	1.161
730	3774.813	3579.483	4020.950	3762.890	1.179	1.168	1.183
731	3781.081	3595.360	4069.707	3800.000	1.191	1.179	1.185
732	3735.640	3557.538	3939.487	3717.506	1.165	1.154	1.171
733	3771.024	3598.610	3960.677	3774.938	1.183	1.172	1.182
734	3776.628	3660.417	3975.476	3752.891	1.176	1.165	1.184
735	3751.009	3651.576	3854.116	3752.336	1.176	1.165	1.176
736	3755.384	3601.313	3956.845	3734.804	1.171	1.159	1.177
737	3744.766	3642.609	3846.320	3721.500	1.166	1.155	1.174
738	3709.358	3633.918	3882.126	3703.344	1.161	1.149	1.163
739	3689.093	3464.015	4019.166	3707.579	1.162	1.151	1.156
740	3687.251	3533.211	3815.790	3677.414	1.153	1.141	1.156
741	3715.318	3508.566	3833.484	3752.087	1.176	1.165	1.164
742	3693.488	3585.776	3806.033	3706.425	1.162	1.150	1.158
743	3680.823	3590.246	3862.367	3657.185	1.146	1.135	1.154
744	3696.585	3481.351	3960.405	3697.658	1.159	1.148	1.159
745	3681.283	3521.241	3825.188	3692.750	1.157	1.146	1.154
746	3654.751	3482.498	3890.392	3638.605	1.140	1.129	1.145
747	3746.304	3598.278	3889.636	3747.872	1.175	1.163	1.174
748	3580.785	3461.045	3693.297	3563.580	1.117	1.106	1.122
749	3687.724	3447.147	3961.108	3668.792	1.150	1.139	1.156
750	3717.370	3590.752	3838.125	3697.114	1.159	1.147	1.165
751	3718.444	3611.156	3828.971	3741.205	1.173	1.161	1.165
752	3750.039	3657.385	4007.075	3707.791	1.162	1.151	1.175
753	3762.520	3658.533	3931.559	3747.443	1.175	1.163	1.179
754	3738.326	3576.702	3960.418	3691.856	1.157	1.146	1.172
755	3753.520	3641.737	3868.492	3756.537	1.177	1.166	1.176
756	3736.061	3563.868	4010.599	3750.616	1.176	1.164	1.171
757	3686.600	3404.920	3861.637	3701.178	1.160	1.149	1.155
758	3731.335	3645.951	3913.943	3710.895	1.163	1.152	1.169
759	3653.900	3548.930	3784.054	3669.318	1.150	1.139	1.145
760	3652.546	3483.648	3841.364	3645.775	1.143	1.132	1.145
761	3698.397	3530.477	4058.243	3684.372	1.155	1.144	1.159
762	3696.218	3562.667	3800.956	3710.476	1.163	1.152	1.158
763	3677.844	3546.007	3795.622	3703.001	1.161	1.149	1.153
764	3726.760	3585.063	3913.715	3684.590	1.155	1.144	1.168
765	3812.840	3563.832	3950.521	3842.525	1.204	1.193	1.195
766	3737.903	3539.001	3929.081	3749.762	1.175	1.164	1.172
767	3696.713	3496.260	4071.104	3691.215	1.157	1.146	1.159
768	3709.394	3598.661	3826.430	3712.284	1.164	1.152	1.163
769	3618.022	3460.769	3795.310	3642.642	1.142	1.131	1.134
770	3700.976	3591.945	3836.214	3699.112	1.159	1.148	1.160
771	3675.848	3524.263	3780.538	3709.984	1.163	1.151	1.152
772	3652.238	3406.883	3926.438	3636.407	1.140	1.129	1.145
773	3653.420	3513.395	3874.633	3635.547	1.139	1.128	1.145
774	3679.190	3535.802	3854.092	3649.078	1.144	1.133	1.153
775	3681.348	3463.162	3863.640	3665.671	1.149	1.138	1.154
776	3653.789	3482.963	3818.883	3647.078	1.143	1.132	1.145
777	3676.859	3485.010	3804.015	3686.791	1.156	1.144	1.152
778	3662.854	3437.878	3887.523	3652.938	1.145	1.134	1.148
779	3640.366	3435.467	3823.024	3676.709	1.152	1.141	1.141
780	3668.809	3518.390	3871.360	3668.214	1.150	1.138	1.150
781	3759.590	3584.213	4047.974	3725.357	1.168	1.156	1.178
782	3679.238	3532.361	3788.367	3688.713	1.156	1.145	1.153
783	3632.625	3527.807	3804.322	3621.646	1.135	1.124	1.139
784	3621.153	3543.966	3839.148	3612.213	1.132	1.121	1.135
785	3626.557	3509.334	3795.941	3613.691	1.133	1.122	1.137
786	3525.816	3368.792	3701.917	3530.017	1.106	1.096	1.105
787	3591.428	3472.104	3744.794	3617.544	1.134	1.123	1.126
788	3658.617	3561.567	3757.087	3676.825	1.152	1.141	1.147
789	3708.956	3559.115	3823.237	3717.657	1.165	1.154	1.162
790	3677.611	3549.039	3788.439	3680.848	1.154	1.142	1.153
791	3584.801	3515.643	3704.604	3565.515	1.118	1.107	1.124
792	3639.940	3422.642	3881.170	3663.831	1.148	1.137	1.141
793	3644.352	3538.198	3760.740	3648.811	1.144	1.132	1.142
794	3591.200	3409.510	3783.728	3555.278	1.114	1.103	1.126
795	3577.383	3373.575	3941.310	3527.668	1.106	1.095	1.121
796	3687.882	3447.885	4060.144	3677.759	1.153	1.141	1.156
797	3683.235	3539.241	3774.021	3704.078	1.161	1.150	1.154
798	3712.866	3535.755	3917.086	3711.259	1.163	1.152	1.164
799	3758.457	3631.535	3886.641	3735.635	1.171	1.159	1.178
800	3699.002	3466.601	3876.232	3709.475	1.163	1.151	1.159
801	3698.079	3640.640	3772.181	3683.805	1.155	1.143	1.159
802	3642.037	3413.654	3775.481	3656.848	1.146	1.135	1.141
803	3679.333	3527.141	3977.673	3645.434	1.143	1.131	1.153
804	3710.264	3598.502	3835.493	3719.556	1.166	1.154	1.163
805	3674.552	3550.876	3773.273	3686.736	1.155	1.144	1.152
806	3672.080	3509.340	3848.397	3653.354	1.145	1.134	1.151
807	3714.272	3584.403	3856.392	3724.542	1.167	1.156	1.164
808	3680.611	3554.387	3846.796	3675.092	1.152	1.141	1.154
809	3742.453	3583.372	3895.694	3740.236	1.172	1.161	1.173
810	3689.278	3516.232	3845.711	3690.640	1.157	1.145	1.156
811	3713.513	3513.135	3994.498	3728.207	1.168	1.157	1.164
812	3657.358	3515.465	3895.197	3639.790	1.141	1.130	1.146
813	3703.961	3555.803	3789.153	3719.241	1.166	1.154	1.161
814	3744.604	3547.143	3900.905	3776.893	1.184	1.172	1.174
815	3694.515	3510.802	3908.538	3681.062	1.154	1.142	1.158
816	3726.872	3481.260	3920.931	3764.991	1.180	1.169	1.168
817	3736.328	3487.014	3849.182	3765.059	1.180	1.169	1.171
818	3741.356	3587.116	3875.075	3762.797	1.179	1.168	1.173
819	3716.708	3667.421	3875.238	3696.145	1.158	1.147	1.165
820	3754.096	3566.340	3999.087	3734.526	1.170	1.159	1.177
821	3696.520	3524.613	3893.163	3652.046	1.145	1.133	1.159
822	3767.465	3701.018	3914.973	3748.210	1.175	1.163	1.181
823	3701.848	3504.223	3901.755	3692.613	1.157	1.146	1.160
824	3701.226	3542.037	3978.186	3660.439	1.147	1.136	1.160
825	3672.809	3550.722	3744.344	3672.497	1.151	1.140	1.151
826	3713.841	3629.372	3864.652	3690.702	1.157	1.145	1.164
827	3721.257	3421.281	3863.407	3734.634	1.171	1.159	1.166
828	3658.728	3505.715	3890.897	3649.160	1.144	1.133	1.147
829	3740.660	3509.485	4063.889	3732.641	1.170	1.158	1.172
830	3723.181	3613.505	3821.714	3718.797	1.166	1.154	1.167
831	3708.007	3558.069	3872.640	3710.629	1.163	1.152	1.162
832	3729.624	3544.137	3916.145	3714.480	1.164	1.153	1.169
833	3670.744	3488.233	3849.211	3656.881	1.146	1.135	1.150
834	3661.825	3460.115	3823.073	3656.108	1.146	1.135	1.148
835	3761.523	3662.936	3879.373	3771.454	1.182	1.171	1.179
836	3706.509	3484.427	3954.135	3679.470	1.153	1.142	1.162
837	3684.624	3584.724	3910.989	3670.092	1.150	1.139	1.155
838	3652.851	3505.429	3832.170	3656.355	1.146	1.135	1.145
839	3632.061	3495.839	3743.510	3623.429	1.136	1.125	1.138
840	3702.045	3553.685	3908.868	3680.304	1.153	1.142	1.160
841	3703.274	3551.367	3897.283	3696.589	1.159	1.147	1.161
842	3629.119	3481.191	3743.868	3642.851	1.142	1.131	1.137
