 	Mean	Min	Max	Median	Max_to_bgmean	Median_to_bgmedian	Mean_to_bgmean
1	3915.125	3666.227	4144.013	3950.772	1.241	1.234	1.230
2	4047.544	3833.088	4538.435	3992.727	1.254	1.247	1.271
3	3998.430	3823.730	4135.608	4026.657	1.265	1.258	1.256
4	4014.825	3731.360	4173.444	4045.685	1.271	1.263	1.261
5	4050.558	3911.117	4205.649	4030.245	1.266	1.259	1.272
6	4032.049	3889.442	4247.533	4011.063	1.260	1.253	1.266
7	3894.769	3686.392	4099.467	3896.539	1.224	1.217	1.223
8	3954.886	3766.281	4292.036	3898.210	1.224	1.217	1.242
9	4004.049	3578.918	4211.742	4089.196	1.284	1.277	1.257
10	3956.420	3704.854	4206.661	3938.989	1.237	1.230	1.242
11	3892.488	3672.370	4086.837	3921.888	1.232	1.225	1.222
12	3986.887	3782.870	4182.854	3995.686	1.255	1.248	1.252
13	4022.527	3688.146	4228.827	4034.766	1.267	1.260	1.263
14	4028.440	3848.247	4320.872	4022.009	1.263	1.256	1.265
15	4080.481	3796.144	4290.225	4115.723	1.293	1.285	1.281
16	4007.627	3707.448	4251.555	3994.710	1.255	1.248	1.259
17	4019.800	3856.578	4273.017	3986.284	1.252	1.245	1.262
18	4007.001	3722.888	4296.473	4028.224	1.265	1.258	1.258
19	4068.382	3826.746	4216.657	4123.045	1.295	1.288	1.278
20	4005.895	3859.380	4210.310	3986.775	1.252	1.245	1.258
21	4009.000	3701.909	4404.798	3905.496	1.226	1.220	1.259
22	3983.881	3687.814	4352.650	3955.894	1.242	1.235	1.251
23	3908.496	3734.030	4031.178	3909.587	1.228	1.221	1.227
24	3957.975	3798.116	4140.642	3970.316	1.247	1.240	1.243
25	3928.318	3808.207	4175.074	3884.568	1.220	1.213	1.234
26	3947.766	3651.916	4224.013	3968.854	1.246	1.239	1.240
27	3959.210	3590.894	4292.809	3950.157	1.241	1.234	1.243
28	3888.851	3575.251	4148.702	3894.720	1.223	1.216	1.221
29	4009.198	3830.391	4248.933	3982.907	1.251	1.244	1.259
30	3933.339	3618.023	4326.607	3938.781	1.237	1.230	1.235
31	3920.261	3702.352	4276.067	3867.031	1.214	1.208	1.231
32	3895.775	3650.285	4268.169	3858.083	1.212	1.205	1.223
33	4072.527	3892.006	4329.253	4032.343	1.266	1.259	1.279
34	3982.990	3863.992	4169.271	3958.519	1.243	1.236	1.251
35	3876.976	3642.421	4031.328	3871.116	1.216	1.209	1.218
36	3888.899	3692.168	4152.525	3846.539	1.208	1.201	1.221
37	3999.677	3747.780	4225.842	3993.488	1.254	1.247	1.256
38	3842.641	3696.323	4074.029	3844.732	1.207	1.201	1.207
39	3912.152	3786.477	3998.112	3934.758	1.236	1.229	1.229
40	4002.683	3734.466	4274.421	3997.209	1.255	1.248	1.257
41	4017.089	3790.759	4214.760	4053.683	1.273	1.266	1.262
42	3947.746	3799.198	4369.362	3896.278	1.224	1.217	1.240
43	3848.257	3644.244	4046.516	3863.807	1.213	1.207	1.209
44	3822.750	3599.614	4007.480	3831.947	1.203	1.197	1.200
45	3892.430	3817.931	4105.309	3860.893	1.212	1.206	1.222
46	3945.392	3802.411	4175.953	3891.347	1.222	1.215	1.239
47	3901.232	3722.754	4047.838	3898.553	1.224	1.218	1.225
48	3884.399	3737.327	4055.266	3892.230	1.222	1.216	1.220
49	3943.647	3749.485	4234.634	3914.179	1.229	1.222	1.238
50	3887.355	3639.771	4158.149	3925.226	1.233	1.226	1.221
51	3963.150	3780.978	4145.626	4007.298	1.258	1.251	1.245
52	3959.134	3687.378	4152.090	3977.099	1.249	1.242	1.243
53	4035.841	3785.444	4428.637	4004.896	1.258	1.251	1.267
54	4047.504	3734.335	4244.277	4087.435	1.284	1.277	1.271
55	4006.932	3852.410	4250.629	3988.507	1.253	1.246	1.258
56	4024.490	3865.569	4244.549	4006.184	1.258	1.251	1.264
57	4031.106	3902.807	4316.882	3996.070	1.255	1.248	1.266
58	4080.741	3788.470	4408.428	4042.224	1.269	1.262	1.282
59	4038.981	3611.108	4275.161	4057.355	1.274	1.267	1.268
60	4046.657	3844.534	4208.267	4003.886	1.257	1.250	1.271
61	4076.549	3934.991	4357.132	4035.006	1.267	1.260	1.280
62	4013.805	3805.743	4175.229	4030.867	1.266	1.259	1.260
63	4013.266	3739.650	4158.667	4047.092	1.271	1.264	1.260
64	4057.628	3802.438	4300.745	4051.197	1.272	1.265	1.274
65	4025.374	3779.623	4284.680	3971.526	1.247	1.240	1.264
66	4012.354	3766.477	4254.059	4067.996	1.278	1.270	1.260
67	4034.159	3726.494	4516.859	4031.421	1.266	1.259	1.267
68	4056.997	3621.434	4319.407	4051.476	1.272	1.265	1.274
69	4103.904	3787.359	4474.756	4111.342	1.291	1.284	1.289
70	4005.716	3780.449	4310.791	3954.708	1.242	1.235	1.258
71	3975.136	3763.709	4225.322	3911.237	1.228	1.221	1.248
72	4109.048	3774.454	4429.082	4078.871	1.281	1.274	1.290
73	4142.061	3840.799	4421.365	4128.755	1.297	1.289	1.301
74	4018.583	3602.635	4323.966	3968.109	1.246	1.239	1.262
75	3973.787	3800.727	4336.941	3950.542	1.241	1.234	1.248
76	4067.035	3919.833	4292.376	4059.654	1.275	1.268	1.277
77	4081.873	3860.462	4312.545	4028.665	1.265	1.258	1.282
78	4052.392	3919.696	4202.394	4054.883	1.273	1.266	1.273
79	3933.097	3758.166	4351.216	3898.359	1.224	1.217	1.235
80	3989.598	3844.560	4074.197	4021.979	1.263	1.256	1.253
81	4119.800	3978.228	4298.857	4124.183	1.295	1.288	1.294
82	4046.801	3840.961	4228.766	4069.528	1.278	1.271	1.271
83	4131.005	3923.814	4306.166	4165.418	1.308	1.301	1.297
84	4034.245	3741.936	4359.523	4022.367	1.263	1.256	1.267
85	4043.088	3740.113	4410.386	3999.840	1.256	1.249	1.270
86	4055.187	3674.086	4366.285	4056.876	1.274	1.267	1.273
87	3980.802	3842.012	4193.975	3973.606	1.248	1.241	1.250
88	4083.220	3876.375	4262.433	4097.304	1.287	1.280	1.282
89	4157.575	3685.497	4745.656	4158.433	1.306	1.299	1.306
90	4062.941	3897.044	4572.443	4012.489	1.260	1.253	1.276
91	4057.488	3860.031	4347.013	4018.921	1.262	1.255	1.274
92	4166.274	3820.719	4447.547	4203.650	1.320	1.313	1.308
93	4104.962	3693.845	4439.236	4132.124	1.298	1.290	1.289
94	4144.279	3958.683	4388.736	4166.529	1.308	1.301	1.301
95	4068.196	3866.266	4239.289	4080.342	1.281	1.274	1.278
96	3868.393	3670.320	4022.774	3891.270	1.222	1.215	1.215
97	3972.701	3750.060	4170.588	3981.361	1.250	1.243	1.248
98	4040.930	3687.144	4297.652	4068.909	1.278	1.271	1.269
99	3965.195	3679.086	4286.299	3928.631	1.234	1.227	1.245
100	3931.806	3676.299	4256.675	3940.015	1.237	1.230	1.235
101	3899.174	3678.986	4090.271	3916.855	1.230	1.223	1.224
102	4037.600	3816.630	4239.149	4077.104	1.280	1.273	1.268
103	3955.888	3754.717	4324.101	3911.991	1.229	1.222	1.242
104	4043.544	3865.247	4358.217	4016.496	1.261	1.254	1.270
105	4013.597	3873.897	4237.645	3984.324	1.251	1.244	1.260
106	3979.765	3822.809	4155.714	3989.885	1.253	1.246	1.250
107	3934.446	3639.659	4111.238	3943.032	1.238	1.231	1.236
108	3924.057	3677.568	4301.534	3896.421	1.224	1.217	1.232
109	3908.732	3660.277	4082.082	3928.601	1.234	1.227	1.228
110	3938.934	3806.265	4143.586	3943.741	1.238	1.232	1.237
111	4016.969	3862.415	4222.328	4043.445	1.270	1.263	1.261
112	4022.993	3786.489	4395.074	3984.404	1.251	1.244	1.263
113	3977.377	3806.176	4181.870	3955.201	1.242	1.235	1.249
114	3872.741	3621.508	4092.822	3868.593	1.215	1.208	1.216
115	3968.127	3774.952	4230.793	3947.205	1.240	1.233	1.246
116	4018.115	3859.446	4249.932	4022.057	1.263	1.256	1.262
117	3922.753	3832.591	4044.949	3912.798	1.229	1.222	1.232
118	3976.266	3626.232	4258.002	3959.499	1.243	1.237	1.249
119	3873.756	3696.088	4143.374	3861.708	1.213	1.206	1.217
120	3930.376	3718.447	4132.089	3975.793	1.249	1.242	1.234
121	3907.420	3713.805	4222.538	3910.799	1.228	1.221	1.227
122	3839.298	3700.352	3967.889	3850.875	1.209	1.203	1.206
123	3777.816	3592.552	4033.325	3786.048	1.189	1.182	1.186
124	3814.094	3626.693	4062.755	3824.010	1.201	1.194	1.198
125	3888.070	3716.616	4063.239	3896.153	1.224	1.217	1.221
126	3892.395	3754.653	4019.122	3908.642	1.227	1.221	1.222
127	3814.352	3671.096	4148.945	3755.049	1.179	1.173	1.198
128	3798.515	3608.862	3951.055	3812.188	1.197	1.191	1.193
129	3899.872	3722.811	4157.125	3853.343	1.210	1.203	1.225
130	3898.337	3729.541	4048.040	3907.370	1.227	1.220	1.224
131	3928.509	3816.212	4065.697	3955.603	1.242	1.235	1.234
132	3931.183	3815.054	4139.610	3929.803	1.234	1.227	1.235
133	3835.499	3680.656	3931.060	3856.093	1.211	1.204	1.205
134	3843.897	3705.602	3962.100	3850.184	1.209	1.202	1.207
135	3960.590	3797.460	4211.258	3934.750	1.236	1.229	1.244
136	3885.596	3695.763	4056.439	3892.661	1.222	1.216	1.220
137	3940.817	3746.448	4069.647	3986.615	1.252	1.245	1.238
138	3964.779	3818.917	4189.907	3962.142	1.244	1.237	1.245
139	3919.583	3636.759	4094.379	3944.962	1.239	1.232	1.231
140	3902.616	3743.605	4177.458	3890.388	1.222	1.215	1.226
141	3987.725	3870.989	4142.968	3971.242	1.247	1.240	1.252
142	4105.067	3760.789	4408.783	4114.474	1.292	1.285	1.289
143	3908.690	3606.917	4149.137	3955.064	1.242	1.235	1.227
144	3959.557	3759.680	4155.202	3952.219	1.241	1.234	1.243
145	4014.761	3887.051	4250.924	3947.301	1.240	1.233	1.261
146	4125.287	4018.254	4222.088	4138.893	1.300	1.293	1.296
147	4175.671	3972.572	4448.502	4203.189	1.320	1.313	1.311
148	4159.139	4001.497	4448.853	4138.097	1.300	1.292	1.306
149	4071.458	3876.010	4282.220	4056.333	1.274	1.267	1.279
150	4081.977	3910.591	4218.488	4048.163	1.271	1.264	1.282
151	4111.744	3972.385	4287.087	4116.161	1.293	1.285	1.291
152	4158.223	3911.152	4426.082	4136.036	1.299	1.292	1.306
153	4246.561	3839.350	4449.786	4285.677	1.346	1.338	1.334
154	4113.602	3896.845	4283.455	4108.325	1.290	1.283	1.292
155	4284.078	4116.946	4447.697	4344.678	1.364	1.357	1.345
156	4174.156	4017.791	4370.634	4121.500	1.294	1.287	1.311
157	4346.334	3947.546	4794.442	4305.214	1.352	1.345	1.365
158	4279.406	3924.405	4541.944	4287.921	1.347	1.339	1.344
159	4238.035	3963.675	4518.890	4261.413	1.338	1.331	1.331
160	4322.161	4153.574	4550.479	4274.184	1.342	1.335	1.357
161	4315.394	3984.071	4916.371	4299.089	1.350	1.343	1.355
162	4320.690	4008.277	4605.183	4328.995	1.359	1.352	1.357
163	4308.539	4098.679	4521.501	4315.791	1.355	1.348	1.353
164	4307.569	4005.092	4530.492	4316.132	1.355	1.348	1.353
165	4325.355	3899.327	4653.595	4326.788	1.359	1.351	1.358
166	4347.537	4117.792	4478.417	4344.667	1.364	1.357	1.365
167	4308.823	4147.249	4517.158	4318.804	1.356	1.349	1.353
168	4299.838	4133.208	4495.690	4306.918	1.353	1.345	1.350
169	4283.591	4017.282	4513.153	4313.769	1.355	1.347	1.345
170	4356.701	4184.438	4627.772	4328.862	1.359	1.352	1.368
171	4461.533	4068.474	4828.842	4446.184	1.396	1.389	1.401
172	4454.717	4128.692	4704.362	4466.452	1.403	1.395	1.399
173	4351.871	4064.867	4576.997	4391.461	1.379	1.371	1.367
174	4256.829	4047.116	4511.417	4256.308	1.337	1.329	1.337
175	4277.749	3898.697	4651.916	4284.697	1.346	1.338	1.343
176	4306.031	4007.847	4483.127	4320.564	1.357	1.349	1.352
177	4325.672	4103.308	4473.475	4366.199	1.371	1.364	1.358
178	4356.845	4154.183	4542.900	4324.435	1.358	1.351	1.368
179	4248.192	3802.487	4523.079	4193.033	1.317	1.310	1.334
180	4440.918	4101.271	4787.014	4488.832	1.410	1.402	1.395
181	4372.687	4146.621	4635.225	4377.312	1.375	1.367	1.373
182	4398.397	4247.949	4545.003	4376.174	1.374	1.367	1.381
183	4380.978	4158.526	4684.646	4321.486	1.357	1.350	1.376
184	4391.556	4071.390	4675.452	4396.497	1.381	1.373	1.379
185	4332.972	4140.602	4628.979	4301.611	1.351	1.343	1.361
186	4201.771	3964.918	4475.712	4205.359	1.321	1.313	1.320
187	4426.718	4208.257	4684.418	4452.328	1.398	1.390	1.390
188	4347.362	4120.989	4682.338	4313.610	1.355	1.347	1.365
189	4236.818	3986.065	4442.982	4267.561	1.340	1.333	1.331
190	4295.514	4145.824	4517.743	4279.864	1.344	1.337	1.349
191	4361.068	4079.803	4723.740	4380.982	1.376	1.368	1.370
192	4279.724	4127.033	4492.977	4302.923	1.351	1.344	1.344
193	4408.958	4082.908	4641.925	4426.249	1.390	1.382	1.385
194	4225.661	3929.951	4525.964	4228.161	1.328	1.320	1.327
195	4224.521	4060.852	4424.892	4168.847	1.309	1.302	1.327
196	4272.561	3900.027	4506.007	4285.973	1.346	1.339	1.342
197	4341.947	3976.251	4785.522	4319.188	1.356	1.349	1.364
198	4352.507	4012.367	4652.683	4305.647	1.352	1.345	1.367
199	4303.759	3867.480	4901.662	4341.163	1.363	1.356	1.352
200	4283.925	4068.321	4507.745	4282.245	1.345	1.337	1.345
201	4302.627	4000.973	4590.491	4276.787	1.343	1.336	1.351
202	4377.463	4118.389	4612.452	4395.979	1.381	1.373	1.375
203	4460.732	4202.813	4838.461	4359.155	1.369	1.361	1.401
204	4522.786	4275.168	4851.498	4543.592	1.427	1.419	1.420
205	4505.646	4277.562	4787.443	4494.739	1.412	1.404	1.415
206	4361.719	4025.329	4596.990	4410.706	1.385	1.377	1.370
207	4419.608	4085.054	4797.433	4403.635	1.383	1.375	1.388
208	4560.958	4267.138	4822.501	4546.046	1.428	1.420	1.432
209	4493.698	4200.894	4983.933	4476.646	1.406	1.398	1.411
210	4327.646	4044.428	4585.971	4361.582	1.370	1.362	1.359
211	4420.250	4139.981	4681.800	4405.593	1.384	1.376	1.388
212	4507.843	4307.651	4773.074	4490.265	1.410	1.402	1.416
213	4464.180	4033.816	5568.667	4332.559	1.361	1.353	1.402
214	4506.149	4158.820	4876.035	4554.253	1.430	1.422	1.415
215	4477.385	4101.446	4723.257	4484.782	1.408	1.401	1.406
216	4407.036	4170.821	4577.689	4450.557	1.398	1.390	1.384
217	4370.566	3947.380	4644.912	4356.349	1.368	1.361	1.373
218	4427.971	4134.617	4673.290	4440.133	1.394	1.387	1.391
219	4395.888	4222.221	4585.273	4363.636	1.370	1.363	1.380
220	4360.716	3849.681	4596.820	4432.045	1.392	1.384	1.369
221	4637.473	4377.057	4930.189	4634.074	1.455	1.447	1.456
222	4597.480	4321.528	4774.897	4591.789	1.442	1.434	1.444
223	4598.956	4365.000	4737.098	4642.557	1.458	1.450	1.444
224	4626.425	4443.855	5027.306	4612.460	1.449	1.440	1.453
225	4587.372	4376.255	4849.651	4592.887	1.442	1.434	1.441
226	4645.397	4458.992	4870.881	4639.095	1.457	1.449	1.459
227	4600.175	4401.279	4789.177	4588.277	1.441	1.433	1.445
228	4593.490	4400.486	4748.791	4615.773	1.450	1.442	1.443
229	4635.184	4283.791	4861.909	4657.797	1.463	1.455	1.456
230	4731.054	4261.780	5090.366	4685.239	1.471	1.463	1.486
231	4776.947	4311.154	5219.896	4806.970	1.510	1.501	1.500
232	4713.368	4506.086	5054.171	4672.775	1.467	1.459	1.480
233	4749.783	4351.641	4977.019	4807.618	1.510	1.501	1.492
234	4787.499	4626.950	4932.630	4832.754	1.518	1.509	1.503
235	4760.087	4488.936	5044.263	4721.350	1.483	1.475	1.495
236	4799.791	4468.746	5186.485	4765.430	1.497	1.488	1.507
237	4817.929	4324.763	5172.471	4826.857	1.516	1.507	1.513
238	4821.008	4514.586	5035.698	4809.199	1.510	1.502	1.514
239	4765.209	4395.991	4999.364	4792.081	1.505	1.497	1.496
240	4854.219	4563.393	5060.101	4928.463	1.548	1.539	1.524
241	4810.443	4565.913	5073.194	4775.602	1.500	1.491	1.511
242	4677.084	4401.992	4913.802	4690.155	1.473	1.465	1.469
243	4747.726	4457.917	5004.368	4763.199	1.496	1.488	1.491
244	4761.727	4614.297	4925.275	4770.632	1.498	1.490	1.495
245	4882.584	4668.589	5297.096	4861.962	1.527	1.518	1.533
246	4812.333	4376.923	5379.344	4738.630	1.488	1.480	1.511
247	4797.895	4517.075	5370.389	4751.222	1.492	1.484	1.507
248	4789.384	4582.522	4998.985	4744.908	1.490	1.482	1.504
249	4744.408	4604.028	5045.253	4696.385	1.475	1.467	1.490
250	4734.571	4383.292	4940.143	4734.962	1.487	1.479	1.487
251	4756.421	4399.356	4957.217	4779.408	1.501	1.493	1.494
252	4842.279	4579.390	5007.393	4915.052	1.544	1.535	1.521
253	4940.802	4686.548	5296.873	4853.203	1.524	1.516	1.552
254	5163.014	4718.356	5490.799	5144.221	1.615	1.607	1.621
255	5008.616	4518.435	5588.058	4968.952	1.560	1.552	1.573
256	5040.951	4697.440	5364.189	5056.117	1.588	1.579	1.583
257	5007.919	4684.180	5381.193	4992.233	1.568	1.559	1.573
258	5090.723	4690.044	5433.490	5117.288	1.607	1.598	1.599
259	5070.676	4764.239	5449.417	4985.938	1.566	1.557	1.592
260	5160.072	4813.704	5781.790	4996.297	1.569	1.560	1.620
261	5159.076	4797.357	5570.960	5159.823	1.620	1.611	1.620
262	5068.034	4758.014	5267.505	5098.788	1.601	1.592	1.592
263	5237.573	5013.293	5479.781	5213.795	1.637	1.628	1.645
264	5230.148	4962.301	5793.695	5126.104	1.610	1.601	1.642
265	5097.664	4728.911	5510.988	5075.793	1.594	1.585	1.601
266	5280.437	4821.665	5637.740	5318.671	1.670	1.661	1.658
267	5194.253	4762.802	5658.686	5207.119	1.635	1.626	1.631
268	5159.349	4870.914	5391.077	5188.599	1.629	1.620	1.620
269	5085.308	4709.917	5490.371	4955.290	1.556	1.548	1.597
270	5102.724	4592.852	5586.111	5160.166	1.621	1.612	1.602
271	5125.792	4498.950	5615.662	5161.330	1.621	1.612	1.610
272	5059.626	4281.245	5779.072	5206.825	1.635	1.626	1.589
273	4877.748	4306.737	5502.864	4945.732	1.553	1.545	1.532
274	4802.642	4279.269	5171.342	4851.939	1.524	1.515	1.508
275	5043.372	4379.641	5407.008	5170.481	1.624	1.615	1.584
276	5001.214	4136.418	5803.443	5201.760	1.634	1.625	1.571
277	4973.231	4280.198	5581.807	5089.431	1.598	1.589	1.562
278	5051.111	4277.264	5594.773	5198.918	1.633	1.624	1.586
279	4887.273	4248.086	5450.840	5002.695	1.571	1.562	1.535
280	4950.358	4173.453	5662.382	5042.443	1.584	1.575	1.555
281	5027.161	4120.767	5542.912	5057.366	1.588	1.579	1.579
282	4966.072	4210.170	5480.460	4958.368	1.557	1.549	1.560
283	4954.994	4265.749	5619.665	5006.608	1.572	1.564	1.556
284	5023.803	4203.737	5386.858	5271.945	1.656	1.646	1.578
285	4875.804	4184.212	5365.908	4982.425	1.565	1.556	1.531
286	5125.786	4189.407	5760.191	5273.730	1.656	1.647	1.610
287	5031.072	4165.341	5694.440	5085.878	1.597	1.588	1.580
288	4986.150	4088.523	5764.154	5150.102	1.617	1.608	1.566
289	5083.056	4326.617	5584.008	5120.307	1.608	1.599	1.596
290	4969.588	4309.473	5401.675	5173.168	1.625	1.616	1.561
291	4971.600	4199.396	5438.621	5024.284	1.578	1.569	1.561
292	5013.990	4108.136	5477.224	5048.359	1.585	1.577	1.575
293	5164.062	4099.059	5784.286	5108.398	1.604	1.595	1.622
294	5193.412	4328.658	5652.640	5250.902	1.649	1.640	1.631
295	5229.552	4378.115	6055.544	5200.787	1.633	1.624	1.642
296	5225.479	4728.534	5714.083	5146.112	1.616	1.607	1.641
297	5211.414	4750.433	5732.989	5164.207	1.622	1.613	1.637
298	5281.715	4808.565	5656.827	5328.858	1.673	1.664	1.659
299	5287.101	4950.493	5992.439	5223.170	1.640	1.631	1.660
300	5184.954	4731.376	5585.077	5254.434	1.650	1.641	1.628
301	5154.815	4881.898	5519.244	5108.645	1.604	1.595	1.619
302	5171.659	4888.622	5514.808	5168.767	1.623	1.614	1.624
303	5129.672	4846.524	5600.676	5021.583	1.577	1.568	1.611
304	5212.516	4879.030	5578.394	5228.368	1.642	1.633	1.637
305	5225.625	4987.270	5589.928	5128.675	1.611	1.602	1.641
306	5153.972	4746.245	5760.384	5062.874	1.590	1.581	1.619
307	5002.366	4551.261	5321.904	5015.131	1.575	1.566	1.571
308	5191.321	4713.800	5433.849	5292.010	1.662	1.653	1.630
309	5060.168	4566.580	5419.343	5061.885	1.590	1.581	1.589
310	4975.644	4712.143	5375.527	5008.468	1.573	1.564	1.563
311	5040.642	4697.619	5377.857	5088.864	1.598	1.589	1.583
312	5097.137	4622.544	5485.229	5136.369	1.613	1.604	1.601
313	5154.307	4693.807	5697.266	5151.560	1.618	1.609	1.619
314	5215.157	4730.470	5537.412	5272.291	1.656	1.647	1.638
315	5212.346	4927.393	5461.949	5271.273	1.655	1.646	1.637
316	5362.209	4769.149	5692.709	5451.395	1.712	1.702	1.684
317	5364.032	4759.585	6302.290	5338.362	1.676	1.667	1.685
318	5322.937	4820.914	5843.569	5249.474	1.649	1.639	1.672
319	5319.415	4671.530	5667.674	5325.516	1.672	1.663	1.671
320	5262.077	4523.347	5741.705	5283.833	1.659	1.650	1.653
321	5073.477	4520.483	6007.967	4928.821	1.548	1.539	1.593
322	5116.212	4543.443	5490.900	5275.288	1.657	1.647	1.607
323	5281.664	4753.703	5605.505	5296.922	1.663	1.654	1.659
324	5122.435	4752.130	5317.224	5153.240	1.618	1.609	1.609
325	5177.969	4586.507	5600.303	5131.125	1.611	1.602	1.626
326	5123.796	4758.171	5526.375	5165.485	1.622	1.613	1.609
327	5165.612	4716.069	5375.437	5243.520	1.647	1.638	1.622
328	4944.175	4715.487	5146.832	4968.090	1.560	1.552	1.553
329	5053.953	4603.445	5391.684	5156.364	1.619	1.610	1.587
330	5083.170	4602.239	5478.025	5064.335	1.590	1.582	1.596
331	4935.347	4608.473	5383.066	4910.642	1.542	1.534	1.550
332	4854.982	4446.518	5198.714	4902.524	1.540	1.531	1.525
333	5030.216	4614.779	5555.440	5010.544	1.574	1.565	1.580
334	5003.083	4634.627	5461.075	4997.679	1.569	1.561	1.571
335	4996.496	4762.264	5194.408	4993.787	1.568	1.560	1.569
336	5092.280	4509.714	5596.773	5061.205	1.589	1.581	1.599
337	5142.127	4655.548	5488.743	5143.052	1.615	1.606	1.615
338	5049.488	4530.271	5579.708	5057.592	1.588	1.580	1.586
339	5348.919	4947.641	5781.310	5404.394	1.697	1.688	1.680
340	5045.986	4330.750	5596.813	5046.637	1.585	1.576	1.585
341	5178.099	4868.396	5682.411	5059.347	1.589	1.580	1.626
342	5177.322	4790.540	5598.462	5135.923	1.613	1.604	1.626
343	5128.253	4825.951	5347.269	5120.016	1.608	1.599	1.610
344	5222.694	4747.639	5653.973	5238.607	1.645	1.636	1.640
345	5101.203	4543.673	5524.175	5105.452	1.603	1.594	1.602
346	5199.396	4649.207	5753.779	5223.771	1.640	1.631	1.633
347	5104.755	4490.707	5345.271	5208.571	1.636	1.627	1.603
348	5056.658	4340.446	5554.074	5150.440	1.617	1.609	1.588
349	5003.830	4425.188	5648.198	4992.169	1.568	1.559	1.571
350	4917.903	4390.317	5306.614	4985.994	1.566	1.557	1.544
351	4973.996	4063.486	5484.479	5020.924	1.577	1.568	1.562
352	5133.108	4157.297	5829.217	5140.254	1.614	1.605	1.612
353	5107.784	4394.458	5530.302	5298.316	1.664	1.655	1.604
354	5014.237	4262.569	5493.445	5143.102	1.615	1.606	1.575
355	4950.760	4483.739	5360.612	4976.610	1.563	1.554	1.555
356	5002.092	4062.907	5560.927	5055.532	1.588	1.579	1.571
357	4915.251	4447.205	5206.743	4979.391	1.564	1.555	1.544
358	4978.438	4634.816	5333.119	4915.720	1.544	1.535	1.563
359	5032.447	4313.338	5396.461	5093.315	1.600	1.591	1.580
360	5190.136	4430.676	5572.910	5305.026	1.666	1.657	1.630
361	5051.455	4782.079	5286.637	5109.271	1.605	1.596	1.586
362	5055.386	4536.856	5461.292	5128.622	1.611	1.602	1.588
363	5074.869	4316.012	5744.381	5144.452	1.616	1.607	1.594
364	5075.572	4485.692	5477.925	5134.485	1.612	1.604	1.594
365	5147.384	4494.398	5611.351	5230.530	1.643	1.634	1.616
366	5071.504	4225.606	5611.808	5125.762	1.610	1.601	1.593
367	5186.781	4554.188	5709.897	5255.334	1.650	1.641	1.629
368	5014.588	4607.209	5403.067	4991.469	1.568	1.559	1.575
369	5095.881	4644.643	5591.347	5100.833	1.602	1.593	1.600
370	5129.643	4444.802	5592.110	5145.609	1.616	1.607	1.611
371	5094.066	4231.958	5593.927	5159.808	1.620	1.611	1.600
372	5057.453	4605.434	5463.885	5048.041	1.585	1.577	1.588
373	5111.670	4738.016	5728.976	5011.183	1.574	1.565	1.605
374	5045.889	4617.517	5671.657	4891.798	1.536	1.528	1.585
375	5088.396	4054.555	5952.677	5073.026	1.593	1.584	1.598
376	5170.950	4599.798	5734.607	5192.825	1.631	1.622	1.624
377	5152.571	4257.393	6244.637	5293.846	1.662	1.653	1.618
378	5050.150	4685.897	5297.727	5042.068	1.583	1.575	1.586
379	5164.404	4819.030	5526.578	5210.610	1.636	1.627	1.622
380	4977.298	4534.850	5632.005	4941.632	1.552	1.543	1.563
381	4958.195	4568.419	5511.307	4940.049	1.551	1.543	1.557
382	4804.081	4047.402	5261.221	4944.030	1.553	1.544	1.509
383	4825.248	4506.790	5294.437	4783.914	1.502	1.494	1.515
384	4902.721	4191.138	5369.235	4976.909	1.563	1.554	1.540
385	4888.746	4343.191	5407.464	4924.184	1.546	1.538	1.535
386	4922.229	4283.684	5336.020	5049.288	1.586	1.577	1.546
387	4843.573	4252.149	5641.961	4858.069	1.526	1.517	1.521
388	4836.930	4320.923	5502.126	4784.778	1.503	1.494	1.519
389	4915.667	4384.013	5551.209	4908.994	1.542	1.533	1.544
390	4962.023	4314.470	5595.542	4946.859	1.554	1.545	1.558
391	4767.688	4182.518	5204.234	4839.388	1.520	1.511	1.497
392	4887.948	4192.022	5192.070	4997.268	1.569	1.561	1.535
393	4753.028	4138.322	5231.367	4758.446	1.494	1.486	1.493
394	4875.136	4321.009	5484.978	4909.733	1.542	1.533	1.531
395	4738.688	4170.568	5292.084	4655.342	1.462	1.454	1.488
396	4817.181	4418.292	5340.698	4738.989	1.488	1.480	1.513
397	5067.256	4425.525	5415.852	5138.695	1.614	1.605	1.591
398	5070.367	4622.823	5265.888	5092.098	1.599	1.590	1.592
399	4898.070	4455.462	5207.628	4950.336	1.555	1.546	1.538
400	4789.768	4145.854	5183.385	4897.924	1.538	1.530	1.504
401	4932.538	4311.250	5442.532	4947.153	1.554	1.545	1.549
402	4937.110	4239.130	5383.377	5015.184	1.575	1.566	1.550
403	4942.717	4137.401	5332.436	5024.075	1.578	1.569	1.552
404	4754.844	4053.190	5148.497	4789.044	1.504	1.496	1.493
405	4931.562	4041.028	5262.194	5068.521	1.592	1.583	1.549
406	4957.955	4005.966	5232.645	5118.177	1.607	1.598	1.557
407	4949.445	4059.542	5730.647	4993.548	1.568	1.560	1.554
408	5025.846	4031.330	5615.323	5016.496	1.575	1.567	1.578
409	5003.540	4162.604	5506.582	5124.590	1.609	1.600	1.571
410	4933.698	4170.266	5307.011	5036.700	1.582	1.573	1.549
411	4956.288	4263.641	5320.649	5014.483	1.575	1.566	1.556
412	5003.449	4173.884	5304.782	5121.585	1.608	1.599	1.571
413	5073.792	4234.138	5433.205	5192.129	1.631	1.622	1.593
414	5132.277	4357.471	5446.946	5293.771	1.662	1.653	1.612
415	5178.106	4520.390	5568.031	5263.657	1.653	1.644	1.626
416	5077.129	4186.708	5437.401	5267.680	1.654	1.645	1.594
417	4951.818	4137.590	5486.339	5070.873	1.592	1.584	1.555
418	4991.499	4207.873	5619.485	5019.624	1.576	1.568	1.568
419	5017.349	4340.517	5352.113	5097.320	1.601	1.592	1.576
420	4939.448	4404.473	5348.558	5040.561	1.583	1.574	1.551
421	5122.440	4346.858	5940.949	5148.964	1.617	1.608	1.609
422	5055.751	4379.458	5854.035	5113.644	1.606	1.597	1.588
423	5091.725	4261.438	5560.581	5294.171	1.663	1.653	1.599
424	5192.041	4204.113	5914.548	5261.812	1.652	1.643	1.631
425	5192.050	4383.915	5768.853	5168.744	1.623	1.614	1.631
426	5184.995	4368.029	5903.818	5215.313	1.638	1.629	1.628
427	5186.103	4531.860	5648.285	5324.657	1.672	1.663	1.629
428	5319.810	4467.106	6173.201	5417.946	1.701	1.692	1.671
429	5114.780	4237.397	5750.614	5192.869	1.631	1.622	1.606
430	5219.092	4275.683	5527.067	5399.715	1.696	1.686	1.639
431	5226.233	4090.813	6235.112	5350.952	1.680	1.671	1.641
432	5168.077	4207.741	5754.312	5217.362	1.638	1.629	1.623
433	5196.429	4441.259	5932.531	5310.684	1.668	1.659	1.632
434	5035.266	4363.228	5628.022	5117.229	1.607	1.598	1.581
435	5094.011	4301.631	5575.251	5217.786	1.639	1.630	1.600
436	5083.443	4104.313	5733.275	5246.670	1.648	1.639	1.596
437	5117.334	4076.834	5601.496	5251.497	1.649	1.640	1.607
438	4957.652	4018.801	5694.731	5068.177	1.592	1.583	1.557
439	5028.815	4196.371	5835.696	4999.675	1.570	1.561	1.579
440	5014.348	4331.479	5583.163	5098.014	1.601	1.592	1.575
441	5083.104	4241.824	5594.172	5212.694	1.637	1.628	1.596
442	5268.447	4333.387	5731.652	5384.637	1.691	1.682	1.655
443	5214.300	4401.665	5631.307	5288.419	1.661	1.652	1.638
444	5083.149	4775.477	5532.781	5055.839	1.588	1.579	1.596
445	5022.573	4682.666	5475.005	4995.404	1.569	1.560	1.577
446	5031.875	4631.224	5510.753	5020.625	1.577	1.568	1.580
447	5194.706	4586.718	5650.608	5269.831	1.655	1.646	1.631
448	5060.362	4390.938	5368.449	5104.623	1.603	1.594	1.589
449	5129.562	4556.058	5445.479	5187.351	1.629	1.620	1.611
450	4984.018	4680.233	5380.605	4909.733	1.542	1.533	1.565
451	5068.508	4682.189	5578.443	4987.461	1.566	1.558	1.592
452	5121.229	4737.762	5325.827	5152.190	1.618	1.609	1.608
453	4972.919	4590.875	5277.209	4985.403	1.566	1.557	1.562
454	5108.597	4793.678	5656.227	5014.790	1.575	1.566	1.604
455	5079.711	4651.853	5520.395	5134.550	1.612	1.604	1.595
456	5321.267	4757.691	5962.807	5457.043	1.714	1.704	1.671
457	5216.776	4710.438	5616.831	5209.373	1.636	1.627	1.638
458	5105.740	4701.576	5532.835	5123.807	1.609	1.600	1.603
459	5078.791	4822.876	5255.612	5094.692	1.600	1.591	1.595
460	5121.765	4698.182	5438.765	5193.567	1.631	1.622	1.608
461	5267.229	4895.446	5645.458	5288.106	1.661	1.652	1.654
462	5117.830	4846.868	5554.954	5027.723	1.579	1.570	1.607
463	5077.099	4708.994	5578.702	5030.083	1.580	1.571	1.594
464	5126.201	4600.452	5668.806	5180.793	1.627	1.618	1.610
465	5269.830	4828.929	5629.384	5313.862	1.669	1.660	1.655
466	5327.101	4660.090	6268.581	5166.084	1.622	1.613	1.673
467	5248.380	4634.266	5799.365	5366.803	1.685	1.676	1.648
468	5260.650	4807.570	5774.185	5240.188	1.646	1.637	1.652
469	5260.632	4780.195	5662.374	5344.628	1.678	1.669	1.652
470	5316.815	4872.498	5709.590	5281.156	1.658	1.649	1.670
471	5140.791	4545.925	5683.377	5199.140	1.633	1.624	1.614
472	5157.668	4349.995	5588.278	5337.215	1.676	1.667	1.620
473	5187.874	4218.479	6004.039	5180.012	1.627	1.618	1.629
474	5250.234	4045.882	5959.277	5399.394	1.696	1.686	1.649
475	5135.860	4200.136	5655.141	5273.881	1.656	1.647	1.613
476	5345.717	4610.392	5961.136	5382.857	1.690	1.681	1.679
477	5281.558	4502.375	5786.913	5416.800	1.701	1.692	1.659
478	5284.494	4543.516	5720.528	5534.679	1.738	1.729	1.660
479	5253.086	4628.506	5861.404	5186.855	1.629	1.620	1.650
480	5172.613	4437.643	5614.292	5204.659	1.634	1.625	1.624
481	5160.795	4374.302	5945.890	5121.914	1.608	1.600	1.621
482	5103.487	4414.849	5645.156	5130.991	1.611	1.602	1.603
483	5215.722	4618.630	5749.080	5162.229	1.621	1.612	1.638
484	5181.201	4626.977	5625.223	5261.357	1.652	1.643	1.627
485	4937.370	4520.215	5679.667	4906.138	1.541	1.532	1.551
486	5039.837	4627.084	5519.567	5056.066	1.588	1.579	1.583
487	5042.846	4499.255	5512.848	5067.081	1.591	1.582	1.584
488	5187.242	4698.377	5587.369	5316.921	1.670	1.660	1.629
489	5122.324	4816.129	5533.072	5100.976	1.602	1.593	1.609
490	5095.035	4647.157	5846.748	5058.982	1.589	1.580	1.600
491	5151.528	4498.206	5453.330	5208.946	1.636	1.627	1.618
492	5175.656	4684.163	5523.636	5209.170	1.636	1.627	1.625
493	5120.323	4659.100	5851.557	5070.896	1.592	1.584	1.608
494	4977.287	4741.900	5302.591	4951.458	1.555	1.546	1.563
495	5256.227	5014.714	5616.511	5221.401	1.640	1.631	1.651
496	5212.956	4706.095	5611.757	5207.942	1.636	1.626	1.637
497	5322.816	4670.284	5647.717	5415.208	1.701	1.691	1.672
498	5302.820	4862.705	5927.775	5221.078	1.640	1.631	1.665
499	5216.530	5005.364	5361.900	5248.819	1.648	1.639	1.638
500	5214.505	4908.731	5427.601	5197.081	1.632	1.623	1.638
501	5136.647	4748.340	5517.873	5174.319	1.625	1.616	1.613
502	5111.724	4743.325	5524.808	5036.667	1.582	1.573	1.605
503	5205.789	4786.634	5507.258	5215.726	1.638	1.629	1.635
504	5086.684	4520.448	5421.385	5143.220	1.615	1.606	1.597
505	5111.609	4615.504	5441.782	5176.763	1.626	1.617	1.605
506	5156.762	4557.378	5522.233	5169.377	1.623	1.614	1.619
507	5184.204	4697.510	5523.814	5165.313	1.622	1.613	1.628
508	5191.693	4817.750	5665.449	5094.980	1.600	1.591	1.630
509	5162.702	4917.562	5744.724	5149.858	1.617	1.608	1.621
510	4985.359	4711.527	5224.338	5022.568	1.577	1.569	1.566
511	5044.443	4447.212	5550.150	5052.896	1.587	1.578	1.584
512	5093.802	4562.690	5521.821	5154.015	1.619	1.610	1.600
513	5058.020	4747.389	5295.508	5069.677	1.592	1.583	1.588
514	5148.240	4814.501	5496.983	5129.915	1.611	1.602	1.617
515	5044.548	4506.403	5566.289	5046.217	1.585	1.576	1.584
516	5190.464	4554.176	5628.592	5305.558	1.666	1.657	1.630
517	5228.068	4303.842	5672.987	5273.887	1.656	1.647	1.642
518	5079.159	4291.696	5418.618	5224.866	1.641	1.632	1.595
519	5128.064	4313.396	5498.813	5279.801	1.658	1.649	1.610
520	5034.312	4150.363	5599.099	5159.345	1.620	1.611	1.581
521	4998.727	4007.571	5538.287	5208.018	1.636	1.626	1.570
522	5007.359	4279.761	5511.182	5240.023	1.646	1.636	1.573
523	5092.710	4437.087	5551.045	5136.284	1.613	1.604	1.599
524	5093.331	4053.294	5769.346	5036.006	1.582	1.573	1.600
525	5116.277	4096.208	6173.858	5117.547	1.607	1.598	1.607
526	5056.424	4125.021	5654.261	5300.376	1.665	1.655	1.588
527	5061.790	4312.401	5761.551	5015.551	1.575	1.566	1.590
528	5168.208	4314.690	5905.706	5364.330	1.685	1.675	1.623
529	5117.183	4425.415	5656.554	5206.804	1.635	1.626	1.607
530	5137.932	4246.315	5665.806	5330.118	1.674	1.665	1.614
531	5252.709	4254.657	5922.076	5325.023	1.672	1.663	1.650
532	5020.985	4256.575	5514.792	5079.114	1.595	1.586	1.577
533	5081.770	4191.104	5693.095	5215.585	1.638	1.629	1.596
534	5010.609	4266.133	5590.188	5128.575	1.611	1.602	1.574
535	5007.702	4307.041	5757.089	5011.135	1.574	1.565	1.573
536	5034.940	4208.661	5443.372	5120.219	1.608	1.599	1.581
537	4988.668	4361.390	5314.151	5071.581	1.593	1.584	1.567
538	4872.332	4409.413	5204.403	4882.772	1.533	1.525	1.530
539	4808.578	4213.527	5407.696	4838.394	1.519	1.511	1.510
540	4949.504	4344.131	5699.659	4831.314	1.517	1.509	1.554
541	4945.403	4667.408	5264.734	4940.189	1.551	1.543	1.553
542	4746.760	4340.623	5236.442	4747.133	1.491	1.483	1.491
543	4975.191	4459.502	5797.797	5035.310	1.581	1.573	1.562
544	4942.775	3971.576	5748.639	5006.581	1.572	1.564	1.552
545	4748.938	3976.707	5479.913	4918.020	1.544	1.536	1.491
546	4828.198	4109.027	5432.258	4824.166	1.515	1.507	1.516
547	4836.038	3886.195	5499.165	4943.191	1.552	1.544	1.519
548	4962.721	3840.129	5840.785	4970.745	1.561	1.552	1.558
549	5013.462	4030.287	5733.266	5305.458	1.666	1.657	1.574
550	4979.163	4149.723	5809.389	5135.025	1.613	1.604	1.564
551	4843.867	4101.682	5457.694	4968.209	1.560	1.552	1.521
552	4910.557	4084.600	5846.427	4961.022	1.558	1.549	1.542
553	5032.716	4035.067	5838.592	4894.563	1.537	1.529	1.580
554	4995.110	4023.825	5689.287	5121.430	1.608	1.599	1.569
555	4979.571	4295.092	5636.324	5039.096	1.582	1.574	1.564
556	5229.322	4568.456	5797.242	5490.004	1.724	1.715	1.642
557	5088.798	4479.287	5713.515	5051.796	1.586	1.578	1.598
558	4959.255	4447.562	5343.200	5000.861	1.570	1.562	1.557
559	5110.462	4519.530	5631.762	5146.682	1.616	1.607	1.605
560	5075.952	4646.651	5652.977	5081.606	1.596	1.587	1.594
561	4922.138	4420.775	5183.288	4949.396	1.554	1.546	1.546
562	4945.787	4573.249	5430.913	4973.051	1.562	1.553	1.553
563	4835.448	4549.514	5156.110	4853.110	1.524	1.516	1.519
564	4914.819	4384.069	5362.570	4875.450	1.531	1.523	1.543
565	5136.363	4475.673	5829.521	5148.717	1.617	1.608	1.613
566	5111.229	4362.947	5652.726	5174.669	1.625	1.616	1.605
567	5110.238	4336.799	6437.357	5090.947	1.599	1.590	1.605
568	5089.225	4416.741	5732.319	5140.941	1.614	1.606	1.598
569	5088.873	4438.634	5394.660	5199.954	1.633	1.624	1.598
570	4943.767	4216.244	5398.971	5012.167	1.574	1.565	1.553
571	5024.763	4186.511	5319.350	5095.585	1.600	1.591	1.578
572	5011.059	4386.170	5551.816	4986.553	1.566	1.557	1.574
573	4916.965	4414.964	5187.590	5006.724	1.572	1.564	1.544
574	4892.373	4462.044	5378.660	4909.909	1.542	1.533	1.536
575	4992.402	4432.377	5641.591	4939.374	1.551	1.543	1.568
576	4807.276	4443.646	5054.593	4824.638	1.515	1.507	1.510
577	4878.806	4429.393	5146.146	4932.781	1.549	1.541	1.532
578	4904.691	4435.357	5266.109	4932.790	1.549	1.541	1.540
579	4860.947	4435.184	5477.761	4816.635	1.513	1.504	1.527
580	4866.714	4253.656	5429.037	4883.261	1.534	1.525	1.528
581	4983.820	4628.634	5432.363	4913.336	1.543	1.534	1.565
582	5129.201	4544.478	5646.138	5168.753	1.623	1.614	1.611
583	5013.971	4474.315	5523.447	4993.844	1.568	1.560	1.575
584	4941.377	4702.947	5297.429	4827.865	1.516	1.508	1.552
585	4980.455	4640.721	5384.419	4985.484	1.566	1.557	1.564
586	5134.898	4761.846	5758.438	5133.819	1.612	1.603	1.613
587	5067.118	4852.841	5272.689	5072.144	1.593	1.584	1.591
588	4947.117	4787.925	5113.608	4919.072	1.545	1.536	1.554
589	4958.846	4691.546	5175.301	4940.615	1.552	1.543	1.557
590	4971.092	4519.551	5318.194	4997.223	1.569	1.561	1.561
591	4965.990	4525.588	5293.443	4983.963	1.565	1.557	1.560
592	4905.808	4747.746	5079.986	4898.747	1.538	1.530	1.541
593	5179.374	4864.455	5692.782	5151.044	1.618	1.609	1.627
594	5056.144	4602.752	5427.107	5146.143	1.616	1.607	1.588
595	4856.010	4186.512	5253.713	4966.287	1.560	1.551	1.525
596	4846.257	4108.128	5352.267	5053.324	1.587	1.578	1.522
597	4871.167	4124.500	5308.527	4967.819	1.560	1.551	1.530
598	4847.161	4199.381	5296.842	4991.782	1.568	1.559	1.522
599	4896.393	4297.415	5306.902	4945.795	1.553	1.545	1.538
600	4809.098	4241.549	5254.620	4970.125	1.561	1.552	1.510
601	4936.939	4556.121	5464.674	4819.240	1.513	1.505	1.550
602	5049.973	4394.043	5429.067	5148.630	1.617	1.608	1.586
603	5092.850	4282.435	5656.568	5067.455	1.591	1.583	1.599
604	5163.469	4299.885	5850.006	5224.118	1.641	1.632	1.622
605	5268.088	4326.566	5815.099	5393.116	1.694	1.684	1.654
606	5203.324	4349.276	5954.975	5312.357	1.668	1.659	1.634
607	5128.467	4396.167	5532.380	5200.259	1.633	1.624	1.611
608	5106.214	4448.695	5675.211	5146.080	1.616	1.607	1.604
609	5223.249	4569.882	5628.070	5309.319	1.667	1.658	1.640
610	5187.150	4582.104	5457.883	5152.710	1.618	1.609	1.629
611	5304.940	4801.599	5726.938	5328.141	1.673	1.664	1.666
612	5211.408	4907.276	5618.117	5177.781	1.626	1.617	1.637
613	5242.424	4981.353	5732.354	5126.681	1.610	1.601	1.646
614	5224.492	4990.813	5783.033	5155.239	1.619	1.610	1.641
615	5269.335	5006.515	5617.227	5275.194	1.657	1.647	1.655
616	5314.758	4980.913	5869.422	5302.542	1.665	1.656	1.669
617	5240.476	4661.552	5852.200	5250.285	1.649	1.640	1.646
618	5147.304	4788.739	5478.689	5134.751	1.613	1.604	1.616
619	5237.787	4871.524	5471.560	5234.709	1.644	1.635	1.645
620	5092.719	4911.336	5330.076	5080.764	1.596	1.587	1.599
621	5092.669	4754.837	5406.739	5113.783	1.606	1.597	1.599
622	5068.447	4502.780	5424.715	5034.419	1.581	1.572	1.592
623	5144.957	4529.846	5391.108	5167.563	1.623	1.614	1.616
624	5060.231	4686.777	5377.905	5014.323	1.575	1.566	1.589
625	5054.411	4782.306	5425.507	5106.550	1.604	1.595	1.587
626	5117.922	4785.073	5449.810	5113.390	1.606	1.597	1.607
627	5094.536	4800.947	5366.621	5074.101	1.593	1.585	1.600
628	5131.986	4834.556	5418.506	5142.764	1.615	1.606	1.612
629	4957.681	4744.985	5245.784	5004.564	1.572	1.563	1.557
630	4887.202	4706.957	5085.897	4860.316	1.526	1.518	1.535
631	5048.866	4659.481	5540.751	5025.860	1.578	1.570	1.586
632	5101.259	4561.209	5459.000	5133.265	1.612	1.603	1.602
633	4954.316	4588.006	5409.880	4941.546	1.552	1.543	1.556
634	5037.569	4507.231	5611.966	5091.736	1.599	1.590	1.582
635	4898.956	4512.481	5247.646	4888.015	1.535	1.527	1.538
636	4927.368	4533.364	5307.017	4916.095	1.544	1.535	1.547
637	5079.721	4497.235	5527.894	5166.934	1.623	1.614	1.595
638	5010.504	4514.197	5476.494	4969.820	1.561	1.552	1.574
639	5072.166	4517.403	5651.367	5038.719	1.582	1.574	1.593
640	5112.632	4761.244	5503.723	5122.379	1.609	1.600	1.606
641	5168.519	4569.948	5627.128	5127.601	1.610	1.601	1.623
642	5119.712	4536.308	5635.163	5049.551	1.586	1.577	1.608
643	4938.742	4289.908	5258.000	5050.478	1.586	1.577	1.551
644	4842.587	4161.577	5187.081	5021.938	1.577	1.568	1.521
645	4859.929	4142.483	5217.532	4990.072	1.567	1.558	1.526
646	4992.853	4079.975	5443.188	5178.560	1.626	1.617	1.568
647	4955.668	4094.962	5592.526	4970.925	1.561	1.552	1.556
648	4950.649	4126.412	5674.074	4996.668	1.569	1.560	1.555
649	4940.363	4170.000	5534.795	5017.554	1.576	1.567	1.551
650	4955.182	4345.316	5588.951	4837.188	1.519	1.511	1.556
651	4925.344	4253.674	5306.967	5114.636	1.606	1.597	1.547
652	4926.275	4475.336	5293.381	5036.921	1.582	1.573	1.547
653	4889.819	4274.461	5184.347	4995.108	1.569	1.560	1.536
654	5047.688	4546.087	5808.214	5069.614	1.592	1.583	1.585
655	5082.948	4309.616	5697.012	5157.554	1.620	1.611	1.596
656	4969.545	4678.544	5378.398	5026.173	1.578	1.570	1.561
657	4933.959	4344.335	5657.776	4944.369	1.553	1.544	1.549
658	4818.800	4612.734	5035.649	4812.007	1.511	1.503	1.513
659	4774.026	4566.562	4993.266	4771.565	1.498	1.490	1.499
660	4769.029	4391.228	5047.680	4845.827	1.522	1.513	1.498
661	4783.640	4485.954	5053.932	4765.371	1.497	1.488	1.502
662	4746.218	4428.963	4955.127	4781.369	1.502	1.493	1.491
663	4697.169	4536.461	5086.689	4620.374	1.451	1.443	1.475
664	4743.240	4353.707	5035.777	4792.578	1.505	1.497	1.490
665	4763.026	4534.870	4952.370	4722.257	1.483	1.475	1.496
666	4712.945	4444.887	4999.468	4658.604	1.463	1.455	1.480
667	4791.952	4402.458	5124.482	4842.181	1.521	1.512	1.505
668	4762.500	4375.313	5033.674	4803.197	1.508	1.500	1.496
669	4793.703	4508.093	5026.777	4812.565	1.511	1.503	1.505
670	4736.886	4419.907	5106.212	4668.808	1.466	1.458	1.488
671	4798.676	4456.489	5168.015	4843.752	1.521	1.513	1.507
672	4816.641	4602.892	5077.533	4777.336	1.500	1.492	1.513
673	4898.821	4730.084	5263.585	4851.238	1.523	1.515	1.538
674	4917.872	4654.161	5080.928	4957.726	1.557	1.548	1.544
675	4888.093	4514.504	5081.810	4939.714	1.551	1.543	1.535
676	4908.931	4548.051	5165.750	4978.842	1.564	1.555	1.542
677	4820.163	4559.681	5327.856	4785.087	1.503	1.494	1.514
678	4849.333	4591.493	4976.032	4886.930	1.535	1.526	1.523
679	4811.412	4573.468	5071.501	4841.936	1.521	1.512	1.511
680	4809.017	4348.688	5174.310	4852.715	1.524	1.516	1.510
681	4935.822	4459.905	5281.953	4966.120	1.560	1.551	1.550
682	5122.620	4528.967	5778.818	5190.600	1.630	1.621	1.609
683	5102.371	4891.268	5289.791	5103.147	1.603	1.594	1.602
684	5170.993	4873.468	5564.413	5161.604	1.621	1.612	1.624
685	5040.554	4719.325	5338.225	5034.521	1.581	1.572	1.583
686	4885.995	4560.257	5130.769	4886.837	1.535	1.526	1.534
687	4820.801	4471.477	5314.642	4850.854	1.523	1.515	1.514
688	4941.757	4776.080	5191.812	4930.099	1.548	1.540	1.552
689	5028.181	4539.294	5301.201	5095.961	1.600	1.591	1.579
690	4930.639	4645.375	5426.330	4946.653	1.553	1.545	1.548
691	4944.498	4579.934	5427.823	4893.017	1.537	1.528	1.553
692	5016.204	4643.948	5446.584	4961.136	1.558	1.549	1.575
693	4897.979	4625.236	5175.781	4877.626	1.532	1.523	1.538
694	4883.644	4738.959	5048.630	4867.849	1.529	1.520	1.534
695	4769.936	4474.214	5076.023	4716.293	1.481	1.473	1.498
696	4658.921	4332.656	4934.325	4700.377	1.476	1.468	1.463
697	4714.913	4450.000	5114.208	4632.636	1.455	1.447	1.481
698	4790.076	4566.557	4974.498	4787.863	1.504	1.495	1.504
699	4825.758	4386.501	5119.687	4825.509	1.515	1.507	1.515
700	4740.439	4307.939	5261.362	4731.765	1.486	1.478	1.489
701	4821.880	4423.537	5338.250	4758.016	1.494	1.486	1.514
702	4796.798	4552.633	4969.503	4798.284	1.507	1.499	1.506
703	4668.475	4447.505	4800.041	4690.970	1.473	1.465	1.466
704	4738.372	4431.613	4916.975	4764.250	1.496	1.488	1.488
705	4665.719	4240.973	4920.203	4646.809	1.459	1.451	1.465
706	4712.894	4374.618	4903.853	4725.062	1.484	1.476	1.480
707	4820.917	4433.430	5310.470	4786.076	1.503	1.495	1.514
708	4637.602	4350.203	4914.957	4611.882	1.448	1.440	1.456
709	4681.656	4394.818	4941.329	4726.202	1.484	1.476	1.470
710	4665.516	4394.274	4869.639	4702.199	1.477	1.469	1.465
711	4651.875	4408.744	4897.843	4728.442	1.485	1.477	1.461
712	4527.901	4280.592	5152.100	4479.684	1.407	1.399	1.422
713	4432.632	4178.389	4621.759	4508.986	1.416	1.408	1.392
714	4468.022	4277.400	4972.791	4377.417	1.375	1.367	1.403
715	4568.826	4339.015	5084.771	4506.298	1.415	1.407	1.435
716	4524.659	4337.527	4774.609	4513.946	1.418	1.410	1.421
717	4437.823	4081.462	4890.064	4419.002	1.388	1.380	1.394
718	4400.638	4092.369	4627.876	4385.380	1.377	1.370	1.382
719	4476.444	4151.591	4674.846	4522.934	1.420	1.413	1.406
720	4551.398	4133.379	4779.110	4611.043	1.448	1.440	1.429
721	4426.431	3931.131	4777.447	4427.413	1.390	1.383	1.390
722	4535.810	4164.381	4876.199	4637.352	1.456	1.448	1.424
723	4529.310	4286.114	4741.464	4573.720	1.436	1.428	1.422
724	4549.770	4003.333	4893.448	4561.333	1.432	1.425	1.429
725	4386.196	4023.539	4587.191	4449.226	1.397	1.390	1.377
726	4475.624	4174.297	4845.622	4469.741	1.404	1.396	1.406
727	4469.947	4004.949	4845.292	4549.461	1.429	1.421	1.404
728	4361.360	3985.905	4686.576	4392.529	1.379	1.372	1.370
729	4286.015	4015.422	4455.437	4309.381	1.353	1.346	1.346
730	4248.757	3848.609	4621.677	4283.475	1.345	1.338	1.334
731	4320.638	3931.246	4587.139	4421.251	1.388	1.381	1.357
732	4287.199	4041.721	4477.959	4301.528	1.351	1.343	1.346
733	4274.600	4045.412	4533.507	4255.696	1.336	1.329	1.342
734	4374.624	4109.827	4600.423	4353.865	1.367	1.360	1.374
735	4444.128	4131.458	4757.102	4438.497	1.394	1.386	1.396
736	4395.939	4157.965	4785.880	4337.235	1.362	1.355	1.381
737	4335.753	4059.792	4624.872	4277.174	1.343	1.336	1.362
738	4405.796	3955.480	4854.700	4401.484	1.382	1.375	1.384
739	4355.122	3961.209	4688.259	4375.454	1.374	1.366	1.368
740	4341.181	4014.517	4693.355	4274.682	1.342	1.335	1.363
741	4437.952	4046.603	4831.370	4484.425	1.408	1.401	1.394
742	4394.238	4178.626	4678.051	4398.640	1.381	1.374	1.380
743	4336.195	4133.288	4483.745	4389.652	1.379	1.371	1.362
744	4205.492	3911.303	4463.545	4175.919	1.311	1.304	1.321
745	4210.775	3979.931	4519.117	4205.103	1.321	1.313	1.322
746	4379.961	4001.721	4726.108	4410.463	1.385	1.377	1.375
747	4432.840	4167.707	4775.598	4404.818	1.383	1.376	1.392
748	4451.194	4259.156	4655.321	4468.990	1.403	1.396	1.398
749	4278.616	4022.918	4632.245	4263.255	1.339	1.331	1.344
750	4324.027	4103.595	4542.377	4359.798	1.369	1.362	1.358
751	4211.292	3994.990	4501.445	4187.460	1.315	1.308	1.323
752	4317.050	4099.196	4584.958	4322.705	1.358	1.350	1.356
753	4355.766	4121.229	4544.939	4352.197	1.367	1.359	1.368
754	4330.085	4120.204	4682.500	4309.680	1.353	1.346	1.360
755	4278.503	4023.862	4501.225	4330.004	1.360	1.352	1.344
756	4224.687	4029.476	4437.471	4215.891	1.324	1.317	1.327
757	4183.596	3875.761	4322.697	4211.756	1.323	1.315	1.314
758	4297.015	4186.698	4559.602	4267.244	1.340	1.333	1.349
759	4319.532	4066.646	4640.867	4287.080	1.346	1.339	1.357
760	4243.089	3960.788	4430.484	4283.108	1.345	1.338	1.333
761	4164.082	3903.088	4310.473	4203.423	1.320	1.313	1.308
762	4220.273	3941.329	4514.351	4192.315	1.317	1.309	1.325
763	4176.510	3892.797	4412.074	4196.794	1.318	1.311	1.312
764	4119.955	3926.023	4395.902	4124.410	1.295	1.288	1.294
765	4119.374	3958.720	4451.689	4077.565	1.281	1.273	1.294
766	4093.847	3862.294	4160.477	4116.346	1.293	1.286	1.286
767	3989.660	3905.849	4115.060	3964.283	1.245	1.238	1.253
768	4043.451	3734.100	4311.490	4024.661	1.264	1.257	1.270
769	4072.475	3866.571	4389.341	4045.933	1.271	1.264	1.279
770	4152.668	3859.344	4332.229	4191.219	1.316	1.309	1.304
771	4011.685	3793.965	4219.948	4024.292	1.264	1.257	1.260
772	3966.429	3901.439	4112.237	3934.461	1.236	1.229	1.246
773	3985.570	3834.899	4233.616	3976.938	1.249	1.242	1.252
774	3938.301	3678.617	4236.230	3952.294	1.241	1.234	1.237
775	3880.860	3682.884	4108.105	3856.764	1.211	1.204	1.219
776	3818.864	3657.902	4006.959	3804.615	1.195	1.188	1.199
777	3931.170	3692.967	4062.148	3978.844	1.250	1.243	1.235
778	3936.285	3631.275	4091.669	3962.885	1.245	1.238	1.236
779	3894.099	3583.629	4270.847	3927.409	1.233	1.227	1.223
780	3809.674	3595.260	4093.673	3794.542	1.192	1.185	1.196
781	3914.651	3692.095	4143.130	3895.972	1.223	1.217	1.229
782	3894.975	3777.395	4079.198	3892.678	1.222	1.216	1.223
783	3861.973	3654.721	4180.117	3866.898	1.214	1.208	1.213
784	3846.243	3540.794	4135.437	3859.764	1.212	1.205	1.208
785	3885.237	3705.454	4091.169	3864.853	1.214	1.207	1.220
786	3804.835	3603.863	4111.510	3781.706	1.188	1.181	1.195
787	3777.243	3524.242	4087.982	3748.151	1.177	1.171	1.186
788	3923.009	3661.469	4140.213	3906.546	1.227	1.220	1.232
789	3816.942	3590.970	3994.549	3851.420	1.210	1.203	1.199
790	3875.400	3640.159	4124.752	3884.451	1.220	1.213	1.217
791	3874.925	3688.642	4043.836	3890.224	1.222	1.215	1.217
792	3884.395	3700.990	4078.047	3893.589	1.223	1.216	1.220
793	3801.371	3480.962	4124.478	3858.038	1.212	1.205	1.194
794	3924.406	3729.206	4054.869	3937.656	1.237	1.230	1.232
795	3910.595	3801.488	4125.531	3869.233	1.215	1.208	1.228
796	3962.517	3699.360	4262.443	3978.696	1.249	1.243	1.244
797	3859.753	3606.408	4037.978	3885.196	1.220	1.213	1.212
798	3881.973	3739.208	4192.561	3840.749	1.206	1.199	1.219
799	3961.094	3744.184	4246.333	3937.413	1.237	1.230	1.244
800	3955.607	3682.994	4227.803	3986.329	1.252	1.245	1.242
801	3968.672	3676.646	4320.387	3998.079	1.256	1.249	1.246
802	3938.081	3810.452	4118.209	3927.500	1.233	1.227	1.237
803	3853.734	3708.778	3973.252	3870.337	1.215	1.209	1.210
804	3889.118	3641.665	4130.371	3890.308	1.222	1.215	1.221
805	3997.000	3724.179	4195.291	4014.007	1.261	1.254	1.255
806	3999.911	3788.743	4362.250	3954.293	1.242	1.235	1.256
807	4015.615	3816.568	4152.848	4021.326	1.263	1.256	1.261
808	3942.539	3702.569	4251.146	3866.699	1.214	1.208	1.238
809	3948.907	3741.579	4219.816	3909.292	1.228	1.221	1.240
810	3921.456	3777.865	4147.301	3920.978	1.231	1.225	1.231
811	3947.236	3817.422	4100.304	3980.202	1.250	1.243	1.240
812	3884.732	3728.700	4053.119	3889.014	1.221	1.215	1.220
813	3876.770	3659.266	4320.240	3835.473	1.204	1.198	1.217
814	3818.180	3522.576	3980.488	3843.167	1.207	1.200	1.199
815	3867.948	3702.190	4046.941	3843.093	1.207	1.200	1.215
816	3917.997	3693.660	4159.706	3891.404	1.222	1.215	1.230
817	3921.081	3711.999	4123.640	3919.574	1.231	1.224	1.231
818	3943.638	3730.539	4112.994	3944.954	1.239	1.232	1.238
819	3904.435	3646.362	4088.262	3979.457	1.250	1.243	1.226
820	3878.770	3621.781	4218.522	3864.791	1.214	1.207	1.218
821	3822.254	3521.208	4159.979	3786.515	1.189	1.183	1.200
822	3857.383	3689.767	4198.420	3829.006	1.202	1.196	1.211
823	3863.216	3704.828	4102.508	3851.558	1.210	1.203	1.213
824	3923.671	3732.785	4132.540	3909.660	1.228	1.221	1.232
825	3931.323	3643.453	4136.504	3966.527	1.246	1.239	1.235
826	3911.671	3642.020	4252.029	3856.150	1.211	1.204	1.228
827	3900.783	3656.163	4170.361	3842.340	1.207	1.200	1.225
828	3938.001	3685.471	4254.478	3924.286	1.232	1.226	1.237
829	3952.060	3691.634	4152.120	3999.904	1.256	1.249	1.241
830	3976.870	3699.434	4194.472	4014.430	1.261	1.254	1.249
831	3977.510	3811.297	4195.934	4017.803	1.262	1.255	1.249
832	3932.523	3682.221	4189.762	3968.913	1.246	1.240	1.235
833	3850.722	3692.446	4031.012	3845.224	1.208	1.201	1.209
834	3849.545	3665.270	4042.683	3838.156	1.205	1.199	1.209
835	3885.152	3637.944	4058.354	3890.832	1.222	1.215	1.220
836	3878.546	3626.444	4057.932	3900.079	1.225	1.218	1.218
837	3958.204	3741.018	4053.854	3987.712	1.252	1.245	1.243
838	3847.177	3693.198	3947.247	3850.179	1.209	1.202	1.208
839	3917.887	3771.226	4136.464	3862.600	1.213	1.206	1.230
840	3882.032	3679.304	4078.836	3884.006	1.220	1.213	1.219
841	3893.463	3753.235	4151.438	3872.249	1.216	1.209	1.223
842	3868.419	3680.707	4254.791	3844.666	1.207	1.201	1.215
843	3911.496	3675.902	4170.951	3898.471	1.224	1.218	1.228
844	3872.799	3623.130	4022.332	3867.228	1.214	1.208	1.216
845	3927.942	3801.245	4092.474	3934.214	1.236	1.229	1.234
846	3936.939	3603.583	4293.725	3885.723	1.220	1.214	1.236
847	3990.746	3613.888	4229.789	3997.331	1.255	1.248	1.253
848	3950.515	3664.473	4073.077	3998.166	1.256	1.249	1.241
849	3962.848	3800.654	4224.542	3918.041	1.230	1.224	1.244
850	4008.576	3811.455	4188.366	4021.985	1.263	1.256	1.259
851	3952.039	3675.407	4156.275	3924.178	1.232	1.226	1.241
852	3973.738	3632.105	4333.656	3935.561	1.236	1.229	1.248
853	4053.749	3746.221	4287.068	4113.024	1.292	1.285	1.273
854	3937.677	3739.151	4031.411	3968.866	1.246	1.239	1.237
855	3909.635	3739.478	4086.098	3929.405	1.234	1.227	1.228
856	3865.336	3697.938	4012.086	3873.030	1.216	1.210	1.214
857	3970.574	3667.951	4295.035	3938.632	1.237	1.230	1.247
858	3874.670	3761.792	4021.142	3857.248	1.211	1.205	1.217
859	4045.678	3798.399	4275.033	4049.299	1.272	1.265	1.271
860	3994.757	3700.416	4111.330	4054.706	1.273	1.266	1.255
861	4082.301	3985.335	4188.236	4072.662	1.279	1.272	1.282
862	4120.074	3912.000	4264.222	4138.631	1.300	1.293	1.294
863	4099.380	3879.130	4544.342	4081.952	1.282	1.275	1.287
864	4023.884	3767.166	4350.724	4043.690	1.270	1.263	1.264
865	4012.643	3830.335	4151.037	4060.227	1.275	1.268	1.260
866	4139.325	3904.154	4445.264	4109.713	1.291	1.283	1.300
867	4137.442	3768.564	4320.569	4164.090	1.308	1.300	1.299
868	4063.280	3913.966	4233.666	4063.111	1.276	1.269	1.276
869	4001.731	3739.447	4403.451	3968.042	1.246	1.239	1.257
870	4045.941	3848.252	4409.729	4036.402	1.268	1.261	1.271
871	4003.260	3750.584	4227.735	4006.502	1.258	1.251	1.257
872	4010.966	3820.776	4155.045	4010.720	1.260	1.253	1.260
873	4049.407	3812.944	4438.622	4055.667	1.274	1.267	1.272
874	3971.497	3790.909	4087.943	3974.528	1.248	1.241	1.247
875	3921.006	3766.407	4161.960	3875.948	1.217	1.210	1.231
876	4017.502	3849.646	4317.225	3970.400	1.247	1.240	1.262
877	4024.570	3706.701	4160.417	4054.797	1.273	1.266	1.264
878	4004.691	3734.408	4283.520	4056.059	1.274	1.267	1.258
879	3933.815	3748.852	4080.102	3976.431	1.249	1.242	1.235
880	4065.997	3761.857	4394.023	4078.697	1.281	1.274	1.277
881	3993.856	3752.966	4205.650	4041.358	1.269	1.262	1.254
882	4084.488	3769.825	4415.417	4051.333	1.272	1.265	1.283
883	3956.675	3626.113	4179.244	3990.520	1.253	1.246	1.243
884	4021.320	3735.047	4415.978	3944.454	1.239	1.232	1.263
885	4076.622	3886.963	4293.840	4090.182	1.284	1.277	1.280
886	4006.731	3923.439	4159.574	3986.042	1.252	1.245	1.258
887	4117.375	3925.116	4316.313	4149.593	1.303	1.296	1.293
888	4150.059	3846.741	4501.046	4068.623	1.278	1.271	1.303
889	4069.819	3928.520	4204.379	4073.080	1.279	1.272	1.278
890	4019.173	3825.822	4324.375	3981.167	1.250	1.243	1.262
891	4124.789	3953.750	4543.248	4053.806	1.273	1.266	1.295
892	4115.563	3934.222	4277.166	4142.642	1.301	1.294	1.292
893	3988.393	3745.852	4194.322	4025.100	1.264	1.257	1.253
894	3943.658	3715.156	4180.413	3967.530	1.246	1.239	1.238
895	4095.450	3963.408	4272.781	4093.221	1.285	1.278	1.286
896	4113.830	3919.412	4327.181	4099.592	1.287	1.280	1.292
897	4022.858	3867.872	4285.933	3993.833	1.254	1.247	1.263
898	4041.897	3760.733	4323.616	4081.452	1.282	1.275	1.269
899	3984.412	3777.069	4222.745	3970.622	1.247	1.240	1.251
900	3913.591	3731.750	4061.556	3927.305	1.233	1.227	1.229
901	3977.849	3719.878	4271.320	3983.476	1.251	1.244	1.249
902	4128.153	3820.858	4473.927	4072.440	1.279	1.272	1.296
903	4039.372	3825.871	4133.137	4052.019	1.272	1.265	1.269
904	4091.776	3851.345	4360.485	4043.748	1.270	1.263	1.285
905	4235.722	4061.330	4561.243	4225.835	1.327	1.320	1.330
906	4123.540	3810.799	4384.115	4158.115	1.306	1.299	1.295
907	4179.236	3880.983	4614.541	4155.907	1.305	1.298	1.312
908	4097.704	3790.750	4376.468	4059.602	1.275	1.268	1.287
909	4168.014	3935.458	4362.264	4192.166	1.317	1.309	1.309
910	4143.078	3874.450	4403.450	4182.974	1.314	1.306	1.301
911	4153.737	3922.256	4431.444	4151.264	1.304	1.296	1.304
912	4163.051	3910.310	4390.577	4163.993	1.308	1.300	1.307
913	4027.881	3886.491	4199.180	4023.211	1.263	1.256	1.265
914	4057.014	3975.533	4149.127	4052.009	1.272	1.265	1.274
915	3997.781	3857.075	4111.035	4008.898	1.259	1.252	1.255
916	3988.126	3785.190	4099.820	4029.568	1.265	1.258	1.252
917	3991.698	3786.354	4184.642	3987.738	1.252	1.245	1.254
918	3979.541	3690.010	4203.380	3997.256	1.255	1.248	1.250
919	3977.400	3820.666	4097.482	3996.057	1.255	1.248	1.249
920	3915.799	3732.094	4155.548	3912.379	1.229	1.222	1.230
921	4022.987	3885.802	4147.325	4029.500	1.265	1.258	1.263
922	4044.574	3777.163	4260.234	4038.686	1.268	1.261	1.270
923	3984.464	3732.393	4321.506	4001.734	1.257	1.250	1.251
924	3959.269	3752.608	4127.054	3970.079	1.247	1.240	1.243
925	4058.449	3815.916	4313.365	4073.493	1.279	1.272	1.275
926	4025.445	3638.753	4335.833	3999.917	1.256	1.249	1.264
927	4132.421	3884.132	4360.510	4112.863	1.292	1.284	1.298
928	4035.162	3784.340	4291.303	4017.471	1.262	1.255	1.267
929	4111.254	3835.344	4447.064	4072.436	1.279	1.272	1.291
930	4128.590	3839.092	4360.352	4158.654	1.306	1.299	1.297
931	4125.883	3931.214	4363.400	4132.483	1.298	1.291	1.296
932	4086.833	3841.438	4399.715	4034.080	1.267	1.260	1.283
933	4057.510	3830.040	4355.807	4020.194	1.263	1.256	1.274
934	4122.773	3891.361	4272.974	4131.111	1.297	1.290	1.295
935	4008.098	3905.042	4268.258	3962.884	1.245	1.238	1.259
